4.063449319408816290e-02
5.264052422491369981e-02
5.829897192550997226e-02
6.198387754254293391e-02
6.525457203084819580e-02
6.865230780467480864e-02
7.234878142111522692e-02
7.638258429347991041e-02
8.074534392456313159e-02
8.541315816288846952e-02
9.035804448851299242e-02
9.555176651602960425e-02
1.009674003025726741e-01
1.065801905515186138e-01
1.123002324769461630e-01
1.182792576735204049e-01
1.243886550188531420e-01
1.306097390748983122e-01
1.369254341767373317e-01
1.432081368683816025e-01
1.994604307138677091e-01
1.780979366775744255e-01
1.743674234528147793e-01
1.772057401221954764e-01
1.822936820304129624e-01
1.883064010779681441e-01
1.948679986976837308e-01
2.015265346469358732e-01
2.081989069858563302e-01
2.148524063823522567e-01
2.212301102589422086e-01
2.278627386591944304e-01
2.341798771354472453e-01
2.404876431299191597e-01
2.470708183316010220e-01
2.535865169243078365e-01
2.600326195770023552e-01
2.664059398004952617e-01
2.727044387315431528e-01
2.789264701409991942e-01
2.850723358325064072e-01
2.911400766785749439e-01
2.971290716134350474e-01
3.030383946671171280e-01
3.088683339826470697e-01
3.146187891679841364e-01
3.202903137143800483e-01
3.258824286687152516e-01
3.313953237484117409e-01
3.368280444540533991e-01
3.878708379752464630e-01
3.671388652278041453e-01
3.627083614221989216e-01
3.642848533606803385e-01
3.680189389009939083e-01
3.724943797005321189e-01
3.771910986412969624e-01
3.819188501036487882e-01
3.866106328431439532e-01
3.912406910283762751e-01
4.400267921720109610e-01
5.052252501753075054e-01
4.505643244096026456e-01
4.326582469409607223e-01
4.286834013055777493e-01
4.292502293073401365e-01
4.323051595128429292e-01
4.359829483927609162e-01
4.398407086127808507e-01
4.871299183856515058e-01
5.496293848287178152e-01
4.952811831579054802e-01
4.771182271847989043e-01
4.726905389715217454e-01
4.733229713373207082e-01
4.757709557521396238e-01
4.788367625911064684e-01
4.820826554431144606e-01
4.853487864237926996e-01
4.885781570255898210e-01
4.917515028372630437e-01
4.948647172290295826e-01
4.979171368006237719e-01
5.441008912508082940e-01
5.209566788511809099e-01
5.145527813640902171e-01
5.624570451157876461e-01
5.348906216167965688e-01
5.267590544298093036e-01
5.255262793542189170e-01
5.267937598370279195e-01
5.289369317081451527e-01
5.313584259238657292e-01
5.330648385037977111e-01
5.348148610651232149e-01
5.373842761202336504e-01
5.390954484143860581e-01
5.416294105662918801e-01
5.441080113821756825e-01
5.465318640960596941e-01
