1.313999229066735719e-01
2.996425571407461685e+00
5.762276955670479595e+00
5.867009445270657153e+00
5.312315902952184921e+00
5.831534007465027258e+00
5.837166658110231943e+00
5.831214350415508285e+00
5.825362336259147789e+00
5.819869705909513691e+00
5.814729136770206530e+00
5.809912641369379571e+00
5.805002339632269859e+00
5.800381698796893915e+00
5.795968947430822027e+00
5.791828784187137202e+00
5.787948064384135449e+00
5.784313765085971504e+00
5.780913113762350619e+00
5.307352368735629433e+00
5.730255617374425015e+00
5.228047805784758140e+00
5.683486809672265494e+00
5.695063529535182134e+00
5.695831528032236690e+00
5.696831600668635254e+00
5.260316898238166949e+00
3.677126570809851724e+00
1.359065275600958023e+00
5.175634012506369785e+00
5.530743416227283049e+00
5.547247538474517903e+00
5.554456627900321131e+00
5.560982272813508764e+00
5.567733023105325252e+00
5.574186537956761001e+00
5.580386639963825779e+00
5.182805310086890493e+00
5.501889139706081622e+00
5.518434735966004645e+00
5.527114097612918719e+00
5.535198457832922081e+00
5.542931648400074351e+00
5.550366116981255260e+00
5.164665420665352613e+00
5.467735176350957182e+00
5.485262214325534735e+00
5.115380435716678775e+00
5.396696656161902084e+00
5.416319848286136995e+00
5.428674264453110077e+00
5.440212230389463777e+00
5.451213559000988695e+00
5.461765664412005172e+00
5.101871770102377468e+00
3.923338440522628368e+00
5.232252548593836927e+00
5.289916297906751552e+00
5.307238150635656737e+00
5.322588085071560116e+00
5.337133964904053229e+00
5.351050464156234199e+00
5.364430319159227523e+00
5.377339733540001276e+00
5.041198341671049299e+00
5.278767328026848560e+00
4.941099568521154950e+00
5.182378906334677460e+00
5.206891819082661854e+00
5.224686980785139490e+00
5.241326488584093113e+00
5.257462514262008391e+00
4.952880576668233559e+00
5.155058850304421902e+00
5.178456235749754555e+00
5.196232518704632319e+00
5.213082780721213005e+00
5.229270599971517441e+00
5.245087593970671591e+00
5.260426348599009927e+00
5.275326166885050405e+00
5.289595912916051468e+00
5.303453584434005386e+00
5.317145174447494682e+00
5.330212792644449138e+00
5.342909987703014174e+00
5.355273796377962192e+00
5.036091673565035620e+00
5.254974418195635266e+00
5.275627323988610229e+00
5.290400508974312466e+00
5.304393124702763807e+00
5.318069363544719153e+00
5.331036751331449608e+00
5.343613175037148721e+00
5.356040369430729697e+00
5.367845756000660273e+00
5.049658874944186415e+00
5.267795927716749205e+00
5.287941088022493297e+00
