9.299929427657646348e-06
1.324326146744469398e-05
1.426013837791361719e-05
1.438109886274685494e-05
1.436230095464433243e-05
1.432512392490198954e-05
1.168118259212240972e-03
4.350515337354424997e-04
1.076746311471739250e-04
2.894028895994406585e-03
1.205900759400243844e-03
2.810665591163442152e-04
6.399283667732494970e-05
2.300511219954436444e-05
1.553395383935095010e-05
1.420204215540847937e-05
1.104263036836369534e-03
4.077649643169613193e-04
1.012588263627347494e-04
3.077234838515803241e-05
1.697476519478939854e-05
1.438659513325655152e-05
1.388153780402146669e-05
1.375111902325567903e-05
1.368942237807145340e-05
1.364019422931205160e-05
1.360471007698737622e-05
1.356938613661415876e-05
1.353559244802079569e-05
1.349783387576761336e-05
1.346348574558599285e-05
1.346666260143098088e-05
1.027631947287985237e-03
3.728280810537241323e-04
9.205257562009093182e-05
2.858595607684804335e-05
1.637534665728766160e-05
1.412279483727948988e-05
1.369533038466729857e-05
1.359395251420903598e-05
1.355079060938707802e-05
1.351869697506390396e-05
9.980976672075096007e-04
3.103408875498639072e-03
3.449431167044329956e-03
1.905115528870502924e-03
4.952058401788571231e-04
1.052779957261113067e-04
3.019474446050611897e-05
1.670648644449778983e-05
1.431484882322928706e-05
1.386883789277036960e-05
1.376149240805750408e-05
1.371386522014307376e-05
1.367781703615766767e-05
1.364500656313983497e-05
1.361394329254413749e-05
9.668093165943671564e-04
3.449768510345122149e-04
8.570273654451804432e-05
2.776873220994773928e-05
1.666711563676862864e-05
1.458832226609171655e-05
1.417280103627341717e-05
1.405859634829023949e-05
9.537225262885319068e-04
3.427692406907156602e-04
8.845651847588837009e-05
3.164998282741347645e-05
2.056923151835774745e-05
1.834152149529979991e-05
1.774614088068952915e-05
1.744931671972272931e-05
1.721174231130948186e-05
1.699138262032934813e-05
9.426398056721437988e-04
3.697684465227591712e-04
3.133629008438555599e-03
2.206640909426354699e-03
7.005566756030781128e-04
1.792351327068078645e-04
7.173071058293483857e-05
5.075921785103809170e-05
4.558401902330169470e-05
4.323892451412572521e-05
4.144116388974874190e-05
3.980991253839104733e-05
3.825483279872580371e-05
3.678178264476831486e-05
3.538414655238714070e-05
3.405838805066406234e-05
3.292450607656378518e-05
3.184893378524802920e-05
3.082702882307705782e-05
2.984988439870624486e-05
2.896426250461722461e-05
2.814260538813010106e-05
2.732316959647819395e-05
2.655601374850134169e-05
2.583885540869533621e-05
