5.210000000000004405e+00
5.210019669443891388e+00
5.210059043249838595e+00
5.210118174860928875e+00
5.210197086634931196e+00
5.210295780347125927e+00
5.210414246281113826e+00
5.210552466985832964e+00
5.210710420693905220e+00
5.210888079762717062e+00
5.208889421332058234e+00
5.209108023287336131e+00
5.209346807321852957e+00
5.209605401120446899e+00
5.209883636847910005e+00
5.210181416318380165e+00
5.210498661841566737e+00
5.210835301605596825e+00
5.211191263269044249e+00
5.207425760103284063e+00
5.207826267592909453e+00
5.208246923675703854e+00
5.208687038185534135e+00
5.209146304954644258e+00
5.209624547286127338e+00
5.210121632821476112e+00
5.210637443405482294e+00
5.211171866829521271e+00
5.205672406961691756e+00
5.206256213899776775e+00
5.206859788864856675e+00
5.207482131062133313e+00
5.208122799379789392e+00
5.208781543592353458e+00
5.209458186183863582e+00
5.210152566988569767e+00
5.210864534584321639e+00
5.211593940244885204e+00
5.212340634050319998e+00
5.213104460994782308e+00
5.205371103389725640e+00
5.206191891399125637e+00
5.207031379632960366e+00
5.207888175977827494e+00
5.208761671934464488e+00
5.209651540410072279e+00
5.210557542734792769e+00
5.211479483850590455e+00
5.212417171857980591e+00
5.213370427379651950e+00
5.214339063227487969e+00
5.215322898364214588e+00
5.216321745744184391e+00
5.217335418314963391e+00
5.218363728782751565e+00
5.219406482455078766e+00
5.220463495481191707e+00
5.221534571784244072e+00
5.222619522425014260e+00
5.223718148495560598e+00
5.224830257342928164e+00
5.225955650604467095e+00
5.227094131249857334e+00
5.228245503473958777e+00
5.216420804115990073e+00
5.217645557670467227e+00
5.205429185949254745e+00
5.206735567769531947e+00
5.208057108163327342e+00
5.209391415943384729e+00
5.210737504247100027e+00
5.212094877643256297e+00
5.213463231865917535e+00
5.214842313845476696e+00
5.216231900736214122e+00
5.217631783003126245e+00
5.219041756005498911e+00
5.220461614137887452e+00
5.221891151983342638e+00
5.223330172202705235e+00
5.224778463147995211e+00
5.210291529589946791e+00
5.211829547551470654e+00
5.213379513275077315e+00
5.214938926598011726e+00
5.216506771961310740e+00
5.218082557382291320e+00
5.219665970483280404e+00
5.221256771250780915e+00
5.222854748594199847e+00
5.207062899424061087e+00
5.208759476902973695e+00
5.192573123540531022e+00
5.194379135411242743e+00
5.196194753155398693e+00
5.198016888837914351e+00
5.199844327280930933e+00
5.201676515675020873e+00
5.203513137338354966e+00
5.205353966176624603e+00
