1.274490443126373787e-02
1.501027630247238516e-02
1.688042243433416842e-02
1.842523693033105633e-02
1.970170414431673261e-02
2.075671722320871285e-02
2.162887195430928181e-02
2.234999016185293397e-02
2.294632112494637138e-02
2.343953613827500643e-02
2.384754077676424708e-02
2.418511501362518787e-02
2.446444802451720052e-02
2.469479932899698582e-02
2.487304591338133572e-02
2.503385291029015108e-02
2.516735945225389084e-02
2.527806176808075622e-02
2.536988330330045699e-02
2.543098734363719374e-02
3.300689192998133847e-02
3.178085343994889456e-02
3.074709306814926366e-02
2.988677734831251057e-02
2.915318292060739905e-02
2.854721967022533918e-02
2.806819843579850052e-02
2.767330668045190137e-02
2.734782066632560071e-02
2.707971379549734686e-02
2.683836738106097630e-02
2.665986548118581129e-02
2.649237804754413922e-02
2.635426200611854300e-02
2.626111321598751519e-02
2.618456946192634915e-02
2.612170727879574092e-02
2.607010758240932771e-02
2.602773861590962357e-02
2.599296597477834120e-02
2.596446874233295649e-02
2.594111584297919409e-02
2.592198802495069079e-02
2.590632530398626412e-02
2.589351009891886421e-02
2.588305402776775246e-02
2.587455133504203836e-02
2.586766001985603067e-02
2.586207884256889328e-02
2.585752155394729218e-02
3.357152281211307765e-02
3.225508992438910066e-02
3.114565950936261027e-02
3.022241159422142665e-02
2.945773530663706868e-02
2.882569292575031666e-02
2.830377263090013210e-02
2.787295376713605846e-02
2.751750677505764020e-02
2.722425901491734579e-02
3.527041813212983268e-02
4.543486292477345173e-02
4.212609187509318287e-02
3.930003023828651521e-02
3.694094282165018978e-02
3.495289933971189311e-02
3.334787201380172428e-02
3.202546542600756552e-02
3.093649177425092031e-02
3.995598577231728593e-02
5.154969001911876431e-02
4.712503906192411912e-02
4.337649722037242167e-02
4.026495458718048343e-02
3.770096100576171561e-02
3.559344808115607467e-02
3.386238596161186137e-02
3.244069973561396203e-02
3.127283125596851121e-02
3.031316486031110369e-02
2.952436489584241847e-02
2.887581937246630134e-02
2.834244492321763217e-02
3.673713726044171290e-02
3.482813564642374404e-02
3.326359136866716137e-02
4.300844662473944646e-02
3.999397492387519321e-02
3.751413932425859410e-02
3.546067556146456634e-02
3.376673346464127701e-02
3.237132354741513451e-02
3.122229318646594851e-02
3.024655166288325175e-02
2.944392331819994588e-02
2.881181564255608923e-02
2.826415551466726281e-02
2.784036084450051962e-02
2.749146494827619039e-02
2.720419847560263255e-02
