9.440767926242221719e-02
1.083699219494591859e-01
1.119079590462460083e-01
1.136615537238664930e-01
1.149625848648594129e-01
1.160401106128838844e-01
2.690758397517045264e+00
7.224132163185813527e-01
2.190207373878049757e-01
3.694460673974276244e+00
1.222884353955776326e+00
3.203203512461472169e-01
1.558169944138741991e-01
1.298577497683960358e-01
1.253692126386208028e-01
1.242010374446964605e-01
2.688607544854471509e+00
7.301853472113422061e-01
2.260533522457515987e-01
1.421839467183187156e-01
1.286561373713787926e-01
1.258881451135323293e-01
1.248502493636944599e-01
1.241788785514688909e-01
1.236526429926081277e-01
1.232228979183930678e-01
1.228691597471914115e-01
1.225776111908727373e-01
1.223370460826884443e-01
1.221383932968545388e-01
1.219744212440757730e-01
1.218376367267167276e-01
2.686685203024583579e+00
7.264740662426845130e-01
2.235518124011957874e-01
1.404563572503749469e-01
1.273141173780739099e-01
1.247978301542788798e-01
1.239524179535172466e-01
1.234365530484614754e-01
1.230378643468706401e-01
1.227131354063365209e-01
2.685585523319979018e+00
5.760224805095367273e+00
4.627253672618689251e+00
2.041018098895397426e+00
5.215765420324338653e-01
1.900043728598147519e-01
1.364119895433943963e-01
1.275074579384236628e-01
1.254654001674270491e-01
1.245714168806693056e-01
1.239529223791785706e-01
1.234612953612637676e-01
1.230591691877513660e-01
1.227284138921380940e-01
1.224560928973059543e-01
2.684988326770478828e+00
7.257970684522596638e-01
2.237502348271700470e-01
1.408171462849719668e-01
1.276494954859864472e-01
1.250764318531701891e-01
1.241787993917780608e-01
1.236193759002609527e-01
2.684065004702890889e+00
7.264873299689834640e-01
2.247015022244293336e-01
1.416342491712567486e-01
1.283206511087059409e-01
1.256276122483796498e-01
1.246316782593176603e-01
1.239914172740606696e-01
1.234905383842490323e-01
1.230819547116798890e-01
2.682734620419327864e+00
7.251960853923837824e-01
5.110556014795125002e+00
2.771628279448593357e+00
7.661634171567779372e-01
2.344540072881578785e-01
1.449858465546257358e-01
1.302973876551594412e-01
1.271275752466564102e-01
1.258461027642978625e-01
1.249886757501494916e-01
1.243128606945548831e-01
1.237603190484057314e-01
1.233062006008458500e-01
1.229323553622093390e-01
1.226243844467682642e-01
1.223706262377210890e-01
1.221615333602711073e-01
1.219893257952880256e-01
1.218471499081697912e-01
1.217301318135595167e-01
1.216335314355652814e-01
1.215536340447659625e-01
1.214877650431818307e-01
1.214332422389275828e-01
