5.170440976909517872e+00
5.152239402132235746e+00
5.142651693134589586e+00
5.136655759496536078e+00
5.132178837289035123e+00
5.128348664947890434e+00
5.124796452467978547e+00
5.121361587698794793e+00
5.117982348008651705e+00
5.114628313404132598e+00
5.112763037754372242e+00
5.108783129315133564e+00
5.105177513367039843e+00
5.101734819353498374e+00
5.098361255155118954e+00
5.095020187925169530e+00
5.091693423722185585e+00
5.088374681244543396e+00
5.085062236307537731e+00
5.083224106003533471e+00
5.079277922355889707e+00
5.075699513076471270e+00
5.072281254703683295e+00
5.068935144404152382e+00
5.065621150467113587e+00
5.062321065034877776e+00
5.059026790021668774e+00
5.055739764099995703e+00
5.053914162418799982e+00
5.049993560948432325e+00
5.046439486819196851e+00
5.043045029562447823e+00
5.039721031286459763e+00
5.036425728769458487e+00
5.033147675850514702e+00
5.029876091878850097e+00
5.026607172422165704e+00
5.023341241159623216e+00
5.020079564468542976e+00
5.016819639834814382e+00
5.014997661791698924e+00
5.011107850700057043e+00
5.007580954495419512e+00
5.004212521112470391e+00
5.000909601134931215e+00
4.997639253499455592e+00
4.994379954223236773e+00
4.991129794423907029e+00
4.987880678945087354e+00
4.984636131547920179e+00
4.981391308697240561e+00
4.978149242185033074e+00
4.974907988246710211e+00
4.971667296437661143e+00
4.968427873606517942e+00
4.965184776859349114e+00
4.961944776921184186e+00
4.958703896509780051e+00
4.955466195378777527e+00
4.952227280440221868e+00
4.948989647762363830e+00
4.945751144893487883e+00
4.942511764225606896e+00
4.939273249419192879e+00
4.937410038870511109e+00
4.933548157134310941e+00
4.931412473894759785e+00
4.927428182790499989e+00
4.923868105643484760e+00
4.920487872589455414e+00
4.917182557649660168e+00
4.913905423848545340e+00
4.910645817719972328e+00
4.907390258096330449e+00
4.904133801717894592e+00
4.900876059174258614e+00
4.897617836964069049e+00
4.894357771234975729e+00
4.891093935618902044e+00
4.887830718428419985e+00
4.884560162823571083e+00
4.882621712106599787e+00
4.878725140887919309e+00
4.875179039505993295e+00
4.871779924321087307e+00
4.868440846867539307e+00
4.865127894357158311e+00
4.861821801742071791e+00
4.858514672766832909e+00
4.855203619714788310e+00
4.853199116287612469e+00
4.849262019824312375e+00
4.846979510952861503e+00
4.842915535837043706e+00
4.839254438201887609e+00
4.835762045083963123e+00
4.832336711430417431e+00
4.828936555492584937e+00
4.825540950598719014e+00
4.822141661699462567e+00
