4.283413688987416159e-05
1.890756791460393264e-03
4.878782004427020293e-03
6.110329896019686680e-03
7.243052858193913326e-03
8.844575650901345329e-03
9.672340698879467943e-03
1.041759879025280257e-02
1.110959552768677958e-02
1.175034201541081021e-02
1.234327633420418888e-02
1.289323489241979252e-02
1.344355087215494578e-02
1.395623405916118602e-02
1.444410389380189515e-02
1.489804908271443601e-02
1.532059708952063053e-02
1.571402356135167405e-02
1.608049569645539356e-02
1.694068492455996430e-02
1.849643535456517093e-02
1.909322172225056541e-02
2.083272308109516621e-02
2.097014060200282082e-02
2.106226674644975233e-02
2.109008519385741423e-02
2.168415363443649060e-02
1.654892086141031629e-02
6.209653303974808740e-03
2.408535632597239365e-02
2.561805287166778189e-02
2.551212143659980711e-02
2.543308559078846440e-02
2.534919900663890058e-02
2.519173012273961607e-02
2.503939535364058805e-02
2.489168254201292937e-02
2.514517758170195516e-02
2.653834099978301039e-02
2.637882861772507248e-02
2.619236476273557879e-02
2.601272708420493407e-02
2.583926693570758742e-02
2.567109639833907789e-02
2.575935491206993166e-02
2.705087029594331269e-02
2.688700974553403372e-02
2.681242412024176930e-02
2.803223521384274122e-02
2.786047964919829631e-02
2.766727658891938307e-02
2.748141507505238307e-02
2.730137923595098853e-02
2.712581667055827608e-02
2.691512599490104157e-02
2.158899257778864461e-02
2.863801824812643032e-02
2.876118001771631530e-02
2.860588791425901570e-02
2.845459436104294873e-02
2.830812355677710113e-02
2.816410282773718077e-02
2.802196928979203486e-02
2.788013485991706203e-02
2.739230082573015576e-02
2.852015058038606318e-02
2.768532968979872666e-02
2.886764632209050732e-02
2.885692509021327984e-02
2.882427332795906363e-02
2.877639190425645976e-02
2.867971229229277288e-02
2.786799727807582130e-02
2.887432694840412137e-02
2.882714588522343815e-02
2.882172454007757290e-02
2.881372313776376856e-02
2.880084473747382412e-02
2.872359214085113202e-02
2.864260604551206041e-02
2.855717656560609677e-02
2.852234310141244997e-02
2.848066521375989396e-02
2.837966466417856173e-02
2.832035108335029597e-02
2.825542130202490093e-02
2.819201491644565682e-02
2.759426603473438128e-02
2.859930042443638298e-02
2.857126805658558033e-02
2.851911014487484505e-02
2.846609797455327412e-02
2.835969148459224418e-02
2.829563205330114933e-02
2.823564461206807402e-02
2.812284064934711392e-02
2.804893837704098072e-02
2.746710313969151149e-02
2.844196490433998151e-02
2.841197575318776120e-02
