6.821928525437270796e-02
1.208487137025753971e-01
1.614082611615826057e-01
1.992552860690770256e-01
2.333659079748706400e-01
2.661321294254750947e-01
2.983117836079910434e-01
3.289539169598922341e-01
3.581056948576967769e-01
3.858704938657631089e-01
4.123386210334026858e-01
4.375854356147073076e-01
4.614815695739065138e-01
4.842810210975606044e-01
5.059871349665746587e-01
5.267190015511820089e-01
5.465305128391784173e-01
5.654730299344897793e-01
5.835940499773645262e-01
5.953857450871323787e-01
6.032881588457192912e-01
6.139703239257262579e-01
6.176017673297972133e-01
6.320465384935012310e-01
6.462386742666964556e-01
6.603645265499559214e-01
6.659479031078746614e-01
7.204923482427052495e-01
8.267442301123514303e-01
6.751546584565988329e-01
6.717479577981672056e-01
6.834394235377643234e-01
6.945153279773433885e-01
7.052436333791208822e-01
7.162855264162053537e-01
7.269447319482730263e-01
7.372495009486615958e-01
7.383729768160280926e-01
7.321152259391717765e-01
7.414158869878881841e-01
7.507713856818787335e-01
7.598244088089487480e-01
7.685856657102250189e-01
7.770716881847898883e-01
7.773599034890221748e-01
7.692530804863274563e-01
7.769312386713639329e-01
7.777015423072844991e-01
7.693386754858008159e-01
7.765777570583061173e-01
7.839092865260927079e-01
7.909851470756377179e-01
7.978223681296147118e-01
8.044420035690457160e-01
8.060491798073400327e-01
8.694811466668077582e-01
7.887968588372052947e-01
7.915766838598059518e-01
7.975067117998425603e-01
8.032065442901407115e-01
8.086696506219674951e-01
8.139326016699410804e-01
8.190128332311122916e-01
8.239397702229884768e-01
8.291167184454654171e-01
8.190059487409879768e-01
8.284626090518053543e-01
8.175600340554128875e-01
8.206989323659616975e-01
8.239377547390439593e-01
8.271634481582645915e-01
8.307693957152155750e-01
8.411134095083973028e-01
8.320137173521395813e-01
8.348505991067054488e-01
8.370633974652209597e-01
8.391443803896917464e-01
8.411208955737302650e-01
8.436988143650741012e-01
8.461985204024714546e-01
8.486487870730450300e-01
8.504177249078094247e-01
8.521784856401810604e-01
8.545550302583370117e-01
8.563794314911830075e-01
8.582137766163256964e-01
8.599795186964267479e-01
8.691309261377591078e-01
8.590070113975606381e-01
8.602123367145405597e-01
8.616606247573286304e-01
8.630729891821916633e-01
8.650747550352446691e-01
8.665397693668148715e-01
8.679247603265862754e-01
8.699114879326639294e-01
8.714190023192135426e-01
8.805157691625602467e-01
8.704111332009636381e-01
8.713125024888751513e-01
