2.216424006350081310e-03
3.765542524733760978e-03
5.033915245228033110e-03
6.159552332652825854e-03
7.194653329737582363e-03
8.160195265487970445e-03
9.066254950037417812e-03
9.918547686441918712e-03
1.072111634151531878e-02
1.147726985930090822e-02
1.218985036355152950e-02
1.286168337576889219e-02
1.349538012695593314e-02
1.409301919792037630e-02
1.473180882097999828e-02
1.526034517122139104e-02
1.575918335561593900e-02
1.623005316198965556e-02
1.667463392383164086e-02
1.718078723159609938e-02
1.906274584756317489e-02
1.869687502972369741e-02
1.876417154299062778e-02
1.898135815006287905e-02
1.933694526707626163e-02
1.969671788463295617e-02
1.994973004429368563e-02
2.019169287673580962e-02
2.042182045725379411e-02
2.063986030279578443e-02
2.094795614472869452e-02
2.113928970653739317e-02
2.142403566038712445e-02
2.169572931100990920e-02
2.184937921014358866e-02
2.199520687449645767e-02
2.213326011450799172e-02
2.226430448855381758e-02
2.238886280426437281e-02
2.250742031394976569e-02
2.261994646602202494e-02
2.272710640422615294e-02
2.282922446956970122e-02
2.292674225445873876e-02
2.301978821574486231e-02
2.310862038926979334e-02
2.319333322894079688e-02
2.327429972647634265e-02
2.335172797903981370e-02
2.342611058305318905e-02
2.472006286086037702e-02
2.411777083804828720e-02
2.392742990513064064e-02
2.388926673819139271e-02
2.390655649152665166e-02
2.394301091142928689e-02
2.398555521943547195e-02
2.402955688816795984e-02
2.407295752916555759e-02
2.411546486883832038e-02
2.548210111976521169e-02
2.700630085296710017e-02
2.551219046376740698e-02
2.495585484833403797e-02
2.475743739736266033e-02
2.480241560401962378e-02
2.478344515533401418e-02
2.478325150872016588e-02
2.479006303855447665e-02
2.609667984625840126e-02
2.767154623906259436e-02
2.616608052065855922e-02
2.558877040262195340e-02
2.536649405029055629e-02
2.527772837281514959e-02
2.523926776582120779e-02
2.522028276810462863e-02
2.520920966193514884e-02
2.520189288269472985e-02
2.519675519009207179e-02
2.519315677789050328e-02
2.519056841258110468e-02
2.518881610056237369e-02
2.641014504219576717e-02
2.584482843679032638e-02
2.558325585297677868e-02
2.682347340324310603e-02
2.612986311789709803e-02
2.581370795643415927e-02
2.568132066988224049e-02
2.561851429286396767e-02
2.558280387238238626e-02
2.555874934527883544e-02
2.565379681165227271e-02
2.574815626093390070e-02
2.572483113264998483e-02
2.581936217050424809e-02
2.579433107397088865e-02
2.577077848864648552e-02
2.574855058433573110e-02
