5.087761873947925506e-02
9.067076758528314073e-02
1.293887057493854076e-01
1.670543502725820584e-01
2.036946836763382229e-01
2.393372149595319465e-01
2.851072837696373430e-01
3.205843529975576645e-01
3.540337179108165033e-01
3.874980931216520097e-01
4.243785571096919673e-01
4.576559824187925174e-01
4.873163974472629056e-01
5.154279607766185656e-01
5.426204317675386024e-01
5.690409478489932837e-01
6.008061715981088957e-01
6.282587916215190971e-01
6.537418529342053919e-01
6.774967778142455543e-01
7.003134306772489381e-01
7.224429522878947907e-01
7.439547383055977736e-01
7.648759873514534569e-01
7.852247909102728629e-01
8.050172366291328263e-01
8.242685209389828405e-01
8.429936212359855352e-01
8.612069268095268182e-01
8.789225369848772118e-01
8.961540169809484313e-01
9.129143609110246249e-01
9.306577420295334413e-01
9.494251932570408892e-01
9.663929094151622046e-01
9.816761182769829785e-01
9.961976567026327167e-01
1.010247531505649388e+00
1.023898481710960429e+00
1.037173434155917340e+00
1.050084978836961502e+00
1.062643520807938335e+00
1.074395333068153935e+00
1.073445861647338573e+00
1.079516329356011495e+00
1.101393430209550051e+00
1.124195745032869453e+00
1.138266371147006684e+00
1.149146071536820246e+00
1.159139226049597626e+00
1.168746717881750330e+00
1.178070766058459951e+00
1.187136086889060582e+00
1.195952843259566301e+00
1.204528405320711260e+00
1.212869487263195101e+00
1.220982545493312976e+00
1.226500081376234563e+00
1.237304104795108994e+00
1.246518797986461813e+00
1.254184086522648567e+00
1.261270826929861810e+00
1.268083402972114193e+00
1.274693460471932882e+00
1.281119627020986806e+00
1.284307001242373181e+00
1.293480892376193125e+00
1.301158394696837473e+00
1.307332235956151889e+00
1.312969404914322569e+00
1.318371427684629005e+00
1.323609361531427275e+00
1.328700874093480033e+00
1.333652533056997269e+00
1.338468662518184527e+00
1.339455286073629292e+00
1.346691796439371203e+00
1.328119886730517507e+00
1.338173987922790520e+00
1.356506157204435015e+00
1.366009404722779319e+00
1.371119409755965579e+00
1.375149830270201656e+00
1.378886755972151823e+00
1.382486815532041780e+00
1.385981626819227763e+00
1.389379056956776770e+00
1.392683068983874728e+00
1.395896177404929439e+00
1.399020969437087425e+00
1.402059903770270122e+00
1.405013640692615029e+00
1.407886293967922864e+00
1.410680143278401300e+00
1.413397448925118427e+00
1.416039634397022073e+00
1.418609105102376589e+00
1.421108699342829684e+00
1.423539624395744108e+00
1.425903764642704408e+00
