1.000000000000000021e-02
1.000000000000000021e-02
6.009999999999999787e+00
6.009999999999999787e+00
6.009999999999999787e+00
6.009999999999999787e+00
6.009999999999999787e+00
6.009999999999999787e+00
6.009999999999999787e+00
6.009999999999999787e+00
6.009999999999999787e+00
6.009999999999999787e+00
6.009999999999999787e+00
6.009999999999999787e+00
6.009999999999999787e+00
6.009999999999999787e+00
6.009999999999999787e+00
6.009999999999999787e+00
6.009999999999999787e+00
6.009999999999999787e+00
6.009999999999999787e+00
6.009999999999999787e+00
6.009999999999999787e+00
6.009999999999999787e+00
6.009999999999999787e+00
6.009999999999999787e+00
6.009999999999999787e+00
6.009999999999999787e+00
1.000000000000000021e-02
6.009999999999999787e+00
6.009999999999999787e+00
6.009999999999999787e+00
6.009999999999999787e+00
6.009999999999999787e+00
6.009999999999999787e+00
6.009999999999999787e+00
6.009999999999999787e+00
6.009999999999999787e+00
6.009999999999999787e+00
6.009999999999999787e+00
6.009999999999999787e+00
6.009999999999999787e+00
6.009999999999999787e+00
6.009999999999999787e+00
6.009999999999999787e+00
6.009999999999999787e+00
6.009999999999999787e+00
6.009999999999999787e+00
6.009999999999999787e+00
6.009999999999999787e+00
6.009999999999999787e+00
6.009999999999999787e+00
6.009999999999999787e+00
6.009999999999999787e+00
6.009999999999999787e+00
6.009999999999999787e+00
6.009999999999999787e+00
6.009999999999999787e+00
6.009999999999999787e+00
6.009999999999999787e+00
6.009999999999999787e+00
6.009999999999999787e+00
6.009999999999999787e+00
6.009999999999999787e+00
6.009999999999999787e+00
6.009999999999999787e+00
5.009999999999999787e+00
6.009999999999999787e+00
6.009999999999999787e+00
6.009999999999999787e+00
6.009999999999999787e+00
6.009999999999999787e+00
5.009999999999999787e+00
5.009999999999999787e+00
5.009999999999999787e+00
6.009999999999999787e+00
6.009999999999999787e+00
6.009999999999999787e+00
6.009999999999999787e+00
6.009999999999999787e+00
6.009999999999999787e+00
6.009999999999999787e+00
6.009999999999999787e+00
6.009999999999999787e+00
6.009999999999999787e+00
6.009999999999999787e+00
6.009999999999999787e+00
6.009999999999999787e+00
6.009999999999999787e+00
6.009999999999999787e+00
6.009999999999999787e+00
6.009999999999999787e+00
6.009999999999999787e+00
6.009999999999999787e+00
6.009999999999999787e+00
6.009999999999999787e+00
6.009999999999999787e+00
6.009999999999999787e+00
6.009999999999999787e+00
6.009999999999999787e+00
