2.409999999801619719e+00
2.410495689976345002e+00
2.409846969874805289e+00
2.408939694358777750e+00
2.410844418452412263e+00
2.409379210633808999e+00
2.407240794348946444e+00
2.410849817353757363e+00
2.408582801809440621e+00
2.405971678222723842e+00
2.403024903571663540e+00
2.399749402120251229e+00
2.396151061141456040e+00
2.402637595417897565e+00
2.409422683685276123e+00
2.404964907014768283e+00
2.400228957695549781e+00
2.408445767433903040e+00
2.403176645618692042e+00
2.412152727407004260e+00
2.406372055105753471e+00
2.416055877226245041e+00
2.409785235083334420e+00
2.420128143359235651e+00
2.430545712037374795e+00
2.441433229915262348e+00
2.452075789931880578e+00
2.462804859017261983e+00
2.455322045494706895e+00
2.447604615869601652e+00
2.439662947935695492e+00
2.451190459469060112e+00
2.464050913061269554e+00
2.456120219586931608e+00
2.468045374051256236e+00
2.459828516883685090e+00
2.472090472821066420e+00
2.463610539018817214e+00
2.476169538722432950e+00
2.489451703648868808e+00
2.502472074372591226e+00
2.515214416586920354e+00
2.527659794164557105e+00
2.518981072329783188e+00
2.509833164807230066e+00
2.500257037005024774e+00
2.490290229858831861e+00
2.479967931564743822e+00
2.497240707724937003e+00
2.486444649437363097e+00
2.504075006699711725e+00
2.492846942322152870e+00
2.481348802640349849e+00
2.499949219590464899e+00
2.518176955057602751e+00
2.536027030512209013e+00
2.523948357821149013e+00
2.542079722155778931e+00
2.529674347526628786e+00
2.548057619415323050e+00
2.535351941809298459e+00
2.522405562527951339e+00
2.509236966653203282e+00
2.495867437583635162e+00
2.482321119947702215e+00
2.503662562928562707e+00
2.489883554268031762e+00
2.511304276116265832e+00
2.532099960466047239e+00
2.518072921756896232e+00
2.503864710747824684e+00
2.525441450920358655e+00
2.546797960871199695e+00
2.567043872647512881e+00
2.553042055276835587e+00
2.572982964413283113e+00
2.593232431812833472e+00
2.579703152412654799e+00
2.565695936507038866e+00
2.551265860609085667e+00
2.536467000680035611e+00
2.521353218247870398e+00
2.505978684596089412e+00
2.490398190494595987e+00
2.510933836571378475e+00
2.534734111761567377e+00
2.519380891280677659e+00
2.542281035829552227e+00
2.526857868302540666e+00
2.511179269322606267e+00
2.534444168407641307e+00
2.557391132814744061e+00
2.541869808630699445e+00
2.564964633847194975e+00
2.549856503250902851e+00
2.571699931064611366e+00
2.556583548043117826e+00
2.541017197134534555e+00
2.562800876368142688e+00
2.585226179132175783e+00
2.570134721885731111e+00
2.554549984337905144e+00
2.538546019933372033e+00
2.522196370852407110e+00
2.505574508647051335e+00
2.488234257612719880e+00
2.510914437142214517e+00
2.536609420754000421e+00
2.520105446215060496e+00
2.503375015823513294e+00
2.528419950122842597e+00
2.553754729400715906e+00
2.577368279392489470e+00
2.599848289601131235e+00
2.584533380352411314e+00
2.568671372079203596e+00
2.552339705015415738e+00
2.535615813102768623e+00
2.557443721491614586e+00
2.581255878716066654e+00
2.565402594386771096e+00
2.549052132518760949e+00
2.571591865939445665e+00
2.555492943339865874e+00
2.578611727596757941e+00
2.562584219669094221e+00
2.546064371901411771e+00
2.529139331852095385e+00
2.511895914686455900e+00
2.534838309055011951e+00
2.560811593053188506e+00
2.584884997708195797e+00
2.568833579369712350e+00
2.591470048365062340e+00
2.575503591104387091e+00
2.558998819974127148e+00
2.542042141169672309e+00
2.524720160948942471e+00
2.506611471967057803e+00
2.488259505424012197e+00
2.512436345386593217e+00
2.494382624300514717e+00
2.522349927320240770e+00
2.504361056485778114e+00
2.531385030580807438e+00
2.557866908999538946e+00
2.582415720260620606e+00
2.605683066973516038e+00
2.589834688467362867e+00
2.573399967900799723e+00
2.556463847050835625e+00
2.539111952356155388e+00
2.521430863719450688e+00
2.544393991490650819e+00
2.569822838196782477e+00
2.593948103420249396e+00
2.577746972931887370e+00
2.600323342775792579e+00
2.584230246104778583e+00
2.567561777806724788e+00
2.550406254027459685e+00
2.572933588990050868e+00
2.597035160152881161e+00
2.619795477291726904e+00
2.604089893589839555e+00
2.587746534548851063e+00
2.608819096689041217e+00
2.630973224275628741e+00
2.615505792810685293e+00
2.635943089286720831e+00
2.656501860175436214e+00
2.641721638141196316e+00
2.660466154327868260e+00
2.682629547564231665e+00
2.668500025461855607e+00
2.685750292372395709e+00
2.707418560814858655e+00
2.722676893509174967e+00
2.737061370412218420e+00
2.725995159832800940e+00
2.742948101066234212e+00
2.759182168716308059e+00
2.747645460968044073e+00
2.763921260056468210e+00
2.751946322654476251e+00
2.768279000311519411e+00
2.755930599575683981e+00
2.743114359366845001e+00
2.760280840367503430e+00
2.747174831582343213e+00
2.733661727841667499e+00
2.719778363389974807e+00
2.738513258068701273e+00
2.756488998201608087e+00
2.742546676402386474e+00
2.728265580027405601e+00
2.713682736685026242e+00
2.733180299293403337e+00
2.751906537925621343e+00
2.737313711529445914e+00
2.722435436636304384e+00
2.707310484973732834e+00
2.691479797882439851e+00
2.675450002577476560e+00
2.658578104901982986e+00
2.682372116872631995e+00
2.665425253464361877e+00
2.648205205472758283e+00
2.672644628094277941e+00
2.655344786933254486e+00
2.679221553075144424e+00
2.661873032583185417e+00
2.686238063793794595e+00
2.707912682908376389e+00
2.729798981642445721e+00
2.749934939571017978e+00
2.769973985405174588e+00
2.755145863904437498e+00
2.739863076643609840e+00
2.758304823508423098e+00
2.777615305995969397e+00
2.762739243935575129e+00
2.780983497225410161e+00
2.766083853279289961e+00
2.784256011324319324e+00
2.769336958668323412e+00
2.753922039035627378e+00
2.771973871168050607e+00
2.756727205129118730e+00
2.741021202832694126e+00
2.724935718571232623e+00
2.743905944460964363e+00
2.728129650328308120e+00
2.711988644391315706e+00
2.695025748997372794e+00
2.714911848433196884e+00
2.697858564886505217e+00
2.720829504163215784e+00
2.703776299338887856e+00
2.686514133261009629e+00
2.709130664569374680e+00
2.691946602364033936e+00
2.673915968077763328e+00
2.697681799604037867e+00
2.721188854058034234e+00
2.743505108935255787e+00
2.764342633329251342e+00
2.784308733471718700e+00
2.768824113317699176e+00
2.752846695805747590e+00
2.771432883215354526e+00
2.755667050020362829e+00
2.739449487915091908e+00
2.722867756364862668e+00
2.742305734540282369e+00
2.763425946664000321e+00
2.747457399324844118e+00
2.767360489488512876e+00
2.751421387974278598e+00
2.771173524180793102e+00
2.791128659482637886e+00
2.810167800947922068e+00
2.828294598992474818e+00
2.813502670375123582e+00
2.798084776466668977e+00
2.814446128783077761e+00
2.799268281508187073e+00
2.783498439064203023e+00
2.767215936204355575e+00
2.789446141913061172e+00
2.772832670579773229e+00
2.755826163052525590e+00
2.738499877882334399e+00
2.762164026391475069e+00
2.744619232833913625e+00
2.768245188197127504e+00
2.791127746332813686e+00
2.773480906372043808e+00
2.755569809910340950e+00
2.779150817895060133e+00
2.761088204190220718e+00
2.742830587743142701e+00
2.723925759324747453e+00
2.704907560507230357e+00
2.730803370507602690e+00
2.711680428646581653e+00
2.691827564315027566e+00
2.719358816707099002e+00
2.745126665478628603e+00
2.726335870521941374e+00
2.751434306888226544e+00
2.732547267195887475e+00
2.757562670364102964e+00
2.738586209531915561e+00
2.719043620449151710e+00
2.745061330223597995e+00
2.769885895670566089e+00
2.793999705958609692e+00
2.774897170062479379e+00
2.798951020464423234e+00
2.779780643223040304e+00
2.760494457176132510e+00
2.785140058622572301e+00
2.809039209264434955e+00
2.832157685685734450e+00
2.854473288441399248e+00
2.835483545838486830e+00
2.816255697831309135e+00
2.796834870280800800e+00
2.820645674433685635e+00
2.843638876228566481e+00
2.824328567637852672e+00
2.804811823586514485e+00
2.828514953553998179e+00
2.808962327185609009e+00
2.789244647395787258e+00
2.813598568606330286e+00
2.793851531308044311e+00
2.818108530966082714e+00
2.798334867962310568e+00
2.778431024369124813e+00
2.758453460366772525e+00
2.783954602139814938e+00
2.763951537262119729e+00
2.743922214474802335e+00
2.723372607727888806e+00
2.702876578156957255e+00
2.681732630037533482e+00
2.710199543524483889e+00
2.688911275597724249e+00
2.667587230800450904e+00
2.698132099151514307e+00
2.725978510947878686e+00
2.705470053128969266e+00
2.732901978970903922e+00
2.759699815424357272e+00
2.785223604456728452e+00
2.765097623303263141e+00
2.744966507929805566e+00
2.724342347094791172e+00
2.703791180268567906e+00
2.731253275614001108e+00
2.710667877473100340e+00
2.689476121940746367e+00
2.668282999542663791e+00
2.647139844271777953e+00
2.626098372055182040e+00
2.654100535661697791e+00
2.633480165228010872e+00
2.661945177588652456e+00
2.689729935996788335e+00
2.720056183862290311e+00
2.746651342999011369e+00
2.772016913029688112e+00
2.752543736588228374e+00
2.777296068943939211e+00
2.801833681950379518e+00
2.782381802273670601e+00
2.762778855007034906e+00
2.743095908274077122e+00
2.722859710814966139e+00
2.748044538682933524e+00
2.728027928419693993e+00
2.754014360854082355e+00
2.734508200081736007e+00
2.714425990231241315e+00
2.739868643723091690e+00
2.719867418257426728e+00
2.699855906117092808e+00
2.679163284031119474e+00
2.706628756735942165e+00
2.733736676538228938e+00
2.713772932374391100e+00
2.740075334479121327e+00
2.720099079442026557e+00
2.700113602505669341e+00
2.726842003628841660e+00
2.753288738785126810e+00
2.733813521764989929e+00
2.759084304368013107e+00
2.739590378483258259e+00
2.719525162316787092e+00
2.699468552153526879e+00
2.678744762621153797e+00
2.705467783873559906e+00
2.684816452000066800e+00
2.664064194632425497e+00
2.643276425792594253e+00
2.622516893558969997e+00
2.601847184388290657e+00
2.581326220703591634e+00
2.561009778209780929e+00
2.588269022712585077e+00
2.567738917853999325e+00
2.547457087915954599e+00
2.527465704032777705e+00
2.552328532340709444e+00
2.580476760539642367e+00
2.608251977053959170e+00
2.635484046716634055e+00
2.615268265527457281e+00
2.642531014528842537e+00
2.622252309357953948e+00
2.649496723946458854e+00
2.676426651424474112e+00
2.656574313166827128e+00
2.636429335520213524e+00
2.616063116887712869e+00
2.595547162343488257e+00
2.574952998058194886e+00
2.554351897329941057e+00
2.533814450532921203e+00
2.512899153753235026e+00
2.492134327375910896e+00
2.470900431520062668e+00
2.449762935785001261e+00
2.428063942086388316e+00
2.407328273025620469e+00
2.386816154813956814e+00
2.366564256775747666e+00
2.397351765329731155e+00
2.376908267273125652e+00
2.356705930890226952e+00
2.336778227727338564e+00
2.317157142558411209e+00
2.297872967617172524e+00
2.325702979266738524e+00
2.307064891160109266e+00
2.339406528051897194e+00
2.320506456208581980e+00
2.352976581581463389e+00
2.333853835395172549e+00
2.314792234465235854e+00
2.295851693244504332e+00
2.276605704234305083e+00
2.257543153275098025e+00
2.238080494329563574e+00
2.272748312941240023e+00
2.307547047641297144e+00
2.288371395245163864e+00
2.268919301346956185e+00
2.303983031390104408e+00
2.338606184085339379e+00
2.319344779687844138e+00
2.300133926329702483e+00
2.280523173626970213e+00
2.315100804376691634e+00
2.295931663247403165e+00
2.330316314514073284e+00
2.364287674893819524e+00
2.344742718561167116e+00
2.378036819581265782e+00
2.358404150948943290e+00
2.338691793886670034e+00
2.318966202705161184e+00
2.352719186605606083e+00
2.333040577586750430e+00
2.313342520021317128e+00
2.293176519302005723e+00
2.328388764789576904e+00
2.308752099944120229e+00
2.343640697393533756e+00
2.323902734396670500e+00
2.358411711925889609e+00
2.338599632613917123e+00
2.318740526617237840e+00
2.298389521897975296e+00
2.333766019178941775e+00
2.368513307776951127e+00
2.402070214315688457e+00
2.382218255662994277e+00
2.414877538234931897e+00
2.395031386223001935e+00
2.427256629405956101e+00
2.458602075678876897e+00
2.497758749026694147e+00
2.480097772011697899e+00
2.461693402320004331e+00
2.489907573633194815e+00
2.517849622696177292e+00
2.500654363974144090e+00
2.483187510025652411e+00
2.464873529356831572e+00
2.493079598217508241e+00
2.521392460297879001e+00
2.504217988142390272e+00
2.486348252451324736e+00
2.513277909700738277e+00
2.541026078757302908e+00
2.566469152260089537e+00
2.549988754127610058e+00
2.573986529664334277e+00
2.557557336718606411e+00
2.540660150398339923e+00
2.564294689334671418e+00
2.547654404211052270e+00
2.571841484044968151e+00
2.555276657385480821e+00
2.579087035193417421e+00
2.602769082118284505e+00
2.625171260228991166e+00
2.609605113995194348e+00
2.630314792354557785e+00
2.614840619857826454e+00
2.598710181640850436e+00
2.582003149948392640e+00
2.607834638066441890e+00
2.590830621527550282e+00
2.616537334539372761e+00
2.599287524999295940e+00
2.624869991491905363e+00
2.607414727907673591e+00
2.632873036273584599e+00
2.615244523231753604e+00
2.597205663170045753e+00
2.578812432496444984e+00
2.560126166853164520e+00
2.588257031276292253e+00
2.569469072739180682e+00
2.550449231294709573e+00
2.531264370131003361e+00
2.511447585922705450e+00
2.491557357220969937e+00
2.522981102332295222e+00
2.503007354339290114e+00
2.482317733395648762e+00
2.515297433827118567e+00
2.495215459618709275e+00
2.526736299806227493e+00
2.506579949617545378e+00
2.485745237481808978e+00
2.464794063068799446e+00
2.443782739904607038e+00
2.422769257705444268e+00
2.458146692475313699e+00
2.489675218641916654e+00
2.468853529646763523e+00
2.447970539946584978e+00
2.482501469022754037e+00
2.514670050111704747e+00
2.545271633524627930e+00
2.525994822556686170e+00
2.555339457990041918e+00
2.536020804852891164e+00
2.516086560718202580e+00
2.496084311711189496e+00
2.475385188785621970e+00
2.454587675477724940e+00
2.433754354731442859e+00
2.412947285409788201e+00
2.449263913949347504e+00
2.428564408620788484e+00
2.462161345959388292e+00
2.441378326138688770e+00
2.420653487142339522e+00
2.455890074361216424e+00
2.435181531803699784e+00
2.468548540454923224e+00
2.447760057826736446e+00
2.480837763312566224e+00
2.513052915712243873e+00
2.493184807509467582e+00
2.472636764512966767e+00
2.452003694297152592e+00
2.484647392827516121e+00
2.463762137384503781e+00
2.497146459609273617e+00
2.476332847117503011e+00
2.455513108587514370e+00
2.434731055487243445e+00
2.469855440747102282e+00
2.449070280799290789e+00
2.428338657421421853e+00
2.407705692032691580e+00
2.444605222716318416e+00
2.424076812828074967e+00
2.457474219083083167e+00
2.436838931039654543e+00
2.416293908501027765e+00
2.395883382074630141e+00
2.432947977230625725e+00
2.464585929778695395e+00
2.496459222514235243e+00
2.475735807944772660e+00
2.508341179624926198e+00
2.488535450170699548e+00
2.468075541442179333e+00
2.500303026417551422e+00
2.480534260111406208e+00
2.460104152510885100e+00
2.439641796187336009e+00
2.419206825011685158e+00
2.398856724781381011e+00
2.378646429591813050e+00
2.358627922691387102e+00
2.338849867727364362e+00
2.319357289878596351e+00
2.300191320523613747e+00
2.329596484517375998e+00
2.362036801092828764e+00
2.342424553721829117e+00
2.322987526862172469e+00
2.303771142586381160e+00
2.337276691631425596e+00
2.370519793029520983e+00
2.350587666374202023e+00
2.330776546487236534e+00
2.311135514625819454e+00
2.291713035596464998e+00
2.272054025148375622e+00
2.252658107142242017e+00
2.232908088961421011e+00
2.267262532802229558e+00
2.302420241991367078e+00
2.282672476917051441e+00
2.318240859454126390e+00
2.299060928686377903e+00
2.279479809695201808e+00
2.260026542060996846e+00
2.294559843614955685e+00
2.330327139760733246e+00
2.310938857077656117e+00
2.291117353699870574e+00
2.326024881643175224e+00
2.360322013306908939e+00
2.393677157810802925e+00
2.373967763342460735e+00
2.354134414561101618e+00
2.334243563205304905e+00
2.314362751473070023e+00
2.294043412577308150e+00
2.328895163252289180e+00
2.363621192910672519e+00
2.343780597477565841e+00
2.323884804553684180e+00
2.358185370647136736e+00
2.338298324210121848e+00
2.372541996604858650e+00
2.352606046447009547e+00
2.332582117220058038e+00
2.366808913604566023e+00
2.400607236627941177e+00
2.433093649843347972e+00
2.413289340609151790e+00
2.393233338407811051e+00
2.372986049330332747e+00
2.352611786169689356e+00
2.332178188426305088e+00
2.366113833404366762e+00
2.345931515266863165e+00
2.325665807635299398e+00
2.360654796529876087e+00
2.395104796297402583e+00
2.374957301468759940e+00
2.408426132492307747e+00
2.388311342381257418e+00
2.421266157980562550e+00
2.453240973479035247e+00
2.486961282001269868e+00
2.521637342488268541e+00
2.547925975768802420e+00
2.531708397309392566e+00
2.555595860576562739e+00
2.539434113449070107e+00
2.562988729516549657e+00
2.587089532993911867e+00
2.571313717985147740e+00
2.594606378887152509e+00
2.578782618192937637e+00
2.601597059060234418e+00
2.585770646494132130e+00
2.608146324219404288e+00
2.592349769312760621e+00
2.575961698033579772e+00
2.559066327498672688e+00
2.541748633431326176e+00
2.524094644070831617e+00
2.547040317128400400e+00
2.572597544450452300e+00
2.596845719039054146e+00
2.580618369555077507e+00
2.563833384037252472e+00
2.586450763893874072e+00
2.609971201087682768e+00
2.593965213936559433e+00
2.615813463246018600e+00
2.637677591903063057e+00
2.622315226543187716e+00
2.642403507084912562e+00
2.627142085650852721e+00
2.646949097678974461e+00
2.631790071730212066e+00
2.651323150317263622e+00
2.636267225326306640e+00
2.655533234530173647e+00
2.677819132943260794e+00
2.701054337469323219e+00
2.689036787647454130e+00
2.676006632802539809e+00
2.696039634261738094e+00
2.683054196797197921e+00
2.702559512404792308e+00
2.689206829172405389e+00
2.674991682950480065e+00
2.695143269024328436e+00
2.680664247982669224e+00
2.701739282206202741e+00
2.721124960290758121e+00
2.706961964450820268e+00
2.726333643185226308e+00
2.744970267829519361e+00
2.730717591690239754e+00
2.716164885303602450e+00
2.735537942882637630e+00
2.754625627250605113e+00
2.740357177725367244e+00
2.758708453571942609e+00
2.776628171811920787e+00
2.762435987843025131e+00
2.747844293748940458e+00
2.765892855105497983e+00
2.751269180392833746e+00
2.769597633395794123e+00
2.754880841441756267e+00
2.739795605283502411e+00
2.758566181163044639e+00
2.777891563256090102e+00
2.763491829402225708e+00
2.781271992370895951e+00
2.766822170353294030e+00
2.784550192058103946e+00
2.770056175236788043e+00
2.755058443358256781e+00
2.772752037259931690e+00
2.791373202636941109e+00
2.809165503901747574e+00
2.826141728684976151e+00
2.842320205204043937e+00
2.857723140637830284e+00
2.844609340149486520e+00
2.830827668886786608e+00
2.816431155033686906e+00
2.835368993155894746e+00
2.820563928888700556e+00
2.839620694211274721e+00
2.824461442830026758e+00
2.843636276752321113e+00
2.828165604647461695e+00
2.812237675010768267e+00
2.832333579084497011e+00
2.851705359951546281e+00
2.835716582209264924e+00
2.819309530372806627e+00
2.802519886080474087e+00
2.823608888166154962e+00
2.806638903765679594e+00
2.789338002767890679e+00
2.771750591302937217e+00
2.753926204256893495e+00
2.735919141847973357e+00
2.759973291651273364e+00
2.741850127571534568e+00
2.765840841205247536e+00
2.789090979160709693e+00
2.770928812358798954e+00
2.752587342456093378e+00
2.734120505497044995e+00
2.715042263372829723e+00
2.740698304740388558e+00
2.721541408885782776e+00
2.747086760868582722e+00
2.771417561747482772e+00
2.795018859879871975e+00
2.776346053619981546e+00
2.757531177703749670e+00
2.781752192703976334e+00
2.805228349253275688e+00
2.786409946873490195e+00
2.767439638984875661e+00
2.791552561639769170e+00
2.772515374587826376e+00
2.796558376341680585e+00
2.777458231621852125e+00
2.758244727926251638e+00
2.782872469741654253e+00
2.763600858135738303e+00
2.788139436307687902e+00
2.768813252141528736e+00
2.793264399524723274e+00
2.773887080214544110e+00
2.754424965478166065e+00
2.734934466410658072e+00
2.760509959536335600e+00
2.785376670085983442e+00
2.809485508006484000e+00
2.832801933166319674e+00
2.813435597089560591e+00
2.836698454677760939e+00
2.817292075827321440e+00
2.840499889620768048e+00
2.821056765977272729e+00
2.844208262719640334e+00
2.824731544976358588e+00
2.847825621834844334e+00
2.828318313173852960e+00
2.851354018332475260e+00
2.831818976180425995e+00
2.854795493396156125e+00
2.835235432310891479e+00
2.858152068526622624e+00
2.838569564015720026e+00
2.818762132088734162e+00
2.842407318858305221e+00
2.822586198424452686e+00
2.846143482572851990e+00
2.826310482785538536e+00
2.806283616624807298e+00
2.786115024577496602e+00
2.811076712870543837e+00
2.835171479092857272e+00
2.858374223358953525e+00
2.838551561433708681e+00
2.818508244070939028e+00
2.798294485215016447e+00
2.777965541391218984e+00
2.757581110192186991e+00
2.783598734739554104e+00
2.763210144771250043e+00
2.742814546616634264e+00
2.721902790391782734e+00
2.748883801861380149e+00
2.727971950358928144e+00
2.707121961613967454e+00
2.685637020860760060e+00
2.714910818015840999e+00
2.742761025237159700e+00
2.769686322330717765e+00
2.795288910001613836e+00
2.774903188651705488e+00
2.754488775979540005e+00
2.733571066348637668e+00
2.712704375593417705e+00
2.691218705349985196e+00
2.669732556804676360e+00
2.648300197949763124e+00
2.680458894817308924e+00
2.708275126090146312e+00
2.736178833734918658e+00
2.763209289791310752e+00
2.788951645037964777e+00
2.813917307302374216e+00
2.838056671859160662e+00
2.861334939634156083e+00
2.841303721188439546e+00
2.821069858441483724e+00
2.800684785319644821e+00
2.825409299075047453e+00
2.849267081011539915e+00
2.872776017220913580e+00
2.894880647491384629e+00
2.875542881176458732e+00
2.897189774260373163e+00
2.877849384094956164e+00
2.858096530067147700e+00
2.880260823489568800e+00
2.860601132920854717e+00
2.840569573813219950e+00
2.863022878063558263e+00
2.842753621624603433e+00
2.822265773474820438e+00
2.801613186347967854e+00
2.780854752318748790e+00
2.760053711161247314e+00
2.786482774171800347e+00
2.765696439136990481e+00
2.744917223999940870e+00
2.723632540228655863e+00
2.750997938771951201e+00
2.778161204032024045e+00
2.757402878329199059e+00
2.736137572574237620e+00
2.763656052775169236e+00
2.789865734279675547e+00
2.769134608201528902e+00
2.795172242761557069e+00
2.774452382366982661e+00
2.753718266853106833e+00
2.780198889241637605e+00
2.759469825279346811e+00
2.738239715403323782e+00
2.765634812868044801e+00
2.791736770985599136e+00
2.771030495306945785e+00
2.796968019845903708e+00
2.776270976661558088e+00
2.755556971365072272e+00
2.734347883496337506e+00
2.713206337796655987e+00
2.691455289252600469e+00
2.669722716702844334e+00
2.648064483219236376e+00
2.626536426573114813e+00
2.655082312457392124e+00
2.634007234163952216e+00
2.613112269156541601e+00
2.592445194959820842e+00
2.572051561284200094e+00
2.600331629689584645e+00
2.579637527803525732e+00
2.559220218820453585e+00
2.588179885232859689e+00
2.617244126669902915e+00
2.596064361241299689e+00
2.575086850933470561e+00
2.604753612049488520e+00
2.634245517013877436e+00
2.612693911814011116e+00
2.591275821279829916e+00
2.621340531225534232e+00
2.599751274325761585e+00
2.578311625386244366e+00
2.608881858877824644e+00
2.587279210034127530e+00
2.565843985025969776e+00
2.544626151043188234e+00
2.575984210839350474e+00
2.606948925983489040e+00
2.637387217803172312e+00
2.667185514727269613e+00
2.645138129999274668e+00
2.623091957229622739e+00
2.653462598269015871e+00
2.631339095296146624e+00
2.609239300768189995e+00
2.587214222530560992e+00
2.618662229359527416e+00
2.596553662232018667e+00
2.627862011652918106e+00
2.658391048172564997e+00
2.636138587663778399e+00
2.613882131499325023e+00
2.644928151980959097e+00
2.675111392516544839e+00
2.652800430126079245e+00
2.630438427480463748e+00
2.608075356674353973e+00
2.639489559483962022e+00
2.617089965313004196e+00
2.594717479669403470e+00
2.572427982847125261e+00
2.604854993738561220e+00
2.636435086678188711e+00
2.614006644437200766e+00
2.645365569990310028e+00
2.622912480439240301e+00
2.600464870690392782e+00
2.632274683597252807e+00
2.609800766117821968e+00
2.641370810182371631e+00
2.671977544593806542e+00
2.649516166939256401e+00
2.680445145832710985e+00
2.658319516110187131e+00
2.636000947299882657e+00
2.613560689135662418e+00
2.644040318320825200e+00
2.674715972036056488e+00
2.652177834907917919e+00
2.629563393958163076e+00
2.606925174994704886e+00
2.584320087694419232e+00
2.616913827773137413e+00
2.648530060227835214e+00
2.625902696698103167e+00
2.657253313791264393e+00
2.688105549785687831e+00
2.665933444733474822e+00
2.695683259762877260e+00
2.724726965360579456e+00
2.702803013728090509e+00
2.680571969519924380e+00
2.658096022206934528e+00
2.635440883425371084e+00
2.665249726134634400e+00
2.642498079295047209e+00
2.619681130166664929e+00
2.596855589844002665e+00
2.574082667952883874e+00
2.551427314559924220e+00
2.585198818484596650e+00
2.562518337144324310e+00
2.539450104266694819e+00
2.516545331856721468e+00
2.551487418089126269e+00
2.585636405044918096e+00
2.563041982639659100e+00
2.596311481298880786e+00
2.573691981962237030e+00
2.606650967424766208e+00
2.584013003103584172e+00
