1.426879599763971988e-02
1.427708195375109596e-02
1.655246399244139979e-02
1.428224182253277040e-02
1.427710776444045260e-02
1.427709784680357766e-02
1.427709782774695506e-02
1.427709782771029688e-02
1.427709782771023964e-02
1.427709782771023096e-02
1.427709782771023964e-02
1.427709782771023096e-02
1.427709782771024137e-02
1.427709782771022749e-02
1.427709782771023617e-02
1.655247596711828875e-02
1.428224184937943765e-02
1.655635645663871072e-02
1.428225054975439286e-02
1.427710778123458812e-02
1.427709784683586607e-02
1.655247598154586941e-02
1.428224184941177463e-02
1.655635645666312522e-02
1.428225054975443969e-02
1.655636301987789549e-02
1.428225056447158560e-02
1.655636303097996614e-02
1.428225056449646847e-02
1.427710778126296473e-02
1.655248347564504396e-02
1.428224186621322375e-02
1.427710776452451730e-02
1.427709784680373552e-02
1.427709782774696200e-02
1.427709782771029862e-02
1.655247596711833732e-02
1.428224184937943245e-02
1.427710776449212481e-02
1.427709784680366786e-02
1.427709782774695159e-02
1.427709782771030035e-02
1.427709782771023096e-02
1.427709782771023964e-02
1.427709782771024137e-02
1.427709782771023443e-02
1.427709782771023096e-02
1.427709782771023443e-02
1.427709782771023443e-02
1.427709782771023964e-02
1.427709782771023790e-02
1.655247596711824365e-02
1.428224184937943071e-02
1.655635645663872460e-02
1.826630091406051398e-02
1.428687142391839478e-02
1.427711670591220658e-02
1.427709786398558174e-02
1.655247599448286464e-02
1.428224184944079309e-02
1.427710776449223756e-02
1.427709784680367307e-02
1.427709782774695853e-02
1.427709782771031076e-02
1.655247596711832345e-02
1.428224184937943245e-02
1.655635645663875236e-02
1.428225054975437724e-02
1.427710778123460027e-02
1.427709784683586433e-02
1.427709782774702271e-02
1.427709782771030209e-02
1.427709782771023964e-02
1.427709782771023096e-02
1.655247596711829569e-02
1.428224184937944112e-02
1.427710776449212654e-02
1.427709784680366786e-02
1.655247598152156940e-02
1.428224184941172779e-02
1.427710776449217685e-02
1.427709784680367480e-02
1.655247598152158675e-02
1.428224184941172085e-02
1.427710776449218205e-02
1.655248346299388260e-02
1.428224186618486796e-02
1.427710776452446179e-02
1.427709784680373725e-02
1.427709782774695679e-02
1.427709782771030729e-02
1.427709782771023617e-02
1.427709782771023270e-02
1.427709782771023270e-02
1.427709782771024137e-02
1.427709782771024657e-02
1.427709782771023443e-02
1.427709782771023443e-02
1.427709782771023790e-02
1.427709782771023790e-02
