1.425172255322983128e-04
2.578101222718416586e-04
3.419755729466034686e-04
4.323090149062454790e-04
5.110716996308629955e-04
5.792772128905709526e-04
6.386028094010266125e-04
6.649042077566231189e-04
7.057366466076917541e-04
7.506318953524363739e-04
7.889957846550311798e-04
8.216969765111394345e-04
8.559848146297981434e-04
8.854238761755824820e-04
9.105775172038114420e-04
9.260461880666272976e-04
9.452812006519570364e-04
9.553487808398612637e-04
9.633287939072217049e-04
9.694138340906544244e-04
9.737663829648778415e-04
9.858051634006757737e-04
9.871442441752873234e-04
9.967067619598116331e-04
1.004285678375698874e-03
1.002524100372372603e-03
1.008548430379199246e-03
1.005368538279250573e-03
1.010218159925652592e-03
1.005976019803226989e-03
1.001078515595631158e-03
1.004951753106532886e-03
1.010684269691518224e-03
1.013906823758706395e-03
1.017216248862736448e-03
1.020593875658367842e-03
1.022899388813415132e-03
9.931460863632671048e-04
9.983598739681234444e-04
1.002933789441964613e-03
1.006038099271269054e-03
1.008291112763507217e-03
1.010441147230572729e-03
1.012406979765383824e-03
1.014108707371768042e-03
1.015467724863054495e-03
1.016407081128842997e-03
1.016851971675009373e-03
1.027408182390193280e-03
1.035010662477516474e-03
1.033859555110580803e-03
1.032231285852898417e-03
1.030047197350635480e-03
1.037286190739389238e-03
1.034367091464367776e-03
1.040262982080209170e-03
1.036810407728239397e-03
1.041695900004820053e-03
1.044545165530002487e-03
1.045533461481759673e-03
1.042529926888579933e-03
1.043201919877373169e-03
1.051643299128108677e-03
1.050160629216319958e-03
1.055065133016880709e-03
1.046345588735115087e-03
1.042477203166619799e-03
1.038315096150217503e-03
1.033000109680058285e-03
1.042118568922562136e-03
1.048071942648832501e-03
1.029186287181031419e-03
1.024439879359423638e-03
1.018543582016031949e-03
1.030089018423715769e-03
1.014323352283017128e-03
1.026212639722542605e-03
1.010688060209171454e-03
1.022860617393918977e-03
1.007527980147438938e-03
1.019935465257134277e-03
1.004755192505798599e-03
9.988224023962763605e-04
1.013161674497572431e-03
1.023443149120038332e-03
1.035035036911260628e-03
1.040576231679146441e-03
1.050341168708338957e-03
1.052465112403435125e-03
1.061719123715659492e-03
1.061272760503826186e-03
1.059473477100612501e-03
1.070034253147203159e-03
1.066384256026922618e-03
1.075622194522051715e-03
1.082563180169674030e-03
1.077470892672865391e-03
1.085662455572258345e-03
1.079737636702645569e-03
1.087900190911337238e-03
1.093692373769204664e-03
1.087053124108880008e-03
1.094433139727100240e-03
1.087395065244410900e-03
1.080277595585950280e-03
1.085217626181102278e-03
1.078251423640728089e-03
1.071061287429724658e-03
1.063525939341791260e-03
1.055532849157935892e-03
1.064161499963987194e-03
1.070803479109665082e-03
1.063401322830599769e-03
1.055526710075277430e-03
1.047075144895809069e-03
1.056475060025533668e-03
1.048063587493932528e-03
1.056966897392556644e-03
1.063749659541920545e-03
1.056203045758260595e-03
1.062706523852076151e-03
1.067264208562653536e-03
1.060731533932309260e-03
1.053633127764009659e-03
1.045869638639156151e-03
1.053778403292477978e-03
1.046133603216649896e-03
1.037728803289879407e-03
1.037839359692867974e-03
1.039749121961844672e-03
1.039740949115388865e-03
1.040174278471866273e-03
1.039903581152778252e-03
1.034499124026331228e-03
1.045879181124087292e-03
1.045981154711878155e-03
1.045431814415492605e-03
1.044926753608843356e-03
1.030603838753315878e-03
1.042692701057865851e-03
1.042363950045866773e-03
1.050075317510543171e-03
1.055587674238068780e-03
1.048235829807191068e-03
1.053740500397325848e-03
1.046695016567047911e-03
1.052165886035243744e-03
1.045390941698995033e-03
1.037753357951417404e-03
1.045192142309665263e-03
1.037731552869515647e-03
1.029334618848757633e-03
1.038615940412170773e-03
1.045506875987112141e-03
1.050192656397314463e-03
1.052857808613716709e-03
1.053682132618645245e-03
1.052837644433055140e-03
1.050128183121969627e-03
1.046655033742441851e-03
1.048024439146410256e-03
1.047645958372744272e-03
1.045428847672497455e-03
1.045285869871205413e-03
1.043530617594849372e-03
1.050102517888433767e-03
1.055920548052778846e-03
1.058754935058814090e-03
1.059066046790703907e-03
1.038971364036876894e-03
1.037891491789105086e-03
1.045147369894257111e-03
1.051375607692954994e-03
1.054528012274225362e-03
1.034708699979491105e-03
1.034261843976716933e-03
1.033708500634793756e-03
1.033322698347641797e-03
1.032852975320440849e-03
1.040710081583887895e-03
1.047262770227529085e-03
1.050645921190029213e-03
1.051341713830197117e-03
1.049721860242545587e-03
1.046071484054563339e-03
1.029974870747266949e-03
1.032962376824065340e-03
1.033917942977792938e-03
1.032401916528449771e-03
1.033360593932196271e-03
1.031907438561666460e-03
1.032866016705527709e-03
1.031465722403642187e-03
1.032421922936450085e-03
1.031066840494270290e-03
1.028677868598023345e-03
1.025176802244113193e-03
1.029955404625622004e-03
1.032515352392212758e-03
1.030079060608725438e-03
1.032542614652961132e-03
1.033008401106963372e-03
1.041209463468119106e-03
1.046592538085280161e-03
1.039933980015813339e-03
1.045407982802045409e-03
1.047699950411794647e-03
1.047286567356684557e-03
1.044536706494881249e-03
1.028802531513697957e-03
1.031230920101504703e-03
1.028901661054544472e-03
1.031239686832810228e-03
1.031572477293455324e-03
1.030404518695852718e-03
1.030804704483338167e-03
1.039154657870046015e-03
1.036169916672941525e-03
1.032733568347830692e-03
1.028079862100719690e-03
1.038248307893016933e-03
1.044947069915129739e-03
1.028860631716842396e-03
1.037494663887308542e-03
1.042773498434963753e-03
1.031023222785141082e-03
1.038654094242191491e-03
1.030811027355328906e-03
1.027577678869975213e-03
1.023975147815381565e-03
1.019164040106496820e-03
9.675463427476634851e-04
9.734067922365828790e-04
9.642534187932656764e-04
9.633218943767116356e-04
9.665171018477673780e-04
9.786141919145535228e-04
9.643936818610858441e-04
9.604826911077579601e-04
9.744586129530690387e-04
9.837201035176152634e-04
9.937506969437208924e-04
1.002387135055065204e-03
1.006456572952536084e-03
1.007865428708324849e-03
1.006946905205507222e-03
1.003966554431453238e-03
1.008546139552665786e-03
1.012651546397934973e-03
1.014991694132502372e-03
1.015013730080504238e-03
1.023483925106383587e-03
1.016890263360084937e-03
1.025080374917068573e-03
1.017970898549415198e-03
1.025942249592015632e-03
1.032261779950789746e-03
1.025477412833817378e-03
1.017824693210185724e-03
1.025601613483431707e-03
1.017781883975987399e-03
1.018784058789221113e-03
1.027615438494357313e-03
1.025786212014563343e-03
1.017771150086306227e-03
1.018680069526428558e-03
1.018939385227981848e-03
1.019227491010128543e-03
1.019463116985526267e-03
1.019559584441448973e-03
1.019426038711071167e-03
1.018969039777803008e-03
1.018094388035310034e-03
9.981802665905124567e-04
1.005534470822267660e-03
1.009374698184283339e-03
1.010144649077955809e-03
1.013290329778579685e-03
1.012874395826446903e-03
1.015850042688469079e-03
1.014589622667087798e-03
1.017416922150219619e-03
1.015561709730513186e-03
1.018261399538456912e-03
1.015993392657348017e-03
1.018584793616026741e-03
1.016036130767717727e-03
1.018536750699510808e-03
1.015802765369042994e-03
1.018228386837568417e-03
1.019461540790239130e-03
1.018531267375069604e-03
1.019638183367828528e-03
1.018532107333327500e-03
1.015298001444716724e-03
1.017531436038268547e-03
1.014326878390362039e-03
1.019109451874722566e-03
1.013220959521698864e-03
1.005734995357594839e-03
1.019168737532640629e-03
1.003612203766818603e-03
9.949949539037616659e-04
1.010575943767109486e-03
9.930721281544302188e-04
1.008704492731299796e-03
1.020210048367764348e-03
1.028187894593469900e-03
1.033116289109796805e-03
1.035375340619856159e-03
1.004282698805670235e-03
1.010577064997075563e-03
1.006040774110823982e-03
1.017280737061478871e-03
1.005319431946817468e-03
1.016567707866777685e-03
1.004709185102745745e-03
9.985142145860015708e-04
1.011879903783528302e-03
9.975333464606391410e-04
9.898331980460405802e-04
9.805930453678363135e-04
9.235990315917507994e-04
9.355224566196367877e-04
9.420477063610214336e-04
9.220361683608932534e-04
9.309292553372448820e-04
9.201397598672721254e-04
9.289515318301696557e-04
9.423281926373131999e-04
9.276396347841358051e-04
9.431701449431505917e-04
9.547302342208413865e-04
9.258562740273696638e-04
9.273592098057397261e-04
9.427161319273434171e-04
9.541171024690909240e-04
9.621573910122189653e-04
9.673071043144505646e-04
9.699345809692429699e-04
9.703264570136311282e-04
9.687050161159134433e-04
9.590914630968507123e-04
9.702885846480035440e-04
9.770477368676879458e-04
9.895568531328297317e-04
9.901100341435692571e-04
9.877524851330612716e-04
1.000396080438084329e-03
9.892555540607396447e-04
9.839382372719017358e-04
9.765501401708923286e-04
9.936363731926928927e-04
1.006351841002172363e-03
9.842521233752233624e-04
9.991645364422017256e-04
9.846473334567799364e-04
9.771426511433591380e-04
9.187124652629115535e-04
9.136344670252268419e-04
9.067452330838205073e-04
9.235082072280789570e-04
9.045013563911468921e-04
9.211419472245567074e-04
9.320395061236375327e-04
9.418882178844291322e-04
9.479798158456358929e-04
9.571075403829511783e-04
9.596243045380345059e-04
9.682673211764560679e-04
9.749782526272747192e-04
9.755877119154715430e-04
9.820779124244971049e-04
9.867485545120720757e-04
9.949592478543708290e-04
9.970964760497148891e-04
9.990000984443872956e-04
1.000100294321266221e-03
9.996604600617086528e-04
9.977045788447441374e-04
9.942577178053179157e-04
9.987418366877868006e-04
9.975524900262195457e-04
1.003848511132991294e-03
9.992900689507206845e-04
1.005511564996808185e-03
1.000598452434275920e-03
1.003947596091426479e-03
1.011432414643447875e-03
1.008420650589870494e-03
1.002965161855541966e-03
1.005910321081594956e-03
1.008976807308311534e-03
1.008665822641929572e-03
1.015035096296073615e-03
1.017655252041482425e-03
1.015746735683215182e-03
1.018272216946240023e-03
1.020937808547915659e-03
1.011368532279024578e-03
1.013875854872880186e-03
1.012343284233466157e-03
1.018350804963869330e-03
1.020580961969815969e-03
1.022988082067660459e-03
1.013221339624477326e-03
1.019147716093291196e-03
1.021293834101220542e-03
1.023627171564339385e-03
1.024977028077328706e-03
1.006597179084584969e-03
1.015125700293919393e-03
1.020830971562812321e-03
1.016900606137459721e-03
1.020420889901423782e-03
1.014945569501605332e-03
1.018779872025720335e-03
1.021053898147576341e-03
1.021892489146779010e-03
1.021417416318201425e-03
1.019131398815006787e-03
1.015929624287345394e-03
1.017697071549870979e-03
1.014497185807676158e-03
1.010287714856145970e-03
1.014101801114182261e-03
1.009803957038167554e-03
1.004437178982250196e-03
1.010166803236757331e-03
1.014160253611940754e-03
1.009644030990781201e-03
1.004062354648852613e-03
1.006870387530440667e-03
1.014143953119280885e-03
1.010915354860453339e-03
1.015008886856764211e-03
1.010166026019728965e-03
1.014430294976116642e-03
1.009538379707821754e-03
1.013956915393974048e-03
1.009006110583770665e-03
1.002991841287982373e-03
1.005735132033325901e-03
1.013447883207495423e-03
1.016109566304879575e-03
1.017874272755614744e-03
1.009298738575918359e-03
1.015856103043345435e-03
1.018257635265959471e-03
1.016285504871971288e-03
1.012802405325822531e-03
1.006255031932805095e-03
1.008601098190776936e-03
1.016082342419192142e-03
1.018427004045382436e-03
1.019902776749850252e-03
1.021209686358412081e-03
1.003639394730262979e-03
1.004853191016744736e-03
1.005945082572673585e-03
9.974401576042033878e-04
9.986529836615784528e-04
9.997681631879517042e-04
9.905707556802365640e-04
9.918668758199917189e-04
9.926766761719778460e-04
1.003340113221086070e-03
1.004062899430997573e-03
1.004195149860811305e-03
1.004873414155075997e-03
1.005509892449123416e-03
9.962638964697381229e-04
1.006438462621463831e-03
1.006982525022397969e-03
1.006903355899883747e-03
1.007442693623060784e-03
1.007950497709621425e-03
1.008333458280594825e-03
1.008494928909719947e-03
1.026677046341457726e-03
1.040553292232103150e-03
1.050843199096590649e-03
1.049362974221891174e-03
1.057564604937173691e-03
1.055672213189744408e-03
1.062378853834741082e-03
1.066891248107566760e-03
1.069510233877432473e-03
1.070488468334749969e-03
1.070038740975752696e-03
1.069353893808118114e-03
1.068957113443513851e-03
1.068321796636823679e-03
1.068015567948739754e-03
1.067388411182509543e-03
1.067196393376394466e-03
1.065800313129940807e-03
1.026028659320093323e-03
1.026754983660263651e-03
1.022401168369740064e-03
1.017092019939323235e-03
1.010770768297608938e-03
1.015860716719805840e-03
1.009545431769377994e-03
1.014884807615750719e-03
1.008560248962686329e-03
1.010904354236138872e-03
1.012433602677740479e-03
1.012615300568214761e-03
1.018677555707774018e-03
1.020920362824394474e-03
1.018655283620575631e-03
1.014923034749528816e-03
1.008391955479074958e-03
1.010637367577200225e-03
1.017811653499717424e-03
1.014209781390833622e-03
1.007633128031519163e-03
1.009908563946418543e-03
1.011377661969596045e-03
1.011793186500868766e-03
1.013149074557873411e-03
1.014395123701019447e-03
1.005112280835058830e-03
1.014079197557626053e-03
1.015210309048185594e-03
1.014485003131937501e-03
1.020533207786346406e-03
1.022484848789614268e-03
1.023616171184937081e-03
1.014541607411189152e-03
1.015636555101703852e-03
1.016649501992857550e-03
1.007188174314007463e-03
1.008132384660689277e-03
1.008072508147291003e-03
1.008937743241916478e-03
1.009717232046237947e-03
1.001095189354585637e-03
1.002052373451053956e-03
1.002366721833437618e-03
1.003220671581190378e-03
1.004012448174322397e-03
1.004650061636132123e-03
1.028970021484644070e-03
1.043324660220736793e-03
1.043447585934448177e-03
1.055675333338145774e-03
1.063192346020413407e-03
1.062999313426372114e-03
1.069809178633714499e-03
1.073065924551262155e-03
1.075396113098750148e-03
1.075048229561613314e-03
1.076526886809172278e-03
1.078024857489783515e-03
1.078088695563754647e-03
1.076879999794618176e-03
1.074559203018436585e-03
1.076507526237923014e-03
1.078415080856929111e-03
1.080265180685300664e-03
1.079607887408418239e-03
1.077889851354903519e-03
1.079842672544079150e-03
1.081722730788848511e-03
1.082311779291105685e-03
1.082150799504800077e-03
1.082419347859036544e-03
1.083353278340488252e-03
1.083535595890126576e-03
1.084275428450455232e-03
1.084391778443337872e-03
1.084039760472628846e-03
1.083156008257765614e-03
1.088855284994372187e-03
1.088267099530041294e-03
1.087158748242458405e-03
1.091979186491674183e-03
1.092181658391368996e-03
1.091299645227644319e-03
1.092877455768167909e-03
1.091968590020922980e-03
1.091278224861089163e-03
1.091718388274213547e-03
1.089940379131619291e-03
1.089586338752506324e-03
1.089102295611418586e-03
1.087581144676357924e-03
1.084216436551563171e-03
1.080164957114677438e-03
1.081962135254610578e-03
1.083713876332451954e-03
1.080952713702569091e-03
1.082815348211239566e-03
1.084602367553252423e-03
1.082850087440496902e-03
1.080252732889680880e-03
1.082195925846550890e-03
1.079720728314617108e-03
1.076452595836271692e-03
1.025803231538747421e-03
1.026799756282991208e-03
1.022241158405374009e-03
1.023870509601237369e-03
1.019424686675935625e-03
1.013984367119883864e-03
1.017967468275196227e-03
1.012526963093963875e-03
1.016807456708796863e-03
1.011347834234429264e-03
1.015878084939100248e-03
1.018812532765893701e-03
1.020271623287019331e-03
1.016822616386658853e-03
1.012380014472722507e-03
1.006887790110979827e-03
1.009582286332303975e-03
1.007498673366629066e-03
1.010086123060604125e-03
1.007964662871252328e-03
1.013336587710239297e-03
1.017021688948631548e-03
1.019148462217170674e-03
1.015352867689044711e-03
1.010555196365892734e-03
1.004702440840102165e-03
1.010711587741246371e-03
1.014976797243479032e-03
1.017629502107440624e-03
1.013675727792364692e-03
1.008699689608107217e-03
1.013390187320377823e-03
1.008331040922646679e-03
1.013142530191775111e-03
1.007999596116613628e-03
1.012924932572176282e-03
1.007698046937369153e-03
1.012731130338839552e-03
1.016085811735080967e-03
1.017894608350064208e-03
1.014584780148490746e-03
1.016705390083189834e-03
1.013376785558868899e-03
1.015770616202731026e-03
1.016691184436285811e-03
1.025279939561401588e-03
1.024502056625294566e-03
1.029915198214013516e-03
1.032134859162083798e-03
1.013415863787143307e-03
1.011905596234942721e-03
1.009391946532066809e-03
1.011809210929099940e-03
1.012730974355313760e-03
1.021657919264001976e-03
1.020868940726638594e-03
1.027122291977055268e-03
1.019666201065498037e-03
1.017132882756894294e-03
1.014544898714822216e-03
1.022834092187740107e-03
1.027794184295078390e-03
1.029956235936192949e-03
1.016443289274051665e-03
1.021874697776529789e-03
1.016401499342196391e-03
1.021570217813971360e-03
1.016411305256692370e-03
1.016433309654762298e-03
1.014228735524631050e-03
1.021346296003533766e-03
1.025218810933211690e-03
1.026352703273594865e-03
1.006419378028306291e-03
1.016039163905901920e-03
1.015559365008189769e-03
1.012854448067926393e-03
1.010139828236231727e-03
1.019324222500510042e-03
1.009265193044318887e-03
1.006065485798131971e-03
1.002019366873385013e-03
1.013799073578807884e-03
1.021894425611438425e-03
1.004746053636532436e-03
1.014623688388829317e-03
1.004794528526542670e-03
1.014371988412550614e-03
1.005015196991441333e-03
1.014276884794608176e-03
1.005357174495487629e-03
1.014293494899369628e-03
1.019778309312217596e-03
1.008756977060677133e-03
1.006855439336585634e-03
1.004840053361457514e-03
1.001831835976199191e-03
9.979448805998755289e-04
1.010315539943878148e-03
9.976941019627966374e-04
1.009787986587796539e-03
1.018139961482762050e-03
1.023358554137637072e-03
1.004296762485701973e-03
1.012623195670513468e-03
1.005158091251678442e-03
1.003700166405492198e-03
1.013024833091859343e-03
1.004137211344677868e-03
1.001853447653681516e-03
9.986021039200703754e-04
9.944957337080727842e-04
9.896380913284117797e-04
1.004126858884230380e-03
9.895143797290376422e-04
1.003710804366798317e-03
1.013950826769791308e-03
9.945132949328034776e-04
9.908797516176358171e-04
1.004348937593031602e-03
1.013924719413857511e-03
1.020244050940749027e-03
1.023801245038070745e-03
1.024977875018033341e-03
1.032807090405910575e-03
1.031859662373661116e-03
1.029253569559835865e-03
1.037388945152356102e-03
1.033505733737897364e-03
1.041227473575547305e-03
1.047504942847765456e-03
1.043064930268805144e-03
1.037635256065612584e-03
1.044934930693020665e-03
1.050783924425535264e-03
1.045352750884999404e-03
1.051139776292071620e-03
1.045428516058726507e-03
1.051185607586871060e-03
1.055598017552494654e-03
1.058787965445561006e-03
1.060868559490738862e-03
1.056677505897092671e-03
1.051926824775073228e-03
1.055573040971015397e-03
1.058038472045832621e-03
1.053828395099454815e-03
1.049022039096847653e-03
1.043533280769443636e-03
1.048922556972630435e-03
1.043306845790368002e-03
1.048720161186277814e-03
1.042994330653807282e-03
1.048446106897828016e-03
1.052516306922210172e-03
1.047362294374935051e-03
1.051585829168745663e-03
1.054534756029556651e-03
1.056328388095042906e-03
1.052474851179297692e-03
1.047996880014719773e-03
1.051497495857202282e-03
1.053776992414473274e-03
1.054951431486490353e-03
1.051752028456601640e-03
1.047928633201861658e-03
1.050813093398331221e-03
1.052521257088000033e-03
1.053166458734177075e-03
1.052852394090099050e-03
1.050911986192933816e-03
1.051024163461886400e-03
1.049128169139524735e-03
1.046614850468217950e-03
1.048400004523121791e-03
1.049091598590971321e-03
1.047114237701209007e-03
1.048109957360303856e-03
1.048084505774999264e-03
1.047140010691667393e-03
1.046328007333756013e-03
1.044921098843743824e-03
1.045651552981708907e-03
1.045374120334105917e-03
1.044190843119472420e-03
9.987760164626982226e-04
1.000323061209430330e-03
9.943746178912723447e-04
9.871429150887008758e-04
9.785190906802020226e-04
9.778562110673218611e-04
9.767571352109543845e-04
9.751375666486316067e-04
9.677251076834917981e-04
9.660238742440993044e-04
9.637809483031940187e-04
9.553269290002678205e-04
9.530919482685589307e-04
9.547034280760526839e-04
9.661489700030521715e-04
9.758097755363716753e-04
9.739141060750426161e-04
9.740769319081680816e-04
9.721466601179803643e-04
9.724427623923388329e-04
9.809943216384975264e-04
9.793415436317258992e-04
9.772476024483729706e-04
9.746182206706717433e-04
9.713623468909241086e-04
9.898671020978594241e-04
1.004377140811499270e-03
1.000864328391273990e-03
1.013117079259133772e-03
1.022463369939132860e-03
1.019117231779603479e-03
1.015025224111864612e-03
1.010110700586891713e-03
1.004306628233437660e-03
1.016315970293306913e-03
1.010114130570583099e-03
1.021101310743456961e-03
1.014573292165955225e-03
1.024789634137375331e-03
1.032926922644197354e-03
1.039196271756672764e-03
1.043792467469365718e-03
1.039186758250169569e-03
1.033778023350450216e-03
1.039876175852686487e-03
1.044381344213072584e-03
1.047451931065017643e-03
1.043439544535212015e-03
1.038639759796350674e-03
1.032980660279271328e-03
1.026401367207190139e-03
1.018852929186680719e-03
1.028276671065190889e-03
1.035901396158884222e-03
1.028913990113633015e-03
1.036487496041700119e-03
1.029364290183742547e-03
1.036913330766708928e-03
1.042836837775340747e-03
1.047273207395825814e-03
1.041669333123311112e-03
1.046326948582214714e-03
1.040690608129473359e-03
1.045547330150191660e-03
1.039858961707478251e-03
1.044897022207809086e-03
1.039142093924977014e-03
1.044347025568999332e-03
1.048134474293010944e-03
1.043101353314367184e-03
1.037228445584376102e-03
1.042838176969625510e-03
1.036858702946224326e-03
1.029975722430937803e-03
1.022140815464019385e-03
1.022679616595163245e-03
1.023904871852687661e-03
1.024238992765592838e-03
1.025294815843784185e-03
1.033911957042265304e-03
1.040855778916283071e-03
1.046257754449362014e-03
1.039597999595246163e-03
1.045219467216899076e-03
1.038545092605190319e-03
1.031002434649182361e-03
1.022542783114332695e-03
1.031661744939736105e-03
1.039075819523948251e-03
1.031329881412624411e-03
1.038827961911485123e-03
1.044747154474786862e-03
1.037782065717520515e-03
1.043889550072954735e-03
1.048530232283618330e-03
1.042373294378184457e-03
1.035377904177484923e-03
1.041910775090963475e-03
1.034845126670359914e-03
1.026882881786033526e-03
1.027092061226301655e-03
1.027661429142235445e-03
9.948781562181547699e-04
9.895834092665889772e-04
9.921245510684910136e-04
9.926862688023751092e-04
9.909289862210994386e-04
9.878399158789981978e-04
9.908015506673367376e-04
9.876989138951652349e-04
9.926150942984547556e-04
9.884040582444945326e-04
9.914705090458006756e-04
9.925448119458470803e-04
9.917606605118563148e-04
9.912886709328697001e-04
9.908462814213834634e-04
9.903631350369043653e-04
9.884921766961053333e-04
9.904137309456083945e-04
9.904156410058622372e-04
9.897847035970882071e-04
9.877493404288045092e-04
9.842818889961842208e-04
9.886602830634434909e-04
9.909676577404666255e-04
9.886597672869271592e-04
9.849338365511028145e-04
9.894418433073100261e-04
9.855764266703222806e-04
9.904563267152507924e-04
9.965738016034235598e-04
1.001363141255110379e-03
1.004993304961652968e-03
9.935203979494155145e-04
9.994446540694331034e-04
9.939232191647081553e-04
9.895530363831263332e-04
9.939937529395864203e-04
9.998756476305892434e-04
9.943970391453141062e-04
9.966050415470225667e-04
9.934765058225518940e-04
9.959043164019880899e-04
9.927636038590309433e-04
9.953843230886157394e-04
9.960866351465184725e-04
9.942597051799369548e-04
9.910775256057650050e-04
9.958081960375424722e-04
1.000458608663696344e-03
9.979530493433581666e-04
9.928852704981074116e-04
9.973980970895855377e-04
9.931335753357607970e-04
9.961265251711244259e-04
9.971875036186806859e-04
9.964424239252503163e-04
9.955848816740804109e-04
9.952096252145963950e-04
9.943508246520339072e-04
9.942972113820881547e-04
9.934026159025576876e-04
9.911425118036118389e-04
9.934085435402374362e-04
9.910390204605446993e-04
9.934379555615760558e-04
9.939230330052429251e-04
9.926250983305182247e-04
9.990413186693651929e-04
1.006059588546719726e-03
9.979426268325632121e-04
9.947475965749676304e-04
1.003520071637995165e-03
1.008627101829441151e-03
9.871616453322501657e-04
9.883663332813552756e-04
9.881885358068531831e-04
9.887187722739700091e-04
9.874308936397015960e-04
9.941632511797009013e-04
1.002140306234632376e-03
1.006501492858934794e-03
1.007763815510893902e-03
9.885107489673139024e-04
9.876558535003357713e-04
9.853737215871269644e-04
9.907622316529694426e-04
9.870108538142562463e-04
9.902495612616837341e-04
9.914931829148646535e-04
9.908772352903185126e-04
9.977459600399073494e-04
9.947128550933650656e-04
1.003290859189974590e-03
1.008210698152366483e-03
1.009996696515210726e-03
9.889280783511322521e-04
9.875185718716983797e-04
9.942074116215486850e-04
9.905017946271539760e-04
9.854199949429957948e-04
9.790834146657394123e-04
9.928003328363796138e-04
1.002434565421895032e-03
1.008571790819608573e-03
9.879861772986245089e-04
9.842248994657073341e-04
9.953074971452736952e-04
9.841708097630690218e-04
9.949922730822932052e-04
9.843052256290310727e-04
9.948479958506307834e-04
9.845783955391446823e-04
