1.334479712866554050e-04
2.587206743947309670e-04
3.771923954972536972e-04
4.898325438406265532e-04
6.085231172466472067e-04
8.346855969770170230e-04
9.576272337801016799e-04
1.077953524807822834e-03
1.195788984004002775e-03
1.311235422938481551e-03
1.424378020868098064e-03
1.535288128908105648e-03
1.644026172204183459e-03
1.750644064669641155e-03
1.712718897707742353e-03
1.821156695210552094e-03
1.926744632518230266e-03
2.029770332220306138e-03
2.130439377093088556e-03
2.228902431260627523e-03
2.325270704076037431e-03
2.419629513817721407e-03
2.512045106604700838e-03
2.322722094003401138e-03
2.421316210774505234e-03
2.516918286566733817e-03
2.609916317024221430e-03
2.700579583560405120e-03
2.789098780375177944e-03
2.875611249209945788e-03
2.960217451541015312e-03
2.715067879498727146e-03
2.778791331531047914e-03
2.870159702844302021e-03
2.958438436976465729e-03
3.044084093207294166e-03
3.127409840401927134e-03
3.208634588494831564e-03
3.287913282004462263e-03
3.024509512165699920e-03
3.112016941479981650e-03
3.196389916791089660e-03
3.278117982735508518e-03
3.357535766325369080e-03
3.434875718049370391e-03
3.191150959438190590e-03
3.276063733694036580e-03
3.357811343036226637e-03
3.267464281309908399e-03
3.351197247839421064e-03
3.431750011806368721e-03
3.509644890675140110e-03
3.585237496516813140e-03
3.658773831537567682e-03
3.730426114389260878e-03
3.800317041289857922e-03
3.868536192144098051e-03
3.935151144521897501e-03
4.000215003468863759e-03
4.063771596672612237e-03
4.125858853205445140e-03
4.186511006141746365e-03
4.245760172603888979e-03
4.303637168369545650e-03
4.360172158704384536e-03
4.556996874733772185e-03
4.632539975151013512e-03
4.713774294173458598e-03
4.787721033835084031e-03
4.860897100545472430e-03
4.933351554062381794e-03
5.004051670407558272e-03
5.073364742816775450e-03
5.141526290113402481e-03
5.208685741341823223e-03
5.274935215282006325e-03
5.340329313091295507e-03
5.270485153404101154e-03
5.338838610853918927e-03
5.405318268913199969e-03
5.470346133386886668e-03
5.534192206572666368e-03
5.498212448172125864e-03
5.563541088778727398e-03
5.628996353921434520e-03
5.659753991777658269e-03
5.724259881872349222e-03
5.750384846192101509e-03
5.814000957140894044e-03
5.875611626250296614e-03
5.935698962758089066e-03
5.994570342978692602e-03
6.052419345419297186e-03
6.109364992911819545e-03
6.165477831511004085e-03
6.220797365165916734e-03
6.030485481019530122e-03
6.091384550876642080e-03
6.150205605092955510e-03
6.123094520087855527e-03
