1.707851185845841676e-04
1.711223168981505218e-04
1.711229618687247847e-04
1.711229631103117232e-04
1.711229631126993261e-04
1.711229631127035274e-04
2.942419438748506105e-04
1.713323900015250581e-04
1.711233676306884186e-04
1.711229638899808584e-04
1.711229631141986422e-04
1.711229631127062650e-04
1.711229631127032834e-04
1.711229631127034461e-04
1.711229631127036087e-04
1.711229631127038256e-04
1.711229631127035274e-04
1.711229631127037713e-04
1.711229631127033106e-04
1.711229631127033106e-04
1.711229631127035274e-04
1.711229631127036358e-04
1.711229631127032834e-04
1.711229631127034461e-04
1.711229631127036087e-04
1.711229631127038256e-04
1.711229631127035274e-04
1.711229631127037713e-04
1.711229631127033106e-04
1.711229631127033106e-04
1.711229631127035274e-04
1.711229631127036358e-04
1.711229631127032834e-04
1.711229631127034461e-04
1.711229631127036087e-04
1.711229631127038256e-04
1.711229631127035274e-04
1.711229631127037713e-04
1.711229631127033106e-04
1.711229631127033106e-04
1.711229631127035274e-04
1.711229631127036358e-04
1.711229631127032834e-04
1.711229631127034461e-04
1.711229631127036087e-04
1.711229631127038256e-04
2.942419438748511526e-04
1.713323900015253562e-04
1.711233676306884999e-04
1.711229638899806687e-04
2.942419446083437921e-04
1.713323900028399514e-04
1.711233676306910477e-04
1.711229638899809126e-04
1.711229631141982085e-04
1.711229631127065090e-04
1.711229631127033919e-04
1.711229631127034732e-04
1.711229631127035274e-04
1.711229631127036358e-04
1.711229631127032834e-04
2.942419438748501768e-04
1.713323900015250852e-04
1.711233676306886625e-04
1.711229638899808042e-04
1.711229631141982627e-04
1.711229631127062379e-04
1.711229631127034190e-04
1.711229631127035545e-04
1.711229631127034732e-04
1.711229631127037713e-04
1.711229631127034190e-04
1.711229631127032834e-04
1.711229631127034461e-04
1.711229631127036087e-04
1.711229631127038256e-04
1.711229631127035274e-04
1.711229631127037713e-04
1.711229631127033106e-04
1.711229631127033106e-04
1.711229631127035274e-04
1.711229631127036358e-04
1.711229631127032834e-04
2.942419438748501768e-04
1.713323900015250852e-04
1.711233676306886625e-04
1.711229638899808042e-04
1.711229631141982627e-04
1.711229631127062379e-04
1.711229631127034190e-04
1.711229631127035545e-04
1.711229631127034732e-04
1.711229631127037713e-04
1.711229631127034190e-04
1.711229631127032834e-04
1.711229631127034461e-04
1.711229631127036087e-04
1.711229631127038256e-04
2.942419438748511526e-04
1.713323900015253562e-04
1.711233676306884999e-04
1.711229638899806687e-04
1.711229631141981543e-04
1.711229631127064276e-04
1.711229631127033648e-04
1.711229631127035274e-04
1.711229631127037713e-04
1.711229631127033106e-04
1.711229631127033106e-04
1.711229631127035274e-04
1.711229631127036358e-04
1.711229631127032834e-04
1.711229631127034461e-04
1.711229631127036087e-04
1.711229631127038256e-04
1.711229631127035274e-04
1.711229631127037713e-04
1.711229631127033106e-04
1.711229631127033106e-04
1.711229631127035274e-04
1.711229631127036358e-04
1.711229631127032834e-04
2.942419438748501768e-04
4.108951226378383496e-04
1.715206069681291163e-04
1.711237310255643497e-04
2.942426685302889679e-04
1.713323913006264824e-04
1.711233676331872606e-04
1.711229638899856289e-04
1.711229631141987235e-04
1.711229631127062650e-04
1.711229631127035545e-04
1.711229631127034732e-04
1.711229631127037713e-04
1.711229631127034190e-04
1.711229631127032834e-04
1.711229631127034461e-04
1.711229631127036087e-04
2.942419438748502853e-04
1.713323900015248954e-04
2.944395765554053785e-04
1.713327442905540805e-04
1.711233683122608386e-04
1.711229638912914691e-04
1.711229631142008648e-04
1.711229631127065361e-04
1.711229631127035274e-04
1.711229631127037713e-04
1.711229631127033106e-04
1.711229631127033106e-04
1.711229631127035274e-04
1.711229631127036358e-04
2.942419438748503937e-04
1.713323900015248954e-04
1.711233676306886896e-04
1.711229638899807500e-04
1.711229631141986422e-04
1.711229631127061566e-04
1.711229631127036087e-04
1.711229631127034190e-04
1.711229631127034732e-04
1.711229631127034732e-04
1.711229631127039882e-04
1.711229631127033919e-04
1.711229631127034732e-04
2.942419438748505563e-04
4.108951226378385123e-04
1.715206069681291434e-04
1.711237310255642142e-04
1.711229645882820572e-04
1.711229631155415621e-04
1.711229631127090297e-04
1.711229631127037713e-04
1.711229631127033106e-04
1.711229631127033106e-04
1.711229631127035274e-04
1.711229631127036358e-04
1.711229631127032834e-04
1.711229631127034461e-04
1.711229631127036087e-04
1.711229631127038256e-04
1.711229631127035274e-04
1.711229631127037713e-04
1.711229631127033106e-04
1.711229631127033106e-04
1.711229631127035274e-04
2.942419438748506105e-04
1.713323900015250581e-04
2.944395765554053785e-04
1.713327442905541618e-04
2.944399108917917000e-04
4.110830996217949384e-04
1.715209199308527510e-04
1.711237316297443587e-04
2.942426691004349491e-04
1.713323913016486140e-04
1.711233676331893206e-04
1.711229638899856289e-04
1.711229631141987235e-04
1.711229631127062650e-04
2.942419438748528331e-04
4.108951226378416565e-04
1.715206069681293603e-04
1.711237310255641329e-04
1.711229645882824096e-04
1.711229631155414808e-04
1.711229631127088129e-04
1.711229631127035274e-04
1.711229631127037713e-04
1.711229631127033106e-04
1.711229631127033106e-04
1.711229631127035274e-04
1.711229631127036358e-04
1.711229631127032834e-04
1.711229631127034461e-04
1.711229631127036087e-04
1.711229631127038256e-04
1.711229631127035274e-04
1.711229631127037713e-04
1.711229631127033106e-04
1.711229631127033106e-04
2.942419438748505021e-04
1.713323900015250310e-04
1.711233676306887438e-04
1.711229638899809398e-04
1.711229631141985067e-04
1.711229631127063463e-04
1.711229631127038527e-04
2.942419438748509358e-04
1.713323900015250581e-04
1.711233676306884186e-04
1.711229638899809398e-04
1.711229631141984254e-04
1.711229631127060482e-04
1.711229631127034732e-04
1.711229631127034732e-04
1.711229631127034732e-04
1.711229631127034732e-04
1.711229631127034732e-04
1.711229631127034732e-04
1.711229631127034732e-04
1.711229631127034732e-04
1.711229631127034732e-04
1.711229631127034732e-04
1.711229631127034732e-04
1.711229631127034732e-04
1.711229631127034732e-04
1.711229631127034732e-04
1.711229631127034732e-04
1.711229631127034732e-04
1.711229631127034732e-04
2.942419438748500684e-04
1.713323900015251394e-04
1.711233676306889064e-04
1.711229638899806145e-04
1.711229631141982085e-04
1.711229631127060482e-04
1.711229631127034732e-04
1.711229631127034732e-04
1.711229631127034732e-04
1.711229631127034732e-04
1.711229631127034732e-04
1.711229631127034732e-04
1.711229631127034732e-04
2.942419438748500684e-04
4.108951226378386749e-04
1.715206069681293060e-04
1.711237310255643497e-04
1.711229645882821656e-04
1.711229631155416705e-04
1.711229631127091381e-04
1.711229631127035816e-04
1.711229631127035274e-04
1.711229631127036358e-04
1.711229631127032834e-04
1.711229631127034461e-04
1.711229631127036087e-04
1.711229631127038256e-04
2.942419438748511526e-04
1.713323900015253562e-04
1.711233676306884999e-04
1.711229638899806687e-04
1.711229631141981543e-04
1.711229631127064276e-04
1.711229631127033648e-04
1.711229631127035274e-04
2.942419438748503395e-04
1.713323900015252478e-04
1.711233676306885812e-04
1.711229638899810753e-04
1.711229631141983982e-04
1.711229631127063192e-04
1.711229631127035545e-04
1.711229631127033106e-04
1.711229631127035274e-04
1.711229631127036358e-04
1.711229631127032834e-04
1.711229631127034461e-04
2.942419438748502310e-04
1.713323900015251394e-04
1.711233676306884999e-04
1.711229638899806687e-04
1.711229631141981543e-04
1.711229631127064276e-04
1.711229631127033648e-04
1.711229631127035274e-04
1.711229631127037713e-04
2.942419438748503395e-04
1.713323900015248954e-04
2.944395765554053785e-04
1.713327442905540805e-04
1.711233683122607573e-04
1.711229638912915233e-04
1.711229631142011630e-04
1.711229631127064276e-04
1.711229631127033648e-04
1.711229631127035274e-04
1.711229631127037713e-04
1.711229631127033106e-04
2.942419438748500684e-04
1.713323900015251936e-04
1.711233676306884728e-04
1.711229638899805874e-04
1.711229631141988048e-04
1.711229631127062379e-04
2.942419438748536463e-04
1.713323900015252749e-04
2.944395765554046738e-04
1.713327442905541889e-04
1.711233683122611639e-04
1.711229638912913336e-04
1.711229631142013798e-04
1.711229631127062650e-04
1.711229631127036087e-04
1.711229631127033919e-04
2.942419438748501226e-04
1.713323900015249225e-04
1.711233676306883643e-04
1.711229638899810211e-04
1.711229631141986151e-04
1.711229631127065903e-04
1.711229631127038256e-04
1.711229631127035274e-04
2.942419438748506105e-04
1.713323900015250581e-04
2.944395765554053785e-04
1.713327442905541618e-04
1.711233683122607573e-04
2.942423262490221074e-04
1.713323906870133724e-04
1.711233676320072692e-04
1.711229638899830811e-04
1.711229631141985067e-04
1.711229631127061566e-04
1.711229631127035274e-04
2.942419438748500684e-04
1.713323900015248954e-04
1.711233676306883643e-04
1.711229638899809398e-04
1.711229631141984254e-04
1.711229631127060482e-04
1.711229631127034732e-04
1.711229631127034732e-04
1.711229631127034732e-04
1.711229631127034732e-04
1.711229631127034732e-04
1.711229631127034732e-04
1.711229631127034732e-04
1.711229631127034732e-04
1.711229631127034732e-04
1.711229631127034732e-04
2.942419438748500684e-04
1.713323900015251394e-04
2.944395765554048906e-04
1.713327442905538095e-04
1.711233683122613807e-04
1.711229638912911981e-04
1.711229631142010816e-04
1.711229631127065361e-04
1.711229631127033377e-04
1.711229631127034732e-04
1.711229631127034190e-04
1.711229631127032834e-04
2.942419438748501768e-04
1.713323900015250852e-04
1.711233676306886625e-04
1.711229638899808042e-04
1.711229631141982627e-04
1.711229631127062379e-04
1.711229631127034190e-04
2.942419438748505021e-04
1.713323900015248954e-04
1.711233676306884728e-04
1.711229638899807500e-04
2.942419446083439547e-04
1.713323900028402224e-04
1.711233676306911562e-04
1.711229638899808584e-04
2.942419446083439005e-04
1.713323900028401140e-04
1.711233676306910206e-04
1.711229638899808584e-04
1.711229631141985338e-04
1.711229631127065903e-04
1.711229631127034190e-04
1.711229631127035545e-04
1.711229631127034732e-04
2.942419438748502853e-04
1.713323900015251665e-04
1.711233676306888793e-04
1.711229638899808584e-04
1.711229631141981001e-04
1.711229631127061837e-04
1.711229631127033377e-04
1.711229631127036358e-04
2.942419438748503395e-04
1.713323900015251123e-04
2.944395765554051075e-04
1.713327442905538366e-04
1.711233683122607031e-04
1.711229638912915233e-04
1.711229631142011088e-04
1.711229631127063463e-04
1.711229631127036087e-04
1.711229631127033919e-04
1.711229631127034732e-04
1.711229631127035274e-04
1.711229631127036358e-04
1.711229631127032834e-04
1.711229631127034461e-04
1.711229631127036087e-04
1.711229631127038256e-04
1.711229631127035274e-04
1.711229631127037713e-04
1.711229631127033106e-04
1.711229631127033106e-04
1.711229631127035274e-04
1.711229631127036358e-04
1.711229631127032834e-04
1.711229631127034461e-04
1.711229631127036087e-04
1.711229631127038256e-04
1.711229631127035274e-04
1.711229631127037713e-04
1.711229631127033106e-04
1.711229631127033106e-04
1.711229631127035274e-04
1.711229631127036358e-04
1.711229631127032834e-04
1.711229631127034461e-04
1.711229631127036087e-04
1.711229631127038256e-04
1.711229631127035274e-04
1.711229631127037713e-04
1.711229631127033106e-04
1.711229631127033106e-04
2.942419438748505021e-04
1.713323900015250310e-04
1.711233676306887438e-04
1.711229638899809398e-04
1.711229631141985067e-04
1.711229631127063463e-04
1.711229631127038527e-04
1.711229631127037984e-04
1.711229631127035545e-04
1.711229631127034732e-04
1.711229631127037713e-04
1.711229631127034190e-04
1.711229631127032834e-04
1.711229631127034461e-04
1.711229631127036087e-04
2.942419438748502853e-04
1.713323900015248954e-04
1.711233676306884728e-04
1.711229638899806687e-04
1.711229631141985067e-04
2.942419438762611033e-04
1.713323900015277144e-04
1.711233676306883372e-04
1.711229638899810211e-04
2.942419446083439005e-04
1.713323900028397345e-04
1.711233676306909935e-04
1.711229638899808855e-04
1.711229631141980730e-04
1.711229631127063463e-04
1.711229631127035274e-04
1.711229631127035003e-04
1.711229631127034190e-04
1.711229631127032834e-04
1.711229631127034461e-04
1.711229631127036087e-04
1.711229631127038256e-04
1.711229631127035274e-04
1.711229631127037713e-04
1.711229631127033106e-04
1.711229631127033106e-04
1.711229631127035274e-04
1.711229631127036358e-04
2.942419438748503937e-04
1.713323900015248954e-04
1.711233676306886896e-04
1.711229638899807500e-04
2.942419446083439547e-04
4.108951233343156764e-04
5.319113742342637327e-04
6.471866564274434417e-04
8.664820265326359135e-04
1.045058675435061799e-03
1.211912017792212901e-03
1.367913453858477608e-03
1.513884481354144107e-03
1.650570136378874415e-03
1.778650854463281273e-03
1.898682119710461006e-03
2.011352339785623788e-03
2.117126244954642932e-03
2.216472808387593123e-03
2.309830538454516781e-03
2.408637491162564544e-03
2.445594574641965242e-03
2.525268892153277687e-03
2.600298993390397304e-03
2.670942639512528805e-03
2.764011681609862981e-03
2.854012942786456498e-03
2.809028237730280212e-03
2.867457978706873262e-03
2.922686003484557121e-03
2.974732419870667211e-03
3.023865935522223637e-03
3.070186054826879070e-03
3.113905670479844099e-03
3.155179975345855006e-03
3.240659649596875323e-03
3.215153054743979857e-03
3.250718739085629166e-03
3.284372089524258912e-03
3.316172057382292104e-03
3.346270004265676501e-03
3.374666040301480593e-03
3.456745272114578049e-03
3.535624659128371039e-03
3.430032639680956601e-03
3.453779624997893854e-03
3.534639004823264628e-03
3.612285511878958293e-03
3.500123098479043880e-03
3.520059658944321712e-03
3.599899848048659663e-03
3.548941254336054289e-03
3.566296120118713636e-03
3.582783243834091347e-03
3.598385407499058320e-03
3.677024009485621581e-03
3.752425961381806833e-03
3.825154317655991235e-03
3.895591472363609063e-03
3.644084589851285996e-03
3.656176449378800795e-03
3.667844242428916750e-03
3.678890770070190105e-03
3.689348028689768289e-03
3.699248214881754350e-03
3.708621244353651949e-03
3.717495878748610250e-03
3.794313256673309889e-03
3.729915608223358710e-03
3.737586666481655662e-03
3.744923328829096593e-03
3.751870984855859657e-03
3.758450492132299307e-03
3.764681779116093013e-03
3.770583061739057971e-03
3.776172311935058895e-03
3.781466131404062365e-03
3.786480470452354644e-03
3.791229605585505480e-03
3.795728411197242871e-03
3.871353457400493036e-03
3.801701342850482591e-03
3.805573977563796000e-03
3.809316136528614026e-03
3.812860865271054840e-03
3.816218718875100200e-03
3.819399800142032723e-03
3.822413426117807472e-03
3.825268383496904963e-03
3.900444066778292404e-03
3.828818143298164892e-03
3.831262408049030104e-03
3.906346964338438740e-03
3.978159116964861616e-03
3.835349494990499594e-03
3.837386206722663215e-03
3.839453563289843639e-03
3.841412278742338884e-03
3.843267977200622108e-03
3.845026203756072430e-03
3.919901589570700361e-03
3.846958948792793612e-03
3.848448894787985432e-03
3.849934940209622999e-03
3.924735753293060250e-03
3.851466346202943921e-03
3.852719699105435543e-03
3.853981426887238479e-03
3.855176990928799174e-03
3.929898178757857720e-03
3.856280148889421749e-03
3.857280681931042274e-03
3.858303035650648225e-03
3.859271813384460535e-03
3.860189869118307686e-03
3.861058412365504268e-03
3.861881452961149225e-03
3.862661339375488521e-03
3.863400333941596505e-03
3.864100623999237351e-03
3.864764297730525697e-03
3.865392910126787783e-03
3.865988625251621201e-03
3.866553162345059708e-03
3.867088063482295671e-03
3.867594939168139331e-03
3.868075279234290103e-03
3.942600600007613136e-03
4.013848048130823527e-03
3.868111722682514991e-03
3.868425903061032626e-03
3.868862510052430669e-03
3.869276281885991164e-03
3.943783371063558536e-03
3.869227823602403114e-03
3.869547874623856069e-03
3.869925696015784691e-03
3.870283833878392088e-03
3.870623186919312612e-03
3.870944804474179407e-03
3.871249453417086647e-03
3.871538242348857017e-03
3.871811798987743764e-03
3.872072327651221967e-03
3.872319135063946507e-03
3.872552952133291506e-03
3.872774548390793114e-03
3.947228528970088759e-03
3.872440641106835151e-03
3.872593425313854577e-03
3.872812806486793796e-03
3.873020785202542331e-03
3.873217867642135201e-03
3.873404612594640809e-03
3.873581580967419644e-03
3.873749275701239298e-03
3.873908183034343450e-03
3.874058763652938296e-03
3.874201454043165339e-03
3.874336657373377447e-03
3.874464786373420146e-03
3.874586212410865114e-03
3.874701266247776357e-03
3.949126000981947014e-03
3.874210193771457540e-03
3.874270207248911146e-03
3.874401712201503041e-03
3.874526432400159613e-03
3.948953821206333675e-03
3.874049648608674217e-03
3.874118059905058524e-03
3.874257537210153840e-03
3.874389811781711514e-03
3.874515155662465373e-03
3.874633942602403840e-03
3.874746495606302184e-03
3.874853151399490752e-03
3.874954219033434517e-03
3.875049991342008251e-03
3.875140745808099314e-03
3.875226745369293041e-03
3.875308239181056522e-03
3.875385463339755306e-03
3.875458641567586411e-03
3.949871880885298496e-03
3.874905759181086588e-03
3.874929349666588699e-03
3.875026328705898169e-03
3.875118322811992293e-03
3.875205497179404039e-03
3.875288104238441833e-03
3.875366383311758950e-03
3.875440561178840771e-03
3.949854074911857138e-03
4.020988636512276559e-03
4.089438742722020965e-03
3.874823604724657398e-03
3.874732534266390766e-03
3.874839683097288951e-03
3.874941456087635343e-03
3.875037897093621623e-03
3.875129285217077547e-03
3.875215885231915111e-03
3.875297948033951459e-03
3.875375711368616270e-03
3.875449400520732893e-03
3.875519228967987811e-03
3.875585409798433436e-03
3.949996724729322450e-03
3.875022175299064429e-03
3.875039667488449757e-03
3.875130866476094501e-03
3.875217383520103941e-03
3.875299367822811723e-03
3.875377056771576317e-03
3.875450675435446191e-03
3.875520437087865821e-03
3.875586554631090062e-03
3.875649198285811923e-03
3.875708559988708460e-03
3.875764811713158352e-03
3.875818116405495978e-03
3.875868628473355584e-03
3.875916494233328392e-03
3.875961852334996668e-03
3.876004834162769409e-03
3.876045567071880176e-03
3.876084163805453703e-03
3.876120738539965555e-03
3.876155397212013333e-03
3.876188240205914650e-03
3.876219362646194516e-03
3.876248854673248947e-03
3.876276801704491969e-03
3.876303284681924949e-03
3.876328370865637744e-03
3.876352164232607558e-03
3.876374710212185642e-03
3.876396064875412602e-03
3.876416300838626729e-03
3.876435476723511485e-03
3.876453648065397110e-03
3.876470867490036751e-03
3.876487184866032713e-03
3.876502647449342389e-03
3.876517300020139705e-03
3.876531185012592386e-03
3.876544342637703363e-03
3.950941103241578829e-03
4.022058750137684838e-03
3.875650405613563151e-03
3.875570617226609723e-03
3.875633925680743719e-03
3.875694087304850256e-03
3.950103752786354033e-03
3.875122008983033443e-03
3.875134249691315931e-03
3.875220493095060410e-03
3.875302314354970613e-03
3.875379848928197681e-03
3.875453321305669194e-03
3.875522944336702753e-03
3.875588930538027398e-03
3.875651449717377843e-03
3.875710693466799268e-03
3.875766833417928093e-03
3.875820032193241435e-03
3.875870443893517439e-03
3.875918214544528742e-03
3.875963482520313700e-03
3.876006378944199787e-03
3.876047030942564135e-03
3.876085550987061132e-03
3.876122053050341972e-03
3.950525223158142009e-03
3.875514994685214879e-03
3.875506709190437195e-03
3.875573438107715249e-03
3.875636779088023273e-03
3.875696791454020466e-03
3.875753659734602462e-03
3.950162421065300800e-03
4.021292184469255071e-03
3.874946563298307511e-03
3.874903655888349997e-03
3.875001898562004631e-03
3.875095172540436641e-03
3.949513928496813271e-03
3.874571958171116499e-03
3.874613011309860008e-03
3.874726575061336435e-03
3.949150925645329713e-03
3.874233437416121483e-03
3.948662545335475046e-03
3.873708514338177530e-03
3.873794705963982433e-03
3.873951137293479580e-03
3.874099467027759119e-03
3.874240014216834456e-03
3.874373207075199835e-03
3.948802921624769077e-03
3.873908933813620739e-03
3.873984709369907454e-03
3.874131184540087914e-03
3.874270069689573961e-03
3.874401687710664430e-03
3.874526409330073841e-03
3.948953798486423521e-03
3.874049627419949397e-03
3.874118039827558532e-03
3.874257518184691211e-03
3.948688988739887384e-03
3.873802630396413430e-03
3.873884027123570932e-03
3.874035778114300922e-03
3.874179672785707084e-03
3.874316017396907744e-03
3.874445227875183799e-03
3.874567668132918551e-03
3.874683703710055799e-03
3.874793649482089278e-03
3.949216981993422526e-03
4.020361457189446965e-03
4.088821527024360213e-03
4.155000108635065192e-03
3.874795641852321181e-03
3.874659170990678130e-03
3.874770103365273843e-03
3.949193793252568814e-03
3.874273415493019023e-03
3.874330104851128262e-03
3.874458481310963636e-03
3.874580227011772959e-03
3.874695604577000491e-03
3.874804926805143403e-03
3.874908521128337356e-03
3.949330110092161977e-03
3.874400545625667110e-03
3.874450569252184656e-03
3.874572633688275636e-03
3.874688408976437615e-03
3.874798108216604125e-03
3.874902059795147079e-03
3.875000564923018059e-03
3.875093909005297710e-03
3.875182362486009977e-03
3.875266181633176855e-03
3.875345609282640491e-03
3.949760564156714476e-03
3.874801992569957415e-03
3.874830976755311730e-03
3.874933109968529184e-03
3.875029988135686443e-03
3.875121790635591753e-03
3.875208783313603429e-03
3.875291218203494228e-03
3.949706998608621886e-03
3.874751988926951676e-03
3.874783640582522056e-03
3.874888254044325017e-03
3.949310150621002796e-03
3.874381899902049238e-03
3.874432931098915553e-03
3.874555919816685505e-03
3.874672570815607033e-03
3.874783099894182035e-03
3.874887837824387161e-03
3.874987088097006562e-03
3.875081138277306544e-03
3.875170260856051433e-03
3.949587877127964074e-03
3.874640935377943012e-03
3.874678371020753940e-03
3.874788500016664028e-03
3.949211910683540945e-03
3.874290311434788400e-03
3.874346115570406843e-03
3.874473653097318653e-03
3.874594614438678624e-03
3.874709228048708008e-03
3.874817836462787074e-03
3.874920754393720683e-03
3.875018280039691995e-03
3.875110695966305606e-03
3.875198269927111749e-03
3.875281255640886015e-03
3.875359893527899335e-03
3.875434411407530089e-03
3.875505025159095302e-03
3.875571939348046360e-03
3.875635358965697115e-03
3.875695445732747768e-03
3.875752384515997271e-03
3.875806340268989070e-03
3.875857469285740823e-03
3.875905919670306291e-03
3.875951831766052610e-03
3.875995338562415217e-03
3.876036566080337357e-03
3.876075636985416330e-03
3.876112658422620812e-03
3.950515971113391020e-03
3.875506383368683069e-03
3.875498532359705154e-03
3.875565689716270728e-03
3.875629436591094233e-03
3.875689833634139020e-03
3.875747066436692652e-03
3.875801300803968872e-03
3.950209339074231898e-03
3.875220502258900235e-03
3.875227558051564779e-03
3.875308912557090708e-03
3.875386101311338854e-03
3.875459246114494171e-03
3.875528558735385695e-03
3.875594250827414395e-03
3.875656491273257211e-03
3.875715470893462307e-03
3.875771360554371592e-03
3.875824322153287489e-03
3.875874509103795218e-03
3.875922066780526816e-03
3.875967132940480366e-03
3.950372654366264037e-03
3.875372759539941550e-03
3.875371883797612202e-03
3.875445676718173617e-03
3.875515700136310422e-03
3.875582065824138486e-03
3.875644944650565374e-03
3.875704529203315932e-03
3.875760992101434654e-03
3.875814496903096790e-03
3.875865198595747959e-03
3.875913244045337252e-03
3.875958772422057833e-03
3.876001915603655406e-03
3.950406909137595991e-03
4.021532868332099338e-03
3.875167584735532238e-03
3.875113070309531109e-03
3.875200340630316573e-03
3.875283217623455047e-03
3.949699119459235998e-03
3.874744633244717792e-03
3.874776677742660519e-03
3.874881656035558068e-03
3.874981230073232166e-03
3.875075587175920693e-03
3.875165000594281862e-03
3.875249729378609908e-03
3.875330019001148058e-03
3.875406102068261038e-03
3.875478198995252910e-03
3.875546518645607910e-03
3.949958424214875842e-03
3.874986507354375061e-03
3.875005829309617882e-03
3.875098801082101259e-03
3.875186998127816591e-03
3.875270574401041158e-03
3.875349771903036002e-03
3.875424820074859725e-03
3.949838572719049055e-03
3.874874701193263982e-03
3.874899914607689289e-03
3.874998435883542525e-03
3.875091891389924759e-03
3.875180450579551739e-03
3.875264369896691628e-03
3.875343892467322977e-03
3.875419248674748067e-03
3.875490656827789739e-03
3.875558323793968068e-03
3.949970050192289257e-03
3.874997350300558776e-03
3.875016103398111044e-03
3.875108536888226957e-03
3.875196223845535012e-03
3.875279316758782535e-03
3.875358056228306487e-03
3.875432670367704759e-03
3.875503375335275207e-03
3.875570375960796839e-03
3.949981919439326736e-03
3.875008438550956065e-03
3.875026592258743515e-03
3.875118476229902180e-03
3.875205642435337623e-03
3.875288241883870742e-03
3.875366513745632287e-03
3.875440684779020775e-03
3.875510969858221057e-03
3.875577583341622678e-03
3.875640697008495266e-03
3.875700504097198164e-03
3.875757177871512731e-03
3.875810882500608113e-03
3.875861773550901262e-03
