1.733134512138611140e-04
3.989729904957042697e-04
7.042645614958689161e-04
1.129140756645173648e-03
1.689864010494033066e-03
2.400182792507424105e-03
3.260888685417803658e-03
4.277752316793761479e-03
5.413014142390726660e-03
6.625599481946343322e-03
7.858148813872190691e-03
9.049260366791871124e-03
8.476674617979296222e-03
9.653294884111604870e-03
1.074557208373776510e-02
1.011854819642575912e-02
1.118702410523488879e-02
1.218568021336670359e-02
1.312261697368527491e-02
1.400025762852932960e-02
1.482806899391570649e-02
1.563994828748462712e-02
1.642775892962861778e-02
1.718735745220327862e-02
1.791835162840496251e-02
1.861935186558790270e-02
1.928877903907867328e-02
1.993603610780811039e-02
2.057458157208593222e-02
2.118911485895311198e-02
2.177527239029346598e-02
2.237931279768717516e-02
2.290674226210426268e-02
2.340889243297855291e-02
2.257005489993101077e-02
2.311220511225944504e-02
2.362195185209810255e-02
2.410315622382636427e-02
2.455873675992399988e-02
2.368015230723679101e-02
2.417679123593162102e-02
2.464242847065096359e-02
2.508095930477288391e-02
2.558267697990835796e-02
2.601960028642148065e-02
2.643982673715307430e-02
2.684401942600634847e-02
2.723274647194174822e-02
2.760649745608126024e-02
2.796570117625067631e-02
2.833335775296699777e-02
2.869343225660888133e-02
2.904105437767185924e-02
2.937702333065488405e-02
2.970108884562537577e-02
3.001249359339069889e-02
3.031151282804254304e-02
3.059845641111492293e-02
3.087268257792473783e-02
2.987738535894453318e-02
3.019766899212058750e-02
3.050120577988019513e-02
2.948488850899670319e-02
2.983331087181020219e-02
3.016126644357349992e-02
3.047053723993421032e-02
3.076266954998123013e-02
3.103900719427812871e-02
3.130933351306327411e-02
3.158662457890797082e-02
3.185672775355865433e-02
3.211537122318724319e-02
3.236318691521429536e-02
3.260074420278712831e-02
3.282766209802946700e-02
3.304531562413842022e-02
3.200889293100141891e-02
3.226274963659590822e-02
3.250327493010125163e-02
3.273171770566279948e-02
3.294909555731120182e-02
3.189101520388442496e-02
3.215784507856712937e-02
3.240943370683935232e-02
3.264634099272465534e-02
3.287080525211034249e-02
3.308390489360733128e-02
3.328655633800173264e-02
3.347954480758104367e-02
3.366354906988016510e-02
3.383916129782637422e-02
3.400690293418453386e-02
3.416723732532311181e-02
3.432057976703489083e-02
3.448257911820340471e-02
3.464211095098212317e-02
3.479604108131376106e-02
3.494463083996170172e-02
3.508812090712151721e-02
3.522673402207919524e-02
3.536067717495854773e-02
3.549014341978751208e-02
3.561531338996427182e-02
3.573635657757193163e-02
3.585343242399655073e-02
3.596669125857258204e-02
3.608016386656203583e-02
3.619080744753995493e-02
3.629796463659770711e-02
3.522296680648297901e-02
3.537512062194838464e-02
3.551915532945359305e-02
3.565581310096112289e-02
3.578571633943634922e-02
3.590939014865125734e-02
3.602728224357777675e-02
3.494869833301947337e-02
3.511837318537747860e-02
3.527813234277905885e-02
3.418726912543304519e-02
3.439806171059577727e-02
3.459536222029010316e-02
3.478062859380172400e-02
3.495507624328675345e-02
3.511972309766307060e-02
3.527542899218364530e-02
3.542292687881862245e-02
3.556284746330571483e-02
3.569573861407501075e-02
3.582208064501633815e-02
3.599185290225710709e-02
3.612230384464704125e-02
3.624774559521751205e-02
3.636847988860675285e-02
3.648477625878014663e-02
3.663364055961387811e-02
3.674101216266966591e-02
3.684457161644050932e-02
3.698293799841070872e-02
3.707866299620705963e-02
3.717118889255616870e-02
3.619656995636210545e-02
3.631144303792292749e-02
3.642223517269833205e-02
3.652912836763656801e-02
3.663229846223256536e-02
3.673190957809830542e-02
3.683125234676567356e-02
3.584236309493083611e-02
3.598373144474999175e-02
3.611944898288357159e-02
3.624980180056855406e-02
3.636884847759374456e-02
3.537102508660866507e-02
3.552904863928882384e-02
3.567965965036415388e-02
3.582323382085911972e-02
3.596013165042386689e-02
3.609069341884031668e-02
3.509873109787379347e-02
3.526839703195805420e-02
3.542990766681063108e-02
3.558367822287693272e-02
3.573010973248623434e-02
3.586958260751089284e-02
3.600245668320602860e-02
3.612907156786419188e-02
3.624974722187686987e-02
3.636478470358265463e-02
3.648760632431467810e-02
3.660876012952078706e-02
3.672552332828327853e-02
3.683811109027993608e-02
3.694672420284284692e-02
3.705155008055879134e-02
3.715276371768747032e-02
3.725052860045155456e-02
3.734499757421565896e-02
3.743631366166646351e-02
3.752461082989454189e-02
3.761001470573437783e-02
3.769264323982178533e-02
3.777260732064111060e-02
3.785001134042188103e-02
3.792495371515035296e-02
3.799947713109100983e-02
3.807207171763240389e-02
3.814240756999368737e-02
3.821056129016198871e-02
3.827660558435068416e-02
3.834060958865025126e-02
3.840263915270663436e-02
3.846275709671221482e-02
3.852102344465828387e-02
3.857749559371435183e-02
3.863222858841790924e-02
3.868527525924159854e-02
3.872794060968515889e-02
3.876712536208765103e-02
3.781844751754907807e-02
3.787744723490121812e-02
3.793421801718271230e-02
3.798879515429005871e-02
3.805300612988826714e-02
3.811823192425874834e-02
3.716196686222626722e-02
3.727020039918975403e-02
3.630045489697040356e-02
3.532302677965319659e-02
3.551850745809531640e-02
3.570484198318746999e-02
3.588256332483297228e-02
3.605218222112620968e-02
3.621418008432993746e-02
3.636900886103684033e-02
3.540089776263800891e-02
3.559402612698316787e-02
3.577831391169526698e-02
3.595426294887332785e-02
3.612235475346868563e-02
3.628304280534525028e-02
3.530621782923468177e-02
3.548683557739735345e-02
3.450784833607357244e-02
3.472389857787772788e-02
3.493036346801164233e-02
3.512773696221772185e-02
3.531649997618226122e-02
3.549711160283526568e-02
3.567425424345865154e-02
3.584489769866622266e-02
3.600849752581708474e-02
3.616541229750671466e-02
3.631597846627795251e-02
3.645412533009106948e-02
3.658495112987491388e-02
3.672642919250410087e-02
3.684519742080749616e-02
3.695865185836355593e-02
3.706703336944545957e-02
3.717056793965942130e-02
3.726946786628987374e-02
3.736393289027874903e-02
3.745415124741698770e-02
3.754030063765130543e-02
3.763486512210154067e-02
3.772899627975008496e-02
3.782002320147311719e-02
3.790807186995336781e-02
3.799326098170422578e-02
3.807570254648354885e-02
3.817389357188751692e-02
3.720748918994344623e-02
3.732898815803820103e-02
3.744544200396889705e-02
3.755709190261415781e-02
3.766421681718751246e-02
3.776707382296183579e-02
3.680963237003891803e-02
3.582723632625856719e-02
3.483949623378548160e-02
3.505645677295880086e-02
3.526331280875128621e-02
3.546062176013713846e-02
3.564892330672916193e-02
3.465932642088396382e-02
3.488336406303960829e-02
3.509714957649275741e-02
3.530122205101748206e-02
3.549610765982093991e-02
3.568662735899736510e-02
3.586975792827628434e-02
3.604120186725479763e-02
3.621482148244391935e-02
3.636916865173039221e-02
3.536553413022450881e-02
3.555847695951930981e-02
3.574208924518451624e-02
3.591680735789636730e-02
3.608309699926351422e-02
3.624139911520071755e-02
3.639130587384285798e-02
3.653404847779331138e-02
3.666999435807483804e-02
3.679948830039472124e-02
3.692285379543052554e-02
3.704039422913605467e-02
3.716509582039777271e-02
3.728878384492060466e-02
3.740796121254472834e-02
3.752204113142457859e-02
3.763204800554868085e-02
3.775602524349621486e-02
3.680377962020383448e-02
3.695087976818665909e-02
3.709167933961443619e-02
3.722654439027598544e-02
3.627031616639052325e-02
3.644509937711178788e-02
3.661190176214875608e-02
3.677120433688932377e-02
3.693009260323829035e-02
3.707554650140374580e-02
3.721482329896708824e-02
3.734575104411506224e-02
3.747373244112627011e-02
3.759890365915172228e-02
3.771953451497320198e-02
3.783533292898796918e-02
3.794654074925690734e-02
3.805338195587840144e-02
3.815606419661146664e-02
3.825478036594640724e-02
3.730186852101778638e-02
3.741326468671497124e-02
3.751999128769063774e-02
3.762222753629954064e-02
3.772014616089452987e-02
3.781311181348744749e-02
3.790209231433076115e-02
3.798723212510949493e-02
3.806866848981856760e-02
3.815816786676980155e-02
3.823697312798026576e-02
3.832424812473165382e-02
3.842774214836218449e-02
3.850928117631706449e-02
3.858829916919744724e-02
3.866410701869280042e-02
3.873759021004611475e-02
3.882951905601750991e-02
3.892324802817848789e-02
3.901303485572750473e-02
3.910760618087834317e-02
3.918988114601700684e-02
3.926885619714765019e-02
3.831975308014132220e-02
3.843865417886136587e-02
3.855117683291971187e-02
3.758041948475349114e-02
3.657689862562749084e-02
3.675931584982151945e-02
3.693297955288364631e-02
3.709839211286189431e-02
3.608335849151879382e-02
3.628749926270072312e-02
3.525332640924726951e-02
3.549352059520322067e-02
3.572642786264562664e-02
3.470941096782138857e-02
3.497207408355421793e-02
3.522137266127536859e-02
3.545797768306008235e-02
3.568255151136777437e-02
3.589573604693518244e-02
3.609814775948031601e-02
3.629037439897549872e-02
3.647297307544853512e-02
3.546617762174412297e-02
3.568696802848859984e-02
3.589645559911463363e-02
3.609525089493643979e-02
3.509788599490241273e-02
3.533333260650180913e-02
3.555664587085011902e-02
3.576846972564601962e-02
3.596943002420541907e-02
3.616012453315901876e-02
3.635447219353934306e-02
3.538387855316516700e-02
3.561895443624965574e-02
3.584336540005799571e-02
3.605770086678480174e-02
3.626252655462917224e-02
3.645837672530150703e-02
3.547771895912765067e-02
3.449647454487352743e-02
3.475759440710656650e-02
3.500722138321778198e-02
3.524587648732743772e-02
3.547916575740148182e-02
3.569747262101342217e-02
3.590647523807852237e-02
3.612246116808191104e-02
3.631343360562878236e-02
3.649646279691037137e-02
3.667531312130771493e-02
3.684747663197780049e-02
3.701266278634039730e-02
3.600233297273006117e-02
3.620085822006068044e-02
3.638988260747592213e-02
3.656984214462654509e-02
3.674120543988331627e-02
3.690441251447770105e-02
3.705987580797582420e-02
3.720798149110253472e-02
3.734909096644489779e-02
3.748354247106362030e-02
3.761165271451389486e-02
3.773371850249453152e-02
3.785001831014186968e-02
3.797296559381562603e-02
3.811275344791457964e-02
3.822873452341816330e-02
3.726604390332134698e-02
3.742509350845202309e-02
3.757708853639549207e-02
3.772245581932090475e-02
3.786159370768199528e-02
3.799486834881962011e-02
3.812261633223541085e-02
3.825290054941543616e-02
3.837025919201830088e-02
3.848299939359701993e-02
3.859130907939373190e-02
3.869541342887350410e-02
3.879552096714287274e-02
3.889182514714924904e-02
3.898355243292556116e-02
3.907373786021467454e-02
3.916067731882970360e-02
3.924430574226224488e-02
3.936512632437022541e-02
3.949053275435127769e-02
3.961053849898833051e-02
3.972538923191256538e-02
3.879937168976588940e-02
3.895125126169719093e-02
3.909587067239900238e-02
3.923365816398431682e-02
3.825007861284747401e-02
3.839487036965674727e-02
3.853285999598050904e-02
3.866436674007337621e-02
3.878969066883816014e-02
3.890911107585642154e-02
3.787868619907709677e-02
3.803948073505104832e-02
3.820378906268946662e-02
3.836341656071581147e-02
3.851608467240245914e-02
3.868079749783046029e-02
3.881990518864750911e-02
3.895314969966588714e-02
3.793317185243361839e-02
3.810909926836192341e-02
3.706817526192234674e-02
3.728402544326440277e-02
3.748923397802930019e-02
3.768444032364202251e-02
3.787759726300776036e-02
3.805447547798567615e-02
3.822318163414156061e-02
3.838415665371250340e-02
3.853645089983401273e-02
3.868342396541900319e-02
3.882398708436251428e-02
3.898042325977165573e-02
3.913569687689360393e-02
3.928448811499687943e-02
3.942716121771470961e-02
3.956398240034319364e-02
3.855920561614264996e-02
3.873695079678159126e-02
3.890642502361018468e-02
3.906809788103481756e-02
3.922240569814347544e-02
3.936974868091241281e-02
3.951049442503418857e-02
3.847155557992221198e-02
3.862123905305652610e-02
3.876410020785466676e-02
3.888991208352025886e-02
3.783945766257339888e-02
3.801819300793766315e-02
3.818788588549923424e-02
3.836081486986429867e-02
3.852902609306028958e-02
3.870937284708045323e-02
3.766995076631914074e-02
3.787229324719749990e-02
3.806513608318444486e-02
3.824905227218688281e-02
3.842457306341706680e-02
3.859210009482652581e-02
3.876029914003768090e-02
3.891305070039993014e-02
3.905918324415554033e-02
3.919898431591425231e-02
3.935325937356789344e-02
3.832876631658603539e-02
3.852858192434370499e-02
3.871954013230802238e-02
3.890217044726260870e-02
3.907695330182325150e-02
3.924507721719130982e-02
3.940607085982417851e-02
3.956008548123846058e-02
3.970746106703032519e-02
3.984851148837121465e-02
3.998343864810773030e-02
4.011259278484936158e-02
4.023622539326394271e-02
4.037522159977784131e-02
4.048787471661142306e-02
4.059565776739399584e-02
4.069877353675178944e-02
4.080632678644334488e-02
4.091203867195337268e-02
4.103235641592974103e-02
4.115360389441524713e-02
4.126009717680539229e-02
4.136065824245507144e-02
4.146863630406730228e-02
4.156187468024732240e-02
4.165185609120757720e-02
4.173863128183466498e-02
4.181455391290052337e-02
4.189541177042666736e-02
4.083333285637837790e-02
4.097769014603930282e-02
4.109611931989212708e-02
4.003218138499070600e-02
4.016913901936225439e-02
4.030145282380861310e-02
4.042924328688195235e-02
4.055254243698520888e-02
4.067219196484284788e-02
4.078705952602183771e-02
4.089793244733842814e-02
4.100485734760055817e-02
4.110785659675354059e-02
4.120594452426246113e-02
4.132231199135417282e-02
4.141179192846636964e-02
4.149757222391371042e-02
4.157976587400667723e-02
4.165839573483584579e-02
4.173365009745237664e-02
4.182336808741470013e-02
4.191447138948179579e-02
4.085008704523272055e-02
4.098572857777292577e-02
4.111537154729395099e-02
4.124820554987813220e-02
4.137813542705799652e-02
4.150334210310570315e-02
4.041700825846964579e-02
4.057332601537701894e-02
4.072223448956587694e-02
4.086419134848123108e-02
4.100172587820549025e-02
4.113096079193100107e-02
4.125464670059012656e-02
4.137298811155604855e-02
4.148629006831598687e-02
4.159482869717266024e-02
4.169885480973731240e-02
4.179850866673773258e-02
4.189408439416376917e-02
4.198577470843727760e-02
4.207375745084408758e-02
4.215819740895356688e-02
4.108003702499306992e-02
4.118648402801907554e-02
4.129001910913732837e-02
4.139051816078515716e-02
4.148795495130599281e-02
4.158232226049133479e-02
4.169367175223341604e-02
4.177895822019659505e-02
4.186085363179557067e-02
4.193949643317911730e-02
4.201494247069303967e-02
4.210487789344367210e-02
4.219634668491130391e-02
4.228487388325331137e-02
4.237051676476377010e-02
4.246081991656625726e-02
4.255035036393899767e-02
4.263743333246632072e-02
4.273409663825751548e-02
4.281610246705384870e-02
4.289587922073617027e-02
4.182826061056580530e-02
4.072735910088252920e-02
4.088135760699320581e-02
4.103575819710154893e-02
4.118230607516701336e-02
4.132153694270891686e-02
4.145398691974803984e-02
4.158013226338911489e-02
4.170039696025268361e-02
4.181515947718833504e-02
4.192475871036263624e-02
4.202949919602908674e-02
4.212965565099974913e-02
4.222538855352633846e-02
4.234287742475551647e-02
4.242985295508339832e-02
4.251316109532343041e-02
4.259291881339450497e-02
4.266929547376228926e-02
4.274244750949991040e-02
4.281243588532387956e-02
4.287947699327618323e-02
4.295777325155598209e-02
4.303707691403792224e-02
4.311365566989273229e-02
4.318759783487827880e-02
4.325898691075310415e-02
4.332790215035147580e-02
4.339441901668949358e-02
4.346520445668138055e-02
4.354811561995878405e-02
4.361606734532628288e-02
4.258640179911579032e-02
4.269759692104728444e-02
4.280429527411949014e-02
4.290678412165280925e-02
4.300532337510811626e-02
4.310014342804540516e-02
4.319144949953688389e-02
4.327942525945925600e-02
4.336414483989237123e-02
4.344584718926257361e-02
4.353606613368923850e-02
4.359565789752120613e-02
4.365263434404564880e-02
4.370125840122072308e-02
4.375352346225468148e-02
4.380347537648054262e-02
4.385124020053358940e-02
4.389690801599609865e-02
4.394425580637187356e-02
4.398582936853788483e-02
4.402560770223075404e-02
4.406397513840808189e-02
4.412040294954771430e-02
4.417556872090777631e-02
4.317284048205228403e-02
4.326717804415033952e-02
4.335806594057323160e-02
4.344236837719563787e-02
4.352260549344216800e-02
4.359961972292825810e-02
4.367356794889491745e-02
4.374459185702218172e-02
4.381885633520674062e-02
4.390506806428976644e-02
4.397553638797115083e-02
4.404377099621311492e-02
4.410979845737843935e-02
4.417370029845456292e-02
4.426112592571762594e-02
4.432049778996285244e-02
4.437790517226067322e-02
4.443342440230092089e-02
4.448712521178041501e-02
4.453907174131033903e-02
4.458932338466257278e-02
4.463793548423624497e-02
4.468486685165507649e-02
4.369688510403967746e-02
4.375972615512981057e-02
4.382527543167463041e-02
4.388774818046033144e-02
4.394725306010267840e-02
4.400394171969899265e-02
4.406179528583858279e-02
4.411301531020184186e-02
4.416186310293151313e-02
4.422393932856343718e-02
4.324213992681429780e-02
4.334385516036382002e-02
4.344209982983980589e-02
4.248446565771703265e-02
4.261568307275021006e-02
4.273943416365854481e-02
4.285762119704362300e-02
4.297106491378293452e-02
4.199900057811363496e-02
4.102364033959481071e-02
4.116108168094140957e-02
4.129923936969943227e-02
4.029724448267767850e-02
4.047345660958015512e-02
4.064660825164492786e-02
4.081619897884099929e-02
4.099075235915490556e-02
4.116368927602103572e-02
4.133256639164963747e-02
4.149721707945728394e-02
4.165735689021325683e-02
4.179126902101326646e-02
4.192869244236523130e-02
4.206164606981034615e-02
4.219008820872045817e-02
4.233658355543466062e-02
4.131359810098499813e-02
4.147612399983920811e-02
4.163173015787458020e-02
4.059368580557452810e-02
4.076517478970005659e-02
4.093135179369384452e-02
4.109322300103244313e-02
4.124881039891110934e-02
4.139918458457868267e-02
4.154432727620098464e-02
4.168432347170757113e-02
4.181926314051857135e-02
4.194924743421511032e-02
4.207438655392758270e-02
4.219479788911553730e-02
4.230835448501615165e-02
4.241658901484458150e-02
4.253750405846898341e-02
4.265877211795661428e-02
4.277587682798649621e-02
4.288892400402668365e-02
4.299802508605854445e-02
4.312237481862207789e-02
4.323218225902095146e-02
4.217735639897753769e-02
4.233283365794210384e-02
4.248182580331307662e-02
4.262467319349424327e-02
4.276181373055167739e-02
4.289357610972941576e-02
4.302025237422339721e-02
4.314210844718320559e-02
4.325938001205323347e-02
4.219369956504116087e-02
4.234099576091904238e-02
4.248094810520896408e-02
4.261403090121795856e-02
4.154279863422274260e-02
4.171862126582693425e-02
4.188517749715226640e-02
4.204314611036270161e-02
4.219521427733863989e-02
4.233786425268999676e-02
4.247369784042896723e-02
4.260308437935884929e-02
4.272643226985661791e-02
4.284409939819847080e-02
4.295640825038463118e-02
4.306365098659824253e-02
4.318265547579952512e-02
4.330195933705501682e-02
4.341736441718890144e-02
4.352559658610707927e-02
4.362915573851969958e-02
4.372890574241393435e-02
4.383780768255102905e-02
4.392996233862755950e-02
4.402480404072842829e-02
4.411812765874355974e-02
4.423398448181893594e-02
4.432081429124679062e-02
4.440471159644355376e-02
4.448584451995191147e-02
4.347336309105434560e-02
4.244351558110995293e-02
4.263484609726659463e-02
4.279561308653066776e-02
4.294892791835533408e-02
4.309532469398311139e-02
4.322883698010523967e-02
4.218937351185732265e-02
4.232962626414045471e-02
4.246628893736108940e-02
4.259906736930037935e-02
4.272773148528737075e-02
4.285224472964365566e-02
4.297531519241471615e-02
4.309134818134248424e-02
4.320323503535659915e-02
4.331095101128497327e-02
4.341455368133845250e-02
4.351412394263779598e-02
4.362569476693357873e-02
4.373820474788951695e-02
4.384747438870795905e-02
4.395358387037149456e-02
4.405661833795772309e-02
4.415666482724156516e-02
4.426731812228699298e-02
4.322795923512109950e-02
4.336306279350923137e-02
4.349194989684686263e-02
4.361508361152478808e-02
4.257579496579785849e-02
4.274021101184964644e-02
4.290365457678677746e-02
4.306160386962674946e-02
4.321266392535185602e-02
4.335728359019799805e-02
4.231668287612384838e-02
4.248093725763689432e-02
4.264082497257218329e-02
4.279618603880150363e-02
4.294013356249937186e-02
4.308637262728618605e-02
4.322797461108995876e-02
4.338861398891791232e-02
4.351974254018401572e-02
4.363296331748298118e-02
4.373910580599836562e-02
4.384472934753349399e-02
4.394258118562130444e-02
4.403648898357106350e-02
4.412656825319087595e-02
4.421293433391968591e-02
4.428064617724283142e-02
4.437544531726292374e-02
4.447176451959770210e-02
4.456541629980347030e-02
4.465648243569390885e-02
4.474504273387738817e-02
4.487253104105496521e-02
4.495525475738947063e-02
4.503568979347154916e-02
4.511386388363407968e-02
4.518985967063621906e-02
4.526375518755969274e-02
4.533562386705613373e-02
4.429510088836167980e-02
4.440903715160183368e-02
4.451943876447628234e-02
4.462523066099774449e-02
4.472669854975434151e-02
4.482408136921788022e-02
4.491760787773316915e-02
4.500747348704650652e-02
4.509385301714965294e-02
4.517690403561754747e-02
4.525676959523988047e-02
4.533358048269912205e-02
4.540738938957207538e-02
4.547837154884908084e-02
4.554663101509704576e-02
4.561226387820357248e-02
4.567119753451243103e-02
4.573736637778696296e-02
4.579563150642575187e-02
4.589451315142733384e-02
4.596630209949586349e-02
4.497968533845019684e-02
4.507461598689460613e-02
4.516603100618872546e-02
4.525418115242871298e-02
4.533928884981651419e-02
4.433284873611278293e-02
4.445651046677619178e-02
4.457525297684900023e-02
4.468937179934944631e-02
4.481309814558250004e-02
4.491830495016654184e-02
4.392457547443719829e-02
4.406684678229341734e-02
4.419920942344045950e-02
4.432481837923563095e-02
4.445024542456418870e-02
4.457192584615618514e-02
4.468872185759627941e-02
4.480087003549606400e-02
4.490858496484901458e-02
4.501206269918074654e-02
4.511147248587276531e-02
4.520699019414081699e-02
4.529877088540634061e-02
4.538695950758672021e-02
4.547169213337173138e-02
4.555309698547376634e-02
4.563129529457646272e-02
4.464838983910361658e-02
4.476541488648565215e-02
4.487730261614360922e-02
4.498896447369827439e-02
4.509100358740013997e-02
4.518864532915035231e-02
4.528203410637166026e-02
4.538607392036354132e-02
4.551789979321341217e-02
4.560323989635731157e-02
4.568286464664839119e-02
4.576025656358332500e-02
4.585002332287502896e-02
4.487881048593501954e-02
4.498951901241134144e-02
4.509655617757173801e-02
4.520002584648206284e-02
4.530008374693630241e-02
4.539687663470947515e-02
4.549054274682758775e-02
4.558121227781201240e-02
4.567326117269733532e-02
4.576375961406620868e-02
4.584589880008442531e-02
4.487229951176206766e-02
4.499006936858972877e-02
4.510320416604594179e-02
4.521187775374607698e-02
4.531625753500260340e-02
4.541650362705038080e-02
4.551276911040891965e-02
4.560520030669982378e-02
4.569393707648915920e-02
4.577910231080663944e-02
4.586083279771543952e-02
4.593925084548816651e-02
4.497287382060854988e-02
4.508841339346190968e-02
4.520402549425526356e-02
4.530966911435359984e-02
4.541077760915797346e-02
4.552163968456168081e-02
4.563277973613261151e-02
4.574050963397012504e-02
4.584498025531003745e-02
4.488108493718861308e-02
4.500260620798826605e-02
4.405769437058264931e-02
4.312514944476730089e-02
4.331563077840759612e-02
4.349915822397577847e-02
4.367598223170922334e-02
4.274668441493599536e-02
4.295176571670960425e-02
4.314947551715199447e-02
4.333674737701094515e-02
4.351584614175833116e-02
4.370072476104828324e-02
4.386506833723678722e-02
4.402886397254890394e-02
4.418793200286978001e-02
4.434086619918945621e-02
4.448787815211561331e-02
4.462917898962018987e-02
4.476497262451185205e-02
4.489545687387617307e-02
4.502082285690391789e-02
4.514125492014797736e-02
4.525692162928636464e-02
4.536800173830679572e-02
4.547465981816474490e-02
4.557705406391562158e-02
4.567123560949568062e-02
4.577129092818738726e-02
4.586178334590499533e-02
4.596223321628142150e-02
4.606352077782493309e-02
4.616205494198118153e-02
4.625793341269478914e-02
4.636650210551319234e-02
4.645686971980095281e-02
4.654488300683953805e-02
4.663056825720517801e-02
4.671400475632259824e-02
4.679526696894384385e-02
4.583423509130261225e-02
4.593166460129034095e-02
4.498158072766389459e-02
4.403726721058599802e-02
4.420728133144334604e-02
4.437096997638690504e-02
4.452420271886106673e-02
4.467016751625957349e-02
4.481530495572727535e-02
4.495609894304378185e-02
4.509137778749409964e-02
4.522137963595253968e-02
4.534627937840597645e-02
4.546626924577788775e-02
4.558153260621894409e-02
4.569221382985566571e-02
4.579850062912796393e-02
4.590055979264159175e-02
4.599853935768331153e-02
4.609258396731827356e-02
4.618283227612703101e-02
4.626941690772818500e-02
4.531305608787787598e-02
4.544181053241202334e-02
4.555988311826036918e-02
4.461666851115627525e-02
4.476958995553499687e-02
4.491564200108760785e-02
4.505489777452945793e-02
4.518993405440159539e-02
4.532032844993609533e-02
4.544629539497442583e-02
4.558302649970299297e-02
4.568647103353812300e-02
4.579978522633557092e-02
4.590948132006381771e-02
4.601567848480214717e-02
4.506089553929771424e-02
