1.898179818994906454e-01
1.896190023587633611e-01
1.893957100705900287e-01
1.891738390794753255e-01
1.889203032217507683e-01
1.886230394084454642e-01
1.882963196237989745e-01
1.879389765535181001e-01
1.875360221596152621e-01
1.870982929064408939e-01
1.866222267081307784e-01
1.861014020951775039e-01
1.855154931357732295e-01
1.848864429577430357e-01
1.842197086599860756e-01
1.834960087968561526e-01
1.827262859956539920e-01
1.818805010273320810e-01
1.809980680774930240e-01
1.800723659061728710e-01
1.791095454360198680e-01
1.780933273623678814e-01
1.770430550337158127e-01
1.759653991295911102e-01
1.748672340779255929e-01
1.737560295050823156e-01
1.726050386076224408e-01
1.714422838471787724e-01
1.702203284365288727e-01
1.690519026183512352e-01
1.678612275908687168e-01
1.666707387358882242e-01
1.654267976056218170e-01
1.642452539269142475e-01
1.630403803688547648e-01
1.618377107014315197e-01
1.606409672651567255e-01
1.594543925393647477e-01
1.582328905809538555e-01
1.570463105352185029e-01
1.558686204037569578e-01
1.545909913070357966e-01
1.534153814620265455e-01
1.522408102018962817e-01
1.510693079738719968e-01
1.499042414948517643e-01
1.487245500816259391e-01
1.475618976776287838e-01
1.464042257350938736e-01
1.452044984857568111e-01
1.440631331143478466e-01
1.429061631350599937e-01
1.417508132564266332e-01
1.406002885029788430e-01
1.394586394125426343e-01
1.382460053459567684e-01
1.371118153331374601e-01
1.359302049804289314e-01
1.348156405263662705e-01
1.336646556046432732e-01
1.325026714978093101e-01
1.313771893480779607e-01
1.302757514370182224e-01
1.291834198438124859e-01
1.279562694698176684e-01
1.268681822001775372e-01
1.257571101704696992e-01
1.246812618963117208e-01
1.235378863329851667e-01
1.224346304105030231e-01
1.213291385248180115e-01
1.202236311901053317e-01
1.190938931915078020e-01
1.178762240617804574e-01
1.167093384973531961e-01
1.156139435670525406e-01
1.145211516594785012e-01
1.134207626825686072e-01
1.122562985868134355e-01
1.111420721431312375e-01
1.099378863906086690e-01
1.088440878801825995e-01
1.075979601418728254e-01
1.065143807633877754e-01
1.054341851228801502e-01
1.043006796149003323e-01
1.032226652123068023e-01
1.021289904260011122e-01
1.010367204677202202e-01
9.994825232049643626e-02
9.884064238155639004e-02
9.774768470557240740e-02
9.662545747359446713e-02
9.545844420950128084e-02
9.432417543039220420e-02
9.318029940285160739e-02
9.207645176379371244e-02
9.097318539816812155e-02
8.987294545190671613e-02
8.875492670239897020e-02
8.765044729318627326e-02
8.651911506585643896e-02
8.540303918248565163e-02
8.432314674135880928e-02
8.317627822813396243e-02
8.202712960947106113e-02
8.087373421533183837e-02
7.978256062713164065e-02
7.871054666344608208e-02
7.763295636939797351e-02
7.646987322150738953e-02
7.541977325696497259e-02
7.437295883900914284e-02
7.326917788995922221e-02
7.223559318629399484e-02
7.118032565850454518e-02
7.012779603197165368e-02
6.899485263770019361e-02
6.795986291976829907e-02
6.687680570036323713e-02
6.580320724077710903e-02
6.476333070897032085e-02
6.372579935971812992e-02
6.269336805788980338e-02
6.153458282954897551e-02
6.046343041525326090e-02
5.941887917183229922e-02
5.828156747630617446e-02
5.713612981494624321e-02
5.607490212077705788e-02
5.504124446382406555e-02
5.401125567010719997e-02
5.298773281314206329e-02
5.197359442410600522e-02
5.093548478750527936e-02
4.986170183684479618e-02
4.884457183086281240e-02
4.783692731037698237e-02
4.669543090890657111e-02
4.567037718378971767e-02
4.466511681815482637e-02
4.368386055070972579e-02
4.271154039622251236e-02
4.175057622155373127e-02
4.074253764397246791e-02
3.975370947810832195e-02
3.879121966981952108e-02
3.771443737534972002e-02
3.678608265242470921e-02
3.583837942155945061e-02
3.487866379750010487e-02
3.394418216505065700e-02
3.301516091236140343e-02
3.209308878155710948e-02
3.112079434997497979e-02
3.017781950300623545e-02
2.923544741693647267e-02
2.817344373525051959e-02
2.725268445210911675e-02
2.625753286853972288e-02
2.530959734355315086e-02
2.435899765003052969e-02
2.340716429557955849e-02
2.235746583488767633e-02
2.137408967391227904e-02
2.035853767836397557e-02
1.936586822348868378e-02
1.823976475954610169e-02
1.725713049114613318e-02
1.627488760624637432e-02
1.529782906502675024e-02
1.433130658485859583e-02
1.338106302001898854e-02
1.235203322220402439e-02
1.144342181933710040e-02
1.051743742922434284e-02
9.678140364164904835e-03
8.880606085825339113e-03
8.024221284385110731e-03
7.335200880747150612e-03
6.658906626129186719e-03
6.069011041339920226e-03
5.527960848741007328e-03
5.034765492769093832e-03
4.532993638342089175e-03
4.136162100189749377e-03
3.779895510728159547e-03
3.461299254245512377e-03
3.087750787570041951e-03
2.849060421468494701e-03
2.634169695225423245e-03
2.443265488704125365e-03
2.270677325086561428e-03
2.121954308647822692e-03
1.990552629806225434e-03
1.874574120580837144e-03
1.772281520461687970e-03
1.678677899295408053e-03
1.597060337377412872e-03
1.491633363168949795e-03
1.431735502704662572e-03
1.379554965423180918e-03
1.334086467956553885e-03
1.293815673115196203e-03
1.258092961295386759e-03
1.227647935805115803e-03
1.199479921948819628e-03
1.174268646724167288e-03
1.153751899656033000e-03
1.133436122279028301e-03
1.117585701606297515e-03
1.103627462814738393e-03
1.088450429046444561e-03
1.074462897081001267e-03
1.064799834456889608e-03
1.052780544381098698e-03
1.050544801469790318e-03
1.048660160719461047e-03
9.957628597884132880e-04
9.955361787165784189e-04
9.954826853757498678e-04
9.975976334818980381e-04
9.963273800930067415e-04
9.949870848170339500e-04
9.604183511043550003e-04
9.615111093357349816e-04
9.605599934945518613e-04
9.611992893352730091e-04
9.598815387138701647e-04
9.601527698239156923e-04
9.584751161015234427e-04
9.584492789385109590e-04
9.564200845679540200e-04
9.542193103282207685e-04
9.518358596950502251e-04
9.492602944057683748e-04
9.488035697015978704e-04
9.458615360073845168e-04
9.427206038500659515e-04
9.393747990759523069e-04
9.358194040755724334e-04
9.350984728115267850e-04
9.311891807849874761e-04
9.270726248609265953e-04
9.227466076081933645e-04
9.275928912115921328e-04
9.272639496259750796e-04
9.317804798025538073e-04
9.359708522476493497e-04
9.388532469086094618e-04
9.448707911515263425e-04
9.500798724848252136e-04
9.514440996025233521e-04
9.524566731105100006e-04
9.550824497945682376e-04
9.571729091661273147e-04
9.588053909957824830e-04
9.582313635334306070e-04
9.592619385911733054e-04
9.599824264406720117e-04
9.604382276196606234e-04
9.606682745873525555e-04
9.587429328529391585e-04
9.586928917060907234e-04
9.584880702620788857e-04
9.581520309352613892e-04
9.577049785459136556e-04
9.571626375054053532e-04
9.541537146803071327e-04
9.509448962904795601e-04
9.503022488256186208e-04
9.495935971271842737e-04
9.488302138973256404e-04
9.450333196685940752e-04
9.410316015163956629e-04
9.368167026299435230e-04
9.323820242917087728e-04
9.277226307293847014e-04
9.270042869303062733e-04
9.312926088617871738e-04
9.310401447153655082e-04
9.304172303334584757e-04
9.297623893180736489e-04
9.339009163264887399e-04
9.368382763840812618e-04
9.436523427669844030e-04
9.456043898676244662e-04
9.471994566731546097e-04
9.511458736658934569e-04
9.518286037314093156e-04
9.547049803386442601e-04
9.545829360158118856e-04
9.541418607215512541e-04
9.533751158191065963e-04
9.522772695263574672e-04
9.508440654877321589e-04
9.490724142042282312e-04
9.499667473361803581e-04
9.475275361898519415e-04
9.447684928196064310e-04
9.416882723473036588e-04
9.382868814456195999e-04
9.345656216199836174e-04
9.305270614636618545e-04
9.304916422386875574e-04
9.259152601778476103e-04
9.306696870466648567e-04
9.351487778565728938e-04
9.393593044044430207e-04
9.422897819443456623e-04
9.447958973183881145e-04
9.468758195025267282e-04
9.485284937373737084e-04
9.497536388056408837e-04
9.384765361038753138e-04
9.397813221934682958e-04
9.406484659521256080e-04
9.410730132003569930e-04
9.410527348941924311e-04
9.405876939325662472e-04
9.396799143950641288e-04
9.408323618178200155e-04
9.391158947826780965e-04
9.369922539874221213e-04
9.344656946710210021e-04
9.315418928786824799e-04
9.282277837491398082e-04
9.245314566166875237e-04
9.182949546735679012e-04
9.238503677992895456e-04
9.156499996455085564e-04
9.214930122137505271e-04
9.269916315163028494e-04
9.311458773151436857e-04
9.377707642211364483e-04
9.434541848930516443e-04
9.482942349076292892e-04
9.503739423288436617e-04
9.520610581954513105e-04
9.533492564092038019e-04
9.555044554992502210e-04
9.559542356563555023e-04
9.574080677239644359e-04
9.571028116446833600e-04
9.564322455425860537e-04
9.553913383447302588e-04
9.539765018588748126e-04
9.562953264513507790e-04
9.540455637683419509e-04
9.514510980672150151e-04
9.485095686230371600e-04
9.452201143796798606e-04
9.278020974562389660e-04
9.250441059971025630e-04
9.219198193903057085e-04
9.184253724136566110e-04
9.241116882809989564e-04
9.243283701163839154e-04
9.296453431336822691e-04
9.206196867084469587e-04
9.253537233375779469e-04
9.295966180347657072e-04
9.384283384702130602e-04
9.415735559816726125e-04
9.442653609116850996e-04
9.509500867171062546e-04
9.523829102580778872e-04
9.559189679128288165e-04
9.587723087023284447e-04
9.587760231526305799e-04
9.584167945180279953e-04
9.576849140108888809e-04
9.565725496228609384e-04
9.581100331641078261e-04
9.562394355288734949e-04
9.540036740281099444e-04
9.513975858449869819e-04
9.484178690199978994e-04
9.450629786608526466e-04
9.287090777359104836e-04
9.258322451949201623e-04
9.258849063068036673e-04
9.257585116744812635e-04
9.221532805707578079e-04
9.275910209056418719e-04
9.327769035164168096e-04
9.377075487031122153e-04
9.442056722840530157e-04
9.471622603826530297e-04
9.497160622434907152e-04
9.542701745377262955e-04
9.558191250863834216e-04
9.569736027973951842e-04
9.577218536147532376e-04
9.580539482527620620e-04
9.579616646952325695e-04
9.618057992025367620e-04
9.607095394359446098e-04
9.592176582975541106e-04
9.609334447537394488e-04
9.586649365756986368e-04
9.560172270307701380e-04
9.367607105299178031e-04
9.347938344962269551e-04
9.324096223815319827e-04
9.295981809996089768e-04
9.263539355873612584e-04
9.268233722054856297e-04
9.321571586623206675e-04
9.372565169911991180e-04
9.297411218365265323e-04
9.350459741112223657e-04
9.391133517833225161e-04
9.427396718819559427e-04
9.459091891053619978e-04
9.486083033340950198e-04
9.508254178440598940e-04
9.525508257773591773e-04
9.537766234015571934e-04
9.544966455791838514e-04
9.547064191922074658e-04
9.595272020120578556e-04
9.585436598252214391e-04
9.402324279902615507e-04
9.397483007139589579e-04
9.412466740952061617e-04
9.399458146554332547e-04
9.381698915371492094e-04
9.392491451341005576e-04
9.367180692290621655e-04
9.337224737814990615e-04
9.302596381456566636e-04
9.357118122735088575e-04
9.409217514971270589e-04
9.338922401969926897e-04
9.392225173139218163e-04
9.433002070849142101e-04
9.469328603701239336e-04
9.501030119214621834e-04
9.586032653375248843e-04
9.603568563183486869e-04
9.616768712657734622e-04
9.625479127633319431e-04
9.629567105613632758e-04
9.672436349906015588e-04
9.665763601493510123e-04
9.698957957439748598e-04
9.726032987705879665e-04
9.705632454100370432e-04
9.681414321703297413e-04
9.492991795683371073e-04
9.501148991623438152e-04
9.482408721368959471e-04
9.459323901106013975e-04
9.466966240994958417e-04
9.471839939449626725e-04
9.440918466520227797e-04
9.405643595148291099e-04
9.365909996948132074e-04
9.374344137671309198e-04
9.380572396000291151e-04
9.384904272458217782e-04
9.431588617433855643e-04
9.477090649424729785e-04
9.402176054580468987e-04
9.450107973615950790e-04
9.486258252611429838e-04
9.518691932677309647e-04
9.547104433768993214e-04
9.571220881815162632e-04
9.590795034042025975e-04
9.667991415240494895e-04
9.674014172235311177e-04
9.675649877855100386e-04
9.672697200768939300e-04
9.664984386011553829e-04
9.652368625725213976e-04
9.634735760537303881e-04
9.612000024136970085e-04
9.584103782451190712e-04
9.455254595586549222e-04
9.476198196897810252e-04
9.448196560056801785e-04
9.415023709018243217e-04
9.433809271646584815e-04
9.448753729347579133e-04
9.405987648047715519e-04
9.456373039583644861e-04
9.505285696605562116e-04
9.542789391506512628e-04
9.576453202462064220e-04
9.697032616321744035e-04
9.718578815915047834e-04
9.803811060634525128e-04
9.816954034482603536e-04
9.826622069351600118e-04
9.832534710806357763e-04
9.834437867654699083e-04
9.875063053044557358e-04
9.908140865590108447e-04
9.934863069587249532e-04
9.956233315387874767e-04
9.935289336684999684e-04
9.911130816980572369e-04
9.930002912330176956e-04
9.899236933812673080e-04
9.864960462575764460e-04
9.826931595193315327e-04
9.784946953689077458e-04
9.738840355499669976e-04
9.688482172147194283e-04
9.633778681653109785e-04
9.669234236672052257e-04
9.704239067108461504e-04
9.559037389386188703e-04
9.579310861073705562e-04
9.620007324607402453e-04
9.537037318755662001e-04
9.564445618070153846e-04
9.595071654504018195e-04
9.623107022022449938e-04
9.735502313294615555e-04
9.754377833210179727e-04
9.770216766004696709e-04
9.782602585908211756e-04
9.791155320923673657e-04
9.795530497896368007e-04
9.854783365317643963e-04
9.847801484900256010e-04
9.649099761253819270e-04
9.651944863185040781e-04
9.649535133248006913e-04
9.641564928111828964e-04
9.627794014345600511e-04
9.608041307345716042e-04
9.582179727278818896e-04
9.613818686004675694e-04
9.639557211218204155e-04
9.660180887183869320e-04
9.620753115248169632e-04
9.575995861418123371e-04
9.619792065045176550e-04
9.650040549519673392e-04
9.689833161270008542e-04
9.729015342071617705e-04
9.594934443065167729e-04
9.625591847781764677e-04
9.653389878397762797e-04
9.677849529951228821e-04
9.698522167096274536e-04
9.714990344939704141e-04
9.726868845231079197e-04
9.563313137137005680e-04
9.582292140924828948e-04
9.636244004721729491e-04
9.644136747953594661e-04
9.686623084999742813e-04
9.684599174860516156e-04
9.676740075788265285e-04
9.662767876132318662e-04
9.642473544330361964e-04
9.682191286449705250e-04
9.652379380508661249e-04
9.687476480087147757e-04
9.649263010838491066e-04
9.605055978970309912e-04
9.649909766736213066e-04
9.694157685250237317e-04
9.674293539177112287e-04
9.711600018975820184e-04
9.748112641149912858e-04
9.774373719139779672e-04
9.626067349692865680e-04
9.662256611166821505e-04
9.687930737376564084e-04
9.711423550924588345e-04
9.857324878732097277e-04
9.872989993125519306e-04
9.885937379211571889e-04
9.969454969569867958e-04
9.971289985054019624e-04
1.003822163965248197e-03
1.003025232598612083e-03
1.001877719516568264e-03
1.000333200501511179e-03
9.983495391370793195e-04
9.958889913591530835e-04
9.929183543089421804e-04
9.894090922647675625e-04
9.853377274328461392e-04
9.763215394205110179e-04
9.726428817557273687e-04
9.768840142817811819e-04
9.723576391855622003e-04
9.763742901420949336e-04
9.837444142649916061e-04
9.870104991896652691e-04
9.903125597638508595e-04
9.778588237091395945e-04
9.804391749785033080e-04
9.828210825094580751e-04
9.849453640958614076e-04
9.867552359598961206e-04
9.975812685848336157e-04
9.980982839663211578e-04
9.982438918561642276e-04
9.979677830124810203e-04
9.972225690492680754e-04
9.959654472834842537e-04
9.846612402487360093e-04
9.840030750809722598e-04
9.826941381762661042e-04
9.807001298856900251e-04
9.898286245163887952e-04
9.864069652598694317e-04
9.823372809914436652e-04
9.883530173563370453e-04
9.934475560945392903e-04
9.977227763495570556e-04
9.924801923130927624e-04
9.866665117798936128e-04
9.896928267887216031e-04
9.928244489717543125e-04
9.901237402035174915e-04
9.930975451982624810e-04
9.891650667955501769e-04
9.939342106657274040e-04
9.964072928544513447e-04
9.918772456096970266e-04
9.961214501322730210e-04
9.982824962647793461e-04
9.995684082794557574e-04
1.000742846848071046e-03
1.001735328736281377e-03
1.002477372373985912e-03
1.012974754220762920e-03
1.012573258876114674e-03
1.011832636608543060e-03
9.925311733489556882e-04
9.933779691643717345e-04
9.936332034892587060e-04
9.932410726281688459e-04
9.921546008942673696e-04
9.979680693275698455e-04
1.002435373550650570e-03
1.005708897008954650e-03
1.007917104067223039e-03
1.005806760868420283e-03
1.003036386186835233e-03
9.995653956721679920e-04
1.003296551262849697e-03
9.992111018022849841e-04
9.943927109944258533e-04
9.989474146198846789e-04
9.935402688937592600e-04
9.966318114664476317e-04
9.998165817415526589e-04
1.002068010455540352e-03
1.004095276551951466e-03
9.870841645765854842e-04
9.891049892721557116e-04
9.909559441901700204e-04
9.925627788417018538e-04
9.938519622809680390e-04
9.947515145060747792e-04
9.830143990587941923e-04
9.850668593341510831e-04
9.939513511537138250e-04
9.948798037969250156e-04
9.951175178274460770e-04
9.946092096882826108e-04
1.002536371410810796e-03
1.008566299134614668e-03
1.006884606477504492e-03
1.004444651438505956e-03
1.001206402022840293e-03
9.971378629564050557e-04
9.922152574802481275e-04
9.961041738022796861e-04
1.000054819772348965e-03
1.003000067844644384e-03
1.005674780032982238e-03
9.563463900163227940e-04
9.620570764379749763e-04
9.673430940059500084e-04
9.721254407026105882e-04
9.763290991753735982e-04
9.908898297351109198e-04
9.935602991647122031e-04
9.955568194065600538e-04
9.968180053395515102e-04
9.972878059596240394e-04
9.969159652182147269e-04
9.956585908361327997e-04
1.010983765258323310e-03
1.021764871060966071e-03
1.030414252799787943e-03
1.037169491497796567e-03
1.033602495740714973e-03
1.029364289839539148e-03
1.024401454534574129e-03
1.032489705479071578e-03
1.026868161755304688e-03
1.034455383162609377e-03
1.040484810330862681e-03
1.034636929857869975e-03
1.028075045913633394e-03
1.020756243409571629e-03
1.029242059959826908e-03
1.036170735005522694e-03
1.028874557288672175e-03
1.035769105060675406e-03
1.028222243500611244e-03
1.029300932248013731e-03
1.030681824975988002e-03
1.031269470988846037e-03
1.031788045331188518e-03
1.015349467966073253e-03
1.015857457458325562e-03
1.016329434139384659e-03
1.016676119599382692e-03
1.016805971608372283e-03
1.016626482258224315e-03
1.016045640383328105e-03
1.014973486447457362e-03
1.013323713559542401e-03
1.011015248144114939e-03
1.007973765336987260e-03
1.004133067988224794e-03
9.909721884002865942e-04
9.961323906200359336e-04
1.001400907882147879e-03
1.006569699828781857e-03
1.010458837774824443e-03
1.014007288132493705e-03
1.017131464723938263e-03
1.019747279053909638e-03
1.021771415910473907e-03
1.030223419990172230e-03
1.044965340060053163e-03
1.045560007542588581e-03
1.045489107053353085e-03
1.044673102748878719e-03
1.043038562320754018e-03
1.040518704031266270e-03
1.055277751838448351e-03
1.051554005195644596e-03
1.064340473472772265e-03
1.059725042416909254e-03
1.054255419120358897e-03
1.047875188447514733e-03
1.049643022519487203e-03
1.017048412538427895e-03
1.022117334171274540e-03
1.020215548737895932e-03
1.016171354551572304e-03
1.021958820933966750e-03
1.017992353826961552e-03
1.022724944136651484e-03
1.027464371298058773e-03
1.031084332258261956e-03
1.034336495934830812e-03
1.037153100522187005e-03
1.039461650548460575e-03
1.041185654369150473e-03
1.042245772527475387e-03
1.063351591837786601e-03
1.076883383326416232e-03
1.075932875151315278e-03
1.074338017296070161e-03
1.072010462619738718e-03
1.068865146184178267e-03
1.064821764731490022e-03
1.059806460148008181e-03
1.053753596531553476e-03
1.055791347132904821e-03
1.058106222853242217e-03
1.060690899140318173e-03
1.062314661491818102e-03
1.063773326887511913e-03
1.064976140695787950e-03
1.023076230129811841e-03
1.025540766114173535e-03
1.034767545085755417e-03
1.036488476261361417e-03
1.038066309903730531e-03
1.039393878575359167e-03
1.040358560941469831e-03
1.040843803205097982e-03
1.040731066312175620e-03
1.021916842558251784e-03
1.031421546274907935e-03
1.037670528516064982e-03
1.041096953104948299e-03
1.035911121522634223e-03
1.037289138668283936e-03
1.037260590590288181e-03
1.035745619537730604e-03
1.032679943497487058e-03
1.038302941898216168e-03
1.043934979667697494e-03
1.048410037724657436e-03
1.052489595254052631e-03
1.056096188931675934e-03
1.059141381001927262e-03
1.061527437145425154e-03
1.063149320072835418e-03
1.063897139907517926e-03
1.064573235052409259e-03
1.063083664334918280e-03
1.060415004137581869e-03
1.056465902802487637e-03
1.060692912275658460e-03
1.065197263739991150e-03
1.075766430631695586e-03
1.090351160884238477e-03
1.085981103091319738e-03
1.089227833526014823e-03
1.092623557804092661e-03
1.107273778730696878e-03
1.113225138104919233e-03
1.108419916883653447e-03
1.118234553506109070e-03
1.129399002453993937e-03
1.133567692449308651e-03
1.134146441368995761e-03
1.131622088337159732e-03
1.126261032834870168e-03
1.128269900322552942e-03
1.126717967028678441e-03
1.124993379190998392e-03
1.126923028369459286e-03
1.124579237951618812e-03
1.128672105743734784e-03
1.128907803646754136e-03
1.125800498216460643e-03
1.119746803369319659e-03
1.121221382560390421e-03
1.122216780102896008e-03
1.121715248186889351e-03
1.107341209909479089e-03
1.108957250611648012e-03
1.109521289329256982e-03
1.110567130671357436e-03
1.113002359872128063e-03
1.106319305765666831e-03
1.107723927989251109e-03
1.109270918398693774e-03
1.116045152182483817e-03
1.117949143813842371e-03
1.119932268273488843e-03
1.120801864087195721e-03
1.121329036007867597e-03
1.121436644790707116e-03
1.096767290356033282e-03
1.096133376299694966e-03
1.109650140381655522e-03
1.109588281618768563e-03
1.116789862824151729e-03
1.124573217280307701e-03
1.124333523753609640e-03
1.116799112666356413e-03
1.125527910225281080e-03
1.106697601798308254e-03
1.117987926771287508e-03
1.095875332406006427e-03
1.109636403033065471e-03
1.023279501766137306e-03
1.040657882178306487e-03
1.017199905614682735e-03
1.037727360041594852e-03
1.053026614183944897e-03
1.010801844713794979e-03
1.031549022620619014e-03
1.005160780193284061e-03
1.027581935865167547e-03
1.045619635932085005e-03
1.059016140978453818e-03
1.069281405785551045e-03
1.001523612507182600e-03
1.019345312284881174e-03
1.033019536997277846e-03
1.043299269449927133e-03
1.050757871976106157e-03
1.055822881241629679e-03
1.058803912974714580e-03
1.059916309724273295e-03
1.059301470734390826e-03
1.057044576265553544e-03
1.053190064245164599e-03
1.056884229547760479e-03
1.056967062959847424e-03
1.053580177933234260e-03
1.075711088114188500e-03
1.072662774607088159e-03
1.068022097321158579e-03
1.071893537984087161e-03
1.075918014601365399e-03
1.091194462949168558e-03
1.094636288455767912e-03
1.098178374892991001e-03
1.100195805205421429e-03
1.103086542249972872e-03
1.106077479737691428e-03
1.106087905149328058e-03
1.107475352627546429e-03
1.102512234439278691e-03
1.104941943211207398e-03
1.107045619390503157e-03
1.102044799216473758e-03
1.104505239838415821e-03
1.106998744461081853e-03
1.103111884532598794e-03
1.105502678874973992e-03
1.107921717318722642e-03
1.109274695437654449e-03
1.110276904118421290e-03
1.110862495421232254e-03
1.110950420592528992e-03
1.110444588626355918e-03
1.109235309941648167e-03
9.971665156429849759e-04
1.004121403724781867e-03
1.023977736567277357e-03
1.039346383142831717e-03
1.050975091605096121e-03
1.059447673801121488e-03
1.000377794776254568e-03
1.017063414204859555e-03
1.003250991377654467e-03
9.977130815535220805e-04
9.682096742954925291e-04
9.368117970135371583e-04
9.075414076386514482e-04
9.517844524073964911e-04
8.816757854608472467e-04
9.304535408711659197e-04
9.687585231007280005e-04
9.487516198818804827e-04
9.848167416914679114e-04
9.678147388576633118e-04
1.001033539727487227e-03
1.026499782287602696e-03
1.045266514453529897e-03
1.058184281894330569e-03
1.065944360237713667e-03
1.069113541267467269e-03
1.078396739016116877e-03
1.084871074784988371e-03
1.068080494945809712e-03
1.076707266323157202e-03
1.084414315290667830e-03
1.079189414962210790e-03
1.086085385218137425e-03
1.087350198387972231e-03
1.090521814877991802e-03
1.092524463336600523e-03
1.097988863583561478e-03
1.098720111704561695e-03
1.095504628060719717e-03
1.100406365900094899e-03
1.095406045010215114e-03
1.102050209555940343e-03
1.104168518197171794e-03
1.102347843262610396e-03
1.106824355185608531e-03
1.110176643654486525e-03
1.093781587189669117e-03
1.100225313022869375e-03
1.103727698294242835e-03
1.102947451949700492e-03
1.108018875010098343e-03
1.111754711948017421e-03
1.113362028425504907e-03
1.113941182660828323e-03
1.088388509228914273e-03
1.101549384957764511e-03
1.109526943051678200e-03
1.115277725243144641e-03
1.118276160714142160e-03
1.119740958684990045e-03
1.119974267682526678e-03
1.119173930173476437e-03
1.117451389040358296e-03
1.114847733150073610e-03
1.111348461256701954e-03
1.106897230748349597e-03
1.093283340543649285e-03
1.087828160394736657e-03
1.074642986184053692e-03
1.075967507260846331e-03
1.075238433491334687e-03
1.081647821519271264e-03
1.087891833347929410e-03
1.092926108360884642e-03
1.097433090945482354e-03
1.101348310026344698e-03
1.104585575377673400e-03
1.107038095712243328e-03
1.108580717334747010e-03
1.109073372519940376e-03
1.109316662420061243e-03
1.013848369569406030e-03
1.019169752925098245e-03
1.024068700929769678e-03
1.028385457439332223e-03
1.031947275579597409e-03
1.034572800613049477e-03
1.036077122521851870e-03
1.036277417061250280e-03
1.034999007623960262e-03
1.042607039266725370e-03
1.026394479141574424e-03
1.038986530303601802e-03
1.056557898140509516e-03
1.054654099001216001e-03
1.065561911550845682e-03
1.093046869591953428e-03
1.042754028327613595e-03
8.920344012061632265e-04
9.375063740899098252e-04
9.740276561822179676e-04
1.003014225136003145e-03
1.025612917300727529e-03
1.042746038174094088e-03
1.055148015834047725e-03
1.063396844165086230e-03
1.067941789283631494e-03
1.069128333339566155e-03
1.077243557095272121e-03
1.084753179909277946e-03
1.091742775694693520e-03
1.089117423038425594e-03
1.094765142485785471e-03
1.099657052924697806e-03
1.103695698672458236e-03
1.106742723279940900e-03
1.108628184310660224e-03
1.109159870602542935e-03
9.153814119796511821e-04
9.459210147273400737e-04
9.708954095275617582e-04
9.266295938699932152e-04
9.077534118034077471e-04
8.695372623603372106e-04
9.301835692450746967e-04
9.807263564489728924e-04
1.021741522474807614e-03
1.055203426535200172e-03
1.082184529944161394e-03
1.103556432833486829e-03
1.120019523423106383e-03
9.135376880291765653e-04
9.542461510994459549e-04
8.938271170152617710e-04
9.471753674221694824e-04
9.905072071626471256e-04
1.025323625215682904e-03
1.052851782456043798e-03
1.074088084273376207e-03
1.089833025109867432e-03
1.100720889409236057e-03
1.107246412286471988e-03
9.244609240607398141e-04
9.130194468909295837e-04
9.605938485885109120e-04
9.987736853738834065e-04
1.029006122203320875e-03
1.052467076265178056e-03
9.078576404715332088e-04
9.489575259515747744e-04
8.873324314150804254e-04
8.255487243238252611e-04
8.937830352095734203e-04
9.509690797333596396e-04
9.988716515489314777e-04
1.037769634993793242e-03
1.069543387059257097e-03
1.095136419781735874e-03
1.016436023729690424e-03
1.046638834807878766e-03
1.070413994966347036e-03
1.047307660324167666e-03
1.026782970966274786e-03
1.016573856367096159e-03
1.056944446229697273e-03
1.089240510756923517e-03
1.114568561925455628e-03
1.133808851618128919e-03
1.067993509650041941e-03
8.993524701682532527e-04
8.818859352907455719e-04
9.273345784868873348e-04
9.645826225734683255e-04
8.679963895435829392e-04
9.156215611139308531e-04
9.550267548661982905e-04
9.874773663683280960e-04
9.713504446804017154e-04
9.977675885133267114e-04
1.002582542419191720e-03
1.025536495737225428e-03
1.034707076195693146e-03
1.060424207662096201e-03
1.081862839898127451e-03
1.099790302652562746e-03
1.070234616155968680e-03
1.089905679681792356e-03
1.106040466788430583e-03
1.118166108032635653e-03
1.087203795440981873e-03
1.081644757462213490e-03
1.092334685611477891e-03
1.079868257753711491e-03
1.093808811603462971e-03
1.102328806150231931e-03
1.106096248941411527e-03
1.115689770605258861e-03
1.123441143142382042e-03
1.128575838788724393e-03
1.132203873268841383e-03
1.092983820730168134e-03
1.087925788252601432e-03
1.095801411578493489e-03
1.108518537145149717e-03
1.118552681469677868e-03
1.094066324204338815e-03
1.078713658821303743e-03
1.092947336422198188e-03
1.101301723255532997e-03
1.070988778368401782e-03
1.086890154055729840e-03
1.057487778886362926e-03
1.077907974519082745e-03
1.091903801649008647e-03
1.100331353894275178e-03
1.103869131908262252e-03
1.060873189707839436e-03
1.076637114432762391e-03
1.049629743367947116e-03
1.070027231751557702e-03
1.034136454788315901e-03
1.058993036203271327e-03
1.076924507071812427e-03
1.088864775644783579e-03
1.035241425057717001e-03
1.058184529490557510e-03
1.074227932111140741e-03
1.084288530797503048e-03
1.098236195257751855e-03
1.109466119377704911e-03
1.117455267614146609e-03
1.062104306922923404e-03
1.083273831143971837e-03
1.100178793534528285e-03
1.061782158558417961e-03
1.083957090364253816e-03
1.101664982709408018e-03
1.114721057336183702e-03
1.124564662828321949e-03
1.131718514147070061e-03
1.136567751713865202e-03
1.063533234069954578e-03
1.070145814258976428e-03
1.051289176445472989e-03
1.069040872786707107e-03
1.080027170502039250e-03
1.095140141000970537e-03
1.049770220085121785e-03
1.065772877615178433e-03
1.084554490919143171e-03
1.045080674973171420e-03
1.062721988912843085e-03
1.082530011258354442e-03
1.098331039762751385e-03
1.109894185967304648e-03
1.118557535229060349e-03
1.124792467798315819e-03
1.128945753865133418e-03
1.131258619871198861e-03
1.058059167986308540e-03
1.069069680774113480e-03
1.088254999333600117e-03
1.102202234962441690e-03
1.112550865139809312e-03
1.119937355807867430e-03
1.124835645363355665e-03
1.127584648281794834e-03
1.058374973012899799e-03
1.069717317329727359e-03
1.077704018094309980e-03
1.065535887575825603e-03
1.075193861488937808e-03
1.093996652647478019e-03
1.107586034405344489e-03
1.117595002954344108e-03
1.124661972076702442e-03
1.129262481194837900e-03
1.067537569552868756e-03
1.080401322878490368e-03
1.089565045498903928e-03
1.095720662473681929e-03
1.099377041426401061e-03
1.060501539066468048e-03
1.071168605157516709e-03
1.078598620286616832e-03
1.083407597866987244e-03
1.060441281891407427e-03
1.077420022076578136e-03
1.092170206817485827e-03
1.077503884429962481e-03
1.097020810325026680e-03
1.111246426376474470e-03
1.073019500402791612e-03
1.050549913337004131e-03
1.069720220658472313e-03
1.081924509177446684e-03
1.097767031068160775e-03
1.110336110968818081e-03
1.119182810978233819e-03
1.125608528137953023e-03
1.129997641541814670e-03
1.132624899380525827e-03
1.133671765833735778e-03
1.133241101541983265e-03
1.131371130763275798e-03
1.128049012822767479e-03
1.123224157443693640e-03
1.116821209571920194e-03
1.134505287587933564e-03
1.132402617800247393e-03
1.128420425113090984e-03
1.155196017191478970e-03
1.070825560332562976e-03
1.087712558338158921e-03
1.085750234245758550e-03
1.059754972604693172e-03
1.078880884032376109e-03
1.039456476060083298e-03
1.063881325059904369e-03
1.080967743096534345e-03
1.091709519688874351e-03
1.106091324158091230e-03
1.117529546785892740e-03
1.048944628028617831e-03
1.064385793852195509e-03
1.083125409213638989e-03
1.098001508107029033e-03
1.108638404125286952e-03
1.061608754428750067e-03
1.041909625535691756e-03
1.060775275021892325e-03
1.028025693285895825e-03
1.051944634783859777e-03
1.068505037114549690e-03
1.078691163796753399e-03
1.029671601855123263e-03
1.051354869600424442e-03
1.015213350415637966e-03
1.041720361091453282e-03
9.971790979559768276e-04
1.028217646128888564e-03
1.051438875243154237e-03
1.067903734939083587e-03
1.078456694887224574e-03
1.092856478149869214e-03
1.104551881359640492e-03
1.113001190668949994e-03
1.120615629240606604e-03
1.127948602525040639e-03
1.134062652764606391e-03
1.138009011477869809e-03
1.140775451235384033e-03
1.142455113152864151e-03
1.143087695742262076e-03
1.142665746936773240e-03
1.141141545650757247e-03
1.138434763776794865e-03
1.035408189542788397e-03
1.045561065497494771e-03
1.052633622569227158e-03
1.047418681857526217e-03
1.057726583659578069e-03
1.064920124832846116e-03
1.069597991839366319e-03
1.072181165963938514e-03
1.072946379569806328e-03
1.072055445677782149e-03
1.069581645803914472e-03
9.893592320154211833e-04
9.927277680822001616e-04
1.033968371206707426e-03
1.041665689678865445e-03
1.046878970743720435e-03
1.050100746471292756e-03
1.051654723302415748e-03
1.011930089863838670e-03
1.014599824247764803e-03
1.051568892728244097e-03
1.059775048974591306e-03
1.065214909382191386e-03
1.068440575368359222e-03
1.069830473619234239e-03
1.069622432317349995e-03
1.067943205411871124e-03
9.994095134763739813e-04
1.002111274030959356e-03
1.004803640024782381e-03
1.007279107420947385e-03
1.002661331586526426e-03
1.059349283580646606e-03
1.067037067304719804e-03
1.072023297295129560e-03
1.067627542062026371e-03
1.075856648826557837e-03
1.081943363148580575e-03
1.092829394417443390e-03
1.100300754529188064e-03
1.105014610246645617e-03
1.077367155463851509e-03
1.088112546749259385e-03
1.084380074813703866e-03
1.098257168756404520e-03
1.108180773634891885e-03
1.082578247746087590e-03
1.068589687447459632e-03
1.081406724464270075e-03
1.056160587456275897e-03
1.030520737380788854e-03
1.057155391454003704e-03
1.076365442480866101e-03
1.089164890310096801e-03
1.096362541606492758e-03
1.026836912455859506e-03
1.049608260911771406e-03
1.065079631340259394e-03
1.083541530788567544e-03
1.098398168174020929e-03
1.109271759646029672e-03
1.042516285656249148e-03
1.067478879816957747e-03
1.087593844819514889e-03
1.102618025925404706e-03
1.041532000654252221e-03
1.065920942131171620e-03
1.020419003807461998e-03
9.913968464628252538e-04
9.478720746638917083e-04
9.861835650943457342e-04
1.016391776050817961e-03
1.039417601209953728e-03
1.056028657208598828e-03
1.066868699584753739e-03
1.073273830932234500e-03
1.083501497160078465e-03
1.089357376927498977e-03
1.100281147935069622e-03
1.109433899889442207e-03
1.108678025261779524e-03
1.122313158832675311e-03
1.116824380180643896e-03
1.129995687348228639e-03
1.138356906216353567e-03
1.142488783943263267e-03
1.142834800314628278e-03
1.139733685732145741e-03
1.136649202016897344e-03
1.140826942297214165e-03
1.140608355256076496e-03
1.136491791568938325e-03
1.139253032191994740e-03
1.139914527188789486e-03
1.139526375727944497e-03
1.138278007817264143e-03
1.126910320052550932e-03
1.126608189345294081e-03
1.125879008546325308e-03
1.124671324159870651e-03
1.122909396571971068e-03
1.120493214240337676e-03
1.117300375077954046e-03
1.113189831193395684e-03
1.108007354703682053e-03
1.101592428496366623e-03
1.093786105720352415e-03
1.095050853816999931e-03
1.096031410338944596e-03
1.097351690008154662e-03
1.098874976985482650e-03
1.100428024366923710e-03
1.101805228693275227e-03
1.096036537609822430e-03
1.053089528820971062e-03
1.065298176124779587e-03
1.085834754129822973e-03
1.099840750141163094e-03
1.110131479248781597e-03
1.117404369507397563e-03
1.100945004567807596e-03
1.109435839850056449e-03
1.084215034256944855e-03
1.105576756017102478e-03
1.119530060778624629e-03
1.136180422528994304e-03
1.149306556998795073e-03
1.090297512330236666e-03
1.106874235144311453e-03
1.125864760994512272e-03
1.083221164563603726e-03
1.102996896511665654e-03
1.115340056157321019e-03
1.131307345847590382e-03
1.082890254750184253e-03
1.069322705302898704e-03
1.103073363868761064e-03
1.129457086102141419e-03
1.149531744366218914e-03
1.164130417290285859e-03
1.173907697736789428e-03
1.179377034100196958e-03
1.180941579694306468e-03
1.138072913885668485e-03
1.160097904383656196e-03
1.176005453476889218e-03
1.186650632754914468e-03
1.192704424619902550e-03
1.156162508674501684e-03
1.175259747098847092e-03
1.188577268138503928e-03
1.196918336977397532e-03
1.200912274946058919e-03
1.201052679647094876e-03
1.207473901933326993e-03
1.212611982184990398e-03
1.216811865804015439e-03
1.182271014415216780e-03
1.164002688005598375e-03
1.173556620378021819e-03
1.165440451736096021e-03
1.184418723770794832e-03
1.197628550773812252e-03
1.205880526231452830e-03
1.209808496388803910e-03
1.209907944006052448e-03
1.215841711369471849e-03
1.172145750227338240e-03
1.180270893241446278e-03
1.175171821624733772e-03
1.192233804717131697e-03
1.148652404526238251e-03
1.102182695845797377e-03
9.471671523129080068e-04
9.176168835739381951e-04
8.665851090986189309e-04
9.093841128524557393e-04
9.522327146509459647e-04
9.506094886616367002e-04
9.764974951038831287e-04
1.005269390754677354e-03
1.029751151219298342e-03
1.031641191255888322e-03
1.051638255020245294e-03
1.069023230747984847e-03
1.084233127122376846e-03
1.096438859910495818e-03
1.106653317987053116e-03
1.115027040002110987e-03
1.121655064664882654e-03
1.074376323223266228e-03
1.079359448041671259e-03
1.100853106884165308e-03
1.111272964938029607e-03
1.118817130925300147e-03
1.123951286965377879e-03
1.104240455042979682e-03
1.115259252695540012e-03
1.104833026952717562e-03
1.114387701772337393e-03
1.095246274659471188e-03
1.108871431594398230e-03
1.081485583614227126e-03
1.068153945153411119e-03
9.536590794411226642e-04
9.324885891620125593e-04
8.946472945674579244e-04
9.284979715268268938e-04
9.639214979005823790e-04
9.934744686946014088e-04
1.018243128662006235e-03
1.013988761543139919e-03
1.014819508043154992e-03
1.021378981010919937e-03
1.031197997149822104e-03
1.037585951442664828e-03
1.050007535809829385e-03
1.060027724885067831e-03
1.068406398265313783e-03
1.081797117199856601e-03
1.092870624266733919e-03
1.102106902822037014e-03
1.108659647696503539e-03
1.079582500354894824e-03
1.091016037609469783e-03
1.099108575615708426e-03
1.105130336828795282e-03
1.078526208745358896e-03
1.087422868757005785e-03
1.093854005236005863e-03
1.098235762802558238e-03
1.074347814475799540e-03
1.087052561434185410e-03
1.098188513503036909e-03
1.105872344215838490e-03
1.083959296384248315e-03
1.095800259140620710e-03
1.104036971104134903e-03
1.080362458624596926e-03
1.092970552170027549e-03
1.078780797910142359e-03
1.093259013908582907e-03
1.104711106496565880e-03
1.073413874622646718e-03
1.088754339163084707e-03
1.100913486225596266e-03
1.109472402536467069e-03
1.115728579285283663e-03
1.120059231988087883e-03
1.059768177403696762e-03
1.070886617166722302e-03
1.078978113073079947e-03
1.059136750949102833e-03
1.070866589620967030e-03
1.079434159458586518e-03
1.085419062119990802e-03
1.089247191246703371e-03
1.091219089800928022e-03
1.039795718667428561e-03
1.049446840426733517e-03
1.056342245947526929e-03
1.043115182969089156e-03
1.053238085985926890e-03
1.060461409001991519e-03
1.044348354974609884e-03
1.057378815875289731e-03
1.070380751792861370e-03
1.079906081966106263e-03
1.086600173653775670e-03
1.090942975055286639e-03
1.093279273595422745e-03
1.037808377110312251e-03
1.052683223714831169e-03
1.056112754253475759e-03
1.074004813144721626e-03
1.049844151474691161e-03
1.070151554310108102e-03
1.086306832638732475e-03
1.044037077203093791e-03
1.065078105284982890e-03
1.081869343133259062e-03
1.094231597636955962e-03
1.103568423669137617e-03
1.110385723275416747e-03
1.115059232080521526e-03
1.117857221845951644e-03
1.118959675075272041e-03
1.118475169620660684e-03
1.116456047819346402e-03
1.112912244916307910e-03
1.107823951830171939e-03
1.101153172295371661e-03
1.110294456666601186e-03
1.106768774238356748e-03
1.101521145544016129e-03
1.104637893970864459e-03
1.107942124468768190e-03
1.110239903964327281e-03
1.112283174653401702e-03
1.113979587915936821e-03
1.115215980487574508e-03
1.038536264687385567e-03
1.053897336099922886e-03
1.047545836426475811e-03
1.065965491611463442e-03
1.080075448848868665e-03
1.090609123784214195e-03
1.098129973188374060e-03
1.103056597916702956e-03
1.105685554186014484e-03
1.106212644069720814e-03
1.104752938403082314e-03
1.025858118774633293e-03
1.029371554769046735e-03
1.032577706727119335e-03
1.050962038045423052e-03
1.058791789228899797e-03
1.064130767727621213e-03
1.067456982516144879e-03
1.069087387845076183e-03
1.030774825638245415e-03
1.077824733530600423e-03
1.086885830076296435e-03
1.089203040057833095e-03
1.100249445907654309e-03
1.107888004582227625e-03
1.112770381260846150e-03
1.084448270733227079e-03
1.095215916364457049e-03
1.102651902284573727e-03
1.107392122193614397e-03
1.109896640063564839e-03
1.073102676722487115e-03
1.082107899125687653e-03
1.085512389358753637e-03
1.097117721775821503e-03
1.090266095246440400e-03
1.105360421510340413e-03
1.116422815544598811e-03
1.086918717542896063e-03
1.069244255091662430e-03
1.048167836421454256e-03
1.029196025906568791e-03
1.063111443005603386e-03
1.089808679601938146e-03
1.016864032918341583e-03
1.052130392853392691e-03
1.080060280267374504e-03
9.973400825066408310e-04
1.034864908872172107e-03
1.064905695193496191e-03
9.802344288557338775e-04
1.019707723436176538e-03
1.051583327271456061e-03
1.076935622415223313e-03
1.096629750466389776e-03
1.111361228507168428e-03
1.121688092379920362e-03
1.135578580773935822e-03
1.146543439559431256e-03
1.154542578108991822e-03
1.159804535288825808e-03
1.162505214419844819e-03
1.162778877247602847e-03
1.160728134938919607e-03
1.156432932276997344e-03
1.170139337934917841e-03
1.165821743191702235e-03
1.159527774774062221e-03
1.161315090199516479e-03
1.163004993220247401e-03
1.164687934894015906e-03
1.096379463989557903e-03
1.113886415476819745e-03
1.087037922299448518e-03
1.055667601447572886e-03
1.075492573088468332e-03
1.088615480070459539e-03
1.041303481501996628e-03
1.063067976944419247e-03
1.077880179751592110e-03
1.096045726249958311e-03
1.110740494088748682e-03
1.122683626263976196e-03
1.131166760758369567e-03
1.137456335301872653e-03
1.141847377901451105e-03
1.144546990390761781e-03
1.145686550578858907e-03
1.072171646309672682e-03
1.081649485334264379e-03
1.088123920653811518e-03
1.092167572123802768e-03
1.071736500559098077e-03
1.080615600745324627e-03
1.086592998341383244e-03
1.090227124588498409e-03
1.070659751628512965e-03
1.079091099354459677e-03
1.084704782142141121e-03
1.088046624431809710e-03
1.089496222152912946e-03
1.057705385553855699e-03
1.064792813234921630e-03
1.069463125832144932e-03
1.072184183607995675e-03
1.057181146323384318e-03
1.087534932479961329e-03
1.096932946915102217e-03
1.103252427147030949e-03
1.107086596776478242e-03
1.082729328208669600e-03
1.096670778189970689e-03
1.110812280500442836e-03
1.121070975512883199e-03
1.128190832003801627e-03
1.132730389998636879e-03
1.135094987229650363e-03
1.080120531501312748e-03
1.090264293414160666e-03
1.097214615049457763e-03
1.101580369804982217e-03
1.076958522146031312e-03
1.086787170431816963e-03
1.086590650764660384e-03
1.088651744561138163e-03
1.107797515937277485e-03
1.122812075162982117e-03
1.133391746634987646e-03
1.141021149159652170e-03
1.146198028942759396e-03
1.149284050449584814e-03
1.150527633177248626e-03
1.070843215915697356e-03
1.080862838718989151e-03
1.087748307052335524e-03
1.092096438022263725e-03
1.069109159149304140e-03
1.078739028954902928e-03
1.085322608290988436e-03
1.089442490281904629e-03
1.091510371472429819e-03
1.091798891947199420e-03
1.047242127592291211e-03
1.054800745669475870e-03
1.059854065161543310e-03
1.060050362822544893e-03
1.084340911784337095e-03
1.095842889953336586e-03
1.103829448143225618e-03
1.108969619415786905e-03
1.111752955333991958e-03
1.112521381313922707e-03
1.111496554739233294e-03
1.054719694169357165e-03
1.062548514368300088e-03
1.067726145225477222e-03
1.070773624964436446e-03
1.072044847064516481e-03
1.071758845377099399e-03
1.017971659723981718e-03
1.020302967849338925e-03
1.057161838186127531e-03
1.085033809930681988e-03
1.095365618145033044e-03
1.102388134942562051e-03
1.106739221008847104e-03
1.108880201665333543e-03
1.109127591369306722e-03
1.063065544763348554e-03
1.086406697206520862e-03
1.097915797336383205e-03
1.105890160746174833e-03
1.086219350507957107e-03
1.099243667050532830e-03
1.087303082859252847e-03
1.105079956570982928e-03
1.117793352611598078e-03
1.127044036921474998e-03
1.133456319498820980e-03
1.137493816175258075e-03
1.139486641919933325e-03
1.070815055157758270e-03
1.081317529106706407e-03
1.088575275899926432e-03
1.093205954447025409e-03
1.095652336288588033e-03
1.096214306389695818e-03
1.095076653041273350e-03
1.092333786991283792e-03
1.088012128637906931e-03
1.082090390421907439e-03
1.084903543579273299e-03
1.088379059483703766e-03
1.036446834083878249e-03
1.060396264313517162e-03
1.080260669564051109e-03
1.095772461690751667e-03
1.108294815514502618e-03
1.118290809264306475e-03
1.126085484256023495e-03
1.131886816245467400e-03
1.135804940589905682e-03
1.137870612120486704e-03
1.062558423771305929e-03
1.066485150303149313e-03
1.069964702289579210e-03
1.072857925860265602e-03
1.075001145511537189e-03
9.271195084124366197e-04
9.592503576153236719e-04
9.852782781667825986e-04
1.006070686488365470e-03
1.022314668416598408e-03
1.034541266016895944e-03
1.043148963871246742e-03
1.048426826084357909e-03
9.172373010293713522e-04
9.418581405568718671e-04
9.617854792583104950e-04
9.777133245584591643e-04
9.901505955265392945e-04
9.164603010197824688e-04
9.405481616801034768e-04
9.600509015551155542e-04
9.756473262069964786e-04
9.878315294528984027e-04
9.969472349152640883e-04
9.196393378334288566e-04
9.392496181337500966e-04
9.552031234518928689e-04
9.472294788272609973e-04
9.814330466231915070e-04
1.007406994815803706e-03
9.832381999372032891e-04
9.640582712730137683e-04
1.006174190005681198e-03
9.332162917413271185e-04
8.717917549477241426e-04
8.219605906511881672e-04
8.845200686609345445e-04
9.363310144916666463e-04
9.789133192991293295e-04
9.741981479151536625e-04
1.009576332906873168e-03
1.038980431368305337e-03
1.063050383331396852e-03
1.070035393184596857e-03
1.097711163568325246e-03
1.119957263339631118e-03
1.137340574456127337e-03
1.150318197978127382e-03
1.159258506072669481e-03
1.151351834874498204e-03
1.133879165771514968e-03
9.996673731683825698e-04
1.023049334833714191e-03
1.041831774540450013e-03
1.056711265619687812e-03
1.068219590303596828e-03
1.076754015678534722e-03
9.905899673869685441e-04
1.010757255852320598e-03
1.026766472411365155e-03
9.925561194544757319e-04
1.014135147752431160e-03
1.031225175524637990e-03
1.044540299868340063e-03
1.054617424025330787e-03
1.061849979325746275e-03
1.066515929480163277e-03
9.622610619972644811e-04
9.813885106137187637e-04
9.764384847356471749e-04
9.848865907055189255e-04
1.011201676238039724e-03
1.032082392114058158e-03
9.765422633358527464e-04
1.005135671299495909e-03
1.027936934999999210e-03
9.675333294524348640e-04
9.983441655795582785e-04
1.023028915229539986e-03
9.581112492447222892e-04
9.384600997923236120e-04
8.964777370060853000e-04
8.567533926713547703e-04
9.029388565055946865e-04
9.393258158006018458e-04
9.672837120514597752e-04
9.979456575030703006e-04
1.023869671242394952e-03
1.044854792901906684e-03
1.044290910280589423e-03
1.044701704656344869e-03
1.053391348136406298e-03
1.067579549421393504e-03
1.080072676251521641e-03
1.091175755407380312e-03
1.099941646919709321e-03
1.099658529874442819e-03
1.113096516917924314e-03
1.110978401911808617e-03
1.125127765346573732e-03
1.136497076954799722e-03
1.145701345677305628e-03
1.151924341963703798e-03
1.156364217871615717e-03
1.109681959274778267e-03
1.118659616466726554e-03
1.118023313212127348e-03
1.129583602503751293e-03
1.138676726344279785e-03
1.144607930349507245e-03
1.114739234065070935e-03
1.108480972988537842e-03
1.099370094234476030e-03
1.112735725614166738e-03
1.120674259017393577e-03
1.123894569367211863e-03
1.132320283445953585e-03
1.138913774067023231e-03
1.142994815867389531e-03
1.145631104122273340e-03
1.147026711836379113e-03
1.147308508386725174e-03
1.091275535093171002e-03
1.100535898204543003e-03
1.106899553671514833e-03
1.110898452250602773e-03
1.112911833260976559e-03
1.113193404320636602e-03
1.111894782992164802e-03
1.109086367949983212e-03
1.104776413711071499e-03
1.098928606213867183e-03
1.100780921815173443e-03
1.103232302922306377e-03
1.105176997806124866e-03
1.108279254104444509e-03
1.101664432500232705e-03
1.104857968691822390e-03
1.107612101188332676e-03
1.109702176667032520e-03
1.110887355095749101e-03
1.045778880180813029e-03
1.050745895411093860e-03
1.055306555319782558e-03
1.088644699918269766e-03
1.097714452661510123e-03
1.115664029379772638e-03
1.125976743027758999e-03
1.144554960597057511e-03
1.159095590509717257e-03
1.169330243204416567e-03
1.176686767096248856e-03
1.181646310256505121e-03
1.126260347046011091e-03
1.139194829259350481e-03
1.148242629292427035e-03
1.154124417139663168e-03
1.128050200566158966e-03
1.141007208851815271e-03
1.150021693096910146e-03
1.155823573807507852e-03
1.158951585535887650e-03
1.125443193406883884e-03
1.136354220667564092e-03
1.143640053002578476e-03
1.147983406982419543e-03
1.126997450447681350e-03
1.138072505982023162e-03
1.145463411029935125e-03
1.149863554454575451e-03
1.151778141996019330e-03
1.151555362324096143e-03
1.115717597096437192e-03
1.123810094867142831e-03
1.128666592464253613e-03
1.130932957158946794e-03
1.131066254041813643e-03
1.129366086152118996e-03
1.097621849827845044e-03
1.102965151021792316e-03
1.105784409590886228e-03
1.106604060891935555e-03
1.105768599701186959e-03
1.082242771339193659e-03
1.132132905353507978e-03
1.140735324554646756e-03
1.146005175288966138e-03
1.148592016125197244e-03
1.148960366146048679e-03
1.147420748960175469e-03
1.114144761639388132e-03
1.139053151829800149e-03
1.150880289663286805e-03
1.158779471894781036e-03
1.163489296753154141e-03
1.165556293482688556e-03
1.165366002544755350e-03
1.124188656381719517e-03
1.132617698665375162e-03
1.137778385374249536e-03
1.131167708824106161e-03
1.142039838008824301e-03
1.149174528094718982e-03
1.153279769890550293e-03
1.154873675502542194e-03
1.154315571993097794e-03
1.151833146261368578e-03
1.107221181437945427e-03
1.134445977514271335e-03
1.146224894123170843e-03
1.154086930911156451e-03
1.134675073309773536e-03
1.150662627190613893e-03
1.161584559470473432e-03
1.169092316772748271e-03
1.130702344380747799e-03
1.147123920715338499e-03
1.158430746677864944e-03
