1.898241656724590221e-01
1.896325523115734435e-01
1.894088788827384129e-01
1.891714268889205242e-01
1.888980774147865638e-01
1.885857288641409890e-01
1.882523152853452508e-01
1.878874186308649996e-01
1.874761392483584588e-01
1.870105628183275637e-01
1.865135946537940792e-01
1.859368493320442406e-01
1.853337800788857626e-01
1.846681884474109803e-01
1.839484818735513116e-01
1.831452894640636375e-01
1.822867678891888221e-01
1.813554944200942709e-01
1.803861400896248357e-01
1.793892313932501648e-01
1.782963032245580004e-01
1.771943147338270741e-01
1.760589080559963604e-01
1.748465542533900186e-01
1.736157489976035972e-01
1.724098944140221856e-01
1.711557568516891559e-01
1.699358167619005322e-01
1.686948197447285525e-01
1.674531800092128042e-01
1.661565434391548690e-01
1.649249838989064187e-01
1.636451336767228426e-01
1.624174088310002262e-01
1.611159418722427350e-01
1.599065327194898467e-01
1.586246813404761369e-01
1.574039127324328158e-01
1.560940907550213697e-01
1.547978792525696590e-01
1.536141875129483081e-01
1.523603285522685535e-01
1.511574628136116427e-01
1.499599723080387581e-01
1.486651480539335490e-01
1.474548347690253502e-01
1.462475987905231811e-01
1.449305419622215763e-01
1.436902017035946721e-01
1.424247760162657972e-01
1.412204679693780385e-01
1.400219824404205227e-01
1.387859193217777232e-01
1.375545362687020101e-01
1.363609982979561985e-01
1.351522891187966480e-01
1.339615323632944721e-01
1.327243244094878649e-01
1.314925589959127505e-01
1.303386801623815650e-01
1.291399763430805259e-01
1.279864490121452036e-01
1.267841403994266758e-01
1.256610446971087036e-01
1.244682827063024327e-01
1.233732025739391475e-01
1.222578800080367789e-01
1.211467397680897479e-01
1.200421506038070601e-01
1.189248387423774284e-01
1.178204648601827442e-01
1.166893133311210778e-01
1.155134709114016694e-01
1.144324936687827199e-01
1.133447877149326433e-01
1.122390530009321902e-01
1.111322671191546790e-01
1.099420132873802219e-01
1.088468528538228813e-01
1.077334711704337200e-01
1.065361831131291376e-01
1.054490214543233051e-01
1.043661831030575360e-01
1.032787972715639296e-01
1.021767394097365250e-01
1.010775197787596308e-01
9.989747913835915483e-02
9.881930187627566142e-02
9.763622952902710483e-02
9.655893928452298491e-02
9.540525423803664085e-02
9.434577780540816250e-02
9.322402674676071033e-02
9.209962408075940410e-02
9.097288261131893095e-02
8.990741095174853426e-02
8.884685779558273988e-02
8.763068634028525761e-02
8.654586383756916745e-02
8.547529790949363881e-02
8.442566608256427130e-02
8.339897394876456815e-02
8.237136664872979352e-02
8.133344481615094324e-02
8.024720261933243615e-02
7.923706156758078545e-02
7.823945439803769997e-02
7.722904517416512293e-02
7.616338294731025971e-02
7.519246364783556402e-02
7.417524269297955108e-02
7.316597989548827285e-02
7.220549165732489949e-02
7.115874830457055711e-02
7.018642853462024600e-02
6.921350434842470090e-02
6.811661507564481521e-02
6.713592926324864207e-02
6.614623457610199764e-02
6.514917741467372847e-02
6.409123210407183246e-02
6.308572533229830914e-02
6.195195508197156448e-02
6.090872702924083476e-02
5.986117225099549244e-02
5.881343681833466758e-02
5.761504201193182184e-02
5.655641437273909583e-02
5.549492708141215425e-02
5.443409823744634057e-02
5.337743011958685085e-02
5.223245323440901117e-02
5.114727882212553173e-02
5.006501514677198783e-02
4.896536270750523334e-02
4.773344122034812315e-02
4.666573087202357389e-02
4.553828481133679468e-02
4.447344028454514042e-02
4.341455227070549483e-02
4.226821956531591484e-02
4.112686504927855896e-02
4.004484703629000719e-02
3.898818953989912489e-02
3.794176844569267099e-02
3.674900175805629471e-02
3.568684326693381120e-02
3.465475276920804842e-02
3.357107039829562017e-02
3.255614900933667677e-02
3.155407011740426343e-02
3.050285680699088911e-02
2.947456048798242564e-02
2.842707429970257882e-02
2.745641759446136934e-02
2.643840650379457313e-02
2.546037053909135095e-02
2.448372243981290775e-02
2.345059416530151028e-02
2.238319658499364137e-02
2.136254404942341742e-02
2.037818491279846239e-02
1.937851725202882278e-02
1.837434708925141102e-02
1.733965970150735947e-02
1.625284373371565713e-02
1.520648355379342759e-02
1.422558409455666403e-02
1.325963829655169880e-02
1.231523916981802462e-02
1.130813322621135320e-02
1.041911689347338466e-02
9.479416761749352022e-03
8.682543870449305548e-03
7.932356034765438574e-03
7.167007680031540172e-03
6.493035573509668007e-03
5.875901320138838396e-03
5.342373441192729139e-03
4.803685934731761857e-03
4.373075327557115685e-03
3.986403944254398105e-03
3.579732147815769139e-03
3.266371331954873430e-03
2.946387611892434689e-03
2.709760807710164671e-03
2.510921135811145909e-03
2.326992138272521854e-03
2.172998522066693899e-03
2.031292144685264717e-03
1.910934873352288258e-03
1.805004104287739278e-03
1.711832268849874158e-03
1.629902270580227408e-03
1.526855644733760660e-03
1.463727768700362215e-03
1.409324025367391774e-03
1.361376015970962262e-03
1.319276989102758984e-03
1.282055620377351313e-03
1.249065656538940559e-03
1.219745153922002908e-03
1.195029823695599371e-03
1.173398255248689131e-03
1.152629152391791310e-03
1.133890895875013958e-03
1.116897627344668993e-03
1.101400053612977114e-03
1.089921584312308596e-03
1.079748645453430887e-03
1.070706230155832588e-03
1.059555273146311561e-03
1.052362374722691507e-03
1.042508285944981168e-03
9.976271057997169230e-04
9.921919417555441142e-04
9.963896849961471295e-04
9.921810389376057096e-04
9.929353671217445911e-04
9.815175008438454564e-04
9.834170482808525082e-04
9.851719913701220254e-04
9.888888974944423128e-04
9.929307290443601958e-04
9.578590034903860725e-04
9.608645348675703404e-04
9.609029532825237975e-04
9.607447856687222759e-04
9.618425947745411122e-04
9.626172543070803068e-04
9.631158271703438951e-04
9.619592944737476560e-04
9.621059783301475713e-04
9.605571656343254950e-04
9.604234558922277940e-04
9.601379156811652368e-04
9.580447543140805083e-04
9.575746565155323579e-04
9.551469660896680413e-04
9.525400145030759160e-04
9.518858348203995201e-04
9.511499833783131162e-04
9.480785408962662383e-04
9.472578500162290218e-04
9.438806565016638183e-04
9.429992801059099584e-04
9.393231400748549729e-04
9.384001787685655304e-04
9.374388712345041019e-04
9.364469083717592802e-04
9.322881232057305323e-04
9.312972779281850078e-04
9.302851494154172011e-04
9.292568339042552679e-04
9.246741283243835666e-04
9.291899063764684236e-04
9.334024609033842032e-04
9.373276331191639265e-04
9.399969974463530690e-04
9.422561263563566242e-04
9.486772725873492693e-04
9.500984628438370648e-04
9.511595497255618701e-04
9.518621341353483787e-04
9.522078700287814942e-04
9.542525103490688294e-04
9.538137326183287112e-04
9.530484965792637795e-04
9.541232815289081223e-04
9.548626704889623179e-04
9.531128510753949373e-04
9.510766878191126731e-04
9.487513319560470252e-04
9.487847703585466355e-04
9.486273431565861100e-04
9.455405739265483524e-04
9.451537423940061964e-04
9.446405244011936474e-04
9.440218096057347410e-04
9.433154516755334722e-04
9.392867103143563842e-04
9.350296640025897643e-04
9.342524714693130252e-04
9.296308485980678748e-04
9.288130826217436608e-04
9.279493143259373101e-04
9.321729824808024350e-04
9.361611614230967021e-04
9.273839413432274827e-04
9.266650815329876287e-04
9.259215710405842986e-04
9.242321270132968902e-04
9.234413344377772736e-04
9.270451907381626082e-04
9.302064323890228519e-04
9.366415925258226704e-04
9.386165252052107834e-04
9.401834276057497797e-04
9.413384314975973156e-04
9.452248145347336497e-04
9.484003032511682764e-04
9.509686191195270821e-04
9.502098004499631842e-04
9.520069563444604702e-04
9.505453233457719382e-04
9.517390698506782501e-04
9.496426588403936988e-04
9.472461150501515926e-04
9.445438696650963924e-04
9.415319921322792265e-04
9.382081155088620780e-04
9.384757921394149644e-04
9.385497630460357555e-04
9.344575815488666542e-04
9.300848641331276511e-04
9.254310476634789546e-04
9.301167793540961615e-04
9.345456739116663305e-04
9.377732213841897700e-04
9.451356697629466515e-04
9.514932814962907739e-04
9.569564735487551309e-04
9.580721137083610030e-04
9.588826589581522439e-04
9.618408792375935865e-04
9.618598522293523223e-04
9.615793063346471598e-04
9.447875816390033377e-04
9.459144070013004568e-04
9.459936785586214088e-04
9.466757567909226930e-04
9.470889748596626224e-04
9.472741737402963578e-04
9.472663437161603448e-04
9.470954901527626818e-04
9.457289583600760399e-04
9.454202783803588965e-04
9.435638839393343993e-04
9.431515918724474659e-04
9.408111386212753219e-04
9.381389191289995089e-04
9.351288828670238683e-04
9.346943944805382069e-04
9.311956429190035214e-04
9.273633755367022714e-04
9.269270676580912850e-04
9.226274756586917702e-04
9.276873227212864993e-04
9.277962258204768388e-04
9.274522502508933007e-04
9.322117517594497851e-04
9.357422253922492847e-04
9.388513107966572771e-04
9.298860072626122719e-04
9.332850205987423906e-04
9.362320805550967224e-04
9.399126380193979433e-04
9.418637368863039608e-04
9.445328803538544744e-04
9.455809339379464117e-04
9.474578183949522491e-04
9.476821663340943228e-04
9.474875624254704577e-04
9.485963529789334181e-04
9.493656369344369165e-04
9.498479775517293172e-04
9.500882396884440884e-04
9.501247468377689272e-04
9.499902339787486515e-04
9.497126592066618220e-04
9.474574768278443181e-04
9.448575601337092823e-04
9.419056053830488547e-04
9.416441943194448112e-04
9.381815065380787969e-04
9.378749199914795899e-04
9.339235984534219326e-04
9.336029041869425057e-04
9.332020794720700388e-04
9.327355520576944463e-04
9.322155926922675705e-04
9.316526735373364086e-04
9.310557209868355237e-04
9.304323330739019265e-04
9.347841086242442837e-04
9.347458096760700693e-04
9.342986384032665216e-04
9.338280960625218062e-04
9.380455067405956467e-04
9.411397328384934645e-04
9.438811054121502928e-04
9.462494352141751636e-04
9.482271457406127747e-04
9.379968313002867144e-04
9.416272440538103663e-04
9.445603493008623191e-04
9.469018345877574031e-04
9.477357368628718318e-04
9.494471507327754013e-04
9.495646453828286314e-04
9.507835166669808668e-04
9.502178203696911782e-04
9.510576432427953440e-04
9.498406016247325353e-04
9.482252316640237075e-04
9.462029880756819746e-04
9.437680848832449582e-04
9.442975780230255774e-04
9.446218895308256067e-04
9.447736774709136667e-04
9.413413065282357894e-04
9.414243500368543781e-04
9.413832754056012742e-04
9.372955967714024670e-04
9.328493593442880759e-04
9.346725552211642904e-04
9.347175070163252480e-04
9.389478959605311158e-04
9.395036764532645581e-04
9.395735346994265247e-04
9.435422517437433779e-04
9.464080962885018395e-04
9.539816798770941976e-04
9.604692868901980492e-04
9.659930218527836400e-04
9.670068426834815519e-04
9.529568670242620932e-04
9.563171327715799027e-04
9.580947844013856882e-04
9.595350724602959768e-04
9.606125313957636662e-04
9.613058614478912911e-04
9.625975560907191943e-04
9.625494323226911446e-04
9.634045021601886014e-04
9.626563996786429312e-04
9.615093168101776326e-04
9.620228718914502998e-04
9.622937816642333645e-04
9.602410742379218237e-04
9.603591425383519288e-04
9.603077237601592058e-04
9.574826392506622296e-04
9.542825639834765471e-04
9.563667568862301753e-04
9.563317045481521759e-04
9.561926111233268796e-04
9.559683012520442174e-04
9.556747800800353965e-04
9.511998113931814961e-04
9.464034724345985611e-04
9.463891987946742527e-04
9.463042209102772925e-04
9.409806695835100637e-04
9.449124974601727815e-04
9.487439582221188867e-04
9.198632571078549022e-04
9.247465535986916811e-04
9.150365402443082045e-04
9.201360511016596884e-04
9.247669926440153136e-04
9.288998848648261173e-04
9.361373500724270730e-04
9.389810384533740307e-04
9.413183400620109016e-04
9.464795209192533327e-04
9.507008261562711763e-04
9.541274852266751726e-04
9.568823967023237049e-04
9.590696459241217003e-04
9.607774338520595368e-04
9.620805340054249801e-04
9.630423575515296162e-04
9.637166920322068082e-04
9.622566457638442915e-04
9.604180945239031283e-04
9.610585553805968580e-04
9.586504447432277242e-04
9.558413274090879312e-04
9.526191184732954453e-04
9.534036835318577619e-04
9.495923668679568828e-04
9.523768031342016169e-04
9.530414566720001946e-04
9.483105435689007795e-04
9.432112248059310380e-04
9.471994440453323193e-04
9.510965421882859290e-04
9.230459259985743107e-04
9.279385911961602826e-04
9.189177644156004774e-04
9.192915188346419478e-04
9.195604527366128865e-04
9.244631798340118738e-04
9.289329059156811643e-04
9.369166754415445865e-04
9.434815933963959598e-04
9.460761153893745010e-04
9.482235372582004844e-04
9.498977070087644701e-04
9.544479244110500721e-04
9.581478862028733594e-04
9.583304107671463930e-04
9.580512519936021116e-04
9.608481595810570682e-04
9.597046233603374410e-04
9.580921143792941368e-04
9.559981070334193495e-04
9.602349356867684316e-04
9.571057300554184407e-04
9.535283147087040114e-04
9.555349320142221634e-04
9.512286082432365193e-04
9.530081830373392801e-04
9.545088471636985292e-04
9.557719345087185717e-04
9.568326764154670575e-04
9.513877477756357273e-04
9.548919278128718087e-04
9.583687412348480469e-04
9.617968625456467828e-04
9.641014957177790855e-04
9.559772560896349566e-04
9.623799068217516644e-04
9.676809394460818585e-04
9.696641806432517319e-04
9.713042767322919036e-04
9.744122037488430138e-04
9.752407364139891897e-04
9.776208273340888325e-04
9.794462617544544020e-04
9.808047741917448343e-04
9.817703083680759477e-04
9.824052216976281345e-04
9.827621003731961714e-04
9.828852842845628695e-04
9.828121499327016793e-04
9.815645501669615584e-04
9.815783582947095343e-04
9.798862282199203005e-04
9.799981661975404757e-04
9.799556069972484903e-04
9.797818452420127642e-04
9.775199634247172184e-04
9.775340493929931228e-04
9.748324698074966373e-04
9.717176960540083565e-04
9.722035407604543615e-04
9.685940277999608231e-04
9.645453526667293991e-04
9.654747684214811960e-04
9.662380716565531014e-04
9.616246730849047682e-04
9.649564422771953311e-04
9.659043424400860127e-04
9.604900487012582372e-04
9.616461726911398455e-04
9.557978198309351105e-04
9.589893641883579000e-04
9.622135185023336906e-04
9.644428222354796063e-04
9.664358335678172821e-04
9.567204899369694546e-04
9.632949235888620294e-04
9.658915653171489674e-04
9.681110935537479882e-04
9.721866919251687372e-04
9.753883765497644524e-04
9.778564076376968558e-04
9.797081868634367578e-04
9.810420508035678448e-04
9.819403932723688201e-04
9.819245083287438027e-04
9.815045797842546910e-04
9.806497390773033680e-04
9.818171934013687676e-04
9.803202341229890274e-04
9.813842795743116937e-04
9.821517032512097709e-04
9.799168418942363467e-04
9.807244424019142398e-04
9.812969943588673721e-04
9.816668078001468314e-04
9.787674848687033091e-04
9.793234109313556091e-04
9.759291865423494385e-04
9.720590450674773631e-04
9.676962267637826505e-04
9.691559801999165410e-04
9.642341067812972488e-04
9.588139893186408812e-04
9.622900564432379728e-04
9.666843129177175517e-04
9.687070928827926780e-04
9.705157549886320786e-04
9.730883754008311801e-04
9.667938460484815696e-04
9.685789746423753739e-04
9.701923809347957894e-04
9.716504921860187301e-04
9.729680794815474820e-04
9.751371087601396186e-04
9.685655071394692070e-04
9.700343876035224557e-04
9.723861558716527130e-04
9.738631527670324733e-04
9.584190221699377199e-04
9.604316371557552199e-04
9.622611517893947010e-04
9.557110283221225723e-04
9.578218868251243794e-04
9.597612857933945398e-04
9.614660401717233830e-04
9.628770107810414279e-04
9.555863235185724138e-04
9.574943647800571037e-04
9.589095690529581602e-04
9.597879368496466113e-04
9.660850225074800283e-04
9.657921172799268034e-04
9.649281452385955523e-04
9.634677299133365558e-04
9.613913518362865842e-04
9.682524719769644139e-04
9.648526249475833589e-04
9.693521402727681580e-04
9.650001508096280609e-04
9.601050991573189088e-04
9.425990036379871748e-04
9.449349769333854551e-04
9.467943594453023413e-04
9.429573597740433660e-04
9.484165567012299222e-04
9.511245109524553909e-04
9.562135993351325493e-04
9.601883511250212597e-04
9.637911563888635312e-04
9.669788469906908648e-04
9.697116702694260617e-04
9.775324533623566941e-04
9.838660333642396637e-04
9.847464292336281268e-04
9.851667596743301624e-04
9.850942783195125625e-04
9.844998405618111351e-04
9.914431471525206926e-04
9.895556103545880867e-04
9.939465081569987936e-04
9.976157199005322891e-04
9.944692151756457429e-04
9.908655321433812880e-04
9.689948051700876530e-04
9.702812263588801289e-04
9.710798391255980174e-04
9.690149003921148460e-04
9.663391138467475458e-04
9.677733855360690042e-04
9.687781773886411027e-04
9.655559271842402945e-04
9.667646034994710480e-04
9.675963061885557758e-04
9.639465490317429509e-04
9.596633155772700758e-04
9.614077157408747231e-04
9.627742049595813248e-04
9.637938674237693211e-04
9.644938034055999376e-04
9.648977797371125929e-04
9.650266841700320562e-04
9.612051897945479402e-04
9.567448079692964348e-04
9.580623409751661554e-04
9.590515177063304317e-04
9.597343443595008315e-04
9.601303385755659238e-04
9.559938568371748133e-04
9.568770950622464523e-04
9.574593867298596388e-04
9.577590011839744438e-04
9.577922893480365863e-04
9.575740409832465177e-04
9.542714649275459236e-04
9.502748563999753248e-04
9.551667518175205882e-04
9.571910082559700493e-04
9.618977443592731900e-04
9.655517282891264196e-04
9.500770243478645627e-04
9.539581811161410496e-04
9.475766925680044602e-04
9.515166875784630395e-04
9.551255097168772409e-04
9.583447690002455058e-04
9.611190224094928519e-04
9.633961772742059924e-04
9.733273004109806647e-04
9.813710958611724950e-04
9.816875052744652476e-04
9.881900179463342076e-04
9.934117841028809650e-04
9.975480000017702964e-04
9.962277661916452056e-04
9.944015545765838831e-04
9.920311598986106174e-04
9.890836473495749626e-04
9.958801074808360659e-04
9.917991572553331268e-04
9.871580103962352207e-04
9.819328558263687879e-04
9.622164653597366441e-04
9.586538116698505377e-04
9.618576950212616699e-04
9.643955335678019731e-04
9.663296597391940858e-04
9.624097575273471731e-04
9.670455338048923599e-04
9.701439462797062027e-04
9.720765256122056641e-04
9.648268901084823719e-04
9.691832209360084008e-04
9.735340150031020255e-04
9.778547345655318884e-04
9.628860328569177444e-04
9.663387953275085667e-04
9.607856778550649636e-04
9.637139919287243195e-04
9.669842197629918180e-04
9.699794089455647398e-04
9.726382886570476534e-04
9.830932163872037159e-04
9.913394259254448056e-04
9.977422997037911113e-04
9.983953444419649791e-04
9.986221367023705685e-04
1.004029650254498933e-03
1.003467547278865963e-03
1.002400017597211744e-03
1.007276334144957021e-03
1.011117669724077373e-03
1.009113456774200128e-03
1.012575961454352915e-03
1.015246418978283304e-03
1.012606582584987727e-03
1.015211421331887803e-03
1.012053417771791941e-03
1.014682648260663723e-03
1.016700848600180732e-03
1.018168186385646134e-03
1.019136086419015737e-03
1.019648656171297371e-03
1.019743811880669069e-03
1.017084732352026158e-03
1.013872768851238832e-03
1.010066607807809077e-03
1.005631088117836915e-03
1.008597037200354525e-03
1.003691526491045337e-03
9.981233056003042427e-04
1.004720551684777901e-03
1.008474458730625190e-03
1.002221632363851575e-03
1.006255350779796222e-03
1.009736911400765632e-03
1.003301314152381472e-03
1.007128070653450684e-03
1.000336199038510390e-03
1.004497857030602547e-03
9.973468954088504472e-04
1.001832556720734643e-03
9.943252267378200390e-04
9.991300584977285629e-04
1.003353910948045092e-03
1.007032735650479054e-03
9.997594223806922920e-04
1.003855014068825427e-03
9.963011570902223415e-04
9.974942612348042161e-04
9.989826143766554912e-04
9.996608620335576886e-04
1.000279041284845953e-03
1.000765902842314830e-03
1.001049843320590826e-03
9.952420200133606752e-04
9.964597591241330151e-04
1.004105437187825150e-03
1.009953024829676142e-03
1.014274574423350804e-03
1.014120449694351934e-03
1.013426867003457523e-03
1.012141964318688091e-03
1.010218998333820353e-03
1.018619339835293491e-03
1.023244280090079795e-03
1.026929128494896573e-03
1.029786683003702840e-03
1.026559190635304005e-03
1.022778358892120461e-03
1.026444724891477627e-03
1.022147272882271843e-03
1.017234007882461934e-03
1.011666063990186454e-03
1.017035043587958881e-03
1.010890087214942265e-03
1.004067523090624832e-03
9.807463099395861538e-04
9.830389864987610325e-04
9.793675432766995367e-04
9.819542657343821417e-04
9.778862342016832968e-04
9.823199379904333159e-04
9.864019484855622577e-04
9.906404836372371264e-04
9.948518351750967707e-04
9.979172158468248635e-04
1.000620349091960659e-03
1.012452343635130824e-03
1.020412002274039302e-03
1.026089289240421538e-03
1.030824042982289666e-03
1.032686289766400652e-03
1.034141559379862232e-03
1.038434347863512273e-03
1.040234289641280485e-03
1.041475585569213167e-03
1.042255680973027711e-03
1.046627227514237979e-03
1.047334426986467042e-03
1.049951115136820139e-03
1.050246526884607030e-03
1.050875329206098739e-03
1.051020304192793950e-03
1.054595313963640861e-03
1.054729468254981574e-03
1.054356045852301122e-03
1.058717938277603868e-03
1.058963133002784789e-03
1.058693302851880166e-03
1.057923694688649597e-03
1.056613686362663186e-03
1.054725193043118230e-03
1.052222678732917535e-03
1.049073846008644626e-03
1.045249553721554333e-03
1.024517636381700120e-03
1.024255994844827135e-03
1.022471989443327674e-03
1.022573729302919416e-03
1.020250307289505580e-03
1.017023259274402224e-03
1.018731909074682218e-03
1.014953644165644949e-03
1.017002902763917581e-03
1.018095048997059993e-03
1.014323074237405420e-03
1.015857542506728127e-03
1.011699384040303266e-03
1.013664819992834108e-03
1.009140471616818682e-03
1.011523981065820445e-03
1.012873461619109329e-03
1.008658994237971200e-03
1.010486790162777983e-03
1.005992247326360388e-03
1.008267571851391734e-03
1.009467752560648133e-03
1.009640567662463710e-03
1.006387394226444538e-03
1.007114491968296322e-03
1.003660447692646378e-03
9.992030822211638453e-04
1.001953684369578674e-03
1.003537507688520005e-03
9.995993735182110394e-04
1.001625319183870001e-03
9.974573103294422528e-04
9.998921259232868269e-04
1.001143307595802039e-03
1.001270657926773026e-03
9.985838729913796424e-04
9.992324621521824803e-04
9.963654937518290605e-04
9.974850144471179760e-04
9.974508334991509777e-04
9.952742845044750854e-04
9.957391799950163300e-04
9.950696159579091454e-04
9.936137744955212802e-04
9.934630712592072872e-04
9.921964278598901892e-04
9.898806676052946708e-04
9.865805178655381348e-04
9.877665958379440361e-04
9.878568382951824663e-04
9.868042314400866932e-04
9.872585777592551241e-04
9.859190303311128698e-04
9.833943427857959069e-04
9.857802644807006978e-04
9.829218295694427520e-04
9.855655753059947791e-04
9.823890680561316556e-04
9.852894405247352664e-04
9.868345677638845365e-04
9.842795039821852082e-04
9.805419023769773156e-04
9.840429289631603786e-04
9.800082291825786083e-04
9.837429292295194090e-04
9.860739079399875873e-04
9.826985546044447826e-04
9.873210422773435069e-04
9.918965343531042228e-04
9.885121653627081031e-04
9.929534594442994237e-04
9.887828275211112128e-04
9.922655995932051515e-04
9.965643417674571302e-04
1.000825381750881666e-03
1.003908093836620085e-03
1.006606233214492373e-03
1.018969968044138768e-03
1.026794145977411293e-03
1.032850627544707042e-03
1.035280410348949449e-03
1.038578654504202425e-03
1.040668550505393026e-03
1.043947177426487712e-03
1.045885607679022423e-03
1.047278479078689491e-03
1.048078895324073374e-03
1.048241019323725015e-03
1.051117386209761070e-03
1.052717113166406690e-03
1.052250020457203656e-03
1.053701950434327147e-03
1.054044101097335656e-03
1.053368362195408704e-03
1.051982586509548527e-03
1.053594897101658295e-03
1.051779785983445945e-03
1.049185002933528425e-03
1.045766256463415882e-03
1.053334579878478739e-03
1.048877352202252748e-03
1.053674225185432037e-03
1.048773609529306174e-03
1.043089865441133987e-03
1.049258848164712037e-03
1.054166075007449731e-03
1.057906563510185947e-03
1.052737871204738112e-03
1.046831244585072701e-03
1.040135414812920749e-03
1.032608653749475525e-03
1.024219159753175139e-03
1.004583032720253672e-03
1.008254269354402592e-03
1.003990643098813312e-03
1.007774823124590099e-03
1.003384058153057199e-03
1.007289135564019833e-03
1.009385593472534150e-03
1.005990200452423116e-03
1.001385909194351352e-03
1.005226941823864897e-03
1.011062970574384823e-03
1.014826900396915369e-03
1.018565750821481082e-03
1.007570778369719974e-03
1.012407170813589509e-03
1.015950487691986677e-03
1.012360005829615996e-03
1.015866198556742697e-03
1.012258092455438525e-03
1.006948770195824350e-03
1.009322131022650192e-03
1.005209910013482718e-03
1.007873344364481000e-03
1.008771337096484727e-03
1.005891736122428498e-03
1.007141092627269812e-03
1.004258340068530037e-03
1.005813864361249609e-03
1.002900591847177315e-03
9.987248769835843729e-04
1.002755169414246009e-03
1.008158683169082170e-03
1.012151375516075463e-03
1.008530695361916588e-03
1.003214994166421598e-03
1.005154321557518316e-03
1.005329858730091494e-03
1.003853569732588878e-03
1.003123357066850558e-03
1.001146769162128587e-03
1.002098845668790948e-03
1.000067970854029865e-03
9.967401148860376148e-04
1.001125650760028175e-03
9.972765981765972960e-04
1.001558183616979960e-03
1.005786233568827523e-03
1.003512640525381023e-03
1.007593293823527995e-03
1.010569039637675744e-03
9.993584043962373039e-04
1.005889663881741510e-03
1.009693536570884821e-03
1.006293855721839643e-03
1.001170325752263500e-03
1.004943804133368078e-03
1.008724378330520246e-03
1.006124567821287553e-03
1.001023378306446472e-03
1.004775009411239218e-03
1.000526994621476606e-03
1.004306553537581172e-03
1.000116891342363529e-03
1.003203815590373270e-03
9.989847348736687147e-04
1.002275501189149815e-03
9.980554006644775863e-04
1.002005185729470688e-03
1.005956477747661651e-03
1.003686858346476089e-03
1.007537751744004909e-03
1.004381361848503355e-03
9.994697898020065731e-04
1.002821918446015082e-03
9.983806179895990483e-04
1.001926497478766286e-03
1.003578587166258518e-03
1.000434243545733626e-03
9.960203951976966379e-04
1.000043838871832614e-03
1.003067101965092684e-03
1.002020599510923928e-03
1.005921959117639158e-03
1.002934781748161461e-03
1.006735070276993348e-03
1.009418696011901316e-03
1.011776910541528933e-03
9.916762398455851620e-04
9.997279994298073104e-04
1.001926478962444998e-03
1.000491184779907575e-03
1.002622927388672038e-03
1.004499623123907568e-03
1.006056049547998264e-03
9.874605410442468482e-04
9.895796002519178115e-04
9.914950497233090271e-04
9.931237143699885635e-04
9.943780101414779072e-04
9.951680456176065313e-04
9.823325289767008070e-04
9.853940175769749284e-04
9.875278850336938804e-04
9.997823354824910205e-04
1.000785889508056968e-03
1.000731070843292967e-03
9.995647633420185960e-04
1.011306986366337576e-03
1.009122696468898279e-03
1.005782322250263570e-03
1.010326534226196026e-03
1.018430233123690564e-03
1.021603484950072771e-03
1.024726774769660863e-03
1.034498719034936424e-03
1.028289611945268920e-03
1.037378714374821926e-03
1.044162424411980775e-03
1.048812986564193932e-03
1.051496117271907100e-03
1.047434775252226429e-03
1.042429148863083417e-03
1.047088663307258567e-03
1.049783698842550331e-03
1.050668958906950416e-03
1.047561554081664036e-03
1.043501171805549235e-03
1.046559706666781156e-03
1.047755503587453896e-03
1.044712725702493048e-03
1.040677656955175208e-03
1.044024681806041046e-03
1.039970946492471725e-03
1.043359413624805193e-03
1.044820391386086207e-03
1.041823531249135059e-03
1.037803648480482106e-03
1.041397711014788174e-03
1.043021939989808742e-03
1.042846555184900490e-03
1.041035814008138072e-03
1.040241179441730914e-03
1.038503898667082238e-03
1.038940305594111130e-03
1.037657367903970515e-03
1.044695537148649343e-03
1.050900606540979779e-03
1.042704256439253713e-03
1.048972652157830138e-03
1.041105661006806000e-03
1.037490206970952599e-03
1.044799606985388285e-03
1.035796167845473483e-03
1.032160321584045699e-03
1.041124052562040483e-03
1.046727420866129174e-03
1.049506341456825668e-03
1.049870398024625902e-03
1.027338583891756162e-03
1.026769294118052255e-03
1.025091794076978110e-03
1.022233424868228702e-03
1.026862071017145854e-03
1.023864855233483622e-03
1.019650716004740507e-03
1.014172496868063437e-03
1.022577634950953352e-03
1.016964530224888493e-03
1.024910296172261599e-03
1.019224036487031493e-03
1.021712472471249982e-03
1.024347973070098561e-03
1.026104367305340779e-03
1.028456459137349959e-03
1.029858042252075351e-03
1.031058903821788090e-03
1.015333508058719218e-03
1.016176672962857460e-03
1.016897395966742364e-03
1.011042956542429440e-03
1.011709960836144548e-03
1.015075473091784329e-03
1.026651408907592201e-03
1.026798320560956893e-03
1.026885869495969749e-03
1.026832216736456565e-03
1.012042170273493111e-03
1.012351001355779297e-03
1.012635257172523956e-03
1.012797145633527116e-03
9.952086913742736168e-04
9.959374696368547032e-04
1.000142234001628926e-03
1.015150980030012692e-03
1.014995076470736951e-03
1.018021704688848970e-03
1.029841541595539990e-03
1.029314247092923303e-03
1.031084969851249478e-03
1.040970024101966953e-03
1.038569629072527830e-03
1.039082267986277683e-03
1.039946345367590138e-03
1.040202882950706093e-03
1.041151508055228455e-03
1.040488732614965007e-03
1.038082399582399571e-03
1.030177795117863219e-03
1.037415929408304740e-03
1.042305308390903190e-03
1.035994276586712668e-03
1.040932726823921633e-03
1.034880979891044349e-03
1.039835867765016332e-03
1.042614410577614959e-03
1.043408128391290447e-03
1.042403730156694127e-03
1.040340594059013411e-03
1.039704554174255766e-03
1.037886695244639003e-03
1.035085214746836024e-03
1.036740319267871226e-03
1.036493895281504624e-03
1.034971402067548507e-03
1.034937561834149179e-03
1.033541581509850055e-03
1.033678536601893459e-03
1.041639138291444071e-03
1.039507220927146213e-03
1.034886894741666010e-03
1.043110918573740163e-03
1.032705100578770220e-03
1.028304216777280438e-03
1.022803038251026558e-03
1.034467409351363422e-03
1.020731472254782137e-03
9.675769575781493093e-04
9.659788228430348520e-04
9.684567861994822788e-04
9.803889371375424863e-04
9.657624753773815570e-04
9.615169840459571746e-04
9.562981345193903755e-04
9.721297189882023787e-04
9.830474860199225721e-04
9.898448116593379711e-04
9.931532521266683757e-04
9.934770388750362082e-04
1.000678166840779978e-03
1.011743713176294773e-03
1.012467213346330587e-03
1.008350546343464481e-03
1.017585031429095541e-03
1.012179993384546700e-03
1.014937253907149039e-03
1.024651067887377481e-03
1.023888885152360621e-03
1.016904676076181265e-03
1.025043502458212194e-03
1.031531815192529393e-03
1.024783083054747789e-03
1.031195371155090544e-03
1.036049966657855148e-03
1.039460182837264072e-03
1.041535874967785841e-03
1.042382471935922750e-03
1.038352101142185320e-03
1.033682297004345991e-03
1.036299537852557054e-03
1.031660134098728431e-03
1.026285462812323015e-03
1.030576072493676271e-03
1.025166435470763930e-03
1.029506634722670601e-03
1.032346094495021358e-03
1.027712204239345775e-03
1.022301226410286768e-03
1.026864974078948089e-03
1.021420237870304497e-03
1.015118318962110380e-03
1.007902918442660873e-03
1.015755701806841287e-03
1.008416902351257777e-03
1.010226010440136955e-03
1.011280700486526241e-03
1.012285669498420382e-03
1.004874727941142696e-03
1.005676019531605769e-03
1.006855082965507804e-03
1.007474590912418129e-03
1.008422657524812079e-03
1.018165847541749585e-03
1.018574339937304606e-03
1.018996043756396821e-03
1.019346180544146441e-03
1.019536076984460396e-03
1.019474043680707737e-03
1.019066728057979035e-03
1.018220745557463659e-03
1.016844505739287292e-03
1.000626929416003914e-03
1.008449695395524605e-03
1.009806638805360850e-03
1.010183893132432379e-03
1.009511190914809181e-03
1.017865733621887156e-03
1.023199932574357174e-03
1.022354223518446214e-03
1.020394267735761718e-03
1.017274359399592638e-03
1.024891941970566432e-03
1.029832760551284551e-03
1.032286205407708735e-03
1.030463677906833441e-03
1.027474735207651929e-03
1.023280776821132920e-03
1.017856745851150298e-03
1.025909767820991011e-03
1.020216523702824601e-03
1.027761043066124967e-03
1.032766683028877881e-03
1.028042360323209916e-03
1.022099382196619893e-03
1.029046086395034830e-03
1.023034698958995639e-03
1.025751561764270828e-03
1.034096915886747060e-03
1.036738716701711589e-03
1.039448345727073163e-03
1.030457783897810627e-03
1.036983392815355766e-03
1.039388568074465970e-03
1.041873030353452625e-03
1.043298267015164982e-03
1.030103032521126078e-03
1.030478401132196940e-03
1.032242181307567756e-03
1.041865071943691348e-03
1.043072190158100994e-03
1.043449657657328881e-03
1.043723324627942673e-03
1.027201154542086532e-03
1.038206198339183687e-03
1.045758183427983670e-03
1.042992562853631289e-03
1.035240454221799484e-03
1.041949808841304177e-03
1.034410132897711646e-03
1.041115419728953209e-03
1.033766371348618721e-03
1.040443924858323876e-03
1.033268491809169508e-03
1.034542070560893557e-03
1.033851352217949595e-03
1.035104829482101510e-03
1.036619885260821371e-03
1.037480995663297599e-03
1.038899952528150785e-03
1.038725357946684120e-03
1.036766077860476910e-03
1.042352313939900414e-03
1.045772885476010158e-03
1.040471023419145156e-03
1.044034420998296011e-03
1.038948348987964653e-03
1.042613131326065217e-03
1.037709042098151945e-03
1.031748232249107182e-03
1.024678715276143006e-03
1.032678308792946706e-03
1.038284659788451733e-03
1.032492582321179646e-03
1.038014664905802372e-03
1.032339327195047705e-03
1.025560166171917385e-03
1.027364463293433576e-03
1.036505828711581194e-03
1.038299489047373467e-03
1.040275197191610273e-03
1.032527949793423262e-03
1.031140970584279015e-03
1.032577155258725381e-03
1.031942175536571058e-03
1.033357063118990659e-03
1.035011841471140774e-03
1.035800882608719315e-03
1.036456049852701880e-03
1.036905597815567740e-03
1.013161188886892291e-03
1.013667058984149810e-03
1.014113328988262928e-03
1.007538638878398415e-03
1.008017739531232851e-03
1.011669543907448357e-03
1.011893383092880155e-03
1.012113623698180807e-03
1.012227947563729396e-03
9.513182195057779626e-04
9.597690137234245970e-04
9.648468606099064706e-04
9.768911056112954475e-04
9.895270606144555402e-04
9.992753358872700272e-04
1.006651615887897656e-03
1.012047896071852863e-03
1.001930284870270003e-03
1.013828623275459277e-03
9.771419707737610209e-04
9.894604610764642840e-04
9.763496637537120949e-04
9.775475476928958615e-04
9.929246977631697897e-04
1.004385088365935663e-03
9.746201977055000184e-04
9.879465555868113293e-04
9.751078809042487564e-04
9.743818736802358719e-04
9.624888339685031468e-04
9.575677043684239272e-04
9.501091093055938526e-04
9.403496795332469925e-04
9.285273639664750776e-04
9.497987702357864629e-04
9.655777809607140813e-04
9.765998078895689154e-04
9.834780716811816932e-04
9.867260265303677991e-04
9.960051662126767624e-04
9.967937134756669430e-04
1.005528535350054759e-03
1.012001222182702144e-03
1.016377884527682384e-03
1.018824478169975175e-03
1.020337021607820418e-03
1.019998306268931915e-03
1.024114330756016990e-03
1.022969187142073848e-03
1.020213440608579419e-03
1.015880723115023844e-03
1.023727103279848749e-03
1.029200614450445465e-03
1.025533520022118813e-03
1.030812921747216188e-03
1.033913452438878482e-03
1.035027856738434966e-03
1.034342924418058538e-03
1.033762401349014055e-03
1.032083249216268327e-03
1.029241828487905634e-03
1.032628851094052717e-03
1.033966274830087819e-03
1.033449989749637369e-03
1.041124734502599193e-03
1.047284606641327989e-03
1.039666600941181653e-03
1.036266014003698471e-03
1.043501814572970121e-03
1.034672949559181003e-03
1.031197262999154545e-03
1.040114259132092055e-03
1.029604136598312025e-03
1.025255711712002790e-03
1.019808730916381976e-03
9.688146796592196630e-04
9.665951240028845641e-04
9.680998069313574966e-04
9.806621359614187561e-04
9.886217845053563678e-04
9.981076386346035643e-04
1.006290610045171459e-03
1.009426610708375046e-03
1.016735210843217616e-03
1.022744859439984368e-03
1.027521491355085081e-03
1.031131052395692837e-03
1.033638822389974397e-03
1.035108809742596404e-03
1.035334560850498589e-03
1.036585090505404627e-03
1.035933363760918255e-03
1.037052775863393393e-03
1.037119395659947272e-03
1.036213413959808727e-03
1.034410143133238265e-03
1.031780366860185179e-03
1.038147373253735326e-03
9.934714612754417824e-04
9.932069508660837376e-04
9.962549193760896014e-04
9.937014014437558877e-04
1.000108948275145460e-03
1.003396196375778201e-03
9.879108439213163395e-04
9.931342488523585421e-04
9.952752631092482566e-04
9.948111089115626703e-04
9.806822293406841119e-04
9.838145273938102200e-04
9.788107760262719850e-04
9.818482213135046408e-04
9.912352125080467827e-04
9.989862182132784943e-04
1.004401077127541802e-03
9.652916964668790262e-04
9.691451781335757394e-04
9.728044435359080528e-04
9.761780257766047722e-04
9.791752500360878519e-04
9.917437972248161187e-04
9.936845165848136579e-04
1.003184428487873718e-03
1.009854740584494905e-03
1.014129315972163046e-03
1.016366939152893792e-03
1.026075402992472933e-03
1.033084514010837235e-03
1.027486392516832169e-03
1.034252436177575656e-03
1.038406573081001021e-03
1.021141905472829244e-03
1.021470794225474033e-03
1.021978640936266943e-03
1.022059339709588226e-03
1.022450992757067360e-03
1.022295725087573855e-03
1.021393131314964325e-03
1.019666863464066976e-03
1.017049641331421901e-03
1.021243728690473217e-03
1.023893330745896495e-03
1.021470576376593171e-03
1.024100024396247619e-03
1.025327673265648233e-03
1.025276113707983012e-03
1.024059932286185658e-03
1.023470526111088571e-03
1.022109249605849873e-03
1.019895190452893303e-03
1.021910726359381285e-03
1.019498634481818622e-03
1.016153896657930088e-03
1.019801267198906965e-03
1.021945127768554215e-03
1.019144667713878369e-03
1.021443936393642447e-03
1.018497379798139922e-03
1.020951680778133279e-03
1.021991949732364673e-03
1.019727516957452543e-03
1.016545792846394432e-03
1.019417656337271100e-03
1.020829632824644256e-03
1.020906261060529991e-03
1.019264602306445364e-03
1.016725525226713474e-03
1.018704277296621913e-03
1.019285271501269366e-03
1.018592189655438728e-03
1.026566707883449364e-03
1.032362106862326056e-03
1.025000827527413434e-03
1.023377457118903721e-03
1.019708438078871819e-03
1.016183690376929599e-03
1.011893710467304166e-03
1.022385828461190062e-03
1.010263698123203087e-03
1.005820343833590440e-03
1.017528774257983430e-03
1.025678046119841589e-03
1.030859869396804837e-03
1.033531197839587671e-03
1.034042348683584167e-03
1.032659949556847655e-03
1.029585655044490834e-03
1.024971681738540575e-03
1.005030089846020019e-03
1.008315833878672572e-03
1.010007007677798116e-03
1.008321750097275265e-03
1.005610857484736309e-03
1.001809124349190006e-03
9.968661972373121013e-04
1.000290962958478615e-03
1.003819114751994777e-03
1.004091455923863041e-03
1.007297952240759648e-03
1.006468278102279432e-03
1.009423048045061597e-03
1.008360219624050312e-03
1.014716652322163225e-03
1.011414349024080013e-03
1.015403182049862173e-03
1.017783943856286717e-03
1.013868015091267663e-03
1.016536020732911440e-03
1.017702290178302280e-03
1.014814143606136481e-03
1.016325226362685755e-03
1.013449743219670737e-03
1.015260097404836184e-03
1.012362252878797921e-03
1.014435803571868064e-03
1.015049946005374369e-03
1.013069388231673060e-03
1.010097795600046946e-03
1.006068514962229262e-03
1.000929557110418356e-03
1.004054984271528315e-03
1.002487748537791686e-03
1.005420115602992815e-03
1.003710200285049935e-03
1.009533986439769670e-03
1.013599441182857401e-03
1.008944391756986777e-03
1.003227346664162418e-03
1.006001872134183522e-03
1.008945102471964098e-03
1.010901177683345064e-03
1.012647883467040610e-03
1.014115200875012916e-03
1.015228352381632735e-03
1.036079616192619578e-03
1.036981283757948749e-03
1.050589642555524190e-03
1.059199706412274631e-03
1.059387957999575677e-03
1.067271747120510051e-03
1.067221821679463977e-03
1.066752467931722471e-03
1.065791942039856456e-03
1.064270407518235276e-03
1.070314819402259530e-03
1.067938031514797112e-03
1.073319606562512987e-03
1.070243524657092096e-03
1.075214814824255929e-03
1.071565630764862885e-03
1.076305267738752666e-03
1.079641249016689104e-03
1.081688973534499030e-03
1.082552142146120475e-03
1.082324719124352908e-03
1.081092275438688861e-03
1.078933230526321575e-03
1.077650724260526428e-03
1.075868614736750660e-03
1.075643681244588127e-03
1.074346818030844130e-03
1.072070272785653495e-03
1.071496248516166970e-03
1.069705760573900306e-03
1.069200144234770146e-03
1.067822178374921343e-03
1.067343483647222426e-03
1.066242297944343040e-03
1.066617329362085304e-03
1.065432976088203591e-03
1.065997203215222162e-03
1.064729435336923564e-03
1.065465176393985171e-03
1.064114753029388964e-03
1.062013325538106127e-03
1.064386198179421939e-03
1.065289006754781059e-03
1.064871250336750898e-03
1.064010031440389787e-03
1.062447384183327296e-03
1.060098480415155560e-03
1.056883940779745554e-03
1.052730741599093535e-03
1.058760243186343411e-03
1.062917362634360936e-03
1.065389136116347930e-03
1.066348644908043149e-03
1.065954252003917333e-03
1.064349478360397325e-03
1.063838183986655448e-03
1.062614743909224505e-03
1.062186832551522634e-03
1.061283121002753495e-03
1.013163910776577938e-03
1.005402265280561482e-03
1.010153053164284352e-03
1.013175981517548284e-03
1.006896722892668648e-03
1.010532427181520809e-03
1.004238621733733470e-03
9.964517159123688610e-04
1.002872506082668532e-03
9.949781839563992536e-04
9.854724457683194331e-04
9.844290973163502805e-04
9.955423552124764881e-04
9.949233012947638656e-04
9.941489804527565630e-04
9.929208268498938925e-04
9.911544169355231658e-04
9.860714971687031642e-04
9.963794300808215786e-04
9.948951881524571370e-04
9.964017818694006611e-04
9.948552641390359490e-04
9.927986258087488202e-04
9.901421612748852186e-04
9.867969231183669736e-04
1.007020331379429503e-03
1.003241995937336709e-03
1.019921479777596146e-03
1.015813301669486659e-03
1.010846786153076588e-03
1.026290648340272326e-03
1.021002710326254868e-03
1.014769630477701298e-03
1.007527688073429212e-03
1.008752237513516579e-03
1.009371554362565844e-03
9.872246605275997178e-04
9.914473400404915423e-04
9.943651972997256949e-04
9.934715996341085369e-04
9.990749815856415136e-04
1.001460139099102269e-03
1.009939325107294446e-03
1.015866367270316624e-03
1.009943758765372923e-03
1.016078246148682503e-03
1.009937403125787773e-03
1.016243933956857389e-03
1.018931699479081040e-03
1.002967343967758581e-03
1.010591478288368900e-03
1.017143731684781206e-03
1.020053432017737705e-03
1.019828131825845996e-03
1.016875410133470572e-03
1.003591195004861509e-03
1.006319794270231494e-03
1.006298496536673628e-03
1.013052893810475466e-03
1.009293184035268661e-03
1.003506313993911747e-03
1.015114226115677084e-03
1.022705874840099723e-03
1.026846487282998986e-03
1.009604833015023163e-03
1.006264448825693828e-03
1.015829466488046319e-03
1.005493440802092625e-03
1.000184568193044797e-03
9.930043596824385862e-04
1.007238716262504529e-03
9.915946901523533911e-04
1.005888413780104285e-03
9.905609417452116826e-04
9.822441673445095160e-04
9.723676621898354319e-04
9.146393525774477833e-04
9.277795121663434024e-04
9.353078374214653101e-04
9.475581291386636672e-04
9.589956142863487057e-04
9.595319450198454845e-04
9.674047648740090148e-04
9.734805966142962529e-04
9.778885426396635629e-04
9.800273685228004517e-04
9.794822285305584617e-04
9.763522269053931217e-04
9.707176726267848464e-04
9.807008427443484125e-04
9.884937042992404665e-04
9.830014790987440243e-04
9.844672927651180756e-04
9.850457168925593528e-04
9.880114199106386063e-04
9.880319973625043255e-04
9.956839326870484987e-04
9.882572849623748584e-04
9.882554120482771754e-04
9.891440366999774362e-04
9.888483120414470057e-04
9.897367727072273712e-04
9.976223467358380503e-04
9.892432533931483710e-04
9.973108520969626006e-04
9.887311836676432319e-04
9.879742869597983417e-04
9.982010579034441850e-04
9.973547120026989791e-04
9.884095355869348173e-04
9.874416498462559432e-04
9.859734813147359115e-04
9.839230258686046133e-04
9.812065778443735710e-04
9.676498935959453995e-04
9.816314609321719412e-04
9.792466663293558637e-04
9.825914747009620222e-04
9.801137988926175455e-04
9.770991353035384918e-04
9.734535712801740915e-04
9.577285746317684137e-04
9.736078408984936636e-04
9.868426045904208407e-04
9.840809154689103382e-04
9.868891374063442409e-04
9.841409294074120271e-04
9.869414764452611420e-04
9.976747779199101728e-04
9.953905648163801582e-04
9.969676959565652429e-04
9.947378179464782220e-04
9.963844618065902624e-04
9.941934638496808738e-04
9.915371175432141117e-04
9.853719789204515040e-04
9.963242013351204882e-04
1.004960392950342675e-03
1.003348865515032735e-03
9.935828276153232941e-04
1.001513217749796158e-03
9.917773558077765811e-04
9.999967797684095223e-04
9.902574724142928272e-04
9.888029219089018631e-04
9.869127827891689339e-04
9.844966326852397712e-04
9.795702830397033569e-04
9.914423059177415905e-04
9.893521371795914541e-04
9.916055850952342019e-04
9.894783948928103073e-04
9.917146489298537398e-04
1.001185135406222181e-03
9.994933452948447528e-04
1.000519555930544282e-03
9.988494519827251228e-04
9.999488341612453556e-04
9.989381378929110614e-04
9.887963739671915345e-04
9.871840806260829583e-04
9.981353477657654415e-04
9.965199007008406981e-04
9.944119650287940211e-04
9.917203379089514423e-04
9.883546500332783882e-04
9.842273031196960720e-04
1.005303142248352129e-03
1.021599516408296538e-03
1.033825088348560390e-03
1.030333128266410327e-03
1.040594854966891492e-03
1.037000186761482092e-03
1.045775279750150001e-03
1.042098631623529503e-03
1.049745794558549746e-03
1.046004098536568346e-03
1.052793557821130217e-03
1.049000583725001731e-03
1.055136363947534140e-03
1.059114992550379015e-03
1.061202862008572834e-03
1.059036037331059429e-03
1.056111843717497762e-03
1.052340962032055497e-03
1.057642985011704711e-03
1.053807529578580128e-03
1.049046557322649278e-03
1.043287176098118673e-03
1.051825129228940638e-03
1.045938225455589690e-03
1.039013918343487716e-03
1.048972810998653662e-03
1.041937680047473570e-03
1.051426453555895585e-03
1.058622185523469149e-03
1.052517833012787864e-03
1.045437979334064120e-03
1.054317755512718504e-03
1.047220123484842759e-03
1.055791449058897206e-03
1.048700441389863311e-03
1.057005022944814852e-03
1.049938649995249725e-03
1.041878132853775495e-03
1.032773198599911324e-03
1.005123988354118944e-03
1.000750167642998128e-03
1.004949503552703865e-03
1.012408299476542104e-03
1.008110733561454848e-03
1.004134175104370082e-03
1.008832484682408446e-03
1.005064225754809986e-03
1.009445961213183141e-03
1.005872827905276339e-03
1.009963230779415983e-03
1.006574552402376326e-03
1.010873852586201748e-03
1.015098879022714512e-03
1.018155462264988846e-03
1.020803708533360703e-03
1.004015079512616355e-03
1.006340902851705389e-03
1.007534772697811368e-03
1.009674626532567916e-03
1.011508607194774650e-03
1.012976946928848118e-03
1.000718685799758612e-03
1.001831329184570563e-03
1.002837232330251087e-03
1.003643078540485773e-03
1.004148376951595869e-03
9.882674700360933023e-04
9.922459631389096615e-04
1.004502033783372366e-03
1.007699000571385308e-03
1.009831090268660482e-03
1.019637268022044116e-03
1.021086547422594276e-03
1.021328838989930864e-03
1.030067657878439187e-03
1.029752368239430799e-03
1.036356612752284238e-03
1.035675215017577535e-03
1.040639716633614317e-03
1.039740776118643680e-03
1.037491333701263865e-03
1.033856777163041701e-03
1.042209306625905326e-03
1.038379208137017251e-03
1.045540440476087863e-03
1.041642963790655749e-03
1.036343970741995368e-03
1.045067711487066746e-03
1.050193820719539468e-03
1.051953132182354258e-03
1.049772076001168931e-03
1.051054952756269329e-03
1.049231134187011407e-03
1.048996870418987494e-03
1.047384740095613862e-03
1.044344836169095337e-03
1.047672640671587540e-03
1.044854590494096987e-03
1.047601494455630521e-03
1.047071995876775255e-03
1.046258880991111006e-03
1.045400685746298653e-03
1.044914553682419877e-03
1.043730519428876305e-03
1.043568853369578487e-03
1.042061413086607180e-03
1.042221450208675104e-03
1.040392868312745717e-03
1.040871581282350232e-03
1.038724220256080719e-03
1.042732876589779053e-03
1.036187276037990254e-03
1.046553440098796795e-03
1.033010236801769170e-03
1.024137631007557671e-03
1.013129994382903475e-03
9.525608908093654821e-04
9.627867947890778478e-04
9.478470991715456841e-04
9.459417641100131662e-04
9.351464490235967143e-04
9.224235901307020237e-04
9.079894024993557817e-04
9.332864595526040551e-04
9.042204089595096616e-04
8.888827435214434339e-04
9.173340890569647204e-04
9.308126603651900935e-04
9.578974020083677642e-04
9.557190831340878863e-04
9.573590538420153392e-04
9.586241405911273246e-04
9.808074595829027569e-04
9.975224662846788725e-04
9.864431714910726866e-04
9.860810691964857610e-04
1.002890247135184050e-03
9.946550195336543131e-04
1.009717158017599693e-03
1.001187058219123269e-03
9.987966953910003536e-04
1.013734384199967489e-03
1.024479284693098321e-03
1.009576304852448283e-03
1.021411531207524212e-03
1.029400260606800439e-03
1.017258374841526142e-03
1.015722014229167042e-03
1.026323032872840943e-03
1.033249480818450132e-03
1.022116864498355711e-03
1.031063580067025911e-03
1.023710120444473346e-03
1.020969675862940093e-03
1.017823633275477362e-03
1.013424477941931223e-03
1.026090124716887543e-03
1.013145359439567104e-03
1.025648695548205718e-03
1.013045181824042979e-03
9.604921868993571751e-04
9.598042334034004221e-04
9.682234614280495677e-04
9.576847059120186054e-04
9.658990981369822539e-04
9.692426568917335413e-04
9.683677730382240709e-04
9.823110654822186406e-04
9.943258285662755994e-04
1.004531255703119833e-03
1.001045446227609003e-03
9.951047262256099406e-04
9.960163686233572747e-04
9.996406822212753392e-04
9.993169126091944708e-04
9.982089405965620041e-04
1.003162517345449617e-03
1.005221935682530741e-03
1.003371225086885626e-03
1.006020959683766747e-03
1.003773840151077302e-03
1.006257896823383553e-03
1.003748682099481334e-03
1.000918049594196318e-03
1.005214240692232138e-03
1.002190519888778320e-03
1.005501333045297077e-03
1.015694656424373987e-03
1.015800540190683714e-03
1.022954729705308511e-03
1.028256763443491113e-03
1.019733013056591062e-03
1.025355647538096424e-03
1.016901653425714321e-03
1.007223123485509594e-03
1.015228979119950879e-03
1.005528087246703025e-03
