1.898241656724590221e-01
1.896257152124140311e-01
1.894012695537289348e-01
1.891632652653029156e-01
1.888891072886249023e-01
1.885758933453590969e-01
1.882301753206057360e-01
1.878504242951139491e-01
1.874496486939898621e-01
1.869982228435670968e-01
1.865005724261473430e-01
1.859386279585873714e-01
1.853235609600048239e-01
1.846534226845019944e-01
1.839277732103526963e-01
1.831164842382969060e-01
1.822813736508595572e-01
1.813762634551758512e-01
1.804082786670281879e-01
1.793921543728605739e-01
1.782599877791922194e-01
1.771208700505514655e-01
1.759627147376948975e-01
1.747816845621334991e-01
1.735356244981108298e-01
1.723062087531103959e-01
1.710737904992067626e-01
1.697915794094349007e-01
1.685553938253316064e-01
1.673051092369459425e-01
1.660889007081262359e-01
1.649125229995603847e-01
1.637225793043060595e-01
1.625282634858732367e-01
1.613531123281603530e-01
1.602581634373587416e-01
1.591310595199288691e-01
1.580233931973511197e-01
1.568769148416429005e-01
1.557803418872943657e-01
1.547539215756237596e-01
1.537542187145381212e-01
1.526818955224331364e-01
1.516493589812116793e-01
1.506492651169864805e-01
1.496619532639244798e-01
1.486803506511330530e-01
1.475993208743076324e-01
1.466250557097480700e-01
1.456344817124669011e-01
1.446603612169290731e-01
1.436931601137165782e-01
1.427287076811565580e-01
1.416724889586222780e-01
1.406733340230660878e-01
1.396951377471507827e-01
1.387184588343226832e-01
1.376423728028727811e-01
1.366151513361558711e-01
1.356184682923867735e-01
1.346358832064920852e-01
1.336584890175987750e-01
1.326291417227564995e-01
1.316535468184812374e-01
1.306584618584879509e-01
1.296377538101390614e-01
1.286408831488518034e-01
1.277135230592519877e-01
1.267951479549436766e-01
1.258115688929533627e-01
1.248791397642708689e-01
1.238997454328450570e-01
1.228728725784112435e-01
1.219183685221759961e-01
1.209573074733788639e-01
1.199900885254846922e-01
1.188914108899909172e-01
1.179301046837646222e-01
1.169389507231460290e-01
1.159364775884715176e-01
1.148674749715250243e-01
1.138350698081389833e-01
1.127297553006795516e-01
1.116069771387842025e-01
1.105306195002020986e-01
1.094627847014666699e-01
1.084078675218327903e-01
1.072087003187617016e-01
1.061209364612095696e-01
1.050513370745656677e-01
1.040072424650434341e-01
1.029889600054033627e-01
1.018747107806869251e-01
1.008589999697949297e-01
9.982249403481371908e-02
9.876841539448152907e-02
9.775104886064522880e-02
9.681618625168555980e-02
9.586707366528435248e-02
9.492253125427980998e-02
9.392891710365068592e-02
9.293991342450398652e-02
9.191165971356156372e-02
9.091565529590189820e-02
8.994101765574809282e-02
8.898210937217949923e-02
8.799332649387765770e-02
8.692506872847476085e-02
8.591790204298993539e-02
8.492484797722665846e-02
8.392477926608102323e-02
8.282766299798877130e-02
8.174021687143227799e-02
8.070122486710083753e-02
7.965882441975409567e-02
7.852558747044578735e-02
7.737829656680235424e-02
7.630813415537493483e-02
7.526636934700144110e-02
7.417261765012746200e-02
7.314035191726660223e-02
7.199433642523725418e-02
7.093025316924533863e-02
6.989040851860263415e-02
6.876189729573427278e-02
6.764958204004048459e-02
6.662504147858400172e-02
6.558686708450620073e-02
6.457007743289523705e-02
6.357915684100229337e-02
6.252274218779253767e-02
6.148683708112283319e-02
6.049469906497989546e-02
5.947838608962102702e-02
5.853319021783514459e-02
5.757012017337452547e-02
5.663267150273915140e-02
5.566596965032562239e-02
5.470299147039900389e-02
5.380586105078460218e-02
5.293136811318845114e-02
5.206759222299609663e-02
5.121277835789874583e-02
5.024944872911218940e-02
4.937032600644929853e-02
4.850533638505325623e-02
4.756524315110996493e-02
4.671106222417598097e-02
4.578696024533848719e-02
4.485773552355791505e-02
4.398144949723627878e-02
4.312030290922037878e-02
4.221980914753499514e-02
4.135582210925257268e-02
4.047368250272905671e-02
3.958930004797402841e-02
3.859612359386874886e-02
3.767952108316109661e-02
3.676549603187064669e-02
3.587532639884980640e-02
3.493316769797612936e-02
3.405077493685249729e-02
3.312482860023893000e-02
3.223231543709195041e-02
3.131929424921283539e-02
3.034057005640327861e-02
2.941685098005956261e-02
2.846245525014155439e-02
2.757082023524965245e-02
2.660641088713806141e-02
2.567046223627861973e-02
2.475077628319852230e-02
2.382845037806454944e-02
2.282376726833847819e-02
2.183829897968045386e-02
2.083917929918999504e-02
1.987241380464491863e-02
1.889881821201911880e-02
1.780033014608377664e-02
1.683148872547845371e-02
1.586230795506195917e-02
1.484162730862191408e-02
1.379002634170293715e-02
1.280483812378197146e-02
1.183189607515056606e-02
1.090158807601821628e-02
9.965073497369055303e-03
9.125958377642509264e-03
8.294642298279848378e-03
7.562702936100050913e-03
6.882748878264863777e-03
6.241277538433532938e-03
5.616710067474958365e-03
5.089569560199116646e-03
4.613615012641491750e-03
4.186420200536166390e-03
3.823828144952459793e-03
3.499554469369537801e-03
3.163733405282486127e-03
2.860668776026591316e-03
2.635301745463004310e-03
2.436930002442409468e-03
2.262773804190716664e-03
2.117444339127946655e-03
1.983179269445636654e-03
1.833424209904271429e-03
1.733853238887919038e-03
1.647132846375786016e-03
1.574106840550452621e-03
1.506533974687377471e-03
1.449196354378452616e-03
1.399008143991149929e-03
1.354000108072963941e-03
1.314760285313185941e-03
1.280662509290127335e-03
1.250633357509958830e-03
1.224393166239364557e-03
1.200798171557506582e-03
1.179726297213843462e-03
1.161946224409022687e-03
1.146315303785378327e-03
1.132545227376882289e-03
1.120386140487930875e-03
1.107885252181427076e-03
1.098318837964843602e-03
1.089797154342015285e-03
1.080008234879151641e-03
1.033662907382640241e-03
1.027329513993633248e-03
1.021654817260989664e-03
1.016541174506493386e-03
1.011906671520611386e-03
1.007682378316711921e-03
1.003810207584420085e-03
1.000240940549404533e-03
9.937265005656985978e-04
9.873123775543685837e-04
9.845024456383007303e-04
9.782470085027111361e-04
9.720088837437951658e-04
9.752103853924451796e-04
9.781017888078091024e-04
9.807025497464193567e-04
9.851531494135523908e-04
9.897963438948906810e-04
9.937663957734039436e-04
9.584383590713832371e-04
9.588370115784079729e-04
9.589976531280356570e-04
9.603680619000766082e-04
9.613830413191974201e-04
9.606884542052545857e-04
9.612356438063069395e-04
9.600762049082998831e-04
9.602533887177506925e-04
9.602383022551808220e-04
9.600593090992277446e-04
9.597407300029405256e-04
9.593034417332036183e-04
9.570162600727928235e-04
9.545574819576807708e-04
9.519183879219068932e-04
9.512688095434807672e-04
9.483017356118282051e-04
9.451463469404441540e-04
9.443757025839800458e-04
9.435444562292442071e-04
9.426630228638793524e-04
9.389596458497065671e-04
9.350725641343343069e-04
9.341667510021559170e-04
9.332257053298532090e-04
9.322564211229851299e-04
9.312648527017850560e-04
9.302560986099690050e-04
9.292345204502637512e-04
9.282038452580618432e-04
9.271672537082485373e-04
9.261274561221472185e-04
9.250867579663672822e-04
9.294898137196817281e-04
9.289643701811198121e-04
9.281204993589630857e-04
9.272746478379126139e-04
9.315907268940471679e-04
9.211844281773772566e-04
9.203615169567627360e-04
9.195404671376040387e-04
9.187220957457040800e-04
9.179075115407436076e-04
9.170976494314816464e-04
9.162932940302945684e-04
9.204528722051398071e-04
9.299202954791377807e-04
9.328825914340823765e-04
9.384067801037417229e-04
9.429897953920783529e-04
9.467678381528637881e-04
9.498572871842831051e-04
9.500461477407505864e-04
9.522369198684376822e-04
9.539626833201907260e-04
9.552909918876907125e-04
9.540854896921459067e-04
9.526136560416636426e-04
9.532731265557122316e-04
9.536817155553082084e-04
9.514291698404287768e-04
9.515258304369214257e-04
9.514521859773725915e-04
9.485437848667757806e-04
9.453951992339099933e-04
9.450775507813091291e-04
9.415127899975473400e-04
9.410571987367412827e-04
9.405126949672116101e-04
9.398941162205464621e-04
9.392141425897870474e-04
9.348739558295597260e-04
9.303112891179699797e-04
9.255206043750105298e-04
9.339895048485083538e-04
9.334223895452706558e-04
9.371511196376796455e-04
9.284574327368532321e-04
9.326571898358631055e-04
9.222708986561784341e-04
9.216452083827807737e-04
9.210014687989750764e-04
9.203436732907763294e-04
9.240763874063129962e-04
9.273587561278728592e-04
9.301848683274747259e-04
9.325503741769397385e-04
9.380382885038571769e-04
9.425861694903648084e-04
9.463314154104791442e-04
9.463979916542504403e-04
9.461042818260518824e-04
9.454442967718817373e-04
9.444136215924166028e-04
9.430093534987044534e-04
9.412300598954571234e-04
9.390757395217237419e-04
9.402115216520254368e-04
9.410176011838158839e-04
9.415440992246383763e-04
9.380955837575975006e-04
9.382980162236474872e-04
9.343083913897781310e-04
9.342724015415433854e-04
9.297883963062552508e-04
9.250257563227650510e-04
9.342777901688586887e-04
9.382299932576824335e-04
9.297701466743424955e-04
9.341401606517213884e-04
9.238513939476128683e-04
9.234926325934025067e-04
9.272416512187538163e-04
9.369988317618413443e-04
9.445140452946247439e-04
9.465264137434178330e-04
9.536843637994473800e-04
9.588634765583095359e-04
9.633142461740023524e-04
9.636775885496901266e-04
9.659929640060746633e-04
9.678121090197404700e-04
9.692091644123008954e-04
9.681341392962449464e-04
9.668150232657519473e-04
9.675692694856777428e-04
9.680515997041623522e-04
9.683040320715462831e-04
9.683624816070650560e-04
9.682576683335261452e-04
9.654496266352133966e-04
9.624206786753710741e-04
9.591564176581787293e-04
9.422567061965318475e-04
9.415909039816839580e-04
9.390885577733000186e-04
9.384123662132321702e-04
9.354689462879856423e-04
9.321984481468850205e-04
9.285938305118385727e-04
9.280242120107026716e-04
9.273899879790153651e-04
9.232057562806845292e-04
9.318148949750696330e-04
9.312833888890126614e-04
9.307105257593168996e-04
9.350988981487625947e-04
9.262910746401114594e-04
9.311009822788640687e-04
9.206252455842043421e-04
9.201097229864543510e-04
9.195731850445814639e-04
9.190204424447145394e-04
9.232512372682608525e-04
9.329992751582134912e-04
9.361617060828767616e-04
9.388950541447874240e-04
9.265010992039997631e-04
9.306225566479237000e-04
9.339766313268955912e-04
9.366780463857431530e-04
9.388245511592900779e-04
9.400561163691385953e-04
9.415830501076542054e-04
9.427282844538519566e-04
9.435498870981640388e-04
9.440974108267230882e-04
9.444131766238066843e-04
9.439744278155819904e-04
9.431391928758527240e-04
9.432545797591223614e-04
9.418294096337330055e-04
9.417973440009207078e-04
9.416271962090953058e-04
9.394807241861766536e-04
9.392460719547099032e-04
9.365675238791296587e-04
9.362971818590526624e-04
9.359385914975450454e-04
9.355070292868833837e-04
9.350155071125111411e-04
9.344751428905751726e-04
9.308992002885183069e-04
9.304373016740646310e-04
9.299335344439904486e-04
9.293962235822237836e-04
9.252446334810504732e-04
9.248168839481575804e-04
9.296261338608703250e-04
9.342422507904618069e-04
9.377070750461874438e-04
9.407849934532390088e-04
9.486255682470853779e-04
9.508476454040294809e-04
9.526860056563786917e-04
9.541264215894631204e-04
9.424237667444840521e-04
9.440852773117056063e-04
9.465487234886627152e-04
9.484801261372576746e-04
9.499611209569608448e-04
9.510612097369051509e-04
9.508932117845532916e-04
9.503185971158908214e-04
9.493254741940720248e-04
9.479051500417119908e-04
9.485094636113304729e-04
9.488760325032977692e-04
9.465494150822821107e-04
9.438157412835610936e-04
9.406718158095795247e-04
9.409259768597093418e-04
9.410191431062812440e-04
9.409779306130192219e-04
9.408246162406534935e-04
9.405789789289839553e-04
9.402575130215234901e-04
9.358583967184955351e-04
9.311101047322335950e-04
9.357410758189878318e-04
9.379045967207262548e-04
9.379731741703314094e-04
9.421365748599275572e-04
9.323214110637659865e-04
9.358125246901656145e-04
9.067676891805722577e-04
9.063768145505230302e-04
9.059696437799632162e-04
9.055476113699437472e-04
9.051140242234758130e-04
9.046717279480099346e-04
9.042231625266528407e-04
9.037704123525948071e-04
9.033152506539890133e-04
9.028591788652524670e-04
9.085404638935993139e-04
8.986804422048987918e-04
9.047286048686000197e-04
9.161956796104103393e-04
9.249314275394269688e-04
9.323253923415173632e-04
9.385769602402026669e-04
9.438551062996099108e-04
9.483032565857071666e-04
9.520432716323928672e-04
9.541490696482617150e-04
9.559286607059305991e-04
9.572465940084556261e-04
9.582783993107203560e-04
9.591584515877265172e-04
9.597219681022472072e-04
9.598228690260225161e-04
9.601352212024070673e-04
9.602273854676193245e-04
9.601365069844360924e-04
9.598940546933191912e-04
9.588554728438038188e-04
9.574164363736713517e-04
9.555633178668275713e-04
9.554801331525249013e-04
9.530447902906008691e-04
9.529427868521210283e-04
9.527287506484631097e-04
9.524225022740387360e-04
9.491920253399584997e-04
9.455583137380526703e-04
9.454820359745966588e-04
9.453212476814180703e-04
9.450909253134776337e-04
9.407715655399762544e-04
9.360630935118352102e-04
9.404584889385567701e-04
9.431501409915180696e-04
9.434219558255280526e-04
9.473028868462350302e-04
9.389063607174645641e-04
9.421957414087492278e-04
9.331002163505696962e-04
9.366117709592215474e-04
9.397591755517828264e-04
9.285267119847811839e-04
9.348238434521125061e-04
9.399909184689826495e-04
9.423941449213482950e-04
9.463806790659544301e-04
9.496009696301925323e-04
9.521740450326877242e-04
9.542006062992897369e-04
9.546619757196779998e-04
9.546961553903668017e-04
9.542830012088704579e-04
9.558255508384741082e-04
9.570063615815858991e-04
9.578815791128429116e-04
9.584988928352830388e-04
9.588988467004573796e-04
9.570209849630497562e-04
9.547180805177715029e-04
9.552158088990242955e-04
9.555420443764102954e-04
9.557235536994865537e-04
9.557831071163910407e-04
9.557401141490040044e-04
9.556111106037645190e-04
9.523401664004435335e-04
9.523687809404536748e-04
9.486330562704504803e-04
9.488130038560119292e-04
9.489083602409190609e-04
9.446624617985664848e-04
9.449310029416247911e-04
9.451198950800564214e-04
9.403882142900378723e-04
9.407662650717113235e-04
9.410668977480661588e-04
9.413007760714228950e-04
9.414770119701466877e-04
9.362761921186713325e-04
9.461117447829696945e-04
9.464001458787031250e-04
9.466317616543410210e-04
9.468138250124717671e-04
9.469525147376275584e-04
9.470531679614148509e-04
9.471203928713266967e-04
9.381387145329712386e-04
9.382098900067039303e-04
9.382581842424602379e-04
9.382861038511700492e-04
9.382958044228622120e-04
9.422586262798889143e-04
9.461868951265323688e-04
9.490798341491843209e-04
9.569357751251678394e-04
9.635826093655075345e-04
9.691629185800047872e-04
9.738386948300311674e-04
9.748928330671012945e-04
9.798375111016094981e-04
9.804828499765598070e-04
9.848920060738582290e-04
9.876097640752490043e-04
9.898677159492562209e-04
9.897962557242267687e-04
9.894498197968795705e-04
9.888015555083917631e-04
9.913749205036346320e-04
9.898999041129590091e-04
9.705022740600698170e-04
9.703159947115358192e-04
9.699635807495916558e-04
9.694749855245244101e-04
9.688753855890745682e-04
9.681859123263936726e-04
9.674242717817527421e-04
9.666236754597337232e-04
9.653645493599218334e-04
9.650277260145865860e-04
9.632132386547976200e-04
9.630246590249244088e-04
9.606444649152232626e-04
9.606071711541217320e-04
9.604731164176331199e-04
9.574720451843712291e-04
9.575245756584322343e-04
9.539787460574621937e-04
9.499394396657363402e-04
9.454037274873304010e-04
9.461654567264879065e-04
9.467993613238355564e-04
9.473228122670658991e-04
9.421401767970733485e-04
9.522685210131274277e-04
9.559393744056944326e-04
9.595482190014500675e-04
9.687348418931310138e-04
9.703300204282620973e-04
9.779422302884754458e-04
9.834737156776077877e-04
9.881153055564249107e-04
9.920018407094739928e-04
9.952471675471507347e-04
9.979475394191663490e-04
1.000184401451818285e-03
1.002026720322022561e-03
1.001407007130138875e-03
1.004146689941946271e-03
1.005513121709302122e-03
1.006619988822775877e-03
1.007505080366651821e-03
1.008199604898166049e-03
1.007151936874089992e-03
1.005920777331690327e-03
1.005786599211361135e-03
1.005538910169501447e-03
1.005200531214881041e-03
1.004790432295385016e-03
1.002739126930561435e-03
1.002500190558273723e-03
1.002194006078506493e-03
9.996775913557365452e-04
9.968951243987482762e-04
9.752214854279314324e-04
9.740661275018955376e-04
9.724581390125347112e-04
9.722759507195774835e-04
9.701351414170470257e-04
9.674977360989547902e-04
9.677984618206470109e-04
9.679645224249040954e-04
9.680148332756250470e-04
9.679654733226019173e-04
9.646685028143930007e-04
9.648805664264933739e-04
9.649919248410636537e-04
9.650155959595070609e-04
9.649631104255363334e-04
9.648433872141445964e-04
9.646644911089320099e-04
9.610269896353493876e-04
9.611931518190793867e-04
9.612813816889946746e-04
9.572423717891413242e-04
9.576603550732401679e-04
9.531551125421864170e-04
9.538749620712972570e-04
9.488907844256572188e-04
9.498922668458954560e-04
9.507681011326632806e-04
9.515309986684230420e-04
9.461701849439349251e-04
9.564702537438752586e-04
9.599189821330922270e-04
9.633543482318604814e-04
9.657112941525576285e-04
9.759676875580370909e-04
9.772462285757815403e-04
9.850211251783811024e-04
9.905588190218051273e-04
9.951716723267040651e-04
9.952266781608739080e-04
1.000298075434016398e-03
1.003508909864016989e-03
1.006159659238912985e-03
1.005477890759986885e-03
1.004566334207394754e-03
9.828731230530438762e-04
9.827959050496099750e-04
9.833707137906434661e-04
9.835001689620201555e-04
9.831521714773877856e-04
9.823003316525775498e-04
9.828922132293377995e-04
9.813252031085691485e-04
9.792289741983944366e-04
9.765894462248727367e-04
9.776418106677540760e-04
9.784396069836779480e-04
9.749299078952938053e-04
9.758196869605010194e-04
9.765063370184844408e-04
9.770178229680660364e-04
9.727437714165189679e-04
9.679720714795549087e-04
9.626943032967204706e-04
9.661096428464795421e-04
9.695078040200507188e-04
9.728705311326067825e-04
9.751246428682391757e-04
9.670966203226625656e-04
9.736722447946499076e-04
9.789856065954118461e-04
9.832294981073307332e-04
9.865655901169613842e-04
9.891297256062170883e-04
9.907512421337520692e-04
9.939309431156229981e-04
9.954816437066731343e-04
9.965420575557435920e-04
9.971808492542555327e-04
9.974560958632386516e-04
9.986558747686136508e-04
1.000021256617614554e-03
1.001000561456484757e-03
1.001600847143508831e-03
1.001155638529939093e-03
1.000501986433158458e-03
1.000438093217029993e-03
9.999464751139341273e-04
9.997587695245635422e-04
9.986909356275368126e-04
9.971563768536900914e-04
9.974298237485840820e-04
9.952826335090771224e-04
9.956947792827293680e-04
9.929517625574028027e-04
9.935327992568058000e-04
9.902098390927396594e-04
9.909844515733601776e-04
9.870969417748187442e-04
9.880846915107490205e-04
9.836478670792552208e-04
9.787113610994371913e-04
9.732638974628665370e-04
9.771453669389057028e-04
9.791162743054166329e-04
9.808679078025391539e-04
9.824233499229162274e-04
9.838025965943123473e-04
9.850229730029723581e-04
9.860994943590719545e-04
9.870451788462292556e-04
9.878713191263761243e-04
9.885877178963304625e-04
9.892028922443094757e-04
9.834195443231318404e-04
9.845020503125956161e-04
9.784131140699950119e-04
9.718981345066495360e-04
9.739305692874056491e-04
9.761022284153922455e-04
9.784289830831269935e-04
9.798909716881318375e-04
9.812076419804607614e-04
9.823236814260095928e-04
9.831858237444323929e-04
9.738311045880352615e-04
9.793001649065764640e-04
9.835787631440522181e-04
9.868574928741026975e-04
9.892944896677834717e-04
9.896457410440461563e-04
9.895521898056792998e-04
9.889734369588258720e-04
9.915615263691413776e-04
9.902620800708965276e-04
9.884273472235164879e-04
9.910532743950737061e-04
9.931455376408916246e-04
9.947738091899394584e-04
9.959969360137529114e-04
9.968646970635864062e-04
9.974192199185458706e-04
9.976961748929932729e-04
9.951476199837369207e-04
9.920815937666980448e-04
9.932254504748992772e-04
9.940732220757400074e-04
9.946538794207361762e-04
9.949922873556148791e-04
9.951098831875052151e-04
9.920932950715530101e-04
9.926359787720269272e-04
9.929469274384621590e-04
9.930447109589650954e-04
9.929454551436886489e-04
9.926632693059375418e-04
9.922105266866108712e-04
9.915981067362611076e-04
9.894705068950442745e-04
9.867646066986520380e-04
9.873264150551985027e-04
9.842043955852061102e-04
9.851717810110279493e-04
9.816053100899276712e-04
9.829505619782131099e-04
9.789206533963345277e-04
9.742390854886495873e-04
9.765762070803581194e-04
9.785656540891027929e-04
9.802336871303015016e-04
9.816037408555333341e-04
9.826968395896707072e-04
9.783537539279191751e-04
9.798875413267234963e-04
9.811335727599062619e-04
9.766202955226177540e-04
9.783019019268812677e-04
9.796867119260840688e-04
9.807948650903768311e-04
9.763738596282650530e-04
9.712988206294505657e-04
9.655544721153393141e-04
9.687146343277992398e-04
9.724575724788766173e-04
9.754386535551296325e-04
9.774690272528259883e-04
9.659407765483790783e-04
9.697791562420450583e-04
9.713580305632710634e-04
9.728157258631949921e-04
9.598096700106499872e-04
9.618564317711697899e-04
9.637515893479825209e-04
9.654215807957133334e-04
9.667953338346487293e-04
9.678051175405351066e-04
9.683873576163755555e-04
9.653312326193213113e-04
9.661465293850910775e-04
9.663205191399218104e-04
9.743993650180193160e-04
9.732798073590029657e-04
9.827839457502624866e-04
9.801340039788622883e-04
9.862015983374229286e-04
9.913117344077994764e-04
9.955984291922105166e-04
9.914650680177457005e-04
9.867705373664944959e-04
9.814875302206049063e-04
9.755963336658254534e-04
9.555749518112612593e-04
9.582480979015801578e-04
9.602836778323245925e-04
9.565440520605806001e-04
9.587878171870064387e-04
9.604704675650614816e-04
9.616406066905772675e-04
9.623351264654428621e-04
9.625891164202921577e-04
9.624334687689239118e-04
9.597663910198331837e-04
9.562714886396941026e-04
9.575578625363996652e-04
9.626839653993753349e-04
9.677327798483166847e-04
9.717046587733527011e-04
9.572500291387828425e-04
9.605389982917068251e-04
9.645882225448533694e-04
9.683093051361631783e-04
9.716479793259493987e-04
9.845687420296292663e-04
9.872799466757117576e-04
9.895487487020413701e-04
9.913291576436401072e-04
9.925778023434743413e-04
1.002786441871769295e-03
1.008814523273585508e-03
1.013629369857029384e-03
1.017418433287459265e-03
1.015889871917568599e-03
1.013905295118606694e-03
1.017631096246493592e-03
1.014924011769596313e-03
1.011701617271129009e-03
1.015617544794159130e-03
1.018847681775870160e-03
1.021474526749946042e-03
1.017417971793479516e-03
1.012851482650228754e-03
1.016218917494655493e-03
1.011097227686685775e-03
1.005421553744425146e-03
1.009589739357864835e-03
1.013186846086904002e-03
1.007018002589464599e-03
1.010845027718864763e-03
1.004216790172443802e-03
1.008298904927551866e-03
1.011854632790468644e-03
1.004945531423065636e-03
1.008840356523094030e-03
1.012232489765497751e-03
1.015158481556266163e-03
1.008312630556453980e-03
1.011680153610636408e-03
1.004539235074020402e-03
1.008320099818610241e-03
1.011608597413900679e-03
1.004416452252165567e-03
1.008143575023961579e-03
1.011380274683251496e-03
1.014158944898133291e-03
1.016509279291442696e-03
1.018458634349719751e-03
1.020032236602538053e-03
1.021253373179426775e-03
1.022143566914940870e-03
1.016969458257745715e-03
1.018481191012979639e-03
1.013138085864847366e-03
1.015198077010752518e-03
1.009630537077644587e-03
1.012182280508605418e-03
1.006349583562589876e-03
9.999178901098047800e-04
1.003810693062092904e-03
1.007152661542018738e-03
1.009981992676469743e-03
1.012333964788156727e-03
1.014241259812671088e-03
1.008798970732644211e-03
1.011221791845960194e-03
1.005535363495832502e-03
9.992373237258801288e-04
9.922931654295611033e-04
9.969929385285978673e-04
1.001082758876499544e-03
1.004601380987420580e-03
1.007587724523724979e-03
1.010078061754802201e-03
1.012106163686400618e-03
1.013703447617284297e-03
1.008545416247192978e-03
1.010690755204704614e-03
1.012387182336256129e-03
1.013666084895839146e-03
1.009060231340440286e-03
1.010887984462157220e-03
1.012279018326402722e-03
1.013264641651688428e-03
1.009198321613740843e-03
1.010731612801617565e-03
1.006427645256158243e-03
1.001486040928555032e-03
1.004414229383369635e-03
1.006809748604555301e-03
1.008712066507339066e-03
1.010157600303285622e-03
1.011180039249626531e-03
1.007382585588166525e-03
1.008930416549586170e-03
1.010040110472054057e-03
1.010744678104651042e-03
1.011074472194609846e-03
1.011057507561707825e-03
1.010719641477233728e-03
1.008604861592593029e-03
1.005901805406982444e-03
1.002552756107249164e-03
9.985083259627198712e-04
1.001377993051152070e-03
1.003687319548740619e-03
9.995673911156461970e-04
1.002249749162498725e-03
1.004389607706132875e-03
1.006029116775271392e-03
1.007207076581113610e-03
1.003813464543646923e-03
1.005469906137744637e-03
1.006660131204418574e-03
1.003339967104796429e-03
9.993418074822667599e-04
1.001900629452448727e-03
1.003922263504640824e-03
1.005448565171640322e-03
1.006518082090674185e-03
1.007166394949849395e-03
1.007426325506387971e-03
1.004979327179363058e-03
1.005778874272750473e-03
1.003066631283737464e-03
9.996770014528927415e-04
9.955610894732435431e-04
9.906790106704035318e-04
9.946181139048446054e-04
9.892694412939342062e-04
9.831289812004158357e-04
9.882350937372409109e-04
9.816143326292984649e-04
9.838637355280340641e-04
9.900351050002777903e-04
9.859401674336622408e-04
9.877964658479374688e-04
9.934668586778247316e-04
9.952329809532211875e-04
9.920673534177804065e-04
9.938489413237692333e-04
9.905290637392835749e-04
9.923424949479483018e-04
9.888716441098278648e-04
9.938613524240534451e-04
9.954071210129605222e-04
9.918277930523891964e-04
9.964538497644786271e-04
9.916294735813823910e-04
9.928705668894284922e-04
9.979276527757937210e-04
9.992184160359973873e-04
9.997610626118207285e-04
9.879353730201999133e-04
9.939227798993189016e-04
9.953967024895634362e-04
9.916106251853195035e-04
9.921818136012167458e-04
9.883253764560145493e-04
9.942831823377908020e-04
9.986199000502522793e-04
9.935877490753442735e-04
9.974415003952857069e-04
9.896988848594413715e-04
9.940590406361179965e-04
9.978303404590195980e-04
9.903364750877871169e-04
9.946015705777455466e-04
9.868757248150750519e-04
9.884387541065366677e-04
9.892746920839396926e-04
9.862574959870345787e-04
9.924783689640543846e-04
9.970435632089156772e-04
9.921060539318674130e-04
9.961532717554821056e-04
9.884184595705806150e-04
9.929425625521072409e-04
9.941526726645261765e-04
9.990447550332346490e-04
9.942532559208770021e-04
9.864587274598642184e-04
9.912280658657352059e-04
9.953765690606953404e-04
9.989429713480027419e-04
9.917845619993625236e-04
9.931339695198439579e-04
9.981438379268960017e-04
9.934496964264971815e-04
9.972766221842826757e-04
1.000540614001511159e-03
1.003274708631654837e-03
9.969308190382335406e-04
1.000198066008735473e-03
9.936193059549554372e-04
9.973651921706806842e-04
1.000538860847844215e-03
9.941275509440913784e-04
9.870157768639544003e-04
9.916609925886500556e-04
9.842234107260608000e-04
9.860869197555188759e-04
9.920161614327006189e-04
9.937935218130575839e-04
9.903027028617884982e-04
9.911196278285330265e-04
9.874957264043768800e-04
9.935273481551305016e-04
9.950923184887630786e-04
9.958310644061563795e-04
9.831849848021788352e-04
9.839629614913864095e-04
9.811465086319766122e-04
9.819650906171695920e-04
9.790409628786876216e-04
9.799125168225935028e-04
9.768777886254437215e-04
9.831380699388163943e-04
9.887444307549325424e-04
9.946978840880114654e-04
9.990185635729794712e-04
1.000055794868161870e-03
1.000343611654489753e-03
9.876591881740810243e-04
9.880709526801992326e-04
9.884854784969338004e-04
9.474406074784132983e-04
9.509217467549153620e-04
9.536513807417816568e-04
9.566046561291519914e-04
9.578444386482075053e-04
9.584257600998247152e-04
9.640610540868822147e-04
9.686418380939113395e-04
9.728382859179933407e-04
9.824582523238103559e-04
9.862165198067554105e-04
9.938319715221727475e-04
9.982071421969123184e-04
1.001572848967198243e-03
1.005888733024310660e-03
1.007585753962925157e-03
1.009027707329598336e-03
1.012581887717256069e-03
1.012549764361826178e-03
1.012609814307980239e-03
1.017218248437124460e-03
1.020376233701819754e-03
1.019897570744576461e-03
1.018712804952356683e-03
1.017805257685472451e-03
1.015222200053433974e-03
1.012087695041897790e-03
1.008458094718786471e-03
1.013752103931537998e-03
1.010456731526108206e-03
1.015668241557598529e-03
1.020510388605612830e-03
1.018203752744338943e-03
1.021824369351250058e-03
1.024784453727686220e-03
1.027051425561809062e-03
1.028597228476577303e-03
1.027593682604892788e-03
1.026154575909781277e-03
1.024305725606711095e-03
1.022068754352363235e-03
1.019462156568592352e-03
1.016502068848033034e-03
1.013202892626341054e-03
1.015457005584391881e-03
1.012768816041421330e-03
1.014643501558722691e-03
1.012512243758026268e-03
1.013971884076046758e-03
1.012355488444690883e-03
1.013374958114653199e-03
1.013557637438376822e-03
1.013381116046744961e-03
1.012616658912695927e-03
1.012681526467571229e-03
1.011877405680381651e-03
1.012561885348259262e-03
1.012593955750289675e-03
1.012016662816309781e-03
1.011581744222589917e-03
1.010269348665359225e-03
1.011224628626208833e-03
1.009441079203532649e-03
1.006739216878729803e-03
1.009145827613397006e-03
1.010779722986403662e-03
1.011692104489844745e-03
1.011930199527575312e-03
1.011537669413259486e-03
1.010376605838873973e-03
1.008333573172505481e-03
1.005373095693676017e-03
1.001467838827477556e-03
1.004981264629767595e-03
1.000591873873311064e-03
9.952494146245329746e-04
1.000186766608243596e-03
1.004198294741040368e-03
1.007342005049875061e-03
1.009672220843824434e-03
1.011240217303699829e-03
1.007629216411535947e-03
1.009692687447762745e-03
1.005766888689401100e-03
1.008286487924534057e-03
1.004026125072013604e-03
1.006970539200976881e-03
1.002362376517665918e-03
1.005706253481092110e-03
1.008214131427257864e-03
1.009938836834292988e-03
1.010930138192881779e-03
1.011234643799015795e-03
1.008750141270442708e-03
1.005374868956790922e-03
1.007473879923993310e-03
1.008799080030980651e-03
1.009401052947111587e-03
1.009327174062761351e-03
1.008621697304259600e-03
1.007325931370927751e-03
1.005478432303425667e-03
1.003115022078563323e-03
1.000269197902561554e-03
9.969721921053139105e-04
9.932531500326255772e-04
9.891393401329634516e-04
9.846562146800560533e-04
9.892147703204801253e-04
9.845968965762463138e-04
9.444969489763834413e-04
9.416013632016350266e-04
9.383571325110224605e-04
9.347722523612122776e-04
9.308590244300507825e-04
9.426368509057110774e-04
9.304843213931394009e-04
9.270899617989573991e-04
9.391922548001769861e-04
9.274153347937126200e-04
9.385258446545615210e-04
9.278994031207535081e-04
9.255299849634815662e-04
9.226618109870135141e-04
9.351545216057292019e-04
9.433366676935788344e-04
9.268050978184299519e-04
9.359135684567987997e-04
9.275002826635791141e-04
9.264709904501917904e-04
9.248203173620255738e-04
9.352400266970119485e-04
9.256843895117753416e-04
9.240457498026561278e-04
9.218292430694144087e-04
9.335778400597521173e-04
9.229846263858814889e-04
9.208325403629288907e-04
9.181387503769151016e-04
9.312040775651159348e-04
9.398744466814954422e-04
9.230502205376939218e-04
9.326565472418748854e-04
9.241113509593602360e-04
9.325716459925783176e-04
9.368700302780652318e-04
9.375217474464038947e-04
9.152738168146010676e-04
9.124288703818239730e-04
9.169327110966759772e-04
9.121381807258735572e-04
9.162015067641766887e-04
9.194336982564785613e-04
9.217726680580725761e-04
9.231608076044040510e-04
9.235461504717488003e-04
9.382119786544406825e-04
9.375534538581250599e-04
9.499180199505410102e-04
9.597546829049297080e-04
9.584368399240121876e-04
9.669960223054677173e-04
9.736447985723817962e-04
9.786167480864027979e-04
9.821137579734528361e-04
9.815566365160865482e-04
9.799742686985727161e-04
9.843990230192110544e-04
9.875557781601671491e-04
9.860361054007038203e-04
9.892179061031811192e-04
9.872390669694165559e-04
9.905090865606875315e-04
9.927181467946175498e-04
9.909124073274784301e-04
9.933619156674042099e-04
9.948512626875676002e-04
9.954609762695067372e-04
9.952645494455143044e-04
9.950411342853013059e-04
9.938081649824126017e-04
9.952949918237540688e-04
9.936567809818294336e-04
9.955049472901700541e-04
9.964823574486014572e-04
9.966556357898336948e-04
9.960863728917105416e-04
9.948316069675942983e-04
9.929440056359408774e-04
9.904721997931725114e-04
9.924765100517249795e-04
9.906345047778571025e-04
9.923336009196738038e-04
9.930354079007829970e-04
9.926904480877974009e-04
9.937360268919303609e-04
9.939646812728293417e-04
9.934389487553083910e-04
9.922167087022023668e-04
9.903516315577321014e-04
9.878933437236058889e-04
9.848876409649957517e-04
9.813768969304187753e-04
9.865207596724062059e-04
9.964648360649770893e-04
1.003347349576255883e-03
9.831850307522910400e-04
9.862046199300429205e-04
9.844667900740157896e-04
9.820986897030748591e-04
9.791519507893471468e-04
9.829835679285635428e-04
9.805848704629140447e-04
9.776050136245072186e-04
9.816523034858930588e-04
9.847072333699004743e-04
9.867128083773477488e-04
9.864301209754479209e-04
9.853947569898938424e-04
9.836683914041255156e-04
9.863453532402131387e-04
9.850815417639263195e-04
9.831460548828177548e-04
9.805939310530908341e-04
9.774757524027856935e-04
9.830517489684451830e-04
9.933635242720673109e-04
9.755468227113582276e-04
9.798442819055363552e-04
9.773102747330103274e-04
9.741963751694574392e-04
9.786813697967853328e-04
9.760886421908102507e-04
9.819670453144950344e-04
9.788008761988859548e-04
9.751631844962140158e-04
9.872608817739301351e-04
9.960673064943934528e-04
9.734000431018688870e-04
9.794705134069296801e-04
9.762765706517161904e-04
9.726056613992571697e-04
9.851548795041663482e-04
9.943651293771798520e-04
1.000746668705124317e-03
1.004703079126425484e-03
9.807263211982237411e-04
9.831444063410253124e-04
9.844532954998285335e-04
9.852270982033894085e-04
9.851514705601005159e-04
9.864743471477024992e-04
9.866785872963263187e-04
9.880786388537388804e-04
9.877230785386959758e-04
9.862157834685560120e-04
9.890650023582682211e-04
9.869855404513350628e-04
9.837446939862221594e-04
9.880311131502030747e-04
9.912813537052941101e-04
9.935682168181790910e-04
9.910649319341705097e-04
9.937027631908906464e-04
9.954287764763810470e-04
9.931611576852769456e-04
9.898111440586020160e-04
9.932009894960246860e-04
9.894037943356870975e-04
9.845099497452693572e-04
9.894801715137544178e-04
9.934171539616681954e-04
9.963880763191458427e-04
9.984570532157793429e-04
9.951617389252177207e-04
9.908222720550930070e-04
9.854193031015739696e-04
9.905102964126680665e-04
9.945803302847215643e-04
9.894288365718893318e-04
9.938443155377177200e-04
9.972878928698411267e-04
9.998215421242002618e-04
1.001504110124865022e-03
1.002391813981011980e-03
1.002537933925278435e-03
1.001992685370242490e-03
1.000803273394984582e-03
9.990140358688422931e-04
9.992740018948216216e-04
9.985754568976410589e-04
9.987081918167869075e-04
9.981262337218337749e-04
9.977829794099095199e-04
9.977592827240060712e-04
9.970720947668654677e-04
9.975551808598574852e-04
9.964920536091096369e-04
9.974418801815100946e-04
9.976104065456002559e-04
9.970545106695500887e-04
9.958271060744826580e-04
9.939774639034506479e-04
9.915514140070354893e-04
9.885914132223999097e-04
9.911638823043851347e-04
9.888617428161195454e-04
9.911289490672694092e-04
9.894101526958249803e-04
9.913185756419968901e-04
9.901260004357135582e-04
9.916363419294560531e-04
9.921064362278942794e-04
9.925381345459480080e-04
9.925280923293023066e-04
9.933379112701231153e-04
9.933480354350748137e-04
9.926196501265341279e-04
9.912094138805965186e-04
9.926186208102207378e-04
9.917328293190595494e-04
9.927511127259635963e-04
9.923459478751134148e-04
9.912302753532708458e-04
9.894592296444864113e-04
9.870836689413408326e-04
9.896021758357778121e-04
9.878001879932742091e-04
9.853893177095614936e-04
9.881745179914746668e-04
9.899607828875781317e-04
9.892273313041291712e-04
9.877951554333476956e-04
9.857199124576495036e-04
9.883003325672919635e-04
9.867479399481588614e-04
9.845587154126290551e-04
9.873546018020981380e-04
9.856870842328716107e-04
9.833887981913755957e-04
9.863938691412341489e-04
9.883839542581692415e-04
9.877134928815117353e-04
9.863309983891821973e-04
9.884578621199341299e-04
9.895326092454158340e-04
9.897312412495288050e-04
9.891550861467490480e-04
9.878657227414544550e-04
9.896714110943750312e-04
9.904287298553797036e-04
9.907510339641442156e-04
9.910216122047932862e-04
9.917159245065856540e-04
9.916083639729469934e-04
9.920172265517935867e-04
9.923326836285164924e-04
9.922899726123428094e-04
9.911612671250728812e-04
9.889137655945936991e-04
9.855251912127211203e-04
9.809836802631448013e-04
9.844487206463719674e-04
9.819789027001302444e-04
9.875298980092260190e-04
9.920131346081645981e-04
9.954973225499851204e-04
9.980483333265181573e-04
9.943865282358375478e-04
9.973511373977687802e-04
9.994208664223834873e-04
1.000656177122963807e-03
1.001114235949376570e-03
9.991993804193243910e-04
1.000206681321397532e-03
1.000447874317826917e-03
9.989222675555540620e-04
9.997080285888836244e-04
9.978561033693160182e-04
9.949759076597424444e-04
9.975044632654841027e-04
9.991590655560847641e-04
1.000000331363996593e-03
9.980675448209381986e-04
9.951089375775242721e-04
9.910956168300848364e-04
9.949241312950604394e-04
9.978018623912085581e-04
9.997922439193883751e-04
1.000955450440624457e-03
1.001348336042177153e-03
1.001024314887079400e-03
1.000033479307805900e-03
9.996973549467789120e-04
9.983832696973909786e-04
9.992375733311243714e-04
9.993290932699078286e-04
9.987124270587359378e-04
9.974384947971553020e-04
9.955547270517871045e-04
9.931052857736588461e-04
9.901311243193232792e-04
9.866703863217606441e-04
9.827585058111798586e-04
9.876398420007761851e-04
9.834569503305652834e-04
9.945152031311564958e-04
9.841739292631406909e-04
9.802702743728121133e-04
9.917340240578095389e-04
9.815222940546934356e-04
9.777962752674145084e-04
9.736580284111871070e-04
9.341045273914076177e-04
9.418873397535083977e-04
9.328106718260192496e-04
9.311140501625962207e-04
9.289111122067394890e-04
9.262305917993339304e-04
9.231014960002019128e-04
9.351426140854490754e-04
9.428441626055871719e-04
9.262206016074127097e-04
9.245631336173306238e-04
9.223457050378605377e-04
9.196086211179972398e-04
9.163912973464485856e-04
9.300684012504895808e-04
9.177553751179977782e-04
9.147523400278700229e-04
9.153909546373808397e-04
9.316779199641854557e-04
9.180329083350949066e-04
9.333769811102423947e-04
9.207368628966770873e-04
9.174988478017872054e-04
9.329408736892262676e-04
9.441831230875367140e-04
9.512345868151662496e-04
9.573079798778879376e-04
9.624809375353317450e-04
9.680251407322243385e-04
9.712905268458259505e-04
9.758919158476444655e-04
9.769505854098818956e-04
9.812251250615748772e-04
9.805842881248118259e-04
9.785006862078203700e-04
9.750639652017602851e-04
9.805505785821027557e-04
9.760324504838344215e-04
9.815423754686624161e-04
9.863012259835502067e-04
9.811834910038019081e-04
9.861094112602719185e-04
9.803168298802573521e-04
9.854460517966661965e-04
9.790616461181273541e-04
9.815869422357837576e-04
9.832500876867519227e-04
9.808511723981886386e-04
9.821614943752664771e-04
9.833433548564803756e-04
9.728307457026190604e-04
9.742687679645013754e-04
9.717263663937428329e-04
9.784403521649982435e-04
9.794256665409529876e-04
9.803568172270754437e-04
9.385675308754334173e-04
9.427404267393106260e-04
9.474166666695310731e-04
9.415875371572642212e-04
9.452905929684864844e-04
9.481980385078038562e-04
9.503422222222157427e-04
9.526447588626185724e-04
9.585998176078855577e-04
9.514104575620698032e-04
9.564722624535610404e-04
9.611604204967029615e-04
9.461641961732214284e-04
9.510133200214193139e-04
9.452254774798800200e-04
9.483579871033174201e-04
9.507245063452620651e-04
9.532526941393542046e-04
9.541180115410408027e-04
9.455276896698173918e-04
9.457267765982536184e-04
9.452867635789379691e-04
9.438644998988386745e-04
9.441059653284628777e-04
9.436920521261277315e-04
9.426627185610201827e-04
9.428910069113337648e-04
9.424543498949822500e-04
9.417586028013728416e-04
9.399104146412270251e-04
9.467467749195870950e-04
9.524418566767724323e-04
9.576738583132244536e-04
9.438380634243306866e-04
9.490680820586890141e-04
9.436877207446196054e-04
9.472018355195471577e-04
9.521895919632633338e-04
9.466302156746845544e-04
9.496593303695941447e-04
9.528535656116733079e-04
9.578866616880008563e-04
9.510141775011867350e-04
9.538497487524599848e-04
9.598451233703644576e-04
9.529423106278126681e-04
9.545166039961082080e-04
9.553940472865201121e-04
9.614532439274635399e-04
9.544961737912834379e-04
9.461719307957295461e-04
9.524308667580675411e-04
9.543099993782332450e-04
9.604663525976812931e-04
9.654787008102915001e-04
9.700395481986296255e-04
9.740959337833868942e-04
9.858053275209786252e-04
9.925264736673894677e-04
9.971563719050210127e-04
1.000626580891192472e-03
1.005152029826134443e-03
1.007020177995535375e-03
1.010249017809075568e-03
1.012582181485908485e-03
1.015522662844258904e-03
1.017401967494992567e-03
1.017106522604065101e-03
1.019964169073015511e-03
1.022197379253076289e-03
1.023769340669699809e-03
1.024646788531950606e-03
1.024799853229928183e-03
1.025959444003074223e-03
1.026456336919995618e-03
1.025825359940020672e-03
1.024449934694050433e-03
1.025876806438126131e-03
1.026679192138322573e-03
1.026905444613922117e-03
1.026596681652239057e-03
1.025136792299846233e-03
1.025275984363236076e-03
1.024884403410316431e-03
1.023301658075050514e-03
1.023407504279350315e-03
1.022975976053873762e-03
1.021364912997651305e-03
1.021458840562794110e-03
1.019459679841483359e-03
1.016656055127803477e-03
1.018273044332956021e-03
1.019235965885530908e-03
1.016387864857572166e-03
1.012708617790354648e-03
1.015192526757763324e-03
1.016962184150348777e-03
1.013264646223666207e-03
1.015466742832553089e-03
1.011369068120437920e-03
1.006418047919620338e-03
1.010139388011036237e-03
1.004747075950358911e-03
1.008798391541966370e-03
1.012038108123450124e-03
1.014514932345117557e-03
1.009690960662967731e-03
1.012624315965421525e-03
1.014807437891247083e-03
1.010188301308415906e-03
1.004726215703397258e-03
9.983999964764695562e-04
1.003405141129463767e-03
9.966816618927143781e-04
9.986652178923531749e-04
1.007891100393720372e-03
1.009282447156102528e-03
1.006976612759593855e-03
1.003341624266230765e-03
1.008670305459395981e-03
1.000756975684596699e-03
1.006459275763076132e-03
1.007344752660850823e-03
1.008538200932463172e-03
1.008949930273606499e-03
1.009311844955674588e-03
1.009552405773115995e-03
1.002240913972383615e-03
1.004892591845848657e-03
1.007070710749201348e-03
1.008712318174527457e-03
1.016372179047768561e-03
1.022038326424646280e-03
1.025998596128635792e-03
1.028488150148634339e-03
1.028796685637917326e-03
1.028460596732934905e-03
1.027432070028597069e-03
1.025668119598468261e-03
1.023130824441782338e-03
1.019787699116593907e-03
1.028686881985344578e-03
1.024088394475313780e-03
1.018732657922061290e-03
1.012592459759911875e-03
9.937156375714613875e-04
9.971012017194209182e-04
9.991643903350599324e-04
9.999912689429963329e-04
9.979743140338308369e-04
9.991042505863518067e-04
9.967329803216194110e-04
9.981812075895225064e-04
9.984532344415686465e-04
9.965043279671704016e-04
9.971960610725264830e-04
9.967516488175052949e-04
9.952355882361847185e-04
9.927095305481547106e-04
9.930606634766738113e-04
9.922964338110041964e-04
9.903818148881040739e-04
9.872947911398902501e-04
9.900293233951553990e-04
9.914770623112919169e-04
9.917084234346510568e-04
9.907920629317408696e-04
9.899728163248087357e-04
9.879891976859477877e-04
9.891784846333927239e-04
9.868888833952725158e-04
9.884526840242325620e-04
9.858567896190606906e-04
9.820652705373475802e-04
9.855835391188230970e-04
9.877396755019131509e-04
9.886077345457569727e-04
9.882607041054084461e-04
9.869382202031629168e-04
9.870853390553200202e-04
9.860482063808854742e-04
9.854789276171776503e-04
9.849600822146970750e-04
9.841666602326379527e-04
9.821639472370766264e-04
9.789291145392269716e-04
9.821222957481238938e-04
9.839277972778462823e-04
9.813001604759873705e-04
9.774468878056673943e-04
9.812253798123461365e-04
9.861342667488381345e-04
9.909585837740942857e-04
9.946505300478304147e-04
9.979404807373389377e-04
1.000779598527600130e-03
1.003115776134956387e-03
1.020092520285939769e-03
1.022152405479252735e-03
1.023678411000260823e-03
1.040597258756368422e-03
1.048225431335113094e-03
1.053693518321946639e-03
1.053873971218081745e-03
1.053623358319477664e-03
1.052881430771626572e-03
1.057235922138277532e-03
1.055677015150943742e-03
1.053542134688556509e-03
1.058167600857316858e-03
1.061632438485102465e-03
1.058716359169459493e-03
1.062098027387675279e-03
1.064468936221364811e-03
1.065916193192819683e-03
1.062906120049097580e-03
1.059317222721379691e-03
1.062181428256891904e-03
1.058238209960872880e-03
1.053632418846626095e-03
1.057910693414399047e-03
1.052918525269145146e-03
1.047201039409170363e-03
1.052907041350358746e-03
1.046797324994915663e-03
1.052619773191757445e-03
1.057233727779251882e-03
1.060728258566818495e-03
1.063186615506928230e-03
1.064686658368328405e-03
1.060338708813755599e-03
1.062320497267416107e-03
1.057906196003076133e-03
1.052824187069937396e-03
1.056613215013101374e-03
1.059284948644662137e-03
1.054626485271104898e-03
1.057660309709562447e-03
1.052888603761969761e-03
1.047387182697243502e-03
1.052161926894017510e-03
1.055703722385857579e-03
1.050636230798054687e-03
1.044814859712075430e-03
1.038182336803507300e-03
1.044918164821489939e-03
1.050245713390452178e-03
1.044034533132549934e-03
1.037013960559931332e-03
1.044022579727488373e-03
1.036807387404084123e-03
1.028740841131314983e-03
1.029025078799336882e-03
1.029666323635421241e-03
1.002895477458399598e-03
9.983093954822907547e-04
1.002198719528013494e-03
1.006129527950650783e-03
1.003955345370593187e-03
1.007807061595158765e-03
1.004720242751046873e-03
1.008503766712062766e-03
1.011210771888933213e-03
1.013597087819072306e-03
1.015603070407647282e-03
1.032316073510085308e-03
1.041992004297263331e-03
1.048144826757453933e-03
1.011313875921805586e-03
1.005537184908919046e-03
1.008857886142491573e-03
1.004104349466404837e-03
1.006785951502456311e-03
1.007680821164358897e-03
1.004395086029975835e-03
1.005696373423487378e-03
1.005273052873113544e-03
1.003379356408379795e-03
1.003387799247464117e-03
1.001737393798857612e-03
1.001191090847661442e-03
9.993781931966036654e-04
1.000190593275530676e-03
9.992651234067564340e-04
9.986788682200750666e-04
9.981144406984963913e-04
9.958955382515580212e-04
1.001678275613941162e-03
9.974128501994896246e-04
1.006873296533068859e-03
9.959190853263330794e-04
1.005248491080684616e-03
9.948699775305111861e-04
1.004026199484695132e-03
9.941621707587858410e-04
9.899064770062205795e-04
9.843504982244264973e-04
9.969822670048784832e-04
9.836301269556309984e-04
9.773468874819536256e-04
9.699330428670707585e-04
9.614949672680932246e-04
9.521333633061279927e-04
8.975259501889904607e-04
8.908249093409928258e-04
8.831458200555710857e-04
8.789966939537828365e-04
8.689807750206113724e-04
8.574392703165049532e-04
8.558719965003518722e-04
8.448070686218516270e-04
8.333243340841526821e-04
8.721209573029383008e-04
8.750850391523993686e-04
8.835068047188604978e-04
8.904870128424829641e-04
8.961230007220481525e-04
9.005119487561700879e-04
9.037490126668070800e-04
9.307072359858482857e-04
9.220754817362968600e-04
9.229278762834309440e-04
8.825256124599962365e-04
9.000689742982136837e-04
9.117355157294880844e-04
9.183755928775546966e-04
9.317053624543789134e-04
9.331299088059440095e-04
9.450100401150979094e-04
9.426076647440762273e-04
9.475673666852862638e-04
9.590316532939808158e-04
9.684747675196055811e-04
9.682225249160098836e-04
9.760192210463371123e-04
9.691271073405428871e-04
9.698387382821189182e-04
9.698621680813469554e-04
9.707563217196626569e-04
9.700530710418766092e-04
9.699992486310272596e-04
9.778991630305534227e-04
9.756436628303104914e-04
9.820646855467048478e-04
9.874346122141566817e-04
9.782474792236039562e-04
9.769849187389633479e-04
9.751085682720020756e-04
9.737400555397019179e-04
9.720996776118215029e-04
9.701005825427054790e-04
9.676559186407650108e-04
9.500868950666918221e-04
9.598235818444585208e-04
9.683100464318791789e-04
9.662082983888288122e-04
9.651722885392614209e-04
9.630306494107879764e-04
9.620412243875497331e-04
9.699871121610761709e-04
9.679249457820792791e-04
9.665962992370496490e-04
9.737634090191764867e-04
9.798173754497505137e-04
9.760521181840281415e-04
9.746959304854118430e-04
9.731078064105152603e-04
9.720535637583782628e-04
9.704547604580106247e-04
9.684996171030396195e-04
9.660931057604799175e-04
9.471105355540127349e-04
9.564527293503131055e-04
9.645547968375056550e-04
9.714810922414761265e-04
9.698616253337788212e-04
9.680427285746375909e-04
9.743139440793850692e-04
9.795131006975676870e-04
9.783794074966166692e-04
9.760037464680471238e-04
9.748991569839906852e-04
9.727411592996089342e-04
9.716295428969035433e-04
9.701309115993526824e-04
9.602357303735234179e-04
9.588131197604833058e-04
9.574662022404144355e-04
9.649609367217488369e-04
9.636261841288241460e-04
9.619793721146491661e-04
9.687345691122180302e-04
9.743735667781055175e-04
9.734416665341939605e-04
9.711758094504616395e-04
9.672794191643530005e-04
9.720824511173310799e-04
9.758842422840993550e-04
9.787544040132419975e-04
9.716806958249200833e-04
9.633574924379794714e-04
9.631634192658534337e-04
9.625742366188663225e-04
9.617295487922153732e-04
9.680854041037847621e-04
9.644212408226968819e-04
9.642067362563569921e-04
9.706557921515787711e-04
9.702727733899337969e-04
9.681985282516273120e-04
9.677146015362142299e-04
9.657868746272289849e-04
9.713085110562091158e-04
9.673654495461880137e-04
9.585067436365168675e-04
9.642940634530287273e-04
9.689862732480161419e-04
9.726594719465943934e-04
9.753873464882629714e-04
9.690390739906833617e-04
9.613984448210327908e-04
9.663863545224516110e-04
9.583230251541251677e-04
9.584532015789151878e-04
9.581324444318564367e-04
9.572774620814931620e-04
9.558071317321720781e-04
9.536439413773412088e-04
9.706558975330493565e-04
