6.806587970165331569e+00
6.803274351511503504e+00
6.800282954430912241e+00
6.797181810810456248e+00
6.794167929674695294e+00
6.791309737327766882e+00
6.788597109546205211e+00
6.786039337140875816e+00
6.783647866694852091e+00
6.780662227030391342e+00
6.778005945645563912e+00
6.775296705801662434e+00
6.772780809694369353e+00
6.770441716492316075e+00
6.768285653162791959e+00
6.766417793039063433e+00
6.764796649856691602e+00
6.763434610670064018e+00
6.761588880234135068e+00
6.760112943695303578e+00
6.758563455281165311e+00
6.757362575591406184e+00
6.756317751653130976e+00
6.755455355596218681e+00
6.754884945854132461e+00
6.753902081055398021e+00
6.753075746226923748e+00
6.752276291068871394e+00
6.751441631239176289e+00
6.751094145354839426e+00
6.750732112488214476e+00
6.750444432373897463e+00
6.750264146417096711e+00
6.749679762946538375e+00
6.749570352205466861e+00
6.749095478025236794e+00
6.748623542827881572e+00
6.748077144223315393e+00
6.748010669222884950e+00
6.748057853196657518e+00
6.747993840969509272e+00
6.747977120137134577e+00
6.747898058255072939e+00
6.747475599473245822e+00
6.747149601247292239e+00
6.746813238071546870e+00
6.746363811081408812e+00
6.746515984435172975e+00
6.746657036386665141e+00
6.745202911612843799e+00
6.743755359512974223e+00
6.743523690079780586e+00
6.743769062487475097e+00
6.743639244292307211e+00
6.743536364516574011e+00
6.742133097466039615e+00
6.742224071624380421e+00
6.742630907725961187e+00
6.742849706654319597e+00
6.741739754955028197e+00
6.741854386467567295e+00
6.742509828879987843e+00
6.742597757279311210e+00
6.742595035828774286e+00
6.742995337660850907e+00
6.743568314258491014e+00
6.744229892416141681e+00
6.744650312813002202e+00
6.745235763021672604e+00
6.745355523711204171e+00
6.745966338773208726e+00
6.746087439444053757e+00
6.746169958495912056e+00
6.746134326232787970e+00
6.746525646267717669e+00
6.747279327374174684e+00
6.747575078057176157e+00
6.748028026612603369e+00
6.748524757883679115e+00
6.748945440260770923e+00
6.748918696423112706e+00
6.748970612725610607e+00
6.748973930575576041e+00
6.747668256756645278e+00
6.747874940507684549e+00
6.747960341355559777e+00
6.748138532193522998e+00
6.748351641948620916e+00
6.748995693468586410e+00
6.748675293872664405e+00
6.748403995909456832e+00
6.748068071874196328e+00
6.747580944634922417e+00
6.747662975045344069e+00
6.747715788872002740e+00
6.747618015187589080e+00
6.747633684430266676e+00
6.746171725679722897e+00
6.746201921925131018e+00
6.745868278496792492e+00
6.745658338433239365e+00
6.745461399355008325e+00
6.745384558981760037e+00
6.745561337605386676e+00
6.745940485506947581e+00
6.746278992826499454e+00
6.746727950837784427e+00
6.747704015412384848e+00
6.748392607515772745e+00
6.748543409899885326e+00
6.748785317420280094e+00
6.748989475881987055e+00
6.749271191506533540e+00
6.748109246936582650e+00
6.747973105872695498e+00
6.747844158464190834e+00
6.747666639455254689e+00
6.747878223826805133e+00
6.746613716879837241e+00
6.746542097230856072e+00
6.746556318230554794e+00
6.746175789575521442e+00
6.744643028191244838e+00
6.744374598610714422e+00
6.743847639487640322e+00
6.742310793187486162e+00
6.742450915326359429e+00
6.741979349443740333e+00
6.741534751503186484e+00
6.741309044782836324e+00
6.740872771951255338e+00
6.740900712431803221e+00
6.740967924707579328e+00
6.741220199486422260e+00
6.741593175428861606e+00
6.741940269294297572e+00
6.742967379359536828e+00
6.742710327945173887e+00
6.742467868753990956e+00
6.742241176485394227e+00
6.742220982531923923e+00
6.742304336330803949e+00
6.742206217058470230e+00
6.742422500575086630e+00
6.742709890887121915e+00
6.743273998304543326e+00
6.744015265735040288e+00
6.745143373953161436e+00
6.745699623194515659e+00
6.746315543944382043e+00
6.746257173558778852e+00
6.745259612790896142e+00
6.745491258962261760e+00
6.745974397169892001e+00
6.745873268919050147e+00
6.746202694024475477e+00
6.746766559578331268e+00
6.747475708225412205e+00
6.748566606930918255e+00
6.749053410728324209e+00
6.749581410673493487e+00
6.750133545985319117e+00
6.750857319191018391e+00
6.751638324996177332e+00
6.751952751156194310e+00
6.751957926549077449e+00
6.751761780114106770e+00
6.750440775422666739e+00
6.750130076900535236e+00
6.750332513748077190e+00
6.749873161543672673e+00
6.748455170451607366e+00
6.748215939176313682e+00
6.748065986316795772e+00
6.748032998265247606e+00
6.748165493785644564e+00
6.747993352339979545e+00
6.748257155140935382e+00
6.748838380755477928e+00
6.749809384260475831e+00
6.750266835127678000e+00
6.750818451692690125e+00
6.751440285382648732e+00
6.752104829920986262e+00
6.752782656856165744e+00
6.753655639473461036e+00
6.754230048085993587e+00
6.754744988649477477e+00
6.754707663641980275e+00
6.755599445323645647e+00
6.753698468872934235e+00
6.752599558216651587e+00
6.751380565306908998e+00
6.750054051268839395e+00
6.747607341868434361e+00
6.746137966181769308e+00
6.744807858090956287e+00
6.743171429091253444e+00
6.741496881054627188e+00
6.739684263304542178e+00
6.737975626134401708e+00
6.736834222133092354e+00
6.735041672781312272e+00
6.733254970258419014e+00
6.731478021561659197e+00
6.729714152605622779e+00
6.727966172091019104e+00
6.726236431573006769e+00
6.724526880958627828e+00
6.722839119095940674e+00
6.721174439404184575e+00
6.719533870682932175e+00
6.717404791394550045e+00
6.715794388841127116e+00
6.714210386803102892e+00
6.712653069753264035e+00
6.711122598796198879e+00
6.709619030674923934e+00
6.705678157586218546e+00
6.703637225012472278e+00
6.699608267402028083e+00
6.697625143952653737e+00
6.695661840302535417e+00
6.693888906083745205e+00
6.691959539507768895e+00
6.690050995974355708e+00
6.688163191036100130e+00
6.686296030560153980e+00
6.681981664769736540e+00
6.680180577457010216e+00
6.678399675335388253e+00
6.676638822995124123e+00
6.674897874778108253e+00
6.673176679183369764e+00
6.671475079612656955e+00
6.669792915101562691e+00
6.668130021011716480e+00
6.666486229669744468e+00
6.664861370945931007e+00
6.663255272770636672e+00
6.661667761589653125e+00
6.660098662761884114e+00
6.658547803999969261e+00
6.657015014089472160e+00
6.655500116896909013e+00
6.654002718938990313e+00
6.649265614154664661e+00
6.644494069199961217e+00
6.643123818185757479e+00
6.641769847490621714e+00
6.640431991375205456e+00
6.639110081378162498e+00
6.637371377062887490e+00
6.636073512993516665e+00
6.634791201825771090e+00
6.633524278208952296e+00
6.632272577706840977e+00
6.631035936814465792e+00
6.629814192980218124e+00
6.628607184631114535e+00
6.627414751199349752e+00
6.626236733149000635e+00
6.624456333805018637e+00
6.618355229544540030e+00
6.617481086818347791e+00
6.616046011881617339e+00
6.609937024633688374e+00
6.607956843299598759e+00
6.605604083500596246e+00
6.603701332348509645e+00
6.601834311248883758e+00
6.595518714028007601e+00
6.593735363406171501e+00
6.591979324223494530e+00
6.590248330936079313e+00
6.588540448274184058e+00
6.586854023333006403e+00
6.585187642389799478e+00
6.583540094418572686e+00
6.581910340243018354e+00
6.580297486440803922e+00
6.578700763255652006e+00
6.577119505892738971e+00
6.575553138672467490e+00
6.574001161600583565e+00
6.572463138982247877e+00
6.570938689765894125e+00
6.569427479351736210e+00
6.567929214586810005e+00
6.566443635297376069e+00
6.564970373827780925e+00
6.563509359006943988e+00
6.562060402909245305e+00
6.560623335252165234e+00
6.559198000805246842e+00
6.557784257173869591e+00
6.556381972915839462e+00
6.554991025940519300e+00
6.553611302147950290e+00
6.552242694271819268e+00
6.550885100895550650e+00
6.549538425615593518e+00
6.548202564459160158e+00
6.546877441073431392e+00
6.545562970260915492e+00
6.544259069564255071e+00
6.542965658895004033e+00
6.535454223425468001e+00
6.534230114422924451e+00
6.533015949589908722e+00
6.531811661912517053e+00
6.530617183482722687e+00
6.529432446939485324e+00
6.528257385418010372e+00
6.527091932506720262e+00
6.525936022211064724e+00
6.524789588923176176e+00
6.523138190015332682e+00
6.522005045536535484e+00
6.520881254242832270e+00
6.519766750883055906e+00
6.511463622870549806e+00
6.503128947492934131e+00
6.494044913415137010e+00
6.492743802080666704e+00
6.491517472467739580e+00
6.490332957413684767e+00
6.489185261652980152e+00
6.488070131847819333e+00
6.486983940215421462e+00
6.485923564956487475e+00
6.484886411227960501e+00
6.483870189448691868e+00
6.482872961186111560e+00
6.481893064912114255e+00
6.480929074785641397e+00
6.479979765674032777e+00
6.479044083445405278e+00
6.478121119721910404e+00
6.477210090411990251e+00
6.476310317446677622e+00
6.475421213234559659e+00
6.474542267425145603e+00
6.473673035633553674e+00
6.472813129832429624e+00
6.471962210161997575e+00
6.471119977946743873e+00
6.470286169739326354e+00
6.469460552239278961e+00
6.468642917956901606e+00
6.467833081512266880e+00
6.467030876475543089e+00
6.466236152668928483e+00
6.465448773862290999e+00
6.464668615804656682e+00
6.463895564542281313e+00
6.463129514981326373e+00
6.462370369659349301e+00
6.461618037695040506e+00
6.460872433890224364e+00
6.460133477961897519e+00
6.459401093885318801e+00
6.449918659037194857e+00
6.448285978958396392e+00
6.446670202692385665e+00
6.445070876228983003e+00
6.443487577569449343e+00
6.441919914259124802e+00
6.440367520022649117e+00
6.438830051865536142e+00
6.437307187572139711e+00
6.435798623541205465e+00
6.434304072909363903e+00
6.432823263920549373e+00
6.431355938505625147e+00
6.429901799871427848e+00
6.428460669993463661e+00
6.427032324888507731e+00
6.416721009259026332e+00
6.415365038229633221e+00
6.414021399119944178e+00
6.412689881763507849e+00
6.411370284147125176e+00
6.400841989915784680e+00
6.399599040199948519e+00
6.398367472586607541e+00
6.397147099200654274e+00
6.395937739322021365e+00
6.394739218835272965e+00
6.384004497202915296e+00
6.382886802188632913e+00
6.372092601897841213e+00
6.371058108502896111e+00
6.370033311857343783e+00
6.369018057636359309e+00
6.368012197689351339e+00
6.367015588339475229e+00
6.366028090176915732e+00
6.364492257479929194e+00
6.363516329082684386e+00
6.362549246796802116e+00
6.361590882859649021e+00
6.360641113058975726e+00
6.359699816587832011e+00
6.348098561841235998e+00
6.347750121077577745e+00
6.346166965390914072e+00
6.345322486456358213e+00
6.344485559974455846e+00
6.343656095739295786e+00
6.342834003826084199e+00
6.342019194877729582e+00
6.341211580326163499e+00
6.340411072569256845e+00
6.339617585110570275e+00
6.338831032668083232e+00
6.338051331257040566e+00
6.337278398251217304e+00
6.336512152426321265e+00
6.335752513988490264e+00
6.323008171111151654e+00
6.322632792734961704e+00
6.321491118827148981e+00
6.320411626420130879e+00
6.319386076507475636e+00
6.318407408841298256e+00
6.317469594648641440e+00
6.316567566539240453e+00
6.315696920929367408e+00
6.314853927013015067e+00
6.314035396452650772e+00
6.313238601932948058e+00
6.312461208252769573e+00
6.311701213956129486e+00
6.310956901840659050e+00
6.310226796955785034e+00
6.309509630928288537e+00
6.308804311640003881e+00
6.308109897437548241e+00
6.307425575183438049e+00
6.306750641566074123e+00
6.306084487176548237e+00
6.305426582936164870e+00
6.304776468522506505e+00
6.304133742495568349e+00
6.303498053870845830e+00
6.302869094924560045e+00
6.302246595048593747e+00
6.301630315499992641e+00
6.301020044913300033e+00
6.300415595463427998e+00
6.299816799583629390e+00
6.299223507157253543e+00
6.298635583113968650e+00
6.298052905371443799e+00
6.297475363072139842e+00
6.296902855072246119e+00
6.296335288646214501e+00
6.295772578375532724e+00
6.295214645195151171e+00
6.294661415574713814e+00
6.294112820815185749e+00
6.293568796444221292e+00
6.293029281696096433e+00
6.292494219064058036e+00
6.291963553914688312e+00
6.291437234155476510e+00
6.290915209947931963e+00
6.290397433459791188e+00
6.289883858650771487e+00
6.289374441087085543e+00
6.288869137780655372e+00
6.276095870859740522e+00
6.263330252195754788e+00
6.261894935606348689e+00
6.260479722841991723e+00
6.247622582196232344e+00
6.246296623539626225e+00
6.244989618510850882e+00
6.243700961298126906e+00
6.242430083629574966e+00
6.241176451001008374e+00
6.239939559411442183e+00
6.238718932517220317e+00
6.237514119144404567e+00
6.236324691108189100e+00
6.235150241295766449e+00
6.233990381975671902e+00
6.220663019976039543e+00
6.219598760539092552e+00
6.218548193676737057e+00
6.217510963946180524e+00
6.216486733151174171e+00
6.215475177799278050e+00
6.214475988096183734e+00
6.213488867043541752e+00
6.212513529626627395e+00
6.211549702080385593e+00
6.210597121223973005e+00
6.209655533855351628e+00
6.208724696198629545e+00
6.207804373397882713e+00
6.206894339052048792e+00
6.205994393635563711e+00
6.205104308605160490e+00
6.204223880453045403e+00
6.203352912594742641e+00
6.202491215047737150e+00
6.201638604133925092e+00
6.200794902200899905e+00
6.186947101647431779e+00
6.172610695495280630e+00
6.158423171489486592e+00
6.157618893813057603e+00
6.157067851842016104e+00
6.156523403870861166e+00
6.155985494244139211e+00
6.155453996553594820e+00
6.154928785951933712e+00
6.154409739469778096e+00
6.153896736252045585e+00
6.138808198808389349e+00
6.138678367009301695e+00
6.137794718398862592e+00
6.136972979178561438e+00
6.136204790099642814e+00
6.121344138284880998e+00
6.119853138814585591e+00
6.118411540701194973e+00
6.117013952026750800e+00
6.115655755627166457e+00
6.114332991085507096e+00
6.113042254782832252e+00
6.111780615701681185e+00
6.110545544404971885e+00
6.109334853056278547e+00
6.094100861975570993e+00
6.092999009581047787e+00
6.091917272784730386e+00
6.076689771536533335e+00
6.075715583671525089e+00
6.074758403805679663e+00
6.073817250541947210e+00
6.058572952962808067e+00
6.057738747862781103e+00
6.056918427107697234e+00
6.056111326802597894e+00
6.055316850590600097e+00
6.054534459195362039e+00
6.053763662229769693e+00
6.053004012625082808e+00
6.052255101427611805e+00
6.051516552677225214e+00
6.050788019377724147e+00
6.050069180037113803e+00
6.049359735693184525e+00
6.048659407352809936e+00
6.047967933783958472e+00
6.047285069608840047e+00
6.031600408382487011e+00
6.031026459029648734e+00
6.030460132511611171e+00
6.029901219830118286e+00
6.029349525780987484e+00
6.028804864565716848e+00
6.028267058998816097e+00
6.027735967354090008e+00
6.027211400920732487e+00
6.026693204451902375e+00
6.026181228980721727e+00
6.025675331385964562e+00
6.025175374007985418e+00
6.024681224304569760e+00
6.024192754541425110e+00
6.023709841512939533e+00
6.023232366289249740e+00
6.022760213986418698e+00
6.022293273556821092e+00
6.021831437597309211e+00
6.021374602173034774e+00
6.020922666655084576e+00
6.020475533570416538e+00
6.020033108462647498e+00
6.019595299762555030e+00
6.019162018667274516e+00
6.018733179027264235e+00
6.017697239547667998e+00
6.017273880973851519e+00
6.016854783328794198e+00
6.016439868442136074e+00
6.016029060378413007e+00
6.015622285354155885e+00
6.015219471660286032e+00
5.998377405080367986e+00
5.998633798003411677e+00
5.981190284376082467e+00
5.981559029555193696e+00
5.981390075676912055e+00
5.964029246252501970e+00
5.965431153871183945e+00
5.965380506075685041e+00
5.965330289825521604e+00
5.948121673674529930e+00
5.948500404070260039e+00
5.948047129804213462e+00
5.931179823622974467e+00
5.929988197383726956e+00
5.913301952574573583e+00
5.910561022782123253e+00
5.909569585737523667e+00
5.908631011792136789e+00
5.907739400661496276e+00
5.906889690110712188e+00
5.906077527281716755e+00
5.905299160628462829e+00
5.904551349016576189e+00
5.887837422500735940e+00
5.887222988061891371e+00
5.886632330032350424e+00
5.870044724660931301e+00
5.869581399040931124e+00
5.869136973674451419e+00
5.868710064169856189e+00
5.868299446114500384e+00
5.867904031280550825e+00
5.867522847913170025e+00
5.867155026244455840e+00
5.866799784570436493e+00
5.866456417386921807e+00
5.866124285469473953e+00
5.865802807392728191e+00
5.865491452271174744e+00
5.865189733537425454e+00
5.864897203602384756e+00
5.864613449265666745e+00
5.864338087764773277e+00
5.864070763368539829e+00
5.863811144434823319e+00
5.863558920864305968e+00
5.863313801892866550e+00
5.863075514173345937e+00
5.862843800105141945e+00
5.862618416376069952e+00
5.862399132686411996e+00
5.862185730629368763e+00
5.861978002706062618e+00
5.861775751456376859e+00
5.861578788689727482e+00
5.861386934802094828e+00
5.843889362394607545e+00
5.843818207608698856e+00
5.843750952007106925e+00
5.843687450478975087e+00
5.843627567498274722e+00
5.843571172318217322e+00
5.826197367254285275e+00
5.826261799473074987e+00
5.826328494838518779e+00
5.826397352878662339e+00
5.826468280806110123e+00
5.826541188105806235e+00
5.826615986632194932e+00
5.826692590672741368e+00
5.826770916983397441e+00
5.826850884801527464e+00
5.826932415840796686e+00
5.827015434271745065e+00
5.827099866691058061e+00
5.827185642082095995e+00
5.827272691768686563e+00
5.827360949363847631e+00
5.827450350714830307e+00
5.826921713992916807e+00
5.827011723772240970e+00
5.827102738110282232e+00
5.827194699953387236e+00
5.827287554230098365e+00
5.827381247788252061e+00
5.827475729334070209e+00
5.827570949372324449e+00
5.827666860147734162e+00
5.827763415587708273e+00
5.809497803031304031e+00
5.810263163677491960e+00
5.810483544770192132e+00
5.810703188044827883e+00
5.810922128795024122e+00
5.811140367950787144e+00
5.811357903662599078e+00
5.811574731854785014e+00
5.811790846683121181e+00
5.812006240917193978e+00
5.812220906259461195e+00
5.812434833611109575e+00
5.812648013293195248e+00
5.812860435230184919e+00
5.793847485368758043e+00
5.794730106949968373e+00
5.795064816228684634e+00
5.795397367052251170e+00
5.795727879505551350e+00
5.796056386818759343e+00
5.796382917842861637e+00
5.796707497756264260e+00
5.797030148646956427e+00
5.797350890004125290e+00
5.797669739133351818e+00
5.797986711507315150e+00
5.798301821062008976e+00
5.798615080446987591e+00
5.798926501236696396e+00
5.799236094108988659e+00
5.799543868995835183e+00
5.780475564129583077e+00
5.782371532456000551e+00
5.782800969877386343e+00
5.763981613141758942e+00
5.763163677559734133e+00
5.763148970541268845e+00
5.744854892157500892e+00
5.746021046821945255e+00
5.728105495977867889e+00
5.727521172722389586e+00
5.726999939598879763e+00
5.726534547290166977e+00
5.726118768806463422e+00
5.725747242422097649e+00
5.725415339400957038e+00
5.725119053008930869e+00
5.724854905220904122e+00
5.724619868172220905e+00
5.724411297923499120e+00
5.724226878528771323e+00
5.724064574740463485e+00
5.723922591965934004e+00
5.723799342321425954e+00
5.723693415819963271e+00
5.723603555887271988e+00
5.723528638530584800e+00
5.723467654593899390e+00
5.723419694623665066e+00
5.723383935944635681e+00
5.723359631608574638e+00
5.723346100931610003e+00
5.723342721380328513e+00
5.723348921603919059e+00
5.723364175441098212e+00
5.723387996756874152e+00
5.723419934986352153e+00
5.723459571281662051e+00
5.704320289965953528e+00
5.704485672106963001e+00
5.704657218498804916e+00
5.704834594075835597e+00
5.685842885758980891e+00
5.686145781834139434e+00
5.686453015246450526e+00
5.686764319683819124e+00
5.687079446272110594e+00
5.687398159030896849e+00
5.668501845906083858e+00
5.668945689481765804e+00
5.669391690981328225e+00
5.669839664091713693e+00
5.670289434904889347e+00
5.670740837244068189e+00
5.671193712289495537e+00
5.671647908223491186e+00
5.672103279893746297e+00
5.672559688494321684e+00
5.673017001263724879e+00
5.673475091199304821e+00
5.673933836787230511e+00
5.654927225394865253e+00
5.655511466908870410e+00
5.656095025477014815e+00
5.656677816164116024e+00
5.657259761706156631e+00
5.657840787320042253e+00
5.658420820758591319e+00
5.658999792337548129e+00
5.659577634939474855e+00
5.660154283999274227e+00
5.660729677475267785e+00
5.641741718011185291e+00
5.642442104053051466e+00
5.643139926784281002e+00
5.643835157627201227e+00
5.644527773733338805e+00
5.645217752181652671e+00
5.626429584713346976e+00
5.607351700836700203e+00
5.608262542700050979e+00
5.609195708589570728e+00
5.589650722555693285e+00
5.589467966427303480e+00
5.590465687384903681e+00
5.591458737446110661e+00
5.592447145588234747e+00
5.593430739260084827e+00
5.594409378241885555e+00
5.595382949578280751e+00
5.596351363264833623e+00
5.597314548614197527e+00
5.577912952926458168e+00
5.580436780831247390e+00
5.581514811021742517e+00
5.582585754376325760e+00
5.583649861452315122e+00
5.584707186556618019e+00
5.585757783466551274e+00
5.566527060327647547e+00
5.569196151098982916e+00
5.550263315751223558e+00
5.551869315362944590e+00
5.552616915377646123e+00
5.553424214188593666e+00
5.554281217487636368e+00
5.555179422516294707e+00
5.556111640547662489e+00
5.557071789144505836e+00
5.558054718540494044e+00
5.559056066229658200e+00
5.560072134945947653e+00
5.561099790096361239e+00
5.562136373416822543e+00
5.563179630188342273e+00
5.564227647811605060e+00
5.565278803913082939e+00
5.566331722462614984e+00
5.567385236634485146e+00
5.568438357351994661e+00
5.549701928389331407e+00
5.551796200616679222e+00
5.552967807918472332e+00
5.554135418870954410e+00
5.555298653679800580e+00
5.556457135758997801e+00
5.557610550496049129e+00
5.558758636059559777e+00
5.540194954235074576e+00
5.542410263829009587e+00
5.543665445258586288e+00
5.544913568867086973e+00
5.546154610815410280e+00
5.547388494589744923e+00
5.548615163344249090e+00
5.549834576950687826e+00
5.551046709466803009e+00
5.552251546974019014e+00
5.553449085730585821e+00
5.554639330594156377e+00
5.555822293674543388e+00
5.556997993183236950e+00
5.558166452451035688e+00
5.539572074955480652e+00
5.541812300819427328e+00
5.523561278670678476e+00
5.521550968819360250e+00
5.503813833417479096e+00
5.504275074147803259e+00
5.504760515185354031e+00
5.505268694830161458e+00
5.505798246584339140e+00
5.506347890377715437e+00
5.488462823763556209e+00
5.470864609670265111e+00
5.471638812860061485e+00
5.472429850290566833e+00
5.454968093693252307e+00
5.455878470677308023e+00
5.456802951325081530e+00
5.457740591718713397e+00
5.458690503516033132e+00
5.459651847961504600e+00
5.460623832339564387e+00
5.461605705686002565e+00
5.462596758016803555e+00
5.463596316665898733e+00
5.464603743878647890e+00
5.465618434616116517e+00
5.466639814543315268e+00
5.467667338181287029e+00
5.468700487205448546e+00
5.469738768875051171e+00
5.470781714580363442e+00
5.471828878495998083e+00
5.472879836330109882e+00
5.473934184160521355e+00
5.474991537349816362e+00
5.476051529532376172e+00
5.457504215024985506e+00
5.439253308447668189e+00
5.440552635864999154e+00
5.441851817255435542e+00
5.443150585832658983e+00
5.444448690158866455e+00
5.445745889434490117e+00
5.447041953200677078e+00
5.448336661025567018e+00
5.449629802179733140e+00
5.450921175305664335e+00
5.452210588085216969e+00
5.453497856908123609e+00
5.454782806544042018e+00
5.456065269819979413e+00
5.457345087304595666e+00
5.438677423087444396e+00
5.420327222095947306e+00
5.421847530148986571e+00
5.403176265669749512e+00
5.400468331797658728e+00
5.401972498710470916e+00
5.403471754104579361e+00
5.404965906468118142e+00
5.406454680203470531e+00
5.407937836509394636e+00
5.389810150906108710e+00
5.391952915959913994e+00
5.393551343061406378e+00
5.395141972045870205e+00
5.376421375358058974e+00
5.357928273496097127e+00
5.360069104872989598e+00
5.361476892620951951e+00
5.362928926141051100e+00
5.364417205700557467e+00
5.365934929514873275e+00
5.367476346879093363e+00
5.369036591983558537e+00
5.370611544911640500e+00
5.372197715163179232e+00
5.373792143892925921e+00
5.375392321737703760e+00
5.376996119657736273e+00
5.378601730664208880e+00
5.380207620669173352e+00
5.381812486991588429e+00
5.383415223297703278e+00
5.385014889955564321e+00
5.386610688950288939e+00
5.388201942644753828e+00
5.389788075785619803e+00
5.371048322203992420e+00
5.373557794507274110e+00
5.375257527656088996e+00
5.376949603415184242e+00
5.378633809206839089e+00
5.380309925284314509e+00
5.381977768845684018e+00
5.363292503530082023e+00
5.365911541126526352e+00
5.367685568621663350e+00
5.369449804463735099e+00
5.371204236979762570e+00
5.352651891831457398e+00
5.355392477229531600e+00
5.357247771052956686e+00
5.359092070642867078e+00
5.360925433982393962e+00
5.362747867061421481e+00
5.364559384439587575e+00
5.366360007944045662e+00
5.347837787196636050e+00
5.350643738423299212e+00
5.352542132775729655e+00
5.334243582746092116e+00
5.337189652016487429e+00
5.339180520844923450e+00
5.321117984349668539e+00
5.324197522898650448e+00
5.326275614851262219e+00
5.328340273016607398e+00
5.330391648750486766e+00
5.332429815290851138e+00
5.334454849869675108e+00
5.316471742378660714e+00
5.317619236284444106e+00
5.318794551153650296e+00
5.300847764311553689e+00
5.302141220311992420e+00
5.303458754449610346e+00
5.304798656269330337e+00
5.286800426491448768e+00
5.288257905762592692e+00
5.289734398756657185e+00
5.291228489754742803e+00
5.292738849573330739e+00
5.274618209877778519e+00
5.276245555056380709e+00
5.277886244295985740e+00
5.279539173301808219e+00
5.281203302004149336e+00
5.282877648421821171e+00
5.284561284690157734e+00
5.286253333449145941e+00
5.287952964549556434e+00
5.289659392040919172e+00
5.271029399542707772e+00
5.252678339919932604e+00
5.254612783139034349e+00
5.256550911304986862e+00
5.238333437052546060e+00
5.240384413641021588e+00
5.242436914783011659e+00
5.244490413926113703e+00
5.246544413096985160e+00
5.248598437851791587e+00
5.250652036178799165e+00
5.252704777451386420e+00
5.254756251429330227e+00
5.256806067306871277e+00
5.258853852805902562e+00
5.240186534016113562e+00
5.242348199153531674e+00
5.244506071435715455e+00
5.246659865130443023e+00
5.248809310994188237e+00
5.230169509904780689e+00
5.232430917455036301e+00
5.234686355961369664e+00
5.236935629266469050e+00
5.239178553204904887e+00
5.241414950427769170e+00
5.243644650434626797e+00
5.245867489554663976e+00
5.248083310886408448e+00
5.250291964204682138e+00
5.231369813813903313e+00
5.233691195192717416e+00
5.215027308194073008e+00
5.214923149908130995e+00
5.217259935375114566e+00
5.219586207791415688e+00
5.221901923037154170e+00
5.224207036725722730e+00
5.205298942262639450e+00
5.186708381649328459e+00
5.188084182486752738e+00
5.169078196169584416e+00
5.172206974903507337e+00
5.174792378193123987e+00
5.177363947001047961e+00
5.179921724339873634e+00
5.182465685639221498e+00
5.184995815451502565e+00
5.188285080434371643e+00
5.169212590006959651e+00
5.172372688529161877e+00
5.153439714393727833e+00
5.157615455639686708e+00
5.160327042984571122e+00
5.163022031759741282e+00
5.165700784495232512e+00
5.168363447424567880e+00
5.171010155761084803e+00
5.173641035215588602e+00
5.176256203254991028e+00
5.178855770180796014e+00
5.181439840054252954e+00
5.162301249251534330e+00
5.166407946651976779e+00
5.169081253718219138e+00
5.171737854755445341e+00
5.174378097791271891e+00
5.177002127382903218e+00
5.179610078459544020e+00
5.182202077601090195e+00
5.184778244097787869e+00
5.187338690860833879e+00
5.189883525205900128e+00
5.193190897965425989e+00
5.173889972352747613e+00
5.154813803323652799e+00
5.157892743766885779e+00
5.160209815996215532e+00
5.162568226211985412e+00
5.164959450971832844e+00
5.167376180850154377e+00
5.169812358722765566e+00
5.172262833446656494e+00
5.174723256678227301e+00
5.177189956272227001e+00
5.179659830196015058e+00
5.182130257506361026e+00
5.184599023545707119e+00
5.187064257013528135e+00
5.189524376973229991e+00
5.192754666436321109e+00
5.195194163400984166e+00
5.197625239262554153e+00
5.178319063403379552e+00
5.159214083970701914e+00
5.162694231461606442e+00
5.165360324071120779e+00
5.168013483393806062e+00
5.170653388084994972e+00
5.173279728697120383e+00
5.175892251547584699e+00
5.178490753734680041e+00
5.181075020414888321e+00
5.183644965984016473e+00
5.186200487755960431e+00
5.188741507751884363e+00
5.191267968993209081e+00
5.194564482697507479e+00
5.197054816830650736e+00
5.177650507997514140e+00
5.180219179005831620e+00
5.182812435348821190e+00
5.185390180267276605e+00
5.166046047544403663e+00
5.169567990027437610e+00
5.172237270474803417e+00
5.174890236058353743e+00
5.177526985948421867e+00
5.180147570384766809e+00
5.182752048075273343e+00
5.185340430185622296e+00
5.187912826200538952e+00
5.190469302355166015e+00
5.193009927269235604e+00
5.195534771489986881e+00
5.198826422822524940e+00
5.201312853905792011e+00
5.203783829916202031e+00
5.206239423338867134e+00
5.208679707213986987e+00
5.211104754961271013e+00
5.192140094292615693e+00
5.193879000028830184e+00
5.174284396590450363e+00
5.177765280891586386e+00
5.180406377268312212e+00
5.183030612039557283e+00
5.185638119394177181e+00
5.188228931451318360e+00
5.190803178311693244e+00
5.193360945664657002e+00
5.195902320766125904e+00
5.176239643597820184e+00
5.156780102258256449e+00
5.158745458046091414e+00
5.160735118818284839e+00
5.162746944402742955e+00
5.143174331476515704e+00
5.145313022159861305e+00
5.147470110636149343e+00
5.149643832150814227e+00
5.151832535293887183e+00
5.154034672720140264e+00
5.156248793147775622e+00
5.158473534158731333e+00
5.160707615700230733e+00
5.162949834201901567e+00
5.142736203262957773e+00
5.145108793345800180e+00
5.147486858794480646e+00
5.127312574424516711e+00
5.129819403115835286e+00
5.132329141608694911e+00
5.134840910673920789e+00
5.137353881683631940e+00
5.117079502327261942e+00
5.119720547325870896e+00
5.099601223042731668e+00
5.102367097729871404e+00
5.082423507858919720e+00
5.085310547406364456e+00
5.088193423235583879e+00
5.091071599547960069e+00
5.093944569221997121e+00
5.096811849644042880e+00
5.099672981698242680e+00
5.102527528780669286e+00
5.105375075840604460e+00
5.108215228451404855e+00
5.111047611912746369e+00
5.113871870385264806e+00
5.116687666058197692e+00
5.119494678350188899e+00
5.122292603143038470e+00
5.125081152048041488e+00
5.127860051704194788e+00
5.107049599668770590e+00
5.109957712771148408e+00
5.089323134366852130e+00
5.092356125359809305e+00
5.095376499344997256e+00
5.098384114970555991e+00
5.101378839090616069e+00
5.104360543356166069e+00
5.107329104486383997e+00
5.110284404454952245e+00
5.113226330606492454e+00
5.116154775716196923e+00
5.119069638003495903e+00
5.121970821108885019e+00
5.124858234041385074e+00
5.127731791102863923e+00
5.130591411794351409e+00
5.133437020708641718e+00
5.136268547412578656e+00
5.139085926322014330e+00
5.141889096571665263e+00
5.144678001881829665e+00
5.147452590423508667e+00
5.150212814683115425e+00
5.152958631327845040e+00
5.155690001072387396e+00
5.158406888547689917e+00
5.161109262172158374e+00
5.163797094025702528e+00
5.166470359726838879e+00
5.169129038313085900e+00
5.171773112124719241e+00
5.174402566691968630e+00
5.177017390625681337e+00
5.179617575511477945e+00
5.182203115807290317e+00
5.184774008744322593e+00
5.187330254231282467e+00
5.189871854761864967e+00
5.192398815325367067e+00
5.194911143320353197e+00
5.197408848471257947e+00
5.199891942747870033e+00
5.202360440287509213e+00
5.204814357319911267e+00
5.207253712094630060e+00
5.184901053841156404e+00
5.187493445086248656e+00
5.190069783778852752e+00
5.192630130155198032e+00
5.195174544994110022e+00
5.197703088134881355e+00
5.200215818760307585e+00
5.202712795626501574e+00
5.205194077248569862e+00
5.182719799085059975e+00
5.185354814881010022e+00
5.187972673755052888e+00
5.165553293565840143e+00
5.168321512707322540e+00
5.171071196432889927e+00
5.173802480133574022e+00
5.176515495751725204e+00
5.179210370157282028e+00
5.181887225842847222e+00
5.184546181508125962e+00
5.187187352551844377e+00
5.189810851486436505e+00
5.192416788288442220e+00
5.195005270695124189e+00
5.197576404456284216e+00
5.200130293548594906e+00
5.202667040358630146e+00
5.205186745839661455e+00
5.207689509646492354e+00
5.210175430251869244e+00
5.212644605047358937e+00
5.215097130431204597e+00
5.192329608937180652e+00
5.194939810084598264e+00
5.197531896916640193e+00
5.174813389491549565e+00
5.177559710253058611e+00
5.180286537905097077e+00
5.157644393519002612e+00
5.160521540423237852e+00
5.163377915636859328e+00
5.166213723226633192e+00
5.169029160734046613e+00
5.171824417467941082e+00
5.174599675466549087e+00
5.177355110315088993e+00
5.180090891842007217e+00
5.182807184713511539e+00
5.185504148942793101e+00
5.162763560409302066e+00
5.165612504046864117e+00
5.168440800869167795e+00
5.171248643046902238e+00
5.174036218188004632e+00
5.151343597772100047e+00
5.154280406694437211e+00
5.131732042476243372e+00
5.109393302867239584e+00
5.112633909104159713e+00
5.115850223166748201e+00
5.093688407990007327e+00
5.097036348563725561e+00
5.100359215716317784e+00
5.103657328539383364e+00
5.106930992978448103e+00
5.110180498797381787e+00
5.113406091953438093e+00
5.116608065139819139e+00
5.119786669587368166e+00
5.122942146273248731e+00
5.126074726933844694e+00
5.129184634937760556e+00
5.132272086044475046e+00
5.135337289065838640e+00
5.138380446444992700e+00
5.141401754764812537e+00
5.144401405196359356e+00
5.147379583895888899e+00
5.150336472357919249e+00
5.153272247730449784e+00
5.156187083097655943e+00
5.133604278657063702e+00
5.136663508443932713e+00
5.139700616659664156e+00
5.142715809936334814e+00
5.145709290770453137e+00
5.148681254713689093e+00
5.151631891058857882e+00
5.154561383432593402e+00
5.157469910308619454e+00
5.160357645453821362e+00
5.163224758317322305e+00
5.166071414371203652e+00
5.168897775410088435e+00
5.146174770992949732e+00
5.123640064048818665e+00
5.126777899663853333e+00
5.129892699841392734e+00
5.132984708265355245e+00
5.136054160881037944e+00
5.139101283287979882e+00
5.142126291907636038e+00
5.145129394982350668e+00
5.148110793431470711e+00
5.151070681587013311e+00
5.154009247827679552e+00
5.156926675126889847e+00
5.134279812337758209e+00
5.137342111853402393e+00
5.140382099799276183e+00
5.143399990024994040e+00
5.146395991585491103e+00
5.123836882292509998e+00
5.126974653879299737e+00
5.130089445879862708e+00
5.133181491819640563e+00
5.136251018986907724e+00
5.139298245594487113e+00
5.142323381748203026e+00
5.145326630278925784e+00
5.148308187458902729e+00
5.151268243620256371e+00
5.154206983690801991e+00
5.157124587659772885e+00
5.160021230984155771e+00
5.162897084944577664e+00
5.165752316958259094e+00
5.168587090855424115e+00
5.171401567124405574e+00
5.174195903130055285e+00
5.151373262818356835e+00
5.154317454075001415e+00
5.131648013079038506e+00
5.134736497206552563e+00
5.137802238669740618e+00
5.115287814994102789e+00
5.118492775051135979e+00
5.121673995265020984e+00
5.124831737552757005e+00
5.127966255105408599e+00
5.131077789604097994e+00
5.134166572516285498e+00
5.137232826205726965e+00
5.140276764884598393e+00
5.143298595432351128e+00
5.146298518101930952e+00
5.149276727130755127e+00
5.152233411271022412e+00
5.155168754251647556e+00
5.158082935182153328e+00
5.160976128907207361e+00
5.163848506319138387e+00
5.166700234634526545e+00
5.169531477640159522e+00
5.172342395912615132e+00
5.175133147015230861e+00
5.177903885675529949e+00
5.180654763945748975e+00
5.183385931348675868e+00
5.186097535010657289e+00
5.188789719783440724e+00
5.191462628356068976e+00
5.194116401358152224e+00
5.196751177455309012e+00
5.199367093437771814e+00
5.201964284302778019e+00
5.204542883331384928e+00
5.207103022160297634e+00
5.209644830849025077e+00
5.212168437942966470e+00
5.214673970532589742e+00
5.217161554309136307e+00
5.219631313617020929e+00
5.196452782032967121e+00
5.173369861606389009e+00
5.176176845557488804e+00
5.178962851481522911e+00
5.181728085699910835e+00
5.184472748625815086e+00
5.187197033282160419e+00
5.189901126157442590e+00
5.192585207930259017e+00
5.195249454083826102e+00
5.197894035428496373e+00
5.200519118547435760e+00
5.203124866177942565e+00
5.205711437538927733e+00
5.208278988613217919e+00
5.210827672392025711e+00
5.213357639087562667e+00
5.215869036318882657e+00
5.218362009275135271e+00
5.220836700859764257e+00
5.223293251818498462e+00
5.225731800853636422e+00
5.228152484726612315e+00
5.230555438350555697e+00
5.232940794874203050e+00
5.235308685758443659e+00
5.237659240846369357e+00
5.214325407038300497e+00
5.216841851027714583e+00
5.219339432977612603e+00
5.221818318439304107e+00
5.224278669865614511e+00
5.226720645653909258e+00
5.229144400552192984e+00
5.231550086002773270e+00
5.233937850433960648e+00
5.236307839508562267e+00
5.238660196336391905e+00
5.240995061656890996e+00
5.217602812783700195e+00
5.220104672479578767e+00
5.222587507555467745e+00
5.225051493413430670e+00
5.227496801811619243e+00
5.229923600008442364e+00
5.206531932159482956e+00
5.209123836176807743e+00
5.211695748001545780e+00
5.214247866585834501e+00
5.216780386020282378e+00
5.219293494548574053e+00
5.221787375160047873e+00
5.224262206092276095e+00
5.226718161258615325e+00
5.229155410613222976e+00
5.231574120464058453e+00
5.233974453742454180e+00
5.236356570236480046e+00
5.238720626794008517e+00
5.241066777500474672e+00
5.243395173835314615e+00
5.219930357263120158e+00
5.196513079289426962e+00
5.199192455730915263e+00
5.201850734825079314e+00
5.204488148115355095e+00
5.207104920124263181e+00
5.209701267381245060e+00
5.212277399281075141e+00
5.214833518811184732e+00
5.217369823169469178e+00
5.219886504290819573e+00
5.222383749297509148e+00
5.224861740886039385e+00
5.227320657660879277e+00
5.229760674423800992e+00
5.232181962426024846e+00
5.234584689589127038e+00
5.236969020699762112e+00
5.239335117582191614e+00
5.241683139252221402e+00
5.244013242055233448e+00
5.246325579790774185e+00
5.248620303825620503e+00
5.250897563196983420e+00
5.253157504707165693e+00
5.255400273010875978e+00
5.257626010696049512e+00
5.259834858359070608e+00
5.262026954674965395e+00
5.264202436463184753e+00
5.266361438749401991e+00
5.268504094823754258e+00
5.270630536295853652e+00
5.272740893146814933e+00
5.274835293778640022e+00
5.276913865061054310e+00
5.278976732376077230e+00
5.281024019660423896e+00
5.283055849445919883e+00
5.285072342898040176e+00
5.287073619852663775e+00
5.263495133880566890e+00
5.265672261944124521e+00
5.267832504161622076e+00
5.269976014281205323e+00
5.272102942786068169e+00
5.274213436933080423e+00
5.276307641056272146e+00
5.278385696820273587e+00
5.254759719867331924e+00
5.257012919482242808e+00
5.259248321499529588e+00
5.261466100899193421e+00
5.263666428520019203e+00
5.265849470983539504e+00
5.268015391094514221e+00
5.270164348176678892e+00
5.272296498355237837e+00
5.274411994795607406e+00
5.276510987906180894e+00
5.278593625511558862e+00
5.280660053001489551e+00
5.282710413459798637e+00
5.284744847776877918e+00
5.286763494748569769e+00
5.288766491163848116e+00
5.290753971883163764e+00
5.292726069909084785e+00
5.294682916450458521e+00
5.296624640981143273e+00
5.298551371294192514e+00
5.300463233552121345e+00
5.276814466705516793e+00
5.278904825863047989e+00
5.280978614438573970e+00
5.283035991886841920e+00
5.259325935391067297e+00
5.261560052602720639e+00
5.263776097893385852e+00
5.265974262097249614e+00
5.268154730945408204e+00
5.270317685162714483e+00
5.272463300951604204e+00
5.274591750397348733e+00
5.276703201808714105e+00
5.278797820005564745e+00
5.255061582829339883e+00
5.257332512743884578e+00
5.259584961593124497e+00
5.261819126979485617e+00
5.238057847037368653e+00
5.240465907927667644e+00
5.242854101681905021e+00
5.245222655705801706e+00
5.247571790981351292e+00
5.249901721788583941e+00
5.252212656337866825e+00
5.254504797305174613e+00
5.256778342286917649e+00
5.259033484188171848e+00
5.261270411555834414e+00
5.263489308866020622e+00
5.265690356773582437e+00
5.267873732330115466e+00
5.270039609175716677e+00
5.272188157708902700e+00
5.274319545238207674e+00
5.250561140559172557e+00
5.252868266392799690e+00
5.255156600396117206e+00
5.257426342984174106e+00
5.259677689782110477e+00
5.261910831414713385e+00
5.238135854700960437e+00
5.240542938761421077e+00
5.242930231852522382e+00
5.245297955397381529e+00
5.247646325004620138e+00
5.223873688667672432e+00
5.226393544059754426e+00
5.228892521607225063e+00
5.231370865086849342e+00
5.233828811443199669e+00
5.210079684165633829e+00
5.212706361459951587e+00
5.215311185272193839e+00
5.217894418377758470e+00
5.220456315938095671e+00
5.222997124674112257e+00
5.225517083658244744e+00
5.228016424990469702e+00
5.230495374377339246e+00
5.232954151630073270e+00
5.235392971095036430e+00
5.237812042027727877e+00
5.240211568919389329e+00
5.242591751783956866e+00
5.244952786411571033e+00
5.247294864594017838e+00
5.249618174326356801e+00
5.251922899988428206e+00
5.254209222509181210e+00
5.256477319516374536e+00
5.258727365473672144e+00
5.260959531806888023e+00
5.237207091122931146e+00
5.239612691337248052e+00
5.241998823389433682e+00
5.244365692109905552e+00
5.246713497675856708e+00
5.249042435108581373e+00
5.251352694708484314e+00
5.253644462426534822e+00
5.255917920182675118e+00
5.232162356647498846e+00
5.234608470476422859e+00
5.237034704275469466e+00
5.213295215736184929e+00
5.215890661565299347e+00
5.218464748284582733e+00
5.221017724388777204e+00
5.223549831203852634e+00
5.226061302151772558e+00
5.228552363523452762e+00
5.231023235135540794e+00
5.233474130890227727e+00
5.235905259254375999e+00
5.238316823671379296e+00
5.240709022916929527e+00
5.243082051407970567e+00
5.245436099472474467e+00
5.247771353586427878e+00
5.250087996583289396e+00
5.252386207840270771e+00
5.254666163445098626e+00
5.256928036346194766e+00
5.259171996488824163e+00
5.261398210939223219e+00
5.263606843998417162e+00
5.265798057307187641e+00
5.267972009943332701e+00
5.270128858512178383e+00
5.272268757231228342e+00
5.274391858009581213e+00
5.276498310522677038e+00
5.278588262282909227e+00
5.280661858706472422e+00
5.282719243176755342e+00
5.284760557104670298e+00
5.286785939986054395e+00
5.288795529456445266e+00
5.290789461343369027e+00
5.292767869716336726e+00
5.294730886934655878e+00
5.296678643693246258e+00
5.298611269066485718e+00
5.300528890550288530e+00
5.302431634102427793e+00
5.304319624181245807e+00
5.306192983782801242e+00
5.308051834476514408e+00
5.309896296439427843e+00
5.286190841423518805e+00
5.288215603243623164e+00
5.290224246691627386e+00
5.292216925065279298e+00
5.294193788105242326e+00
5.270419562829015803e+00
5.272575377622577442e+00
5.274713677766576403e+00
5.276834645304464111e+00
5.278938457561126008e+00
5.281025287426889925e+00
5.283095303778109653e+00
5.285148671827787581e+00
5.287185553418952466e+00
5.289206107271261281e+00
5.291210489189329458e+00
5.293198852239830110e+00
5.295171346903062570e+00
5.297128121203661166e+00
5.299069320824265183e+00
5.300995089205208899e+00
5.302905567632790529e+00
5.279133189357876788e+00
5.281223778139160885e+00
5.283297360458441894e+00
5.285354110937219296e+00
5.287394199954893459e+00
5.289417794016041618e+00
5.291425056074321454e+00
5.293416145804417106e+00
5.269600430580444694e+00
5.271770772488954648e+00
5.273923247890335730e+00
5.250060000031392171e+00
5.252389290950909562e+00
5.254699086427257804e+00
5.230822336276710338e+00
5.233305866091676251e+00
5.235768356160492409e+00
5.238210067106477297e+00
5.214353117923979930e+00
5.216965340366056303e+00
5.219555322780341733e+00
5.222123348992216307e+00
5.198312461858589195e+00
5.174590478795715320e+00
5.177510086547189694e+00
5.180404527267195469e+00
5.183274156015645673e+00
5.186119314381387291e+00
5.188940329416542596e+00
5.191737515155526950e+00
5.194511173910465018e+00
5.170859948714649157e+00
5.173793210052867408e+00
5.176701726659607594e+00
5.179585819146750758e+00
5.182445798457552932e+00
5.185281964174826008e+00
5.188094605568010387e+00
5.190884002495169014e+00
5.193650426182569113e+00
5.196394139901135745e+00
5.199115399556025530e+00
5.201814454202843052e+00
5.178191355321149381e+00
5.154702574375069624e+00
5.157740990198215414e+00
5.160754192353151915e+00
5.163742506351456818e+00
5.166706247054993817e+00
5.169645716782076406e+00
5.172561206568408565e+00
5.175452997248558340e+00
5.178321360385888639e+00
5.154886638072664340e+00
5.157909272062796369e+00
5.160907314159773662e+00
5.163881058328056106e+00
5.140574529710476348e+00
5.143698102107057579e+00
5.146796320978931583e+00
5.149869498729554351e+00
5.152917938469558479e+00
5.155941931590216853e+00
5.158941758915207565e+00
5.161917691691940036e+00
5.164869992446936564e+00
5.167798915726476316e+00
5.170704708740185396e+00
5.173587611922579654e+00
5.176447859425008069e+00
5.179285679548527810e+00
5.182101295126583018e+00
5.184894923864819205e+00
5.187666778644396182e+00
5.190417067793910988e+00
5.193145995334470300e+00
5.169726214521372931e+00
5.146460770100326876e+00
5.149521360613002585e+00
5.152557655897073374e+00
5.129448504117934959e+00
5.132630542683365604e+00
5.135787295716831125e+00
5.138919072623033379e+00
5.142026172481852342e+00
5.145108881583503546e+00
5.148167474802253452e+00
5.151202216772793108e+00
5.154213362899771944e+00
5.157201160226525971e+00
5.134105906937448616e+00
5.137240690444087932e+00
5.140351040094899737e+00
5.143437226973831322e+00
5.146499515352157772e+00
5.149538159922540714e+00
5.152553406732731212e+00
5.155545493990594252e+00
5.158514652759832231e+00
5.161461107563408923e+00
5.164385076908702743e+00
5.167286773746448958e+00
5.170166405873377613e+00
5.147014372482839661e+00
5.150044612544389722e+00
5.153051591304127932e+00
5.156035547477528347e+00
5.158996714694392693e+00
5.161935318968191133e+00
5.164851579422065520e+00
5.167745708914704750e+00
5.144633676622409446e+00
5.147677600374947815e+00
5.150698213836674810e+00
5.153695758532044202e+00
5.156670470416589325e+00
5.159622577368640606e+00
5.162552299989526361e+00
5.165459852291672149e+00
5.168345442291739644e+00
5.145250962319366295e+00
5.148286407662959974e+00
5.151298702247681049e+00
5.154288083381156405e+00
5.157254782964200146e+00
5.160199024998273210e+00
5.137185469180955977e+00
5.140277085689134218e+00
5.143345114677147834e+00
5.146389805409328666e+00
5.149411400842622832e+00
5.152410135022767790e+00
5.155386233997390377e+00
5.158339916600309216e+00
5.161271395126600936e+00
5.164180875915630686e+00
5.167068559856185850e+00
5.169934642825823268e+00
5.172779316074438860e+00
5.175602766560600365e+00
5.178405177247659807e+00
5.181186727365678202e+00
5.183947592644171820e+00
5.160782238915158082e+00
5.163697066500362531e+00
5.166589915007267386e+00
5.169460994368226814e+00
5.172310510433920427e+00
5.175138662792797994e+00
5.177945645382166617e+00
5.180731647012967400e+00
5.157590628053357662e+00
5.160529734088651566e+00
5.163446592076751607e+00
5.166341421913775100e+00
5.169214438587639293e+00
5.172065850018578104e+00
5.174895857775199559e+00
5.177704657688040335e+00
5.180492440376559315e+00
5.183259391703278318e+00
5.186005693166563013e+00
5.188731522241659455e+00
5.191437052678052666e+00
5.194122454759873442e+00
5.196787895534984436e+00
5.199433539017504380e+00
5.202059546367698850e+00
5.204666076052596679e+00
5.207253283990019632e+00
5.209821323678509586e+00
5.212370346314969538e+00
5.214900500901748615e+00
5.217411934344527324e+00
5.219904791542194999e+00
5.222379215469656444e+00
5.224835347254479956e+00
5.227273326248002228e+00
5.229693290091574021e+00
5.232095374778394259e+00
5.234479714711419263e+00
5.236846442757690845e+00
5.239195690299423447e+00
5.241527587282119427e+00
5.243842262259971854e+00
5.246139842438753753e+00
5.248420453716395429e+00
5.250684220721392848e+00
5.252931266849228287e+00
5.255161714296915143e+00
5.231661288502509777e+00
5.234061864017649057e+00
5.236444253239165292e+00
5.238808614020369347e+00
5.241155101314956433e+00
5.243483866567877349e+00
5.245795058069149697e+00
5.248088821250929570e+00
5.250365298937563985e+00
5.252624631556785495e+00
5.254866957318823140e+00
5.257092412368911560e+00
5.259301130917872769e+00
5.261493245354499138e+00
5.263668886342860453e+00
5.265828182907120514e+00
5.267971262505962038e+00
5.270098251098348285e+00
5.272209273202052238e+00
5.274304451946163930e+00
5.276383909118448123e+00
5.252807214875860886e+00
5.229216157196679760e+00
5.205655180850975228e+00
5.208283034565564407e+00
5.184788462720025137e+00
5.187578067168903573e+00
5.190344977854812747e+00
5.193089479209143988e+00
5.195811844826049075e+00
5.198512336654149912e+00
5.201191206321511551e+00
5.203848696256281769e+00
5.206485040636566808e+00
5.209100466197948087e+00
5.211695192922118913e+00
5.214269434626350730e+00
5.216823399470018607e+00
5.219357290391784865e+00
5.221871305488744675e+00
5.224365638346865737e+00
5.226840478330546880e+00
5.229296010837785502e+00
5.231732417526337109e+00
5.234149876515294508e+00
5.236548562565906728e+00
5.238928647244652126e+00
5.241290299071180492e+00
5.243633683653250444e+00
5.245958963810483766e+00
5.248266299688367553e+00
5.224668996182944447e+00
5.227146243758134858e+00
5.229603997901927315e+00
5.232042452840627966e+00
5.234461798615604344e+00
5.236862220329867590e+00
5.213271796079917308e+00
5.215840129508972467e+00
5.192302707642602932e+00
5.195034568168193978e+00
5.197744401589160290e+00
5.174286881125506277e+00
5.177155843707579308e+00
5.180001512676013498e+00
5.182824173610482532e+00
5.185624102529853729e+00
5.188401564558102308e+00
5.191156815071721553e+00
5.193890100677448274e+00
5.196601660047607041e+00
5.199291724636134759e+00
5.201960519294598129e+00
5.204608262804230279e+00
5.207235168337497555e+00
5.209841443860293353e+00
5.212427292484162145e+00
5.214992912776337697e+00
5.217538499034074739e+00
5.220064241528703519e+00
5.222570326723989353e+00
5.225056937472484009e+00
5.227524253193130299e+00
5.229972450032683184e+00
5.232401701013228212e+00
5.234812176167562114e+00
5.237204042664094672e+00
5.239577464922485106e+00
5.241932604721172062e+00
5.244269621297680040e+00
5.246588671442533602e+00
5.222991176290053161e+00
5.225479816849061265e+00
5.227948944868490599e+00
5.230398751564028004e+00
5.232829424172660282e+00
5.209247303541912899e+00
5.211845060992285283e+00
5.214422202002892526e+00
5.216978944136865692e+00
5.219515499466021780e+00
5.222032073638230187e+00
5.224528866506429559e+00
5.227006072663132663e+00
5.229463881896003308e+00
5.231902479577709819e+00
5.234322047000928180e+00
5.236722761667642168e+00
5.239104797540207414e+00
5.241468325260479233e+00
5.243813512342108574e+00
5.246140523340375061e+00
5.248449520003075186e+00
5.250740661405397525e+00
5.253014104071284329e+00
5.255270002083255676e+00
5.257508507182412139e+00
5.259729768859989107e+00
5.236090315053817612e+00
5.238483766424516297e+00
5.240858382175710872e+00
5.243214346161760631e+00
