1.333846605536605397e-02
1.584477752091828506e-02
1.772950070850790039e-02
1.914569313695669781e-02
2.049149739300193396e-02
1.434120465710963035e-02
1.671970379226836445e-02
1.855824643889201347e-02
1.998222174002620838e-02
2.108596675735874976e-02
2.194123984322485579e-02
2.260304307102593141e-02
2.311380719804820641e-02
2.350642299564918367e-02
2.380647537118395565e-02
2.403393104041462100e-02
2.420440959279728313e-02
1.433335798698253880e-02
1.431857733662190470e-02
1.667151736600078205e-02
1.847960262547862498e-02
1.987189423711098815e-02
1.432193408935155191e-02
1.666717707347337499e-02
1.846692922019834565e-02
1.985094949382263871e-02
2.091609358452676051e-02
2.173548034632628856e-02
2.236477110149635156e-02
2.284660754122585721e-02
2.321383661307468288e-02
2.349185175669932929e-02
2.370035665783644038e-02
1.432339464572941062e-02
1.665516869782245057e-02
1.843997557411644964e-02
1.980897412104961827e-02
2.085980544110605656e-02
2.166600147805609194e-02
2.228340521964975590e-02
2.275470826018157269e-02
2.311271201079069179e-02
2.338273086452004670e-02
2.358436043204904797e-02
2.373281285421686287e-02
1.432018262290484130e-02
1.664324696576339677e-02
1.841804482886930452e-02
1.977679616176046887e-02
2.081775342481927138e-02
2.161477760054625330e-02
2.222386616413533911e-02
2.268776150083065546e-02
2.303925338235723527e-02
2.330360570193334979e-02
2.350034964150508887e-02
2.364461789618158699e-02
2.374816078116249660e-02
2.382011913869644740e-02
2.386761067778377793e-02
1.431932009158875044e-02
1.663507875536241604e-02
1.840163304558473448e-02
1.975202393618814140e-02
2.078496683567320619e-02
1.430786667754598875e-02
1.662464164003271683e-02
1.839134602427789505e-02
1.974137321632937758e-02
2.077366857774175582e-02
2.156248813870357064e-02
2.216403864492401399e-02
2.262114632141471945e-02
2.296661868654685176e-02
2.322570006311425184e-02
2.341786776366335324e-02
1.431430980693539426e-02
1.662666648447460108e-02
1.429911819972898637e-02
1.661463265665921729e-02
1.429888086606720225e-02
1.661403552246579901e-02
1.837815089675250840e-02
1.972515896075245981e-02
2.075433347421851843e-02
2.154011698744197345e-02
2.213882979264541334e-02
2.259334695263918655e-02
2.293650510383438493e-02
2.319354160102453377e-02
2.338392234051689389e-02
2.352270828263322219e-02
2.362156551055719436e-02
2.368954519613751183e-02
2.373368981893684421e-02
1.431709419446035650e-02
1.665399081135146911e-02
1.844604907144996656e-02
1.430995167148880511e-02
1.664468308812851183e-02
1.843375745844669233e-02
1.980895528008791082e-02
2.086814854334785238e-02
2.168485798478608784e-02
2.231477833778872100e-02
2.280037503490578432e-02
2.317419794615341311e-02
1.431133864922450559e-02
1.663729736892418168e-02
1.841677498548567257e-02
1.978244457005623805e-02
2.083266043674326939e-02
2.164118812384520710e-02
2.226380989820613346e-02
2.274299934455508224e-02
1.430776078496939080e-02
1.429707517592734151e-02
1.661929501838120896e-02
1.839344643275632463e-02
1.975317807332738207e-02
2.079742565678772623e-02
1.430286327668966496e-02
1.662052827433192076e-02
1.429704863662793410e-02
1.661470247600054309e-02
1.838379504664819364e-02
1.973847089068487756e-02
2.077793085309032756e-02
2.157639765853225366e-02
2.218988117673758795e-02
2.266093370978980101e-02
2.302205669441043795e-02
2.329817974710754469e-02
2.350848716511510367e-02
2.366778422487912995e-02
2.378752065037471539e-02
2.387656240242044467e-02
2.394179077770782274e-02
2.398854900500995216e-02
2.402098909044418987e-02
2.404233831796536922e-02
1.430519957962986428e-02
1.661307347007552962e-02
1.837202889153886562e-02
1.971691526984286832e-02
2.074730990243238080e-02
2.153760664578191139e-02
2.214386239414958824e-02
2.260860912828975208e-02
2.296428476474122321e-02
2.323573230919780477e-02
1.430075486285247582e-02
1.660662300795593890e-02
1.836298330416297198e-02
1.970507974074108340e-02
2.073272185311335683e-02
2.152042998504771071e-02
2.212432364917461119e-02
2.258695706039790668e-02
2.294077142560206617e-02
2.321060422929387829e-02
2.341553473857746828e-02
1.429999631600602401e-02
1.428685779757368247e-02
1.428664985617415957e-02
1.659251548267481544e-02
1.834766119232773135e-02
1.429107662344646958e-02
1.659524113513920901e-02
1.834888401129005156e-02
1.968783657857628086e-02
2.071225537521754340e-02
2.149685607143526911e-02
2.209787113254772437e-02
2.255790413369502395e-02
2.290940876640646176e-02
2.317721851639218192e-02
2.338039433788835844e-02
2.353361085981533346e-02
2.364818964360980436e-02
2.373288052716998262e-02
2.379445690810783054e-02
2.383816155672763629e-02
2.386806819847878125e-02
1.430048491727732921e-02
1.659953817554301117e-02
1.834832821049160387e-02
1.968284178060753301e-02
2.070329116987421059e-02
2.148440744792550622e-02
2.208239539291679404e-02
2.253982367977321044e-02
2.288910556810417121e-02
2.315502567104868459e-02
2.335660427947945650e-02
2.350847465097155239e-02
2.362192378467361034e-02
2.370567107812378976e-02
2.376646009132685894e-02
2.380951484531890552e-02
2.383888278796301649e-02
2.385770297324855613e-02
2.386841051124279425e-02
2.387290018421791768e-02
2.387264129530797946e-02
2.386877151541456910e-02
2.386217960768815052e-02
2.385354927832842795e-02
2.384341307742577493e-02
2.383218680098075914e-02
2.382018645540385018e-02
2.380765997625038793e-02
1.430187996336558347e-02
1.659701655431421174e-02
1.834158956647918143e-02
1.428757706908569819e-02
1.658605763839816893e-02
1.833310071492447874e-02
1.966529819262908749e-02
2.068322330724022343e-02
2.146182167070275620e-02
2.205742436693985259e-02
2.251265894588516669e-02
1.429393749185202227e-02
1.659062775570805878e-02
1.833623571726897966e-02
1.966727790639417883e-02
2.068427145829214789e-02
2.146211547079644733e-02
2.205710756394697186e-02
2.251184762744745660e-02
2.285875637839887217e-02
2.312260829873026904e-02
2.332239872934000272e-02
2.347273404292389912e-02
2.358487521927041947e-02
2.366751118837545978e-02
2.372736235440382410e-02
2.376962563339713591e-02
2.379833161493689203e-02
1.429834763157619010e-02
1.659314882798504365e-02
1.833704563935173101e-02
1.966657075344533517e-02
2.068223986609353873e-02
2.145894072102270955e-02
2.205294915656129742e-02
2.250685656433540002e-02
2.285306281537661729e-02
2.311632057524442771e-02
2.331561116682298943e-02
2.346552930817265639e-02
2.357732263921905047e-02
2.365966809800650050e-02
2.371927658157106308e-02
2.376133961561491953e-02
2.378988181294408588e-02
2.380801860190337807e-02
2.381816705370963516e-02
2.382220229886502019e-02
2.382157893365878520e-02
2.381742529440358802e-02
2.381061707617249459e-02
2.380183168887989656e-02
2.379159449480259744e-02
1.430021007056662269e-02
1.659328599235951676e-02
1.833544345826960964e-02
1.966330862660491813e-02
2.067745167157719263e-02
2.145278246929259447e-02
2.204558923788841121e-02
1.429202613858779509e-02
1.658719980155103080e-02
1.833097120881155284e-02
1.966008862276082819e-02
2.067520760952140310e-02
2.145130317781880278e-02
2.204470956015083805e-02
2.249804238088709205e-02
2.284371497762494388e-02
2.310649141773722659e-02
2.330535465043661464e-02
2.345489907276558650e-02
2.356636513507485986e-02
2.364842738058324859e-02
2.370779608276918013e-02
1.429697730985989360e-02
1.659081873051373307e-02
1.833353752091899588e-02
1.966182130517149518e-02
2.067627674581312344e-02
2.145184175778925770e-02
2.204482384935841852e-02
2.249781786700428415e-02
2.284321724980547738e-02
1.429370403399513392e-02
1.658842196368957508e-02
1.833182799389112411e-02
1.428635904388934202e-02
1.428145712784297666e-02
1.657916051277085953e-02
1.832481363022812199e-02
1.965534362143995725e-02
2.067152846875483160e-02
2.144843104624448785e-02
2.204245172303240588e-02
2.249625451377191415e-02
2.284228720752421241e-02
2.310533973676771186e-02
2.330441692885589638e-02
2.345412293210183061e-02
2.356571372349991825e-02
2.364787583561000703e-02
2.370731849835198621e-02
2.374923550193457425e-02
2.377764920942550611e-02
2.379567449541901067e-02
2.380572835365774020e-02
2.380968515431246615e-02
2.380899725507542447e-02
1.429889634037336335e-02
1.659184500828296202e-02
1.833374455921536403e-02
1.966128691311264456e-02
2.067509443615695580e-02
2.145009850610496774e-02
2.204259572513688273e-02
2.249517423219248718e-02
2.284022153360996954e-02
2.310248072914251188e-02
1.429422573630728666e-02
1.428124585898239013e-02
1.657860120863670350e-02
1.832385202834308641e-02
1.965396543213653383e-02
2.066975555151328789e-02
2.144629456398282688e-02
2.203998590334208668e-02
2.249349584887694667e-02
2.283927351279460213e-02
2.310210259136901215e-02
2.330098901477005782e-02
2.345053375422247871e-02
2.356198640356777646e-02
2.364403103643393164e-02
2.370337369660939844e-02
2.374520763146863514e-02
2.377354918466135364e-02
1.429755768174060908e-02
1.659082201162560138e-02
1.833295499760417488e-02
1.428610417387152741e-02
1.658222172557926796e-02
1.832652382657534371e-02
1.965590150649417639e-02
2.067112075405392810e-02
1.428949033008090723e-02
1.658491679257951060e-02
1.832874503779742884e-02
1.428619959688588910e-02
1.658248744099807825e-02
1.428398346173839761e-02
1.658083414653961987e-02
1.832576180595941670e-02
1.965567249091705257e-02
2.067134012023709791e-02
2.144780998720396265e-02
2.204146740852381062e-02
2.249496639523570693e-02
2.284074771193037728e-02
2.310359111861724768e-02
2.330249473932169413e-02
2.345205929932813946e-02
2.356353258317864241e-02
2.364559748751214260e-02
2.370495931799616526e-02
2.374681084701837919e-02
2.377516812236742799e-02
2.379314970374872204e-02
1.429792143347466751e-02
1.428118222990976474e-02
1.428116137921798916e-02
1.657841000612638588e-02
1.832353686594954262e-02
1.965351993950377463e-02
2.066918571253886783e-02
2.144560704455946223e-02
2.203919345784736972e-02
2.249261007221702025e-02
1.429271673402199641e-02
1.658732227404615539e-02
1.833052094448772359e-02
1.965908745102554894e-02
2.067370733967129753e-02
2.144935541834930640e-02
2.204236614160031554e-02
2.249535509452924367e-02
2.284073236085161496e-02
2.310325575882753862e-02
1.429426678328963099e-02
1.658858795774299094e-02
1.833160477069502997e-02
1.428622551600378966e-02
1.658254887072397113e-02
1.832708391557477320e-02
1.965670434482695225e-02
2.067215451895347555e-02
2.144846068651401136e-02
2.204199451076504016e-02
2.249539993211481514e-02
2.284110880584654113e-02
2.310389624018012109e-02
1.429431891648806803e-02
1.428136058676990859e-02
1.657889784143377204e-02
1.832435654513940929e-02
1.428626016374597192e-02
1.658266587836817671e-02
1.832729484657431504e-02
1.965701322856692329e-02
2.067255367533111371e-02
2.144894303180043885e-02
2.204255176995350424e-02
2.249602315504817610e-02
2.284179033980027543e-02
2.310462975397234789e-02
2.330353596013738648e-02
2.345310563089678460e-02
2.356458692403856289e-02
2.364666177071382547e-02
2.370603345693298933e-02
2.374789273268479092e-02
2.377625907693206586e-02
2.379424872789306922e-02
2.380427476389070790e-02
2.380820863720081032e-02
2.380750244879700078e-02
2.380328060686500227e-02
2.379641844565889147e-02
2.378759349466897169e-02
2.377732843475041657e-02
2.376602928979544213e-02
2.375400820065319898e-02
2.374150656195969655e-02
2.372870994483160245e-02
2.371575983145921690e-02
2.370276558447740115e-02
2.368980950617949333e-02
2.367695421769436953e-02
2.366424503229075382e-02
2.365171590254748837e-02
2.363939130777382297e-02
2.362728840190505414e-02
1.430193981579746740e-02
1.659263132159796705e-02
1.428309379512401715e-02
1.657848643763164612e-02
1.832171874643679504e-02
1.964990268624516173e-02
2.066390765682949576e-02
2.143884464452695815e-02
2.203111963015502023e-02
1.429122526066929633e-02
1.658504150649700928e-02
1.832723497357882994e-02
1.965474060488301908e-02
2.066831062301906913e-02
1.428901107600350634e-02
1.658362046840717793e-02
1.832650265593261177e-02
1.965459612820306609e-02
2.066866398138302724e-02
1.428912288895872740e-02
1.658392742353549318e-02
1.832703469479276745e-02
1.965535706247738268e-02
2.066964442633146062e-02
2.144493483254906324e-02
2.203758983022461801e-02
2.249023835907059538e-02
2.283529908734546407e-02
2.309754102740743317e-02
2.329593973524651807e-02
2.344508146672151863e-02
2.355620263323600361e-02
2.363797292299725170e-02
1.429616391766863441e-02
1.658941915219972266e-02
1.833141953765346152e-02
1.965894727098455724e-02
2.067266626050892966e-02
2.144754380381554484e-02
1.429056642766001091e-02
1.658536644112800287e-02
1.832859375544534236e-02
1.965710038109945781e-02
2.067160291139352041e-02
2.144710687877265584e-02
2.203997060797920071e-02
2.249281414374685803e-02
2.283805090748736860e-02
2.310044807695045554e-02
2.329898378453897426e-02
2.344824566653475051e-02
2.355947178798962691e-02
2.364133250344606016e-02
2.370052714840722649e-02
1.429669699923168460e-02
1.659003281659343979e-02
1.833216909570592121e-02
1.965985175553267711e-02
2.067373671424559828e-02
2.144877288938650678e-02
2.204127999824175704e-02
2.249384986877667192e-02
2.283888089843716385e-02
2.310111765264780820e-02
2.329953184377145728e-02
2.344869923866636438e-02
2.355985270316901178e-02
2.364165804132400614e-02
2.370081056620695556e-02
2.374249068112326694e-02
2.377071345919816447e-02
2.378858539665408556e-02
2.379851682471604765e-02
2.380237535072291313e-02
2.380160820987392567e-02
2.379734123197625728e-02
2.379044639464741526e-02
2.378159737656026715e-02
2.377131748475154113e-02
2.376000996977954347e-02
1.429994919903437335e-02
1.659184329479923906e-02
1.833266521210746153e-02
1.965918338537895466e-02
2.067204036335417230e-02
2.144619304495076068e-02
2.203794044738328212e-02
2.248986259057066117e-02
2.283434092448862959e-02
2.309611658324734612e-02
2.329414037246164276e-02
2.344298092024975008e-02
2.355385856440840586e-02
2.363543266693197975e-02
2.369439309988043835e-02
1.429652361375471047e-02
1.658947962639155740e-02
1.833118138126913974e-02
1.965842746481083828e-02
2.067188916665267315e-02
2.144653710359889498e-02
2.203869248308329767e-02
2.249095244782048711e-02
2.283571111863456557e-02
1.429329875535998232e-02
1.658729849900809211e-02
1.832987641488642572e-02
1.965785525609344692e-02
2.067192832227984084e-02
2.144708262385217751e-02
2.203966117922344717e-02
2.249227131300745794e-02
2.283731932494176969e-02
2.309956105936198864e-02
2.329796982618024745e-02
2.344712793256932548e-02
2.355827051217306012e-02
2.364006135228119074e-02
2.369919888773931033e-02
2.374086574514209375e-02
2.376907621156278821e-02
2.378693775928589563e-02
2.379685933767146724e-02
2.380070947712634860e-02
2.379993545903886717e-02
2.379566405587098601e-02
2.378876501019648246e-02
2.377991393472317361e-02
2.376963247829657830e-02
2.375832466222449479e-02
2.374630260387718475e-02
2.373380677014335152e-02
2.372102126276455850e-02
2.370808851354339747e-02
2.369511715466917495e-02
2.368218816911525637e-02
2.366936305802666216e-02
2.365668767213659554e-02
2.364419563439120603e-02
2.363191112644050934e-02
2.361985103497610261e-02
2.360802664303725262e-02
2.359644446092485845e-02
2.358510835828186297e-02
2.357401971830759904e-02
2.356317846972193555e-02
2.355257990016064104e-02
2.354222271777848749e-02
2.353210455935212178e-02
2.352221862809946232e-02
2.351255770568577708e-02
2.350312151005140224e-02
2.349389985893787780e-02
2.348489155121833913e-02
2.347608806510066357e-02
2.346748517582803242e-02
2.345907737738896215e-02
1.428629112243015586e-02
1.657756904790564853e-02
1.831772359022132424e-02
1.964436060065952172e-02
2.065852071405391982e-02
2.143528251159480466e-02
2.203091853627527769e-02
2.248789820785889598e-02
2.283845264255079596e-02
2.310714572914855311e-02
2.331276783425442062e-02
2.346973263453273201e-02
2.358912044179816911e-02
2.367946625151899284e-02
2.374735592549117105e-02
2.379787491263084254e-02
2.383495656025911430e-02
2.386164541726146227e-02
2.388029914959916705e-02
2.389274740408071918e-02
2.390040652429042609e-02
2.390437621251948613e-02
2.390550956457384787e-02
2.390447012665443405e-02
2.390177159101603693e-02
2.389781358736086173e-02
2.389290628478099240e-02
2.388729100909844569e-02
2.388115334215644425e-02
2.387463829914267255e-02
2.386785762035070410e-02
2.386089891439655691e-02
2.385382853868944081e-02
2.384669785910110279e-02
1.428635937632955454e-02
1.656873896535719301e-02
1.829919358880238711e-02
1.961627107168155068e-02
2.062150980044942863e-02
2.139022033724858468e-02
2.197875298507967132e-02
2.242956637529214259e-02
2.277483046520702853e-02
2.303902658077297202e-02
2.324085366708367184e-02
2.339463387011690362e-02
2.351136372153000281e-02
2.359950171258017385e-02
2.366556637648033548e-02
2.371458553472981928e-02
2.375044196910504682e-02
1.428331483852951847e-02
1.656390309339613939e-02
1.829214156334334901e-02
1.960690002213359706e-02
2.060989710452499832e-02
1.427759421088873985e-02
1.427047852171131788e-02
1.655329595687865182e-02
1.828288180781941288e-02
1.427448840555231059e-02
1.655591792523790004e-02
1.828432557747129705e-02
1.959886858898502587e-02
2.060144544034992267e-02
2.136757290199390105e-02
2.195371067604278900e-02
2.240236897776690453e-02
2.274573324069292454e-02
1.427972564342460532e-02
1.655897816160717753e-02
1.828545071207451564e-02
1.959830722712933501e-02
2.059943231156097579e-02
2.136432408630867252e-02
2.194942117458221348e-02
2.239720802469076857e-02
2.273984572438823154e-02
2.300179105220042514e-02
2.320170661509200413e-02
1.428008252711035660e-02
1.655828946358205850e-02
1.828364982270325526e-02
1.959542142187192110e-02
1.427478509888877381e-02
1.655393490260784889e-02
1.827987392743988040e-02
1.959198849019217273e-02
2.059229872969446651e-02
2.135638058060058964e-02
2.194071168636176072e-02
2.238780136927852327e-02
2.272982255085226680e-02
2.299122826978643522e-02
1.427911896678571782e-02
1.655651327661734201e-02
1.828090212167713183e-02
1.959167142705832421e-02
2.059082943069769078e-02
2.135393201229461579e-02
2.193744108504404322e-02
1.427718641787327665e-02
1.655462455169208827e-02
1.827889610337829832e-02
1.958946486218135843e-02
2.058838730066088821e-02
2.135124861558568288e-02
2.193452532349139672e-02
1.427696967413157221e-02
1.655407127637923553e-02
1.827795663977916166e-02
1.958813381318777469e-02
2.058668433224988825e-02
2.134920572948788287e-02
2.193217984017715311e-02
1.427677772916243447e-02
1.655357439084319607e-02
1.827710817034935639e-02
1.427211595982292441e-02
1.654985638240185838e-02
1.827402499194757945e-02
1.958427172169798641e-02
2.058276738748567036e-02
2.134516504212461904e-02
2.192798401363778293e-02
2.237374261289854296e-02
1.427715699789392639e-02
1.655332157859486578e-02
1.827619765673339780e-02
1.958538483940272523e-02
2.058301202017364870e-02
1.427456133066719139e-02
1.655114991011353426e-02
1.827426605313709276e-02
1.958357744136368650e-02
2.058125800405700631e-02
2.134295602523933813e-02
2.192517903025560308e-02
2.237043498175645198e-02
2.271087822422786576e-02
1.427743489417011326e-02
1.655299997040831500e-02
1.426962803909623788e-02
1.654696542939417675e-02
1.827048012190674031e-02
1.957997253132087376e-02
2.057769962940517866e-02
2.133936420427367739e-02
2.192151019677653079e-02
2.236666857108495290e-02
2.270700948986341047e-02
2.296697227977834502e-02
2.316519679131828074e-02
2.331593611435088878e-02
1.427841860937975778e-02
1.655322734625889330e-02
1.827472762311757593e-02
1.958260976331686193e-02
2.057904797525425891e-02
2.133968090744053914e-02
1.427502069647117525e-02
1.426691776604835891e-02
1.426684220175447430e-02
1.654410460507153846e-02
1.826729746141645544e-02
1.957635006817697379e-02
2.057359665313749503e-02
2.133478540287482919e-02
2.191648419468622544e-02
2.236123581580747727e-02
2.270121487990776551e-02
2.296086425948414694e-02
2.315881681346245238e-02
2.330932402272925183e-02
2.342330844982171145e-02
2.350915816666502428e-02
2.357332616418061910e-02
2.362078296560464474e-02
2.365536164413269138e-02
2.368002152443813429e-02
1.427948134618475112e-02
1.655312861646939665e-02
1.827345169855236484e-02
1.958021745801678121e-02
1.427235275965754203e-02
1.654769310607724989e-02
1.826925755845753077e-02
1.957694103555736656e-02
2.057304368932318106e-02
2.133328109156264196e-02
2.191419230224806239e-02
2.235829433290746626e-02
2.269773949676715322e-02
2.295694814951973473e-02
2.315454080051381619e-02
2.330475327750526279e-02
1.427785345073289899e-02
1.655170470035770280e-02
1.827211110794328339e-02
1.957888852557885737e-02
2.057427945909878417e-02
2.133395594218929700e-02
2.191442401618978394e-02
2.235817532195586918e-02
2.269734128148098717e-02
2.295633003627703048e-02
2.315374769348416822e-02
2.330382113937196076e-02
2.341745415605717487e-02
2.350301926086206111e-02
2.356695667938360148e-02
2.361422864048956863e-02
1.427884300499804651e-02
1.655220713486779682e-02
1.827216693931768554e-02
1.957854700250944227e-02
2.057359085587716699e-02
2.133296940491198959e-02
2.191318386200952553e-02
2.235672094566047707e-02
2.269570703575829809e-02
2.295454513174150293e-02
2.315183762121519190e-02
2.330180741832041727e-02
2.341535422999215313e-02
2.350084781994173783e-02
2.356472661659272938e-02
2.361194959388936837e-02
2.364633978415086116e-02
2.367084815051906030e-02
1.427914937060700655e-02
1.655218538731464614e-02
1.827181406216510026e-02
1.957788130643552810e-02
2.057264084780209557e-02
2.133176739438748595e-02
2.191176233572797449e-02
2.235511055374354503e-02
2.269393564245240219e-02
2.295263745007795550e-02
2.314981517709169961e-02
2.329968880684513827e-02
2.341315488917538115e-02
2.349858160849197311e-02
2.356240529699287975e-02
2.360958240247808954e-02
2.364393489110709970e-02
2.366841374057166575e-02
2.368529532485080455e-02
2.369634066285321652e-02
2.370291185408877205e-02
2.370606203233515188e-02
2.370660598744301836e-02
2.370517413007523430e-02
2.370225416319314896e-02
2.369822381340827566e-02
2.369337392432605341e-02
1.428028798599517181e-02
1.655243667712321537e-02
1.827119642277219916e-02
1.957645733721848774e-02
2.057049308181226055e-02
2.132898364747056255e-02
2.190842847712061794e-02
2.235130545850470135e-02
2.268973089000490481e-02
2.294809564878605782e-02
2.314499029239265246e-02
2.329462630865024655e-02
1.427736849976632590e-02
1.655036882213141783e-02
1.826980762305600164e-02
1.427020897632165150e-02
1.654497457779939909e-02
1.426825160696219494e-02
1.426585288652103614e-02
1.654159050707918951e-02
1.826303499079227899e-02
1.957031833727305645e-02
2.056588606597254884e-02
2.132554230089534972e-02
2.190587797634862069e-02
2.234943821212508758e-02
2.268838952312981008e-02
1.427606135568068764e-02
1.654938176370051445e-02
1.826905579614646752e-02
1.957503155137979220e-02
2.056962752670572075e-02
2.132855814284315837e-02
1.427400575368870626e-02
1.654788087070874561e-02
1.826798478037564011e-02
1.957429543979248565e-02
2.056915337912766997e-02
2.132828958294681609e-02
2.190824328311155936e-02
2.235152260957963544e-02
1.427553361395192399e-02
1.426591964332358208e-02
1.654174996978468801e-02
1.826329864744315537e-02
1.957068549196364082e-02
2.056634988041929415e-02
2.132609330280114610e-02
2.190650605483515992e-02
2.235013357166395695e-02
2.268914318883634429e-02
2.294796441398214495e-02
2.314521678267423763e-02
2.329513476158767693e-02
2.340862626826703888e-02
2.349406570336842401e-02
2.355789505147104848e-02
2.360507300438590902e-02
2.363942274962480342e-02
2.366389663721539874e-02
2.368077378635751254e-02
2.369181553235873150e-02
2.369838424940407320e-02
2.370153259635769671e-02
2.370207546991779865e-02
2.370064331795354931e-02
2.369772383180900055e-02
2.369369415853741709e-02
1.427997197483466679e-02
1.655186588056878003e-02
1.827031840052947484e-02
1.957526000809592381e-02
1.427152244096667293e-02
1.654555808767520231e-02
1.826562802162273735e-02
1.957180005366812581e-02
2.056646904834905087e-02
2.132539843965014156e-02
2.190514636256685535e-02
2.234823147996895312e-02
2.268679873786736551e-02
1.427592816232049235e-02
1.654902406113546026e-02
1.826844157250622283e-02
1.957415888986541175e-02
2.056851044362555461e-02
2.132721844310161638e-02
2.190681255752347650e-02
2.234979151517794277e-02
2.268828633002235515e-02
2.294669829145848730e-02
2.314362464278090295e-02
2.329328260095667180e-02
2.340656647164132340e-02
2.349184022031063773e-02
1.427786748054446671e-02
1.655055253494013695e-02
1.826968710580269620e-02
1.957520849658135609e-02
2.056942520900190141e-02
2.132804040151863728e-02
2.190757104530472940e-02
2.235050702587498828e-02
1.427543431440324480e-02
1.654881195765917079e-02
1.826849468215324332e-02
1.957445180870277454e-02
2.056901485072581276e-02
2.132790622438856393e-02
2.190765744377174210e-02
2.235076977526350567e-02
1.427547337627296450e-02
1.426585253767700609e-02
1.654158124926963583e-02
1.826301364338242875e-02
1.957028308867532485e-02
2.056583632936701336e-02
2.132547845371002629e-02
2.190580112924882250e-02
2.234934994329405497e-02
2.268829161060484378e-02
2.294705477932110910e-02
2.314425775598890830e-02
2.329413401900429226e-02
2.340759047036220647e-02
2.349300085212260858e-02
1.427791191579805448e-02
1.426582086841395036e-02
1.654149144593738616e-02
1.826285797879495867e-02
1.957006124668630997e-02
1.427165208428862742e-02
