1.267077151958171007e-02
1.475906174304386469e-02
1.639514842634048203e-02
1.787159139718683815e-02
1.906782999646223706e-02
2.003870328084421046e-02
2.081673795593716111e-02
2.144167946172094094e-02
2.194531837966832641e-02
2.235021782510947588e-02
2.267461735864758840e-02
2.293330566078454966e-02
2.313830708459907112e-02
2.329941484421444581e-02
2.342462025148837543e-02
2.352045494230634026e-02
2.359226073157911358e-02
2.364441013360193272e-02
2.368048746297122392e-02
2.370342999550173468e-02
1.382854502461484947e-02
1.378036911804150777e-02
1.562992573886319222e-02
1.378444125634207228e-02
1.563312084018946349e-02
1.708188712791511646e-02
1.843010778181844445e-02
1.952284800959023028e-02
2.040984267333701904e-02
2.111873859177368709e-02
2.168712825474764308e-02
2.214451996389777202e-02
2.251154329079540703e-02
2.280488565855369465e-02
2.303808549651477008e-02
2.322215301277283372e-02
2.336605744703935950e-02
1.381761492166551537e-02
1.565914650472854941e-02
1.378450900100244327e-02
1.563317399320762746e-02
1.708192885347878734e-02
1.843014174179089318e-02
1.952287569215638632e-02
2.040986526239763760e-02
2.111875697290704901e-02
2.168714319087083550e-02
2.214453207975340329e-02
2.251155309477564925e-02
1.380854027029410416e-02
1.565202762610138840e-02
1.709672845677567832e-02
1.844218719775332291e-02
1.953269470366453958e-02
2.041787766313870114e-02
2.112527672276516902e-02
2.169244075800678614e-02
2.214882803158074731e-02
2.251502833888069030e-02
2.280769635398514905e-02
2.304033973937954366e-02
2.322395241202728638e-02
2.336748291747553843e-02
2.347824465649245643e-02
2.356220490096308864e-02
2.362424754231717133e-02
2.366837092287130476e-02
2.369784878401933956e-02
2.371536848129762037e-02
2.372313245007736868e-02
2.372294730342596955e-02
2.371629801163203238e-02
2.370440186825111331e-02
2.368826108584605114e-02
2.366869589793662437e-02
2.364638707918231830e-02
2.362188915236278913e-02
2.359566185999309798e-02
2.356808086627019266e-02
2.353945856886224819e-02
2.351004960367073307e-02
2.348006570299563528e-02
2.344968177821013522e-02
2.341904072031201003e-02
2.338826063789757950e-02
2.335743887111186440e-02
2.332665713061499863e-02
2.329598121900193497e-02
2.326546662051824296e-02
2.323516069591089611e-02
2.339494507869871107e-02
1.386118435747285722e-02
1.569331966839217218e-02
1.712912890840284294e-02
1.846855964300039149e-02
1.955419341966831842e-02
1.379491139620314145e-02
1.564133542696126769e-02
1.708833539231905188e-02
1.843535599423974658e-02
1.952712612796437056e-02
2.041333364210202311e-02
2.112157924136973466e-02
1.380064481989366938e-02
1.564583360107239113e-02
1.709186612841466849e-02
1.843822967979715302e-02
1.952946865354433792e-02
2.041524516524337654e-02
2.112313465987012556e-02
2.169070024000804495e-02
2.214741640921410321e-02
2.251388618176182813e-02
2.280677512932840698e-02
2.303960257286817928e-02
2.322336408344987183e-02
2.336701693755826800e-02
2.347787929596730633e-02
2.356192230440354307e-02
2.362403302505771199e-02
2.366821239614392419e-02
2.369773630577524243e-02
1.382747696383290759e-02
1.566688258324645117e-02
1.710838647365156562e-02
1.845167602183203984e-02
1.379162722655486416e-02
1.563875892367392120e-02
1.708631295250883156e-02
1.843370993079958275e-02
1.952578432235380773e-02
2.041223871883138252e-02
2.112068829070472969e-02
2.168871252726695467e-02
2.214580403777138481e-02
2.251258232068777815e-02
2.280572363119719517e-02
2.303875834159025207e-02
2.322269016967298469e-02
1.381547206559700230e-02
1.565746551938312220e-02
1.710099628894329316e-02
1.844566088685533137e-02
1.953552637315469909e-02
2.042018835107492145e-02
2.112715691127156278e-02
2.169396846403101251e-02
2.215006713643892164e-02
2.251603087290598645e-02
2.280850455800005616e-02
2.304098851304205164e-02
2.322447019359789866e-02
2.336789300007444461e-02
2.347856616741840138e-02
2.356245355760121923e-02
2.362443627100557081e-02
2.366851036481590342e-02
2.369794769098123449e-02
2.371543406765825104e-02
2.372317066038436353e-02
2.372296303626807504e-02
2.371629531583981446e-02
2.370438407439923872e-02
2.368822834625898197e-02
2.366865585173692083e-02
2.364633901120919909e-02
2.362183444452130646e-02
2.359560172898562957e-02
2.356801639548403854e-02
2.353939063579350496e-02
2.350997894610027880e-02
2.347999293153524986e-02
1.384979350957103207e-02
1.568438641305743009e-02
1.712212069323248292e-02
1.846285509690648308e-02
1.954954299384143585e-02
2.043162626990832273e-02
2.113646220817148522e-02
2.170152878886793396e-02
2.215619884393136424e-02
2.252099131196873966e-02
2.281250213123808476e-02
2.304419995695895090e-02
2.322703254079027183e-02
2.336992161571826293e-02
2.348015582237815771e-02
2.356368213182724602e-02
2.362536781826528320e-02
2.366919761117666776e-02
2.369843401691778748e-02
2.371575522796912430e-02
2.372335611813724404e-02
2.372303707712437176e-02
1.383285606157159259e-02
1.567110184536085055e-02
1.711169734144862495e-02
1.378827191335545849e-02
1.563612638025852972e-02
1.708424646919784462e-02
1.843202802895631959e-02
1.952441330748943063e-02
2.041111996276247231e-02
2.111977794361576816e-02
1.380063703872113842e-02
1.564582749643948431e-02
1.709186133684429537e-02
1.843822577989415526e-02
1.379158630118498124e-02
1.563872681033796203e-02
1.378446158669601254e-02
1.563313679155544506e-02
1.708189964987400639e-02
1.843011797330119939e-02
1.952285631720558634e-02
2.040984945237709486e-02
2.111874410800322968e-02
1.380063258111607211e-02
1.564582399927453432e-02
1.709185859189416359e-02
1.843822354575415379e-02
1.952946365327701966e-02
1.379482390625555270e-02
1.564126677838284518e-02
1.708828150076512759e-02
1.843531213196186735e-02
1.952709037312308840e-02
2.041330446576260227e-02
2.112155549982647901e-02
2.168941718921390746e-02
1.380341487858873471e-02
1.564800680153935128e-02
1.709357262291845772e-02
1.843961861440692601e-02
1.953060086837683784e-02
2.041616906565736286e-02
2.112388644013123498e-02
2.169131109790756878e-02
2.214791175663699194e-02
1.380605494802777770e-02
1.565007787727177094e-02
1.709519817212235698e-02
1.844094167213274071e-02
1.953167938557557812e-02
2.041704914946575536e-02
2.112460256396855515e-02
2.169189297902746061e-02
1.380342736175437651e-02
1.564801659487751948e-02
1.709358030957299629e-02
1.843962487067318107e-02
1.953060596829144652e-02
2.041617322724898625e-02
2.112388982641878743e-02
1.380065482871439646e-02
1.378031082227140075e-02
1.562987999829276373e-02
1.378444115083523810e-02
1.563312075740787982e-02
1.708188706293086584e-02
1.843010772892850896e-02
1.952284796647685630e-02
2.040984263815646613e-02
2.111873856314665232e-02
2.168712823148597618e-02
2.214451994502841109e-02
2.251154327552655141e-02
2.280488564623905229e-02
2.303808548662633626e-02
2.322215300487811759e-02
2.336605744078368990e-02
2.347712669164224095e-02
2.356133987204397234e-02
2.362359056641868266e-02
2.366788252544672899e-02
2.369750156039584707e-02
2.371513731432539629e-02
2.372299663208607065e-02
2.372288841579964225e-02
2.371630360370677315e-02
1.383451377563968757e-02
1.567240211153883220e-02
1.711271763305922261e-02
1.845520135995766878e-02
1.954330364876782564e-02
2.042653477912810892e-02
2.113231946743509768e-02
2.169816295511554916e-02
2.215346918068572188e-02
2.251878317897358303e-02
2.281072368742303319e-02
2.304277278300846665e-02
2.322589403430591268e-02
1.381551081721612770e-02
1.565749591868036486e-02
1.378450515527324810e-02
1.563317097581760906e-02
1.708192648480326772e-02
1.843013981395212608e-02
1.952287412067319969e-02
2.040986398006242736e-02
2.111875592944741087e-02
2.168714234297748275e-02
2.214453139196098999e-02
2.251155253822385849e-02
2.280489311679450778e-02
2.303809148532355577e-02
2.322215779413828660e-02
2.336606123573647595e-02
2.347712966892676403e-02
2.356134217679795376e-02
2.362359231799773460e-02
2.366788382220087056e-02
1.382559510908141012e-02
1.566540643757232884e-02
1.710722809713845563e-02
1.845073317038224345e-02
1.379162442432602109e-02
1.378029205622192249e-02
1.378026856883402852e-02
1.562984684499351545e-02
1.707931696246339781e-02
1.842801595976625850e-02
1.952114285882961681e-02
2.040845126656756076e-02
2.111760637515341932e-02
2.168620823407492459e-02
2.214377365663507818e-02
2.251093938172311210e-02
2.280439858512621140e-02
2.303769437776995166e-02
2.322184074029639070e-02
2.336580999563522137e-02
2.347693255045184973e-02
2.356118957303923733e-02
2.362347632865607894e-02
2.366779793738475399e-02
1.382559185781017178e-02
1.566540388725418467e-02
1.710722609583141887e-02
1.845073154143594268e-02
1.953965988851543920e-02
2.042356138220944098e-02
2.112990009328293353e-02
2.169619733196824149e-02
2.215187488281581546e-02
2.251749340108493910e-02
2.280968380377521726e-02
2.304193505781952644e-02
1.381328098330368050e-02
1.565574666368419951e-02
1.709964730091626667e-02
1.844456290973919138e-02
1.953463132584961487e-02
2.041945797702542434e-02
2.112656261322376494e-02
2.169348558265700444e-02
2.214967548005081568e-02
2.251571400108774018e-02
2.280824904856515803e-02
2.304078340830923929e-02
1.381326944522573430e-02
1.565573761236023140e-02
1.709964019726496059e-02
1.844455712789759907e-02
1.953462661262226480e-02
2.041945413095384507e-02
2.112655948371369719e-02
2.169348303985379686e-02
2.214967341762663980e-02
2.251571233246814352e-02
2.280824770307107036e-02
2.304078232823867506e-02
2.322430564297857034e-02
2.336776268034387177e-02
2.347846399928191913e-02
2.356237454552618724e-02
2.362437630653330470e-02
2.366846606578025883e-02
2.369791627572133755e-02
2.371541324315312033e-02
2.372315853720952106e-02
2.372295805744267794e-02
2.371629619446790835e-02
2.370438975186517361e-02
2.368823794541691230e-02
2.366866635243120021e-02
2.364635253578335761e-02
2.362185041033618843e-02
1.384254345456598437e-02
1.567870016988654261e-02
1.711765936238447347e-02
1.845922371809946561e-02
1.379164972598161815e-02
1.563877657625203574e-02
1.708632680916015792e-02
1.843372120869790631e-02
1.379157308043288746e-02
1.563871643763911634e-02
1.708627960058065401e-02
1.843368278578737252e-02
1.952576219485793740e-02
2.041222066261983922e-02
2.112067359799971525e-02
2.168870058828187286e-02
2.214579435285859987e-02
2.251257448382479320e-02
2.280571731064533897e-02
2.303875326637018842e-02
2.322268611775513830e-02
2.336647983940782006e-02
2.347745804338381356e-02
2.356159633706870343e-02
2.362378543440103035e-02
2.366802674600224782e-02
2.369760411836683081e-02
2.371520562594740811e-02
2.372303680781113686e-02
2.372290548860855192e-02
1.383281574678531418e-02
1.567107022690675949e-02
1.711167253303506192e-02
1.845435069937145095e-02
1.379163518616931261e-02
1.563876516862102231e-02
1.708631785457268015e-02
1.843371392057861768e-02
1.952578757465773390e-02
2.041224137273277284e-02
2.112069045021612926e-02
2.168871428201322310e-02
2.214580546119063881e-02
2.251258347245785676e-02
1.380854742966384531e-02
1.565203324262770188e-02
1.378449244403059243e-02
1.563316100247379506e-02
1.708191865564694448e-02
1.843013344188858260e-02
1.952286892646773117e-02
2.040985974157439112e-02
2.111875248051198889e-02
2.168713954044516196e-02
2.214452911860847334e-02
2.251155069865916000e-02
2.280489163314820128e-02
1.381093743631555369e-02
1.565390818777636847e-02
1.709820440727823423e-02
1.844338850444958433e-02
1.953367397823161170e-02
2.041867676589020561e-02
2.112592694795208809e-02
2.169296908684454489e-02
2.214925655633302390e-02
2.251537504716316640e-02
2.280797572880317522e-02
2.304056400187405942e-02
2.322413139734523166e-02
2.336762467691192585e-02
2.347835580140285316e-02
2.356229086405269707e-02
2.362431279155710606e-02
2.366841913638162084e-02
2.369788298680950561e-02
2.371539116699232508e-02
2.372314567338357910e-02
2.372295275751672497e-02
2.371629709596424773e-02
2.370439573400838842e-02
2.368824807955706435e-02
2.366867988626944821e-02
2.364636750774975690e-02
2.362186781528918117e-02
2.359563910541722861e-02
2.356805698516673334e-02
1.384552698554405298e-02
1.568104019911083571e-02
1.711949534834537184e-02
1.846071814609449163e-02
1.954780093612934130e-02
2.043020469495669678e-02
2.113530553948111609e-02
2.170058905001660127e-02
1.380347167681132345e-02
1.564805136108128950e-02
1.709360759707621163e-02
1.843964708032130168e-02
1.953062407290989677e-02
2.041618800083571522e-02
2.112390184768755258e-02
2.169132361722297259e-02
2.214792191121665171e-02
2.251429597176270170e-02
2.280710560164003406e-02
2.303986548425612096e-02
2.322357388510523299e-02
2.336718309532290552e-02
2.347800956042423587e-02
2.356202304450725690e-02
1.382173128676776087e-02
1.566237556455792393e-02
1.710484962565007178e-02
1.844879724077148897e-02
1.953808307276604442e-02
1.379485261270586675e-02
1.564128930029042366e-02
1.378446751815985867e-02
1.563314144543118123e-02
1.708190330320579972e-02
1.843012094670734916e-02
1.952285874098587393e-02
2.040985143018937686e-02
2.111874571738550643e-02
2.168713404487061097e-02
2.214452466071903727e-02
2.251154709139779192e-02
2.280488872381804602e-02
2.303808795785742408e-02
2.322215497786857263e-02
2.336605900415852227e-02
2.347712791816989122e-02
2.356134082151544948e-02
2.362359128800382152e-02
2.366788305966186640e-02
2.369750194047678601e-02
2.371513756771023718e-02
2.372299678138145573e-02
2.372288847962577413e-02
2.371630359746772221e-02
2.370446017800420524e-02
2.368836250633823970e-02
2.366883256637430238e-02
2.364655316844019653e-02
2.362207818746585308e-02
1.384252555223343915e-02
1.567868612868884848e-02
1.711764834552792144e-02
1.845921475078670521e-02
1.954657536216134264e-02
2.042920458924724070e-02
2.113449179616559009e-02
2.169992791526838966e-02
2.215490057124245779e-02
2.251994111206674642e-02
2.281165543506664603e-02
2.304352050924090775e-02
2.322649054295831614e-02
2.336949263561910808e-02
1.381766567562173371e-02
1.565918631878497960e-02
1.710234677514122295e-02
1.844676008718264607e-02
1.953642241967224955e-02
1.379484706502272576e-02
1.564128494780552686e-02
1.708829576263154806e-02
1.843532373972423671e-02
1.952709983532623442e-02
2.041331218699500571e-02
2.112156178265299500e-02
2.168942229437770264e-02
2.214637978449469913e-02
2.251304818586581311e-02
1.380855066392883135e-02
1.378032727422635710e-02
1.562989290698118053e-02
1.707935312267242628e-02
1.842804538997031005e-02
1.952116684883710082e-02
2.040847084244036200e-02
2.111762230447278288e-02
2.168622117802277566e-02
2.214378415663478122e-02
2.251094787835369523e-02
2.280440543802651418e-02
2.303769988071513106e-02
2.322184513398313499e-02
2.336581347738221973e-02
1.381761137552214858e-02
1.565914372294751472e-02
1.710231334629621139e-02
1.844673287841638171e-02
1.953640023959521410e-02
2.042090144202314550e-02
2.112773714453456200e-02
2.169443991479644632e-02
2.215044951837015497e-02
2.251634023710891858e-02
2.280875400941980227e-02
2.304118875016527776e-02
2.322462999255663768e-02
2.336801955130949141e-02
2.347866537547686761e-02
1.381972229088414619e-02
1.566079962562090533e-02
1.710361287243987102e-02
1.844779060446865432e-02
1.953726247901620486e-02
2.042160504587017464e-02
2.112830965629194577e-02
2.169490508872986417e-02
2.215082680565134271e-02
2.251664547503956157e-02
2.280900012898123483e-02
2.304138630763038001e-02
2.322478764754268982e-02
2.336814439880983973e-02
2.347876324170369844e-02
2.356260594703573144e-02
2.362455190352838463e-02
2.366859576690567152e-02
2.369800823043183291e-02
1.382749144821234996e-02
1.566689394480071801e-02
1.710839538927387202e-02
1.845168327864496818e-02
1.954043573417895210e-02
2.042419448991665901e-02
2.113041523875304820e-02
2.169661588691107132e-02
2.215221446443488285e-02
2.251776812253636351e-02
1.380858307067641191e-02
1.565206120163262909e-02
1.378449250911630529e-02
1.563316105354056740e-02
1.708191869573479418e-02
1.843013347451567807e-02
1.952286895306382108e-02
2.040985976327700305e-02
2.111875249817177225e-02
2.168713955479509986e-02
2.214452913024878358e-02
2.251155070807837888e-02
2.280489164074496131e-02
1.381093743637809741e-02
1.565390818782540563e-02
1.709820440731671387e-02
1.378823600856200413e-02
1.563609820978205042e-02
1.708422435595871244e-02
1.843201003112827571e-02
1.952439863645124077e-02
2.041110799112556828e-02
2.111976820212899467e-02
1.380063699667700636e-02
1.564582746345423089e-02
1.709186131095398117e-02
1.843822575882181347e-02
1.952946545729590880e-02
1.379482391224172433e-02
1.564126678307931409e-02
1.708828150445160926e-02
1.843531213496230406e-02
1.952709037556893054e-02
2.041330446775838428e-02
2.112155550145049243e-02
2.168941719053344916e-02
2.214637564440827266e-02
2.251304483595678238e-02
2.280609663642664542e-02
2.303905783185316442e-02
2.322292925100028285e-02
2.336667246673084300e-02
2.347760913641453936e-02
2.356171326762759519e-02
2.362387426492277773e-02
2.366809247197291036e-02
2.369765083794354160e-02
2.371523672234958358e-02
2.372305506858970320e-02
2.372291456820747879e-02
2.371630188012189069e-02
2.370443572516418157e-02
2.368831946319555765e-02
2.366877433865822652e-02
2.364648259560838198e-02
2.362199770430256640e-02
2.359578093585043557e-02
2.356820860196549502e-02
2.353959297549988727e-02
2.351018925377941840e-02
2.348020941630789976e-02
2.344982861018857917e-02
2.341918980150512961e-02
2.338841129230889368e-02
2.335759050473417558e-02
2.332680929589232496e-02
2.329613351912610680e-02
2.326561872768359920e-02
2.323531231784811690e-02
2.339507241759637354e-02
2.351725804483913856e-02
2.361036919348736760e-02
2.368100639301629062e-02
2.373426692839070845e-02
2.377408544062658766e-02
2.380350718167066615e-02
2.382488307759156321e-02
2.382615060242411487e-02
2.381974193841051440e-02
2.381014669219827171e-02
1.387288745965745487e-02
1.570249732226869713e-02
1.713632795994309704e-02
1.847441963674360810e-02
1.955897062737064346e-02
2.043931957544416200e-02
2.114272175276518326e-02
2.170661408061295636e-02
2.216032262011385229e-02
2.252432988676817890e-02
2.281519358840692485e-02
2.304635939550013848e-02
2.322875474645583888e-02
1.381554612925748118e-02
1.565752361954037344e-02
1.710104188629768887e-02
1.844569799982220815e-02
1.379160948932875615e-02
1.563874500741472759e-02
1.708630202873220871e-02
1.843370103996196108e-02
1.952577707490827860e-02
2.041223280486817448e-02
2.112068347844183250e-02
2.168870861698394409e-02
2.214580086581843105e-02
2.251257975407851969e-02
2.280572156127384439e-02
2.303875667959512374e-02
1.381324931138589243e-02
1.565572181788072934e-02
1.709962780145434999e-02
1.844454703863403211e-02
1.953461838808133108e-02
2.041944741959213216e-02
2.112655402274567565e-02
2.169347860268389799e-02
2.214966981871369089e-02
2.251570942074062123e-02
2.280824535519452093e-02
1.381096522684636257e-02
1.565392998909008113e-02
1.709822151773763774e-02
1.844340243103404289e-02
1.953368533084248737e-02
2.041868602979718395e-02
2.112593448592493123e-02
2.169297521166883153e-02
2.214926152412021593e-02
2.251537906643969952e-02
2.280797896981369421e-02
2.304056660360187525e-02
2.322413347379602075e-02
2.336762632149234215e-02
2.347835709081406291e-02
2.356229186132172138e-02
2.362431354851856832e-02
2.366841969570672097e-02
2.369788338359253219e-02
2.371539143016270640e-02
2.372314582677861536e-02
2.372295282077942907e-02
2.371629708533007710e-02
1.383453206241620596e-02
1.567241645511142228e-02
1.711272888806187817e-02
1.845521052099459783e-02
1.954331111680709249e-02
2.042654087324462242e-02
2.113232442602596892e-02
2.169816698388226869e-02
1.380345925764931737e-02
1.564804161795316229e-02
1.378448317192909091e-02
1.563315372750733595e-02
1.708191294473828878e-02
1.843012879384341163e-02
1.952286513760071243e-02
2.040985664984713496e-02
2.111874996471680907e-02
2.168713749616293582e-02
2.214452746033167968e-02
2.251154935680499750e-02
2.280489055091542219e-02
2.303808942497774515e-02
2.322215614919299204e-02
2.336605993230198366e-02
2.347712864633356641e-02
2.356134138519620433e-02
2.362359171639281594e-02
2.366788337681288712e-02
1.382559509219278594e-02
1.378036292980636991e-02
1.562992088339349925e-02
1.707937508508564073e-02
1.842806326482134688e-02
1.952118141950851676e-02
2.040848273212478650e-02
1.379778677593496497e-02
1.564359133133474966e-02
1.709010613187383898e-02
1.843679720573920128e-02
1.952830095021071410e-02
2.041429230742651882e-02
2.112235931470657010e-02
2.169007023086789998e-02
2.214690537071367996e-02
2.251347345796163996e-02
2.280644230137381795e-02
2.303933536327505346e-02
1.381325503991124443e-02
1.565572631176186807e-02
1.378450103494401925e-02
1.563316774297406411e-02
1.708192394699473496e-02
1.378819240135009845e-02
1.563606399472549854e-02
1.708419749690563011e-02
1.843198817073669546e-02
1.952438081682296434e-02
2.041109345020945473e-02
2.111975636990950228e-02
2.168795527667738768e-02
2.214518976542787301e-02
2.251208526319384631e-02
2.280532275829897162e-02
2.303843646474302426e-02
2.322243320518104989e-02
2.336627945218594862e-02
1.381761815956745673e-02
1.565914904470875821e-02
1.710231752276993381e-02
1.844673627777675129e-02
1.953640301069002605e-02
2.042090370328816448e-02
2.112773898449412865e-02
2.169444140979369384e-02
2.215045073091828631e-02
1.380607001993300158e-02
1.565008970132180169e-02
1.709520745245349596e-02
1.844094922554350216e-02
1.379159431264827089e-02
1.563873309594753305e-02
1.708629267670645074e-02
1.843369342841836775e-02
1.952577087029313055e-02
2.041222774183067135e-02
2.112067935843357086e-02
2.168870526901046925e-02
2.214579814977613373e-02
2.251257755612062067e-02
2.280571978838677114e-02
2.303875525580352523e-02
2.322268770593564902e-02
2.336648109770323931e-02
1.381762110150194442e-02
1.378034622777430003e-02
1.562990777849100621e-02
1.707936479730284146e-02
1.842805489176199338e-02
1.952117459421534584e-02
2.040847716267780304e-02
2.111762744738894179e-02
2.168622535708594062e-02
2.214378754664792642e-02
2.251095062156153667e-02
2.280440765054159505e-02
2.303770165738530662e-02
2.322184655251941995e-02
2.336581460149061637e-02
2.347693616425992891e-02
2.356119237089711327e-02
2.362347845537756189e-02
2.366779951229719056e-02
2.369744248366312256e-02
2.371509791292264815e-02
2.372297339525494819e-02
1.383106350153857390e-02
1.566969583957983012e-02
1.711059405808143530e-02
1.845347287578935624e-02
1.954189459824518665e-02
2.042538495784539804e-02
2.113138389145417101e-02
2.169740290946151409e-02
2.215285276605798506e-02
2.251828449730784026e-02
2.281032163365932786e-02
1.381098262474884410e-02
1.565394363753646809e-02
1.709823222954683086e-02
1.844341114961434505e-02
1.953369243801595170e-02
2.041869182936149538e-02
2.112593920498888334e-02
2.169297904604831906e-02
2.214926463415099051e-02
2.251538158266724876e-02
2.280798099881767294e-02
2.304056823239114885e-02
2.322413477374251842e-02
2.336762735107211428e-02
2.347835789804485207e-02
2.356229248566081916e-02
2.362431402241644413e-02
2.366842004587700957e-02
2.369788363200569722e-02
2.371539159492955934e-02
2.372314592282213919e-02
2.372295286039688422e-02
2.371629707868546169e-02
2.370439561828679292e-02
2.368824788338617926e-02
2.366867962422623123e-02
2.364636719262152784e-02
2.362186745721748735e-02
2.359563871228532311e-02
2.356805656398336044e-02
1.384552701268448351e-02
1.568104022039718687e-02
1.378456024617526025e-02
1.563321420057365782e-02
1.708196041657684960e-02
1.843016743064802149e-02
1.952289663250119864e-02
2.040988234978503499e-02
2.111877087722645666e-02
2.168715448922690567e-02
2.214454124472944527e-02
2.251156051094261104e-02
2.280489954695232718e-02
2.303809664859966799e-02
2.322216191640812111e-02
2.336606450216965891e-02
2.347713223156301307e-02
1.381969444172146538e-02
1.566077777949384173e-02
1.710359572807631026e-02
1.844777665009856432e-02
1.953725110364992745e-02
1.379484983251114301e-02
1.564128711906359950e-02
1.708829746693375784e-02
1.843532512685932406e-02
1.952710096606562543e-02
2.041331310968720961e-02
2.112156253345469706e-02
2.168942290444794002e-02
2.214638027936548237e-02
2.251304858628546887e-02
2.280609966090979893e-02
2.303906026019288122e-02
2.322293118947298465e-02
2.336667400246197207e-02
2.347761034094354368e-02
2.356171419973745323e-02
2.362387497295571903e-02
2.366809299576339357e-02
2.369765121017086001e-02
2.371523696999232322e-02
2.372305521387648233e-02
2.372291462945496851e-02
2.371630187246880073e-02
2.370443566106224254e-02
2.368831935293750496e-02
2.366877419063522642e-02
2.364648241698252829e-02
2.362199750108124816e-02
2.359578071254603976e-02
2.356820836258848029e-02
2.353959272330228419e-02
2.351018899149378769e-02
1.384838605315605667e-02
1.568328256487712402e-02
1.712125465455127324e-02
1.846215016624015021e-02
1.954896832841010457e-02
2.043115732408785912e-02
2.113608064959203101e-02
2.170121879143701790e-02
2.215594744574963734e-02
2.252078793263130943e-02
2.281233816587429145e-02
2.304406838371699656e-02
2.322692758837369836e-02
2.336983855233704804e-02
2.348009076208855406e-02
2.356363188111229925e-02
1.382176847338876212e-02
1.566240473493623817e-02
1.710487251741762971e-02
1.844881587320777033e-02
1.379161873090383773e-02
1.563875225816302103e-02
1.708630772031630857e-02
1.843370567232962068e-02
