1.733134512138611140e-04
3.989729904957042697e-04
4.779270582394462585e-04
8.133580239062920131e-04
1.281971388348452593e-03
1.889602752254178428e-03
1.777439499875452678e-03
1.676079003281665978e-03
2.390598539633474479e-03
3.264266338024632633e-03
4.303139758261661889e-03
5.465812994831139790e-03
6.727393752994213771e-03
6.205875179720061335e-03
7.505200311968504914e-03
8.788312303004390189e-03
1.000668337112564643e-02
1.113341842475172420e-02
1.218193909624461745e-02
1.315780282614339297e-02
1.246479963254057410e-02
1.344577957901933393e-02
1.272878300584293076e-02
1.371215993120781032e-02
1.462005652470808881e-02
1.548875611384151023e-02
1.634459820774902122e-02
1.558367506905783059e-02
1.643869451655911515e-02
1.724277500637777516e-02
1.800113132359652465e-02
1.718030618644732221e-02
1.634716177368368203e-02
1.721866651955463595e-02
1.637053153959434557e-02
1.726736006650435654e-02
1.809492175770443384e-02
1.888223619567560088e-02
1.962511129610624780e-02
2.032465114690922697e-02
2.098463899897397636e-02
2.011475047609091737e-02
2.081505388159792316e-02
2.146714930646718977e-02
2.207731204521428889e-02
2.265025910867018294e-02
2.174789249698410795e-02
2.236284210024468838e-02
2.293386136853330093e-02
2.201540136726013244e-02
2.262340441359270843e-02
2.318309836819281572e-02
2.370264360811025900e-02
2.424723289982750815e-02
2.471850744845759118e-02
2.521240160934365426e-02
2.563166767605454949e-02
2.605977527481267292e-02
2.647612156077840118e-02
2.687598507931404646e-02
2.725917026056810452e-02
2.762545738566652212e-02
2.799875664362830308e-02
2.836380472597901589e-02
2.871496556930281524e-02
2.905249370466740297e-02
2.937664783484133374e-02
2.841836106550315807e-02
2.744648298742147913e-02
2.786787290668326852e-02
2.826486900249263606e-02
2.727452686705304774e-02
2.628159017178698098e-02
2.677214242611882997e-02
2.723209212486769198e-02
2.766412566940532405e-02
2.807068845938246252e-02
2.845396442377329943e-02
2.882725718183331079e-02
2.782735973350331654e-02
2.824215793415572190e-02
2.724064745963884066e-02
2.769107926076152387e-02
2.811470137868309072e-02
2.851389782716377136e-02
2.751011691627826272e-02
2.794609699048673790e-02
2.835614010058916043e-02
2.874254888394100690e-02
2.910734257601071961e-02
2.810229632897274371e-02
2.709907036586320719e-02
2.756284803711527356e-02
2.799741966868146692e-02
2.840549656920476895e-02
2.878948403822515281e-02
2.779096650444639813e-02
2.821209554615594292e-02
2.860762317237868987e-02
2.898087741303326248e-02
2.798921944019050825e-02
2.840036455256961592e-02
2.878569974840984591e-02
2.914749715354548326e-02
2.816489211690845207e-02
2.856466925827411477e-02
2.893908193566768067e-02
2.931097960512451389e-02
2.966699259921565246e-02
2.870505503838921210e-02
2.771022761113408825e-02
2.815229531541531272e-02
2.715218936199867081e-02
2.760833048680195329e-02
2.660395188528483224e-02
2.709266024777667176e-02
2.754998609691095002e-02
2.797953669850105143e-02
2.696973007247133874e-02
2.743376826522567549e-02
2.786894058344473180e-02
2.827782434888906349e-02
2.726554373182904847e-02
2.771022169146914599e-02
2.670095815503648745e-02
2.717771222947918189e-02
2.763646672889523426e-02
2.664337462942276830e-02
2.713718636902204273e-02
2.614849288136699562e-02
2.667117829734328566e-02
2.716124652926674848e-02
2.762157146615717984e-02
2.805478229862303288e-02
2.846322884089766067e-02
2.884898004699900168e-02
2.921384175555106696e-02
2.821858676958644702e-02
2.722533316585321397e-02
2.622133770767989119e-02
2.522282784892858690e-02
2.579176774074100689e-02
2.632525779081146960e-02
2.682606431590963889e-02
2.729687005162082999e-02
2.774244594040841186e-02
2.816241551784327141e-02
2.855829472962900448e-02
2.893185941704636346e-02
2.792645995777334050e-02
2.691875791018961614e-02
2.739787200507155795e-02
2.784580969903832984e-02
2.826525805793225071e-02
2.865863863954442106e-02
2.902810353255217551e-02
2.939628976256178014e-02
2.974952271941688764e-02
3.008442099177760162e-02
3.041160239690042510e-02
2.942328554722803066e-02
2.978680033438254812e-02
3.012937237817023273e-02
2.912645468942048899e-02
2.951271534534217686e-02
2.987501044120044816e-02
3.021566713872199383e-02
2.920572611306837540e-02
2.818564417293480465e-02
2.715866917275169129e-02
2.767448452217524668e-02
2.815318165869555925e-02
2.713353451781154793e-02
2.764310570324248623e-02
2.662736243390192645e-02
2.716532843118188434e-02
2.766542091274914669e-02
2.665876555528946118e-02
2.718773951030927297e-02
2.768033068034804131e-02
2.814005881052398031e-02
2.857011633007486978e-02
2.897333396413798515e-02
2.935218597438787880e-02
2.972890198045768928e-02
2.875255530517577263e-02
2.917434822735896424e-02
2.957143076252875466e-02
2.994597339575848921e-02
2.895996791113564228e-02
2.797059329906410527e-02
2.844423254638634574e-02
2.743812855119497074e-02
2.641153743046701502e-02
2.540470168842473911e-02
2.600641255012900790e-02
2.656746118927003769e-02
2.709122691133450389e-02
2.758106354320250322e-02
2.804005397625806972e-02
2.847098366482582465e-02
2.887545984746884772e-02
2.925651073418772050e-02
2.962658910799156539e-02
3.000332963745289475e-02
2.900244426955992522e-02
2.939624322476915366e-02
2.976731470227032827e-02
3.011759224336837612e-02
2.911342719616091465e-02
2.950597083421712535e-02
2.987468422981279584e-02
3.022090060819913535e-02
2.921710770542414182e-02
2.960541725784230152e-02
2.859999154178572908e-02
2.902696143462706393e-02
2.942559550157386461e-02
2.979877469122732547e-02
3.016938333212478354e-02
3.052546692956300753e-02
3.088776987765003146e-02
2.990880338116747375e-02
3.028534525197134480e-02
2.929630391208287721e-02
2.971033579339468073e-02
3.009931853787212522e-02
3.046495814496124124e-02
2.947267792198374897e-02
2.987675504092868889e-02
3.025556336783371408e-02
3.061072585380159722e-02
3.094518715431470932e-02
3.126072461821174930e-02
3.155886084220209387e-02
3.056717922791586661e-02
3.090723136607521210e-02
3.122661155198218005e-02
3.153567303984258080e-02
3.184755014443898385e-02
3.217845626372253104e-02
3.122286308319974224e-02
3.156337132051464933e-02
3.188610559492914553e-02
3.219262761187521166e-02
3.248425489858172699e-02
3.276210722326346192e-02
3.302714642824459285e-02
3.204564108828792529e-02
3.233838524055514946e-02
3.261552477871988709e-02
3.162674374966609192e-02
3.194509666411540078e-02
3.224520134018003109e-02
3.252890399318944525e-02
3.279773609438368931e-02
3.178739539511308415e-02
3.209664388756012371e-02
3.240071668425436452e-02
3.141007538305254365e-02
3.173976303040466906e-02
3.204991277472494376e-02
3.234251851823492785e-02
3.261923821988798461e-02
3.288145846355148422e-02
3.313035031780188489e-02
3.213753376742949780e-02
3.111813150463316538e-02
3.010436049847083073e-02
3.048983722303988397e-02
3.085249494490832634e-02
3.119427575627901211e-02
3.151684917783191542e-02
3.182078699520984877e-02
3.080979765989451044e-02
3.115650860393614704e-02
3.014695923376365869e-02
2.911839872453880762e-02
2.956584415238552865e-02
2.853880618569084454e-02
2.902554402599548736e-02
2.945802403494435923e-02
2.986972027845629166e-02
3.025732095895806648e-02
2.925746373088432620e-02
2.824442730457631112e-02
2.871417785043882051e-02
2.915422775520385215e-02
2.956739936857795403e-02
2.995616127610124801e-02
2.895550432595848239e-02
2.938489366233625055e-02
2.978725163442238338e-02
3.018467320995249850e-02
3.057575073683319392e-02
3.096338503621424293e-02
2.998187945404168220e-02
2.899126931162751206e-02
2.945198798271056462e-02
2.988398391451419639e-02
3.029030038506928119e-02
2.929275811011696276e-02
2.829088185910085679e-02
2.879736005229602269e-02
2.927025029094248304e-02
2.971353923849467255e-02
2.871506566482714962e-02
2.769859481422863243e-02
2.823686185411597091e-02
2.873778135326591002e-02
2.773553898187798225e-02
2.673406189232464467e-02
2.571855339823954367e-02
2.634948333640740534e-02
2.535474616328978192e-02
2.600280621043506504e-02
2.660603613396312489e-02
2.716838459834498148e-02
2.769367598284321746e-02
2.669748092966853920e-02
2.725068984137931846e-02
2.776738975505502194e-02
2.825107470275960500e-02
2.870485023729899346e-02
2.914243009142300847e-02
2.955789847186367572e-02
2.995096017174771544e-02
2.895589331797657554e-02
2.939010833612247173e-02
2.979843982478922945e-02
2.880257786481529164e-02
2.925033871163564003e-02
2.966981442543106459e-02
3.006372921010630125e-02
3.046458128377103544e-02
2.948663227912025689e-02
2.992268405991722890e-02
3.033365057338759455e-02
3.074663896972041829e-02
3.111189513237574977e-02
3.012540088085057660e-02
2.913188782688012207e-02
2.960004271054975447e-02
2.860345132514849342e-02
2.910412387692070529e-02
2.957206966710923535e-02
3.000952327392025776e-02
3.041997904560325358e-02
2.942670327992015500e-02
2.987387255591732876e-02
2.886275162179261639e-02
2.785960016394738170e-02
2.840193651605610325e-02
2.892255295960517378e-02
2.792111696768567047e-02
2.844212782164087100e-02
2.743132514226070962e-02
2.796077159294179520e-02
2.696490565301656525e-02
2.752249379656763681e-02
2.653036506704717704e-02
2.711274652344932562e-02
2.612630556797691447e-02
2.673042305410001929e-02
2.729196662159578263e-02
2.781516751702002924e-02
2.831575360090429067e-02
2.878843965287432999e-02
2.923359508757458064e-02
2.965359338530293778e-02
3.005045085771431562e-02
2.906763224121760095e-02
2.950538734580238076e-02
2.992639309796319216e-02
3.033329986595496505e-02
3.074810929187228592e-02
2.978386784810148694e-02
2.881182542271064351e-02
2.930166322088175943e-02
2.832402193850274211e-02
2.884546416821140435e-02
2.933306434239356733e-02
2.979058428760526095e-02
3.022119609126881767e-02
3.062692157178268509e-02
3.100945427941475055e-02
3.137216046977230055e-02
3.171430750174650953e-02
3.203837033583479404e-02
3.104717715410807918e-02
3.141403292341793385e-02
3.042104853338058537e-02
3.082730129968216937e-02
3.120675947746134882e-02
3.021765562990784415e-02
2.920990658630075523e-02
2.968932161410753334e-02
3.013353220412461411e-02
3.054666222838695738e-02
2.956529754458559617e-02
3.001021527365000871e-02
3.042636035784510723e-02
2.944212032521957567e-02
2.844378328696777619e-02
2.894339155821960829e-02
2.795495815643678564e-02
2.848752566731703115e-02
2.898311483465376009e-02
2.944575242843735369e-02
2.846139550440940358e-02
2.895998556086487249e-02
2.942474291547323220e-02
2.986898145146547889e-02
3.029585645103838668e-02
3.072938787458093235e-02
2.976998265062296214e-02
3.021487558480122348e-02
2.924470101657909021e-02
2.972606803011778459e-02
3.017730058038350580e-02
3.060167117618291591e-02
2.962267734443313830e-02
3.008481819214786634e-02
3.051776917835459513e-02
3.092482098426566420e-02
3.130719385416545070e-02
3.166766196724013493e-02
3.200797997786710564e-02
3.102290653589553568e-02
3.140531934348576859e-02
3.176387557426747776e-02
3.210088997692243928e-02
3.246372804484051744e-02
3.279082763463029432e-02
3.310437388341597176e-02
3.341691410223493475e-02
3.370244778332852353e-02
3.397553419581902934e-02
3.426984726245183022e-02
3.451802106719099872e-02
3.475576443696822004e-02
3.498359784227150077e-02
3.402774159490570133e-02
3.429891022871476430e-02
3.455632980128158643e-02
3.480112569643691728e-02
3.503424434472603849e-02
3.407321032792363924e-02
3.309263024680322157e-02
3.340882238780561869e-02
3.370551740952435621e-02
3.272289044041059441e-02
3.305837837731400580e-02
3.337290702715020596e-02
3.366885056286784278e-02
3.394812627766823770e-02
3.420672128163711884e-02
3.445732296337802175e-02
3.345821596239646756e-02
3.374968803252108990e-02
3.276698653206484846e-02
3.309699075885996072e-02
3.340987474737473067e-02
3.371848373758488948e-02
3.274935803631387476e-02
3.309619829375456956e-02
3.342333562571100924e-02
3.245216846964409096e-02
3.281550817505383966e-02
3.182503412161543505e-02
3.083233576606550508e-02
2.982134162241572781e-02
3.031630847816584387e-02
3.078121548390495843e-02
3.121904344115554800e-02
3.164088049424600840e-02
3.204232528094448640e-02
3.242315875192187252e-02
3.279712939905811420e-02
3.314026634682241956e-02
3.346654917857425776e-02
3.248148050899402062e-02
3.285015690350066159e-02
3.319809893029071479e-02
3.352714821865183936e-02
3.253108715382806854e-02
3.288691077835233234e-02
3.188033110797326014e-02
3.227509730896167828e-02
3.264453870324984103e-02
3.299153143908403057e-02
3.331845120241773428e-02
3.362723567263795760e-02
3.394952237585299043e-02
3.422392553696190082e-02
3.324203253558578874e-02
3.355687885386934854e-02
3.257461027732037884e-02
3.292964591459968116e-02
3.326058175029848740e-02
3.357230605346137042e-02
3.259283142000225786e-02
3.294184231745926617e-02
3.328339720677151586e-02
3.360977186611262268e-02
3.391928675984709485e-02
3.421328937039376517e-02
3.324343583189540846e-02
3.227382558425947318e-02
3.266091615614741261e-02
3.302485271505755521e-02
3.337493582225123379e-02
3.372055296890416609e-02
3.276064674596139425e-02
3.312893437528876411e-02
3.347667876617910904e-02
3.380575138786102996e-02
3.411770692227113905e-02
3.441377771713567679e-02
3.345626274127849742e-02
3.379017202212130505e-02
3.410580864117340044e-02
3.440470549689896712e-02
3.471865580281204705e-02
3.378224917569937896e-02
3.284141968001972473e-02
3.186757285097015918e-02
3.092575393733145925e-02
3.135336662629706339e-02
3.176053234054908997e-02
3.214822186835640527e-02
3.251732824413126888e-02
3.286869463132229691e-02
3.190795751952910098e-02
3.093169748801173277e-02
3.139438428120756852e-02
3.042320741041208351e-02
3.089368069500116054e-02
2.992270326664291796e-02
3.040288791375518954e-02
3.085662369050479192e-02
3.128540538369915108e-02
3.169079296283182356e-02
3.207424752787973316e-02
3.109079265896591213e-02
3.010830438288901803e-02
3.059282812898576204e-02
2.959721765323189077e-02
3.010961604246706336e-02
2.914301292714230329e-02
2.815183236845611447e-02
2.716645031362430185e-02
2.618621901728936802e-02
2.689469281288268954e-02
2.754758168580769342e-02
2.815108945405247337e-02
2.871085260193793204e-02
2.773593501604423514e-02
2.676540053645856329e-02
2.741559444168469722e-02
2.802817748207794141e-02
2.860068221201785693e-02
2.913514233626556676e-02
2.963553951882012816e-02
2.867712848639930590e-02
2.922034797005759049e-02
2.971852738753497439e-02
2.876061013805501776e-02
2.780248603092888918e-02
2.840027806210820155e-02
2.895406905225176436e-02
2.800170437446268534e-02
2.858253597442057467e-02
2.761242345575959378e-02
2.821502888774893303e-02
2.877290772352636763e-02
2.783433415459969640e-02
2.841814067534757793e-02
2.896032904574617761e-02
2.803032495744352606e-02
2.859941891859326540e-02
2.912613844136346594e-02
2.963660375144617012e-02
2.873232636225577993e-02
2.927863949537261659e-02
2.978875278658378242e-02
2.887698869643360103e-02
2.792413745237689454e-02
2.853651832263709096e-02
2.911436389306288827e-02
2.817320080709339106e-02
2.874702083025802365e-02
2.929661502087486935e-02
2.979064224651541484e-02
2.884838354107109593e-02
2.940071097798402366e-02
2.989984136578591883e-02
2.896783168396961650e-02
2.949694117220964806e-02
2.856217100889820934e-02
2.910336429097169775e-02
2.962029227800058728e-02
2.867836161987511595e-02
2.773369206520988339e-02
2.834275117662991145e-02
2.890772288702540133e-02
2.943372244122493056e-02
2.992502812549494712e-02
3.042936713504284033e-02
2.950848873695595745e-02
2.857853127739161045e-02
2.762160607359500503e-02
2.668589746591288822e-02
2.740004646425688722e-02
2.806032328187494165e-02
2.867475293077428530e-02
2.774102334163146971e-02
2.837793418822025238e-02
2.742935320862898568e-02
2.646873435325805893e-02
2.717664459185661213e-02
2.783439685204498401e-02
2.688349081625290155e-02
2.592837950145197856e-02
2.495934712161720567e-02
2.575783588401855603e-02
2.481994954637703477e-02
2.389422395141891156e-02
2.475590150178199472e-02
2.555255185063913873e-02
2.462719115517689877e-02
2.542586082570055458e-02
2.616493343961864490e-02
2.685010737340755294e-02
2.748702850439909556e-02
2.809261334793639736e-02
2.866335125761825323e-02
2.772882902583564957e-02
2.833030772363380814e-02
2.739580681621265820e-02
2.802400305787373230e-02
2.861817578512040189e-02
2.916515177530808189e-02
2.967764379688420107e-02
3.020272154159957950e-02
3.068043714729945179e-02
3.113407732114924220e-02
3.156526653036527408e-02
3.197540219400623468e-02
3.239566880635071783e-02
3.146880708682926742e-02
3.189670302218788195e-02
3.229830860653450791e-02
3.267669433800938356e-02
3.303411322930480815e-02
3.337217191246916875e-02
3.242413274498499864e-02
3.146861904924021236e-02
3.191114041907713861e-02
3.095386138330210105e-02
3.142924281316742535e-02
3.047326072657547194e-02
2.951560597792480742e-02
3.008753550637732060e-02
3.061230300715649111e-02
2.965799516943648864e-02
2.867463737894412890e-02
2.769937038075385299e-02
2.672489783111657580e-02
2.745180981258581177e-02
2.811673600579536747e-02
2.873893404264521792e-02
2.931760149514976363e-02
2.986589322625383264e-02
3.036771283479316325e-02
3.085747239975991305e-02
3.132529236425236202e-02
3.038290340928289854e-02
3.089031790485327611e-02
2.993695380520713933e-02
3.048000963801194424e-02
3.098727354549513438e-02
3.002592289356156505e-02
3.056825074281524848e-02
2.960099538767773514e-02
3.017516154954897126e-02
2.920468127385985116e-02
2.980676105217692010e-02
3.036478014143485782e-02
2.939607080507633530e-02
2.998273788155233002e-02
3.052602465265072049e-02
3.103140542762452755e-02
3.006805976728071927e-02
2.908654418834248287e-02
2.969037067119904491e-02
2.873668823681920642e-02
2.775535987796198117e-02
2.845018921900780914e-02
2.910467737194578561e-02
2.969092527079257582e-02
3.023382881234977851e-02
3.073869828134461260e-02
3.124818556001732889e-02
3.172727797631972463e-02
3.217449117510521456e-02
3.259906003590676976e-02
3.300266102171657556e-02
3.342000435838097389e-02
3.251121083846508775e-02
3.294082086597335812e-02
3.333542244472052080e-02
3.370946996382683664e-02
3.279159187016609384e-02
3.318634167251367090e-02
3.355898678405155183e-02
3.391178302967842728e-02
3.298201685655565568e-02
3.337234635996408350e-02
3.243962286127476113e-02
3.286687906111770280e-02
3.326522359393676437e-02
3.364022882668369491e-02
3.399423291642512945e-02
3.432916448175055840e-02
3.471377596051462150e-02
3.503161628207246414e-02
3.533625403196283959e-02
3.566575073181137839e-02
3.594351893423190780e-02
3.621063001878584847e-02
3.646756303139452038e-02
3.554734509858220592e-02
3.462663864459237378e-02
3.496671688186818450e-02
3.529168675955977885e-02
3.560111125548075933e-02
3.589578033360966980e-02
3.617645042107987818e-02
3.644384574806804056e-02
3.669863879396391415e-02
3.694147474779629903e-02
3.601597153005643009e-02
3.629722508367426437e-02
3.656411845338615463e-02
3.681746865475984953e-02
3.589172348329641715e-02
3.496626523695187116e-02
3.530603035694933334e-02
3.562707538064963098e-02
3.593048664962057021e-02
3.501218928544325842e-02
3.534791604264657383e-02
3.566493333829622026e-02
3.596435017222896630e-02
3.503472980174266588e-02
3.540071161145449952e-02
3.573284051373654818e-02
3.482390821701270012e-02
3.390558249080685010e-02
3.429689156896093688e-02
3.466982339016068393e-02
3.502522457211124790e-02
3.537846677501384207e-02
3.570052031803613857e-02
3.600782301286858250e-02
3.508712781427680144e-02
3.542889972731048248e-02
3.575450226558404138e-02
3.606877485392755156e-02
3.514050008775015249e-02
3.421568889593486901e-02
3.460709869075250661e-02
3.368887112795718175e-02
3.278548025610510119e-02
3.324611512465200369e-02
3.235562778904284287e-02
3.283437074857029764e-02
3.191786294811236463e-02
3.101061468312972871e-02
3.155066462125880739e-02
3.064580201144358543e-02
3.117692515815213838e-02
3.170685278485740194e-02
3.219459658967718796e-02
3.129165186202853555e-02
3.036223259266856642e-02
2.943937676247377830e-02
2.852486270131655149e-02
2.915329291808777673e-02
2.975691574558264954e-02
3.033567269619382584e-02
3.088916486504044573e-02
3.141727745593369397e-02
3.192016717449017160e-02
3.239827312634926265e-02
3.142428574786648721e-02
3.044790892838177346e-02
3.102957858483835346e-02
3.157261597034843881e-02
3.208114928443135672e-02
3.255851249845492096e-02
3.302448903695250071e-02
3.347056872555014689e-02
3.250316353576852835e-02
3.298622510973154426e-02
3.201128483673568170e-02
3.102944250416047808e-02
3.002678377138174454e-02
3.068352085964543702e-02
3.128740485061242554e-02
3.184636383489752171e-02
3.238595463743720176e-02
3.288169669117822769e-02
3.334743779415934306e-02
3.378617030999320897e-02
3.423179604799052311e-02
3.461993427252377936e-02
3.498770246112082455e-02
3.537430837986084431e-02
3.574102860055910352e-02
3.484397905497024078e-02
3.519958776670221307e-02
3.430373160929667264e-02
3.341325097366781155e-02
3.253945549045077906e-02
3.299331494340733417e-02
3.342544322403232654e-02
3.383638076848101417e-02
3.295568432568080075e-02
3.338877591326453592e-02
3.380048111513571374e-02
3.291648496981143535e-02
3.205192879113823862e-02
3.252433836436618986e-02
3.297433727538411768e-02
3.340226401264015377e-02
3.252825723049162371e-02
3.165259163160465822e-02
3.215583109224008640e-02
3.261388879265079976e-02
3.306564102642352981e-02
3.351422611688327502e-02
3.392819240895676713e-02
3.432839134630923106e-02
3.471128270981210101e-02
3.507618396725599441e-02
3.419352897851180018e-02
3.332285991813662557e-02
3.376124270298671431e-02
3.417835241231693966e-02
3.457497790174923064e-02
3.495200110711499386e-02
3.531034677130415883e-02
3.442462243389748933e-02
3.355084706433656555e-02
3.398313913599922131e-02
3.439335116414746207e-02
3.350471306611493144e-02
3.395173899176506804e-02
3.436319870965281326e-02
3.475321843523735549e-02
3.385355203959835441e-02
3.298479210524202926e-02
3.213638428520837476e-02
3.261613265186039112e-02
3.175157236966315299e-02
3.226848080503218197e-02
3.273998613116609058e-02
3.318879385754172628e-02
3.361539528698974377e-02
3.403652694765025438e-02
3.445758635251800622e-02
3.484489386019546525e-02
3.521510626642129771e-02
3.556908329759583820e-02
3.590765932302603797e-02
3.623534412511486558e-02
3.533650696087865112e-02
3.569376916838116337e-02
3.603337128464003530e-02
3.513085986504396740e-02
3.550381419956954998e-02
3.460252349643633263e-02
3.500550265630787000e-02
3.538713100512331372e-02
3.574853699491056108e-02
3.609084030839225521e-02
3.641512841873548872e-02
3.551114418662971312e-02
3.586915907347111576e-02
3.620751780396954528e-02
3.530519086025035030e-02
3.440788670201581911e-02
3.482709744873144220e-02
3.393315148930845654e-02
3.437621054837323303e-02
3.346897987680333419e-02
3.391597022775107856e-02
3.434311244927765183e-02
3.474338244701245110e-02
3.513666051591980005e-02
3.553018747104146752e-02
3.588896104716567809e-02
3.623082346060678416e-02
3.655676878961698628e-02
3.686772631763292341e-02
3.716455657870263579e-02
3.744799953098407186e-02
3.771883037973890879e-02
3.797974321132644576e-02
3.822950839660067823e-02
3.846801466813543069e-02
3.871563340654959190e-02
3.782385219063907206e-02
3.809330669293227445e-02
3.718074266875964068e-02
3.625458510292785264e-02
3.661050297536806025e-02
3.694445911229003732e-02
3.601910526138966256e-02
3.638728570291530073e-02
3.673254633961985094e-02
3.705651404583468200e-02
3.736072814346287629e-02
3.644609194574715411e-02
3.552539474890633459e-02
3.591905611562321715e-02
3.500200852331748075e-02
3.542327078469774404e-02
3.581788536903818265e-02
3.490543719922103993e-02
3.533220717090228974e-02
3.441663922184625551e-02
3.487659710836926719e-02
3.530944540807506166e-02
3.572170131050156350e-02
3.481429961695706871e-02
3.523662783084167277e-02
3.563691257901493298e-02
3.601643702136507474e-02
3.511751456119382997e-02
3.552856885450383223e-02
3.591808617745346349e-02
3.628739588343379147e-02
3.538148062697483998e-02
3.578357932046898754e-02
3.487391981679454495e-02
3.396226719693930252e-02
3.306067840577606165e-02
3.358056837744213124e-02
3.407883825131061833e-02
3.455153867679579965e-02
3.499809356488252365e-02
3.409589833784465451e-02
3.320586223435754991e-02
3.372225155233538746e-02
3.284268825026472743e-02
3.194015840527591327e-02
3.104730296991477234e-02
3.167705756118641136e-02
3.225236488798140233e-02
3.137008030870722802e-02
3.195310042802457923e-02
3.250870193478648529e-02
3.303672970200235981e-02
3.213665998008559399e-02
3.125045804088292384e-02
3.185084010989511910e-02
3.241700172442514571e-02
3.295107389931741654e-02
3.345496921007938551e-02
3.393044141496753818e-02
3.437913767230416778e-02
3.346494858728566585e-02
3.394252098530788075e-02
3.442234210362051655e-02
3.486657306874850482e-02
3.528818301604145363e-02
3.572555826385116762e-02
3.610252392261793092e-02
3.646181704664608336e-02
3.556726384121821488e-02
3.466666647198338863e-02
3.510414559217809455e-02
3.552292416193979924e-02
3.592042921097490793e-02
3.629668353519295565e-02
3.665288993535574524e-02
3.575033970659417804e-02
3.614027052433561871e-02
3.650841032340954723e-02
3.560515243626672516e-02
3.600550500274052323e-02
3.638279349096892185e-02
3.673847501068638888e-02
3.709081631707707161e-02
3.740604800443198680e-02
3.771101406028545128e-02
3.800385255519354855e-02
