1.304942211429207491e-04
2.512789274200140648e-04
3.375595883381937268e-04
4.296831473580128759e-04
5.064969274844023737e-04
5.783713091581324127e-04
6.408493373072707408e-04
6.405932908589575354e-04
6.948833593764182533e-04
7.419255533557174171e-04
7.826315635743346559e-04
8.177627973366363668e-04
8.479573418421379157e-04
8.888242278574305958e-04
9.234777557218273696e-04
9.407232816422635190e-04
9.551083242293526530e-04
9.805341372451899587e-04
9.896948376768800650e-04
1.009646370862380413e-03
1.014881212768918399e-03
1.030435696778068087e-03
1.032758324740827918e-03
1.044729886878471153e-03
1.053054082305681467e-03
1.067253317964272962e-03
1.070424617370872898e-03
1.070679138801833470e-03
1.078355759441045883e-03
1.083138116174654298e-03
1.085440016874037123e-03
1.067885988694429250e-03
1.065270583249511510e-03
1.072073142786304908e-03
1.060650378176704583e-03
1.068220836394774553e-03
1.055145157973441140e-03
1.063608061094243554e-03
1.048976359253877373e-03
1.041467250060420418e-03
1.031358431401224653e-03
1.018909029643577657e-03
1.004375989025843921e-03
1.024667299812425476e-03
1.039930665444906100e-03
1.050976085129858581e-03
1.058444349557068802e-03
1.062841401499944535e-03
1.071472873438374541e-03
1.073183176300601845e-03
1.080725006148579737e-03
1.080497208918682625e-03
1.078568899692874039e-03
1.086643526725921760e-03
1.091825053754976642e-03
1.094325621266059806e-03
1.092347515458850322e-03
1.094024808502819463e-03
1.091698590540250485e-03
1.092558730171492264e-03
1.090115512923040420e-03
1.086850831600547854e-03
1.082704248954142329e-03
1.077615343518131558e-03
1.071525820243121726e-03
1.080100478394713020e-03
1.074114980154001293e-03
1.081204169377462032e-03
1.084481247039314556e-03
1.080012495046933337e-03
1.074678514062956834e-03
1.079323537541905390e-03
1.089179705073171087e-03
1.088219122021303947e-03
1.092362074243383727e-03
1.083674839218814632e-03
1.077979808993064989e-03
1.084883048613796610e-03
1.088592216065989741e-03
1.089581975303036306e-03
1.088212798982328075e-03
1.084756143324018107e-03
1.079415145767405977e-03
1.072341642236906761e-03
1.056437007315613307e-03
1.069920375177728106e-03
1.071385931044072353e-03
1.069376539081357165e-03
1.071854542386879890e-03
1.071022794594269972e-03
1.065720924372843062e-03
1.067319612673129844e-03
1.071891810897145384e-03
1.063698709420583550e-03
1.068641930959752162e-03
1.060787389271662315e-03
1.066772739837389171e-03
1.069158669200144691e-03
1.057668842254961628e-03
1.055058147014208960e-03
1.063094675006601934e-03
1.067295326623224567e-03
1.068219183945505772e-03
1.066299491668791120e-03
1.061872455075913314e-03
1.064910252968284416e-03
1.038067919368370218e-03
1.053176645493348294e-03
1.055925847852387132e-03
1.054958367512437737e-03
1.050925571552982322e-03
1.052758552104734319e-03
1.051326139900193423e-03
1.046228788127287349e-03
1.056669403738706410e-03
1.062898415220282691e-03
1.065542862738870196e-03
1.065090584233640723e-03
1.045534562586427621e-03
1.044059568809293896e-03
1.052468307426487459e-03
1.056746125299898396e-03
1.042635470542949746e-03
1.049956781109578820e-03
1.040920339939668728e-03
1.049263018325191340e-03
1.053424544356784329e-03
1.054009049803253167e-03
1.051490593442138506e-03
1.040083139338620309e-03
1.041418788031859069e-03
1.039476312754921252e-03
1.048662527467854452e-03
1.036618459775709693e-03
1.046863081927659625e-03
1.052715759526004664e-03
1.054819577493777650e-03
1.053678699996592541e-03
1.058843117168119024e-03
1.063039365678924422e-03
1.043040564637432149e-03
1.053589864838368195e-03
1.037331107938434293e-03
1.048069234119390321e-03
1.039738066853737944e-03
1.041269758931918660e-03
1.039409727241707862e-03
1.033721247983578799e-03
1.045892735009525771e-03
1.053462867031536429e-03
1.057117254570044511e-03
1.057392867268347079e-03
1.054711363469357970e-03
1.035311316912786292e-03
1.036195244762601634e-03
1.032851117582970048e-03
1.043670225654082890e-03
1.029565004854746894e-03
1.041455780525520243e-03
1.048710217770214411e-03
1.052012234316274022e-03
1.031525232656597480e-03
1.028133282760670866e-03
1.021119672702669413e-03
1.036007868207466237e-03
1.046000664605621243e-03
1.021746572599161905e-03
1.013467438373483230e-03
1.030267346841157216e-03
1.009141526149913643e-03
9.976746368181104406e-04
1.018541529181903136e-03
9.925519302909848081e-04
9.197890134548330175e-04
9.444224154886408798e-04
9.148932345581801268e-04
9.140266381705519595e-04
9.034423031814927839e-04
8.909880650843143499e-04
9.202012962532902856e-04
9.342991651688486304e-04
9.465954478026186074e-04
9.650583941742958260e-04
9.748039664670736862e-04
9.874309031181653998e-04
9.950328857018107993e-04
1.003456509669130260e-03
1.009157165230723527e-03
1.015557606034334093e-03
1.018802553988697006e-03
1.020090627503293873e-03
1.019542539677346449e-03
1.027012890111850870e-03
1.031640084477709017e-03
1.030606563433804053e-03
1.028276059880533317e-03
1.024644187496904623e-03
1.031666855985641403e-03
1.035608472276801795e-03
1.032665149580998080e-03
1.028660788997477846e-03
1.023540874003607635e-03
1.026619023117488708e-03
1.029859208849283510e-03
1.032152410070655323e-03
1.026525216731034515e-03
1.028438908778125677e-03
1.030237627339115588e-03
1.023193192355125033e-03
1.024696888553522931e-03
1.026653113849538505e-03
1.028041772632838288e-03
1.030122243110706548e-03
1.036524946279313193e-03
1.041384193703829902e-03
1.044075267191302715e-03
1.042775046271894211e-03
1.047172142853694445e-03
1.048210405471931145e-03
1.037174103364820474e-03
1.036129927991290365e-03
1.042155864650020324e-03
1.032610710995149469e-03
1.039407349629345011e-03
1.029339767904927571e-03
1.036864149314757795e-03
1.040614829401959691e-03
1.026437549735593254e-03
1.032815350559935976e-03
1.035455291093832428e-03
1.034904329009888680e-03
1.022592428465917162e-03
1.025785204282244093e-03
1.025432483015121989e-03
1.032106217661971428e-03
1.026944295327267753e-03
1.037231367806777009e-03
1.019697287439116310e-03
1.030095838106175358e-03
1.038311533508686543e-03
1.026669337915932885e-03
1.036693018419300796e-03
1.043564753045950330e-03
1.015739106978530946e-03
1.021361541593080640e-03
1.024146952842605032e-03
1.024653715625378769e-03
1.022294647876763286e-03
1.030814525949312220e-03
1.035233947242340108e-03
1.019562137137678065e-03
1.026783891578234714e-03
1.029976941243779037e-03
1.029742625465176987e-03
1.016336454085557195e-03
1.017597854073808714e-03
1.023993424740882825e-03
1.016389348189802432e-03
1.023409682774406972e-03
1.015098813333008883e-03
1.012496658599892820e-03
1.007373063606019315e-03
1.000061618590853893e-03
1.015709159592393393e-03
1.026547940561298167e-03
1.000721934553138424e-03
1.014802800211950067e-03
1.024178773465683799e-03
1.029570824556188136e-03
1.039992368220657090e-03
1.042205115260886597e-03
1.041743558748792816e-03
1.038901357696315336e-03
1.051476582286787120e-03
1.047236794932004987e-03
1.058790598727036691e-03
1.067552494312113852e-03
1.063170958204608975e-03
1.057434162526900683e-03
1.067341398934514626e-03
1.061237566699587461e-03
1.053944127370424122e-03
1.054417847660686202e-03
1.055124036158940591e-03
1.060811463240673947e-03
1.061054478534763758e-03
1.060545744718104652e-03
1.058095217120045032e-03
1.060916654942969072e-03
1.051420614268848202e-03
1.063564313694204859e-03
1.054347616671707372e-03
1.065606287546828554e-03
1.056712234399283853e-03
1.056264849412383213e-03
1.059692343928786808e-03
1.069178847579122611e-03
1.075576993354607734e-03
1.068723620005846515e-03
1.074644209666986280e-03
1.068230279537739184e-03
1.060900447467188774e-03
1.068718728167322848e-03
1.073551723383959133e-03
1.075698191607795968e-03
1.075442479360733637e-03
1.072398965566230284e-03
1.068576239817028550e-03
1.063866197062591189e-03
1.067974496496394091e-03
1.069420203944020705e-03
1.066309654340491606e-03
1.062294354794635813e-03
1.065711242583491057e-03
1.061995374136977081e-03
1.057277248916977871e-03
1.062545483060913778e-03
1.058079714926007464e-03
1.062777396698367724e-03
1.058580667707582305e-03
1.053314134140950157e-03
1.046900085947190251e-03
1.055817248936761522e-03
1.049615811453070155e-03
1.042229734890001919e-03
1.043315963058233375e-03
1.044682536546136849e-03
1.045133298144903470e-03
1.041644661958777062e-03
1.041418356769572119e-03
1.041124023670796268e-03
1.039067510971371623e-03
1.053552985945189124e-03
1.054096432324269075e-03
1.057005875775629501e-03
1.057668129080983855e-03
1.064815968293422645e-03
1.057923449416818974e-03
1.049935906436603615e-03
1.050355480196833897e-03
1.051113345073391089e-03
1.055126498644669156e-03
1.055751657008660105e-03
1.055567913154318530e-03
1.055315868024134154e-03
1.054918181245940306e-03
1.054288547047996542e-03
1.031875484445184078e-03
1.036855861218918384e-03
1.043391954052783240e-03
1.051777962464727975e-03
1.000428191601772463e-03
9.895582561747957601e-04
9.851879265884001900e-04
9.955233188941286625e-04
9.810253025820401054e-04
9.724699919088089983e-04
9.876394989242120656e-04
9.976090189898804104e-04
1.003083046825087310e-03
1.014206768988952078e-03
9.793500784527025931e-04
9.963166268280115000e-04
9.785389928431797828e-04
9.872075718314169985e-04
1.001242197610173294e-03
9.882147338185931929e-04
1.004861502453325596e-03
1.018381988226283851e-03
1.028297266273467316e-03
9.887354114269807266e-04
9.908524351430901458e-04
1.006836443880079713e-03
9.903972789168371746e-04
1.006864507374732182e-03
1.020220214337675714e-03
9.912112363302698955e-04
9.807782015569747446e-04
9.892249356883721888e-04
9.793495672673602735e-04
9.887030197518035558e-04
1.002987114332177729e-03
1.014667141153462963e-03
1.023171362934867509e-03
9.892783876227252693e-04
1.002146122772825309e-03
1.012008393616655334e-03
1.019402557849122780e-03
1.024736524211222223e-03
1.028311751032250781e-03
1.030343142383091616e-03
1.030976472923930990e-03
1.031442920693210075e-03
1.032387246564760641e-03
1.032189086409969871e-03
1.030779815523098818e-03
1.052873870253688516e-03
1.065429675955882746e-03
1.073109904950974225e-03
1.076484208444178966e-03
1.076105015931119648e-03
1.077932037318776303e-03
1.077713756844922563e-03
1.078304187911953991e-03
1.084735154590218964e-03
1.091148434541319278e-03
1.094411696846472448e-03
1.095008208645717419e-03
1.093300822614118708e-03
1.089558073382978316e-03
1.083976188093188761e-03
1.076697590022511041e-03
1.076890664502938837e-03
1.077173127558515246e-03
1.076526121679912632e-03
1.075744348427985688e-03
1.066765040456769779e-03
1.066718701018391476e-03
1.066267731074488573e-03
1.065309632593924253e-03
1.060056788889529415e-03
1.061915860977367390e-03
1.062684628775976319e-03
1.062279917075714154e-03
1.060624548706887464e-03
1.057648977396229281e-03
1.029492595075984273e-03
1.037767317455825936e-03
1.036166247854386794e-03
1.045472280355695454e-03
1.038873539671122731e-03
1.049496145555536396e-03
1.055578403150906914e-03
1.057729642495146153e-03
1.065705842354031053e-03
1.072300304632398506e-03
1.076796228455933081e-03
1.050039851614600894e-03
1.045852954561279306e-03
1.043752146182300427e-03
1.049866332659596477e-03
1.047092901938808480e-03
1.056600768574465343e-03
1.063096506180612102e-03
1.065143148831899228e-03
1.073124363210942178e-03
1.056124075759333567e-03
1.059032151766940927e-03
1.056162436471950843e-03
1.051362563553977702e-03
1.061218488092939820e-03
1.045390971846138061e-03
1.057386652792266643e-03
1.064394085742194785e-03
1.067069719997877425e-03
1.047835031224959032e-03
1.056069582673402124e-03
1.059548800995166245e-03
1.068501738304757738e-03
1.048635130465373549e-03
1.053131246250848608e-03
1.048043415978055842e-03
1.054695280760002078e-03
1.045504844403920752e-03
1.054344935895953862e-03
1.058336289535165373e-03
1.067580922179583829e-03
1.046467558562156957e-03
1.042558375065163242e-03
1.031088201892910693e-03
1.046563683870674203e-03
1.022419426240156340e-03
1.040092238790920253e-03
1.013053441989031616e-03
9.911920313735258538e-04
9.139939438892350984e-04
9.457909351583378751e-04
9.713782412720609874e-04
9.114465937159945547e-04
8.826425200790280175e-04
9.168629100659627523e-04
9.457291321520106594e-04
9.691542257669242101e-04
9.617709370061535779e-04
9.669232591152295562e-04
9.833787736339249640e-04
1.003606074965936656e-03
1.000969394269957602e-03
9.955403609021430764e-04
9.962121529891179109e-04
1.011599041678088460e-03
1.002963497001939115e-03
1.017717698010473654e-03
1.027148623584837059e-03
1.014058249969530508e-03
1.025457643094179706e-03
1.017311104334635025e-03
1.028878824124060875e-03
1.019181601011408039e-03
1.014443656884809423e-03
1.006485652803393912e-03
1.024627674477502021e-03
1.004167394239686940e-03
1.022830659013232620e-03
1.036166911038642353e-03
1.044983151382054007e-03
1.054016539014902007e-03
1.059375939156187050e-03
1.067363739761534791e-03
1.070218972067934777e-03
1.077156229549545942e-03
1.078234943716181770e-03
1.084139551139198755e-03
1.083997377855362623e-03
1.082259408612796722e-03
1.078968850257676793e-03
1.074148895679534260e-03
1.085314644777401159e-03
1.080229859756139804e-03
1.073802217782060184e-03
1.066002133089955645e-03
1.066383877702674603e-03
1.067015435931005203e-03
1.076484744011282435e-03
1.076541548722476397e-03
1.075804219411304313e-03
1.076500544392815315e-03
1.076182698513711462e-03
1.083386092413903771e-03
1.082758769579637067e-03
1.081446946887188029e-03
1.080147839890625416e-03
1.078780966345410696e-03
1.077253665504769586e-03
1.007499608644195398e-03
1.017024097373082740e-03
1.021230535202729932e-03
1.025010328236358693e-03
1.015425643960515259e-03
1.030514257059241684e-03
1.021942808486976011e-03
1.027345017391376788e-03
1.019159195912269647e-03
1.026276860880180955e-03
1.038006443038238646e-03
1.047373460192225353e-03
1.053822937075985216e-03
1.058530678471304547e-03
1.061786808093344303e-03
1.063796049125320447e-03
1.004629300143710822e-03
1.008495186582524916e-03
1.010522415766790813e-03
1.014502403459298981e-03
1.018023064315564438e-03
1.009676820971050406e-03
1.013484922602270449e-03
1.014383286284092781e-03
1.018405563385601413e-03
1.017537222213259077e-03
1.031748523205273677e-03
1.043839659829828327e-03
1.052322496234158649e-03
1.058520151693129055e-03
1.017397392182935829e-03
1.022021618217430934e-03
1.019888378110118347e-03
1.025168396334674411e-03
1.029894034259065585e-03
1.034005698836583604e-03
1.014122666402543071e-03
1.018441842455936313e-03
1.022232639134641567e-03
1.025427618008742251e-03
1.007432823391912540e-03
1.011140425019055105e-03
1.013107134060511677e-03
1.016927931864141993e-03
1.020279932556034585e-03
1.023089498132818227e-03
1.004941367085522650e-03
1.017639713958571820e-03
1.024730198673265945e-03
1.029639346603648722e-03
1.033622413381629591e-03
1.045373988878016414e-03
1.053563404596636558e-03
1.031290003889939397e-03
1.042695848144591835e-03
1.050586697896233697e-03
1.056324911041545351e-03
1.060298794767354025e-03
1.062788617029359088e-03
1.063986317738079175e-03
1.064012656622491653e-03
1.062932416252003291e-03
1.060767893402844112e-03
1.057510829837582768e-03
1.074236598234263240e-03
1.091838937447626393e-03
1.088857191753900668e-03
1.084843336198554288e-03
1.079705188055799263e-03
1.097968925548160630e-03
1.109916757005653546e-03
1.105741665521584602e-03
1.100447667176170487e-03
1.093947387853058326e-03
1.086166941922177363e-03
1.086738063769800925e-03
1.087642275398468346e-03
1.087730500222284895e-03
1.051298284591821019e-03
1.047766801849042131e-03
1.053847455626030945e-03
1.058035342117222711e-03
1.061515565725552846e-03
1.070558169984266996e-03
1.077714603345196736e-03
1.057171599652624843e-03
1.058422600395719088e-03
1.063243775733722874e-03
1.072925260804053231e-03
1.056775585963928453e-03
1.052760879925169427e-03
1.041416147261949466e-03
1.055621022872303954e-03
1.064669675405730551e-03
1.069239054536444194e-03
1.069883375980769076e-03
1.076580208156449050e-03
1.049232180648196691e-03
1.045725325078316649e-03
1.055409022128841502e-03
1.060193706688550633e-03
1.044645336061433968e-03
1.053563384280438399e-03
1.040458271275733178e-03
1.051577999015082619e-03
1.057651368022073050e-03
1.039864557320306811e-03
1.028924206256680426e-03
1.011332348281816567e-03
1.032010839136324534e-03
1.046980418910653434e-03
1.056968036514760109e-03
1.062571541192080084e-03
1.064283792840420122e-03
1.033196143474240415e-03
1.043590428495468113e-03
1.048893178231952378e-03
1.034311463082429172e-03
1.025658440872137880e-03
1.040421939097932154e-03
1.018944656728607619e-03
1.035887054816379610e-03
1.011148513004534594e-03
9.909077716337031869e-04
9.039798206697607311e-04
8.828269385260366928e-04
8.699931219240496358e-04
9.072062929239575789e-04
8.577089868918855902e-04
8.972368716607599963e-04
8.461933833260164035e-04
8.198033771564437961e-04
8.674413835335192252e-04
8.618072670014057099e-04
9.021266661746706050e-04
8.939532168308387226e-04
9.288694862592431845e-04
9.184038644402374180e-04
9.493652709980705297e-04
9.729996515205266558e-04
9.903641075099224936e-04
1.002315631751855623e-03
1.009553556029405301e-03
9.908054929032151896e-04
9.926735712615679039e-04
9.906715754556781606e-04
1.008463843513783586e-03
1.020722723681116067e-03
1.003238389748562680e-03
9.988722919133602787e-04
1.016375136364286100e-03
1.000071204998064043e-03
9.917020249426361858e-04
1.012393529411246933e-03
9.904808682555409950e-04
1.011532836906065816e-03
9.887674131065146959e-04
1.010249190080792425e-03
9.866772005109639924e-04
1.008637447247635356e-03
9.842998533654916636e-04
9.191143668577270946e-04
9.108494332712107179e-04
9.327572499696094518e-04
9.574633035974776472e-04
9.631785782772244722e-04
9.724677705609233083e-04
9.859088384107954003e-04
9.908432705785900647e-04
1.002279581907229234e-03
1.014759178164734762e-03
1.023414793774407366e-03
1.016544061213827928e-03
1.025241606774971500e-03
1.023294277649297547e-03
1.030815816458095389e-03
1.035488752959141858e-03
1.033409428018065325e-03
1.029990068487430296e-03
1.035615073273522813e-03
1.047454001748027901e-03
1.050387296307315338e-03
1.047420367097645763e-03
1.048121196237887867e-03
1.053412481350489730e-03
1.055497462235257958e-03
1.044796818592385462e-03
1.049096908940311268e-03
1.043273089373008286e-03
1.048169795745404302e-03
1.049744131755384838e-03
1.039806546527790579e-03
1.039016094642301836e-03
1.044457951927783932e-03
1.036499915953980385e-03
1.042597309718257910e-03
1.033916670848549846e-03
1.040668609531525965e-03
1.043904862546269014e-03
1.031104022690259529e-03
1.029409473472837769e-03
1.025323141768735282e-03
1.019137430036776409e-03
1.011125936941271184e-03
1.001540117386282968e-03
1.018977174006443056e-03
1.031827969235228019e-03
1.040828757666005825e-03
1.047780295815629696e-03
1.053186422341603323e-03
1.059206929352163621e-03
1.062022998900598010e-03
1.067225822837633521e-03
1.068197853901210271e-03
1.067642330785491386e-03
1.073298920466913935e-03
1.076962557596302349e-03
1.075722665817528158e-03
1.073465954676003191e-03
1.070182837590832881e-03
1.076188743513559806e-03
1.072520182299456764e-03
1.067917329598385302e-03
1.062327157569378615e-03
1.055697068388650834e-03
1.047978149745870191e-03
1.060766890662508902e-03
1.052958591411154964e-03
1.064643824755746870e-03
1.073210710812496759e-03
1.066518265133533641e-03
1.058918592319554571e-03
1.050336087136636686e-03
1.050346804031273814e-03
1.055174307207570449e-03
1.054906617773243571e-03
1.059026515140839945e-03
1.068972831857879953e-03
1.075838930356943796e-03
1.069115153897639029e-03
1.061515845808510758e-03
1.070105999206986264e-03
1.075707467901089150e-03
1.069710216628911833e-03
1.062834845556581047e-03
1.070236682276085255e-03
1.063696697853345466e-03
1.070467036493000105e-03
1.064271186667103963e-03
1.057111458544491558e-03
1.065629313618138198e-03
1.058771634714795280e-03
1.066565554308999313e-03
1.060028931016854942e-03
1.067153287705002122e-03
1.060949648064360255e-03
1.053723752356829730e-03
1.045404155166212339e-03
1.056752643249027606e-03
1.064720682238191624e-03
1.069621195270196263e-03
1.071762621711854716e-03
1.067846072710452142e-03
1.069753500654426880e-03
1.066249549864226650e-03
1.067913591248387684e-03
1.064790721286269998e-03
1.066205979866990039e-03
1.063437954559325873e-03
1.064601953026846765e-03
1.062166729349932033e-03
1.063079274586819622e-03
1.060958114905294347e-03
1.061620784667220187e-03
1.059797572296016259e-03
1.060213309810221919e-03
1.058674012689189443e-03
1.056146442243150949e-03
1.058494272455726701e-03
1.056185905949128282e-03
1.058119518990223136e-03
1.056039937319990874e-03
1.052893103542492347e-03
1.048592287170965710e-03
1.054699672721623070e-03
1.057783814050795163e-03
1.058170182171419430e-03
1.056707585891644924e-03
1.054221971936386126e-03
1.050619283105324372e-03
1.045818127436784224e-03
1.039751141046836103e-03
1.049241994562004603e-03
1.043330308404128923e-03
1.036138020780727432e-03
1.037680672563469136e-03
1.050464955029027083e-03
1.051945344090892591e-03
1.053621701918031756e-03
1.054300058393099803e-03
1.041182270644328651e-03
1.053966154106911191e-03
1.054405687549053944e-03
1.060915915757873343e-03
1.054945048705259502e-03
1.047822389567119135e-03
1.048681323569296449e-03
1.049809134474060865e-03
1.050068629418097858e-03
1.050213826382318406e-03
1.050172198362828374e-03
1.029284835976559996e-03
1.044755972928983548e-03
1.057481082541447291e-03
1.057567720758828198e-03
1.064069174244619987e-03
1.067482995071994010e-03
1.068125971968621971e-03
1.066303366071468927e-03
1.064311198999149267e-03
1.061380684111862868e-03
1.057407914539978478e-03
1.060488638656521387e-03
1.060823666979795847e-03
1.067777953624270484e-03
1.064761940444772194e-03
1.071323225060040159e-03
1.061521158472905103e-03
1.068551810832903256e-03
1.072244136523862502e-03
1.059955583483383583e-03
1.065676663452510588e-03
1.068148727390809362e-03
1.050361007134859633e-03
1.049741810374235900e-03
1.048007533318408421e-03
1.045066331880123737e-03
1.040839913842429897e-03
1.035264847627575483e-03
1.044654416398659155e-03
1.039200325236955312e-03
1.032393428812761063e-03
1.034336839649299374e-03
1.047053173029936996e-03
1.047634312703598020e-03
1.041191888507647352e-03
1.042708749855840878e-03
1.044980531122947963e-03
1.052875111178895292e-03
1.046987624914006701e-03
1.054145196750869758e-03
1.048595603289852575e-03
1.041803374494697189e-03
1.050893149804094703e-03
1.044411953985947394e-03
1.045730757782359355e-03
1.047586287779749556e-03
1.054938350518112421e-03
1.049093159145547943e-03
1.055775444881761104e-03
1.050293017737510999e-03
1.043584389737074822e-03
1.044883511905531775e-03
1.046406157459794928e-03
1.047009555295942262e-03
1.047458610345643627e-03
1.047684326130038021e-03
1.047607565578841885e-03
1.024215970144096545e-03
1.029931585355488245e-03
1.034791694760290714e-03
1.038710028123904228e-03
1.041605663863255952e-03
1.050631960909765824e-03
1.052736672790721001e-03
1.053672191798240990e-03
1.061371425327810487e-03
1.064350221630203054e-03
1.065734363587311556e-03
1.065856288404287439e-03
1.069312102624354107e-03
1.068518724011535042e-03
1.069969922181132063e-03
1.070094804195981675e-03
1.070723297918178395e-03
1.071023444000145618e-03
1.069916459135568940e-03
1.072141931975685407e-03
1.071264116076096591e-03
1.068921429491318182e-03
1.065066653278257591e-03
1.072030495932976618e-03
1.074384717285775106e-03
1.072493501180672801e-03
1.066718694598720908e-03
1.068924117064282489e-03
1.069739797610680951e-03
1.066357138516698094e-03
1.067707079975207217e-03
1.067585226095723759e-03
1.065923095075321184e-03
1.067930763373280308e-03
1.066750463867352072e-03
1.067504022010417730e-03
1.063944551870927690e-03
1.065387070098959077e-03
1.065333923095233186e-03
1.064048104578413151e-03
1.058598692148949054e-03
1.061209482220553659e-03
1.062339938835683492e-03
1.061910730337504343e-03
1.061959470809910929e-03
1.062076303015509508e-03
1.060590110391999939e-03
1.057442624413782633e-03
1.062857775713273514e-03
1.063345377795037270e-03
1.062971878119420939e-03
1.062225621415346889e-03
1.062478569766286615e-03
1.061149730353605231e-03
1.062520597151179590e-03
1.061801852239765108e-03
1.061849010522096124e-03
1.057463974650368248e-03
1.059575070693749132e-03
1.063318402124835979e-03
1.071143082970563674e-03
1.075315612972636489e-03
1.076323316954454342e-03
1.058518515200967220e-03
1.054240908955401306e-03
1.056618985218205249e-03
1.057459560353168557e-03
1.056680948333112722e-03
1.054216199841842257e-03
1.058763883744033357e-03
1.058335517444075743e-03
1.058735437902817191e-03
1.057055788027533088e-03
1.060468725929466453e-03
1.069016056525593991e-03
1.057371550510610497e-03
1.048384031215450225e-03
1.060924800571738441e-03
1.069433352503498672e-03
1.074466902509475840e-03
1.076461801879114019e-03
1.050600497991349604e-03
1.052489448517849148e-03
1.052752673897222428e-03
1.051314485528404398e-03
1.048115624924885782e-03
1.043114796819765051e-03
1.053366706595004103e-03
1.048951346537321848e-03
1.051888638512812023e-03
1.054756270605558804e-03
1.059527272792803532e-03
1.059598038669051605e-03
1.054728655451991079e-03
1.062125060143395174e-03
1.058009076717936420e-03
1.063617604859730436e-03
1.060269559265796836e-03
