1.334479712866554050e-04
2.587206743947309670e-04
3.771923954972536972e-04
1.714642568632109281e-04
1.711236223051211655e-04
1.711229643793391953e-04
2.942419450701375355e-04
1.713323900036680108e-04
1.711233676306925656e-04
1.711229638899807771e-04
2.942419446083442258e-04
4.108951233343145922e-04
5.319113742342593959e-04
7.575285947718540976e-04
8.817635729693095109e-04
1.045242064515264921e-03
1.164670968099027187e-03
1.303545026788932104e-03
1.453621944550560589e-03
1.594129299612843552e-03
1.704506954335315580e-03
1.797899284387643581e-03
1.916770840465332245e-03
2.021900083218450012e-03
2.124127988154912890e-03
2.148591423664009299e-03
2.249979887161342260e-03
2.299304170730301702e-03
2.387662610082480659e-03
2.470805835134131951e-03
2.549036525488362643e-03
2.644035042482042498e-03
2.662863488841042420e-03
2.756058379253373963e-03
2.846187638579533458e-03
2.933690831887452669e-03
3.018870041219421426e-03
2.870354363998775440e-03
2.925254173704100978e-03
2.977157950883138095e-03
3.065413911597858303e-03
3.150541664699662691e-03
3.233025252241437855e-03
3.104130684624670840e-03
3.190399353944186472e-03
3.168394273231979735e-03
3.206603109833284539e-03
3.242709391199784241e-03
3.326830040694104575e-03
3.407773766908518687e-03
3.486059714143266344e-03
3.562041993922215530e-03
3.348641766729524346e-03
3.376708655659302859e-03
3.403485550695389827e-03
3.485119949645081820e-03
3.563549804038973912e-03
3.455558433030328676e-03
3.477913919414018021e-03
3.558401976672851200e-03
3.635672962270580875e-03
3.521516567056572847e-03
3.601329818115097704e-03
3.550156774310391904e-03
3.567445913442843317e-03
3.646558640474989281e-03
3.722439807005947007e-03
3.795648782210187238e-03
3.866565404635238269e-03
3.935451313034269046e-03
4.002488861900891162e-03
4.067807240474990288e-03
4.131500081419283397e-03
4.193637733429010292e-03
3.662781995674094758e-03
3.673725295008821272e-03
3.751210946570871212e-03
3.825448240482883129e-03
3.695287428389609601e-03
3.772438896871960299e-03
3.846340090232349112e-03
3.714323044908340778e-03
3.791183997519434294e-03
3.864791616375539383e-03
3.731237645749029865e-03
3.738777053394262088e-03
3.815269795264195248e-03
3.749438383425958855e-03
3.756075077314055110e-03
3.762431873543462934e-03
3.768452234364212759e-03
3.844492733673709160e-03
3.776668010069924447e-03
3.781863197779335335e-03
3.786856452192933608e-03
3.862616544962822838e-03
3.935110837084625050e-03
4.004924031409885093e-03
4.072452612892656608e-03
3.801290319847283345e-03
