1.898241656724590221e-01
1.896257152124140311e-01
1.894012695537289348e-01
1.891632652653029156e-01
1.888891072886249023e-01
1.885862009075957857e-01
1.882416629795599095e-01
1.878758616309120222e-01
1.874636470083224371e-01
1.870135871506158065e-01
1.865205231452054802e-01
1.859622762957690578e-01
1.853511872081566036e-01
1.846851833081268601e-01
1.839348983862885978e-01
1.831558030961438766e-01
1.823240920251369412e-01
1.814229475610388831e-01
1.804436858131786003e-01
1.794337353021094872e-01
1.783058736326837146e-01
1.771766284571937300e-01
1.759577412286500442e-01
1.747070592125090083e-01
1.734925631988518124e-01
1.721822961753050052e-01
1.709027165766442979e-01
1.696508712228718130e-01
1.683222559890406866e-01
1.670413812256903718e-01
1.658007067609682805e-01
1.645195457561223484e-01
1.632598445599976744e-01
1.620617351066439282e-01
1.608689407158979123e-01
1.596186509080737836e-01
1.583989541449265237e-01
1.572296797105924571e-01
1.560671598066006582e-01
1.548876411562622735e-01
1.536662682312592287e-01
1.525197560507992878e-01
1.513619220893024087e-01
1.502041001580368962e-01
1.489730053944868515e-01
1.478014063435648950e-01
1.465824607362372634e-01
1.453989847787626744e-01
1.442584505525815741e-01
1.430583068738331409e-01
1.418195174153606408e-01
1.406635309871394623e-01
1.395294923782960383e-01
1.384202701514331557e-01
1.373008737571319859e-01
1.361643630127762072e-01
1.349871666420547622e-01
1.338522441635915106e-01
1.327269019086653457e-01
1.316352763176887875e-01
1.305015833210962373e-01
1.294164094110303309e-01
1.283271330779197916e-01
1.271382122426582273e-01
1.260649929237360745e-01
1.249295326411890561e-01
1.238484308846724558e-01
1.227101816291291531e-01
1.216019518397319921e-01
1.204425767433643796e-01
1.193421992894060368e-01
1.182204329773610396e-01
1.170948567238604410e-01
1.158527950368695020e-01
1.146770740027128060e-01
1.135624247263388592e-01
1.124530199405225084e-01
1.113172848096755513e-01
1.101827783460421761e-01
1.090302693039948145e-01
1.077834312892857610e-01
1.066451443036709884e-01
1.054781740788146294e-01
1.043500461267632407e-01
1.032271783575007956e-01
1.020803253693475798e-01
1.009356733715969234e-01
9.970733121180955227e-02
9.858315644221557483e-02
9.734559462223095483e-02
9.621739842242375829e-02
9.506767087108158876e-02
9.395999212629531361e-02
9.286236795620309015e-02
9.174184427380303875e-02
9.062634433699817693e-02
8.949274018115820073e-02
8.840174597956176883e-02
8.729748821700707151e-02
8.611702908345370000e-02
8.503931486936322504e-02
8.399021257548362762e-02
8.295359415000694292e-02
8.189758412841233182e-02
8.084916972692914039e-02
7.972843439078736161e-02
7.860793163648992221e-02
7.760647631729528095e-02
7.659381680442071960e-02
7.554418042902795449e-02
7.455877663245089049e-02
7.353027322294734824e-02
7.254971765735079847e-02
7.155451708035667768e-02
7.053523634974580292e-02
6.949827933845893757e-02
6.851610662853595268e-02
6.742781277939684237e-02
6.644851307761272252e-02
6.546763740809027898e-02
6.448710254698225564e-02
6.349600900983190521e-02
6.240883424723450701e-02
6.138965718983190045e-02
6.038338876691633911e-02
5.928017264066689357e-02
5.828382955666319698e-02
5.729305570428772781e-02
5.625593294732367938e-02
5.523488328151923699e-02
5.423440545668720830e-02
5.324478170672435756e-02
5.226366566807336828e-02
5.118534654859605015e-02
5.017952573078825890e-02
4.915064861138915969e-02
4.820549992580992066e-02
4.718973911417211065e-02
4.620214073620555750e-02
4.527110906716699801e-02
4.434566115211598103e-02
4.342661800063407629e-02
4.241197810456235479e-02
4.147509387255924468e-02
4.053474349356575579e-02
3.959137794444737152e-02
3.864613865031471529e-02
3.758804328558800617e-02
3.662784036027825346e-02
3.564058571454826324e-02
3.467331066510329768e-02
3.364660190673864071e-02
3.256847789850315228e-02
3.152570064179462117e-02
3.050834327939537169e-02
2.945803215909033670e-02
2.842940313457588408e-02
2.747105859337755501e-02
2.649257565833890507e-02
2.549425704348513844e-02
2.451738594870009336e-02
2.356652314245542140e-02
2.262351109785993089e-02
2.160234010269233146e-02
2.065002253137145083e-02
1.969744375161007477e-02
1.874514031371738582e-02
1.767304520126088130e-02
1.673794601373636282e-02
1.580549983657745725e-02
1.482623294025020404e-02
1.385866177372611051e-02
1.287182252855192943e-02
1.199804486933396877e-02
1.113606504838018062e-02
1.022504209195321083e-02
9.406233955296950874e-03
8.589869212765142287e-03
7.887209147302638029e-03
7.225975434500629853e-03
6.574888937670688577e-03
5.933127467077446010e-03
5.415682836124983274e-03
4.942421309967693667e-03
4.512020819107866870e-03
4.122617674551257161e-03
3.710957942494963555e-03
3.404507281361728813e-03
3.076076016815425859e-03
2.839943940309211726e-03
2.619083344752839472e-03
2.433527532645365747e-03
2.269202126442604762e-03
2.114792598841555658e-03
1.985394822227724843e-03
1.870041549429432527e-03
1.767588627058832434e-03
1.679971611197906894e-03
1.602781807763577985e-03
1.534778274242141680e-03
1.444875354236991932e-03
1.392990629159785452e-03
1.347184436493420370e-03
1.306679128495237931e-03
1.271333816784010794e-03
1.239643347954523175e-03
1.212547343701919807e-03
1.188833656785279842e-03
1.168051833906253324e-03
1.149810629340607647e-03
1.131853485811664273e-03
1.115540341966792491e-03
1.100636091458743896e-03
1.089538752745291368e-03
1.079685140613679704e-03
1.070909154450660474e-03
1.060101945685381492e-03
1.049915489850654186e-03
1.043627571695224894e-03
1.034466692354299054e-03
1.034661880290015882e-03
9.916425829661654028e-04
9.873759814336758363e-04
9.835337591856529050e-04
9.850798825166010627e-04
9.733507754526815560e-04
9.759976860780960684e-04
9.773818703204392375e-04
9.457154969822051394e-04
9.504361593099696541e-04
9.514738167444386713e-04
9.522177270952702707e-04
9.526657639579887756e-04
9.546089383413845384e-04
9.560991894901834948e-04
9.572024285230915650e-04
9.562990723729280444e-04
9.551590318207814909e-04
9.555861603264955914e-04
9.539462519061283393e-04
9.520765802346010855e-04
9.520153654329166319e-04
9.517784310538762076e-04
9.492604767374751822e-04
9.465287582818614296e-04
9.435788503963861602e-04
9.404072689412754831e-04
9.397764447730596596e-04
9.362208291050938026e-04
9.324489928248018639e-04
9.316663361989135916e-04
9.275393044732678982e-04
9.232021306099753378e-04
9.315323537172184908e-04
9.356256292641930948e-04
9.394294762202417149e-04
9.455260520789659498e-04
9.475621339404178851e-04
9.492364702038332295e-04
9.546754790510114143e-04
9.556313332970058517e-04
9.562662995028802827e-04
9.583571575288262053e-04
9.582561342797380399e-04
9.578589319514610066e-04
9.571635207750616619e-04
9.561681996583839801e-04
9.568841794360541993e-04
9.552748679666844085e-04
9.533823355352832743e-04
9.512042827791119572e-04
9.487391070849902734e-04
9.459859066404997536e-04
9.429445113210209277e-04
9.396155118475281020e-04
9.392261237549546712e-04
9.353999180327595732e-04
9.313046408440017656e-04
9.269418660719173355e-04
9.315188497060976867e-04
9.357991730266574174e-04
9.397958402126180104e-04
9.425591775404944988e-04
9.449075722890375954e-04
9.515566951251453734e-04
9.564277078596590542e-04
9.606182686187858489e-04
9.612159245705424867e-04
9.615103333292164978e-04
9.633784794911418644e-04
9.648099814036793093e-04
9.640244081854225941e-04
9.629685315631298032e-04
9.616352497085954533e-04
9.621746517246380090e-04
9.602591205986287220e-04
9.580717801336728406e-04
9.556069763080226112e-04
9.528602391830372350e-04
9.498282479798285122e-04
9.465088267021723066e-04
9.429009388750828101e-04
9.425589263423892134e-04
9.384469237929795107e-04
9.340633108086890662e-04
9.294089074308697603e-04
9.381542996624680879e-04
9.377053370692389972e-04
9.371743411923335373e-04
9.410346954037995294e-04
9.446783595523415783e-04
9.471284404431925402e-04
9.492054602281107785e-04
9.509045193956325434e-04
9.522215843410979184e-04
9.531535135040598980e-04
9.433178718347125452e-04
9.442532704327603194e-04
9.463948442764440368e-04
9.480474231000819187e-04
9.477962067101802128e-04
9.488633622710266387e-04
9.479312678407959304e-04
9.466503258534724038e-04
9.450146042167152779e-04
9.454115878378743570e-04
9.431502694277093309e-04
9.405454508335949447e-04
9.375953222816855483e-04
9.342998463910567224e-04
9.153450826381741073e-04
9.147310108342946236e-04
9.140125634099469142e-04
9.132078151199518688e-04
9.123322852108818951e-04
9.092239974154217586e-04
9.175484304117624557e-04
9.228737398563791224e-04
9.141830958063343815e-04
9.134397016760695091e-04
9.191788571266000431e-04
9.236644160534610362e-04
9.276775359576095803e-04
9.312101905253394526e-04
9.361452065535120224e-04
9.385665332559613595e-04
9.422275171864618595e-04
9.436660344572598679e-04
9.463298097894746108e-04
9.468904142900979237e-04
9.470395345087785979e-04
9.487248267016094774e-04
9.499932658160711906e-04
9.490313081901997341e-04
9.498448982274799524e-04
9.482236072827573839e-04
9.462349047907713927e-04
9.466533688603888386e-04
9.468527185155807806e-04
9.440401978088985412e-04
9.440638439548569311e-04
9.407190860386069201e-04
9.370369969877363238e-04
9.330148437407003760e-04
9.345178431094576261e-04
9.298442564766725652e-04
9.345055694833646247e-04
9.389462901318484152e-04
9.422071211623565421e-04
9.345961020611053298e-04
9.379077957775318461e-04
9.447833474588027613e-04
9.472839531486412215e-04
9.531203200777096799e-04
9.549158892699863982e-04
9.563309225846409805e-04
9.586136602924480834e-04
9.591969370018780475e-04
9.593986127937598326e-04
9.608094313235042254e-04
9.618263366717998576e-04
9.609382955935900179e-04
9.596890539024122710e-04
9.621485866983739291e-04
9.600680894572361174e-04
9.604061118616519059e-04
9.605364583494777368e-04
9.576281107009083741e-04
9.576143607903077554e-04
9.541808495834284585e-04
9.504281547458861504e-04
9.463489981273156756e-04
9.463573159433459137e-04
9.462419611103300033e-04
9.414919373241585317e-04
9.364352903492991842e-04
9.407629821724695918e-04
9.449128625232185467e-04
9.479194198914793089e-04
9.505580774494079999e-04
9.455747628749518185e-04
9.514497324461716841e-04
9.537047884263838470e-04
9.595852314758621278e-04
9.635806554667007869e-04
9.669437070573532605e-04
9.678918429328506020e-04
9.685174909400250803e-04
9.698856102933734293e-04
9.708571445063419970e-04
9.704736946321710278e-04
9.697616796223037204e-04
9.687051313649227809e-04
9.672905787903201321e-04
9.655068563360274603e-04
9.676077851645546778e-04
9.650070022661864097e-04
9.653353630003752009e-04
9.654688889551731783e-04
9.620412014190327793e-04
9.582862184120867358e-04
9.584033374392728457e-04
9.541135458363277739e-04
9.494968313871766366e-04
9.445475415918373578e-04
9.485142875492162283e-04
9.523328080347219938e-04
9.559964536188861328e-04
9.584996064422823770e-04
9.534816087386674931e-04
9.559752064874858226e-04
9.580891065755633377e-04
9.598033012768614897e-04
9.611008738029174978e-04
9.665774498115130547e-04
9.667254539752638326e-04
9.664775688903665465e-04
9.658209445497830531e-04
9.647450533367482465e-04
9.669831541526390396e-04
9.687561040719749753e-04
9.664471888359940947e-04
9.637636770842204726e-04
9.606956825123777943e-04
9.427894496013278225e-04
9.430914548982246258e-04
9.431641713103766081e-04
9.404471542928199111e-04
9.373163350503246113e-04
9.337608757417983647e-04
9.341043828203328880e-04
9.299724523717235692e-04
9.353122700620877025e-04
9.363150770988502630e-04
9.413010486787231268e-04
9.451043025064561872e-04
9.485032032270898422e-04
9.573239946254109454e-04
9.638859253159266826e-04
9.657947574555400929e-04
9.673404865584882880e-04
9.685017133862940239e-04
9.740235717942331319e-04
9.740626246121364667e-04
9.737273439156042976e-04
9.764250778766166714e-04
9.752381987178015618e-04
9.736736997410132743e-04
9.717156799215894650e-04
9.736708382813286230e-04
9.709283055223747860e-04
9.677978786628587847e-04
9.496521334508945889e-04
9.472682922965546069e-04
9.444344722581887903e-04
9.411378066531731704e-04
9.419869376409131714e-04
9.380302592997918866e-04
9.388067159042514992e-04
9.393608814984507087e-04
9.397250917891132897e-04
9.399269006075088159e-04
9.399898391271129710e-04
9.399339900866546986e-04
9.397764800205193414e-04
9.442343264961396533e-04
9.486058459746133211e-04
9.528692830784656845e-04
9.596632182339534002e-04
9.620976629181316039e-04
9.642026684043658678e-04
9.659469985012577751e-04
9.673026332423502287e-04
9.740032338079367483e-04
9.741621536214701334e-04
9.777986089476507596e-04
9.770822763166386177e-04
9.799588215054009892e-04
9.784480068743882462e-04
9.807667079430027173e-04
9.826308550111109187e-04
9.800947084843796009e-04
9.772060381707343632e-04
9.739420994391948276e-04
9.757336869718960396e-04
9.772055954242887376e-04
9.730673696421870706e-04
9.685632568087426501e-04
9.477078391197322474e-04
9.444060324074375840e-04
9.406349723259780672e-04
9.415135270190385947e-04
9.421638106127954056e-04
9.377914447668565844e-04
9.428223855513889447e-04
9.443487120665207835e-04
9.490880405718612502e-04
9.411620983105097428e-04
9.451641211688384912e-04
9.366203336113890438e-04
9.407014286272991858e-04
9.326980268689775630e-04
9.370009810800606232e-04
9.285132696654064925e-04
9.298628071549491564e-04
9.342676712289621878e-04
9.382684216984338993e-04
9.484082962605962187e-04
9.510313089446756915e-04
9.589277104312070700e-04
9.603307122180808602e-04
9.689248977256186912e-04
9.689768055264991013e-04
9.740431739274036868e-04
9.731189912448860073e-04
9.772132872722320406e-04
9.754062216348161366e-04
9.731741656315495356e-04
9.765799303496146104e-04
9.794132080180198516e-04
9.760421281836736268e-04
9.785413723823539918e-04
9.744956025296909897e-04
9.767862644243787643e-04
9.721120861630152188e-04
9.670272729710993609e-04
9.615149617782525358e-04
9.648720731937320818e-04
9.493483576085540209e-04
9.540500176111736024e-04
9.586619033153455675e-04
9.621143627729266323e-04
9.652011139265470737e-04
9.678832752066925072e-04
9.701255651238640046e-04
9.718961336176704015e-04
9.731664510998782897e-04
9.809970051268348829e-04
9.808478685131255363e-04
9.802164639120527698e-04
9.790790675719756794e-04
9.774155387904590042e-04
9.603337265117866664e-04
9.594363722953473629e-04
9.621379980095637243e-04
9.642128501133314994e-04
9.657482538174940378e-04
9.635325585110292171e-04
9.607486369045653129e-04
9.573798348267903349e-04
9.594428263934291854e-04
9.553410383409868117e-04
9.573602775013436090e-04
9.589973447014988510e-04
9.541763428600551732e-04
9.652233643120641023e-04
9.664664732314404974e-04
9.701890255010605637e-04
9.635734224298970639e-04
9.674705636603716380e-04
9.713387612372599436e-04
9.547564215790148258e-04
9.580715485361696211e-04
9.512011178283890159e-04
9.531613784598261989e-04
9.564373252170925996e-04
9.492020439377824590e-04
9.526785931114236782e-04
9.558511449784124880e-04
9.586633189544034768e-04
9.610629501840085636e-04
9.630021992659662695e-04
9.644376681007669387e-04
9.653305192604674442e-04
9.656465897027561533e-04
9.519875448532732348e-04
9.574513688295425420e-04
9.617207044735227037e-04
9.649729471933537290e-04
9.646116233278169720e-04
9.636423818481504441e-04
9.665837570680949802e-04
9.688034121092450185e-04
9.668500089311898816e-04
9.642754612928664329e-04
9.666933101486904984e-04
9.685523951387589722e-04
9.699181783126635233e-04
9.665948247508258841e-04
9.680743413167273515e-04
9.641858080202561718e-04
9.596811207914930078e-04
9.618893533102879870e-04
9.660596535933767010e-04
9.686974079000145723e-04
9.726151999315100658e-04
9.664204832767165580e-04
9.704387144782953287e-04
9.734300628281459611e-04
9.761381935019238865e-04
9.868767710062825022e-04
9.946524458939785904e-04
1.000821617122690452e-03
1.001974545911026547e-03
1.002826723870193885e-03
1.003333171049139612e-03
1.003451605372217455e-03
1.010104766318247523e-03
1.013690440480087551e-03
1.012241026619486225e-03
1.015316260026116789e-03
1.017758839782982420e-03
1.019661043688002049e-03
1.021099833169547381e-03
1.022139476536575642e-03
1.022833672345659301e-03
1.023227315698716118e-03
1.020491667887447494e-03
1.021168810588985506e-03
1.021570618437740545e-03
1.021727909058836722e-03
1.021666720999462891e-03
1.021409162972228193e-03
1.018706966264447226e-03
1.015662685291525424e-03
1.012224551379847532e-03
1.013593943883831904e-03
1.009774464138182490e-03
1.005493803896997679e-03
1.000715119337894496e-03
9.954046831116176997e-04
9.988175716937725511e-04
1.001790649632309333e-03
9.960162785539752005e-04
9.897127853247017666e-04
9.828562601332589514e-04
9.850650541221056978e-04
9.652221088701375780e-04
9.696986179653265458e-04
9.731656326297658584e-04
9.763348833002039560e-04
9.873443716248444212e-04
9.898155681516780571e-04
9.988211411313847876e-04
1.000689759585996017e-03
1.002158833865526713e-03
1.003181047040067929e-03
1.003712069658066128e-03
1.003710692871456278e-03
1.003139072100152135e-03
1.010825189073526718e-03
1.015666613373150586e-03
1.013295694349177975e-03
1.017569713162701488e-03
1.014364630521421553e-03
1.018291556246532720e-03
1.014336449768611257e-03
1.018084720058807765e-03
1.021220207323813266e-03
1.016498638613385058e-03
1.019704446856293687e-03
1.014439459813162598e-03
1.008660830238717601e-03
1.002336041557055695e-03
9.954396042151788474e-04
9.784797460934289894e-04
9.823920578331875753e-04
9.859313956843936740e-04
9.896263215092167796e-04
9.933352495296193276e-04
9.959912659997358000e-04
9.742815048997206838e-04
9.772417577503073830e-04
9.799384143252798905e-04
9.823075713193355624e-04
9.842870947559879177e-04
9.858171086262581054e-04
9.868405501554367281e-04
9.706815786570644703e-04
9.729801494438310334e-04
9.800249195759582616e-04
9.811885514277567805e-04
9.867698110595109727e-04
9.907635187289677396e-04
9.908411474363401639e-04
9.941222636877949676e-04
9.934505468357571201e-04
9.919972229360460303e-04
9.897292427942046191e-04
9.866221161518231187e-04
9.917403536975157897e-04
9.878320816935418081e-04
9.926745966835363779e-04
9.880663075831927575e-04
9.917991456619517070e-04
9.975043338021460492e-04
9.928937862210317558e-04
9.965460126097665933e-04
9.910769515821499058e-04
9.949240251422538425e-04
9.890368084850885508e-04
9.923117022401033681e-04
9.956879423039808122e-04
9.923779376545145952e-04
9.946466500797765398e-04
9.967349314087088283e-04
9.985790160441320416e-04
1.017024610105159805e-03
1.027726320035577973e-03
1.028098777569040048e-03
1.037778490713050106e-03
1.044199414585668092e-03
1.048949367901404195e-03
1.053297865400218847e-03
1.052909293258668310e-03
1.052330141335209353e-03
1.051498344485741251e-03
1.057608345182441036e-03
1.056695269263905950e-03
1.055477765585331002e-03
1.061874893015267397e-03
1.064182165863313207e-03
1.062819945350162954e-03
1.066257406972616773e-03
1.067436687362520150e-03
1.067927131732498373e-03
1.066504650201933546e-03
1.064816254422971302e-03
1.068798717779241353e-03
1.067214679437101556e-03
1.065314140118975381e-03
1.063040854334721796e-03
1.064136640230971568e-03
1.061254726555097309e-03
1.057926408112273625e-03
1.054101115158471514e-03
1.027499138304609596e-03
1.026163707098493548e-03
1.025110487282543826e-03
1.024184151590099229e-03
1.022723985488231506e-03
1.022211059513731916e-03
1.020351737077388344e-03
1.020252005519384350e-03
1.018004397883483193e-03
1.018314131776105200e-03
1.015690890543129122e-03
1.016403637339780052e-03
1.016173649289873158e-03
1.013784604776958543e-03
1.010486462501392112e-03
1.012082218287327535e-03
1.012651530863360261e-03
1.012243537684196773e-03
1.009931065308115839e-03
1.010025327703253538e-03
1.007476375698758983e-03
1.008033733866433093e-03
1.007566231443549542e-03
1.006126353966817861e-03
1.004869608169925042e-03
1.002640595524489052e-03
1.003226357767857515e-03
1.002738706033792825e-03
1.001050311597655954e-03
9.983442460864044767e-04
9.998175009978558982e-04
1.000137670709977042e-03
9.993689627588355894e-04
9.980278875763701121e-04
9.977492085811684279e-04
9.962031394391919394e-04
9.935940797245975710e-04
9.952768993565412961e-04
9.957515062348246907e-04
9.937059752269617949e-04
9.905727231218006135e-04
9.863285673454343788e-04
9.905666377231800521e-04
9.958010979529852841e-04
9.998480830886683369e-04
1.003868873880113229e-03
1.006722216357954598e-03
1.009208831138981360e-03
1.022173954109878045e-03
1.024068347012730990e-03
1.034218811314851832e-03
1.035644662663279562e-03
1.036602959097648489e-03
1.037040774185712206e-03
1.036905403507582890e-03
1.046747787616508904e-03
1.052622300011755909e-03
1.057003159493331889e-03
1.055062802500138881e-03
1.058972260149825765e-03
1.056494972353543872e-03
1.053459711774178088e-03
1.058030179011416319e-03
1.054447572920391707e-03
1.058855545944506005e-03
1.054795128352199827e-03
1.050085833000625590e-03
1.055548688866758894e-03
1.059820238975599455e-03
1.054932137759335151e-03
1.049377704919571925e-03
1.043102689881314363e-03
1.016302050502941416e-03
1.013415861702926177e-03
1.009448309535114149e-03
1.004368115521452271e-03
1.010263610488760198e-03
1.004857126391301998e-03
1.008354597413154688e-03
1.015618606270845842e-03
1.018894433073136386e-03
1.016447145177596257e-03
1.019568412064976318e-03
1.021706427555159726e-03
1.023572746384807412e-03
1.025110145465633329e-03
1.044832333125729137e-03
1.055350297930528810e-03
1.063810894229121626e-03
1.064211115027255102e-03
1.064334186130402220e-03
1.064114898973615936e-03
1.063488018601640647e-03
1.075140575303262097e-03
1.079939547921618045e-03
1.082951124461971077e-03
1.085484148276371057e-03
1.085470776925576012e-03
1.084289797450985670e-03
1.085311639778433184e-03
1.086351079152858036e-03
1.085895755055761970e-03
1.084405625289635699e-03
1.081986937884592747e-03
1.083417882180278411e-03
1.084824855966012337e-03
1.083378877532289531e-03
1.084845608793679177e-03
1.086265451554932872e-03
1.085584867577525344e-03
1.083964334826919207e-03
1.081485163534631668e-03
1.083134960820394520e-03
1.084730954094516395e-03
1.083222868951710938e-03
1.084830445761407773e-03
1.083306250332231966e-03
1.080925315949730296e-03
1.082689997161170002e-03
1.084386803959007124e-03
1.082943537533953820e-03
1.084624971468168674e-03
1.085102643357190337e-03
1.085144822606877056e-03
1.084692852336901093e-03
1.083689561585936484e-03
1.082078921989222588e-03
1.079806718530782177e-03
1.043610279069319890e-03
1.045022889697054362e-03
1.045364392008839250e-03
1.044586596262451648e-03
1.042652806822988876e-03
1.045182042593299082e-03
1.045907884855279977e-03
1.044892726500112629e-03
1.042200343302572855e-03
1.042329234806316793e-03
1.039948562793327740e-03
1.035885668398783214e-03
1.037003184366598694e-03
1.036968139843927978e-03
1.035262825983766528e-03
1.035134520750385359e-03
1.033782422161372066e-03
1.031167601106369259e-03
1.033751421125847156e-03
1.030965997462126790e-03
1.026895913999819514e-03
1.021524778134581292e-03
1.024729904870853641e-03
1.027964502215678684e-03
1.030098176634030227e-03
1.031922819409023494e-03
1.018550987548321992e-03
1.030212966655781647e-03
1.030762522575882261e-03
1.031194286400547193e-03
1.031434748092038096e-03
1.016227501617950491e-03
1.016786350609187291e-03
1.019770352882983172e-03
1.031761796593446551e-03
1.042390120449309624e-03
1.049663483203346417e-03
1.050319270451759808e-03
1.049109276049135049e-03
1.046214688365104672e-03
1.050453386568108056e-03
1.052723646814589286e-03
1.053182215852134507e-03
1.049090344605291703e-03
1.044070644249780501e-03
1.038053422801007465e-03
1.030984190352109055e-03
1.032486792509751828e-03
1.041279031923335275e-03
1.042789018598994219e-03
1.033224462106355039e-03
1.039885540987480232e-03
1.044319065304927414e-03
1.046699946073942821e-03
1.047202085402600038e-03
1.043948931250144110e-03
1.039728694751797505e-03
1.034469682940172830e-03
1.039392968527950208e-03
1.034212900805757092e-03
1.027935561904586232e-03
1.034900599379150318e-03
1.028658887421125519e-03
1.030472466310557384e-03
1.030182457527050247e-03
1.031878624551732342e-03
1.033778775628119845e-03
1.034862532378371747e-03
1.033297492164152176e-03
1.026024719307426069e-03
1.027626904451938491e-03
1.028438761212315195e-03
1.029158122881221977e-03
1.029715517151959117e-03
1.030033922673054790e-03
1.006266405741863953e-03
1.006964907519140298e-03
1.010762957146538795e-03
1.011152875996154709e-03
1.011517789985758638e-03
1.011757978371410861e-03
1.011767691143963897e-03
1.011437479752083993e-03
1.010656824727832435e-03
1.009316885881420640e-03
1.009028613341550213e-03
1.022980116371215772e-03
1.032017433994935783e-03
1.036697171835863083e-03
1.037962110943795729e-03
1.040662321124117239e-03
1.041801292420210627e-03
1.041844936308884261e-03
1.040725556454614098e-03
1.038386643902437963e-03
1.045781243890849324e-03
1.043165015911229126e-03
1.039274200340014730e-03
1.047584526445673354e-03
1.043508597557718433e-03
1.050660984297659356e-03
1.046524283939292716e-03
1.052709099177259917e-03
1.048607958707859205e-03
1.043194518354347835e-03
1.045610503851682150e-03
1.048102863996238894e-03
1.049608709024934302e-03
1.050857750222413799e-03
1.041371207367673300e-03
1.041573016932530963e-03
1.041681082577191209e-03
9.926784398854094412e-04
9.979084436837247843e-04
9.950578236195329641e-04
1.008602789620062414e-03
1.009142222544949031e-03
9.979197929304249853e-04
9.922390461637425451e-04
9.830553401934294562e-04
9.707122680938955932e-04
9.555591573074061727e-04
9.772678472600381493e-04
9.934514185005840266e-04
1.004840986266077821e-03
1.009242391173398616e-03
1.017213479373716605e-03
1.021154031007090370e-03
1.022804953896799861e-03
1.029078213921531208e-03
1.032718459576156822e-03
1.033916556373023566e-03
1.039272112249166064e-03
1.039366200688824401e-03
1.037456828808376282e-03
1.044553556353262436e-03
1.042029485039356208e-03
1.037770909173877168e-03
1.040969870492147861e-03
1.043163907397648719e-03
1.036991638524888907e-03
1.039352409460911472e-03
1.040683572640751803e-03
1.041731250897023160e-03
1.038831413758669513e-03
1.039275192915515905e-03
1.044649146469616308e-03
1.044729757271531390e-03
1.044654309159795316e-03
1.044363477677223489e-03
1.043785234507737646e-03
1.042836632671033945e-03
1.041426179910458086e-03
1.039456685387123592e-03
1.033381580963547985e-03
1.034068883167426961e-03
1.046759280683224680e-03
1.046986852307283311e-03
1.046063484065776683e-03
1.043916514666789206e-03
1.040484312444715440e-03
1.035717378786768679e-03
1.039176342321428094e-03
1.053196503741818391e-03
1.055214059540012525e-03
1.057480796944876376e-03
1.058919061608293950e-03
1.060222710097110440e-03
1.013080171766930077e-03
1.018410332779293897e-03
1.020642547243859376e-03
1.026075286632506132e-03
1.030986118198754182e-03
1.035311274301823140e-03
1.017854167965723039e-03
1.027916558121074776e-03
1.032859388965806082e-03
1.037275371581569596e-03
1.041107789709861406e-03
1.022463222578472077e-03
1.026375239903729855e-03
1.026672982285395342e-03
1.032818756443721698e-03
1.038813993300819177e-03
1.032169106394283890e-03
1.031858758526340344e-03
1.027122796545015598e-03
1.036083600461308639e-03
1.040425111502814998e-03
1.050057882621880170e-03
1.057787034383004610e-03
1.062976278824890024e-03
1.066716230844970848e-03
1.069234836927997027e-03
1.070687661130773462e-03
1.013241576896638761e-03
1.016842338680932697e-03
1.020004451581429288e-03
1.012370747744887126e-03
1.015709502420906801e-03
1.018645395308231342e-03
1.021095942311338409e-03
1.022969336071608134e-03
1.064153309944525748e-03
1.065580793380837372e-03
1.066484420694760633e-03
1.090395908854029225e-03
1.102051369534856216e-03
1.102888946649037156e-03
1.103119105794814810e-03
1.102649420406636620e-03
1.101388270059526194e-03
1.121888323725461940e-03
1.121567286999689602e-03
1.120506525196677660e-03
1.132612873305881458e-03
1.135064344128533477e-03
1.134721164357097587e-03
1.136888015130116739e-03
1.133579663703128708e-03
1.134305197235629253e-03
1.134374584947476150e-03
1.134737356516958779e-03
1.135480328547907323e-03
1.132527030116490608e-03
1.126241827055649925e-03
1.128602867144556715e-03
1.121238471434592415e-03
1.125216970086415341e-03
1.127737451538782677e-03
1.121353645503447198e-03
1.124305583056688139e-03
1.116982494417928561e-03
1.121437236131958689e-03
1.124403982579371113e-03
1.118004959291929879e-03
1.065265347730715451e-03
1.074698525786552334e-03
1.054613616740051642e-03
1.054295655825759383e-03
1.058290388188905208e-03
1.058280504314775038e-03
1.064458050615090141e-03
1.069253455053708300e-03
1.071907728056557081e-03
1.073508577478088062e-03
1.074228968027359649e-03
1.074173562570462101e-03
1.073391826014936067e-03
1.071889532377086774e-03
1.069639057458752866e-03
1.066588651320795082e-03
1.062670796025930869e-03
1.077059063059546953e-03
1.073547873915795415e-03
1.092714331440052759e-03
1.105342091939518325e-03
1.102183009817257319e-03
1.098027604241581801e-03
1.092776619859477062e-03
1.107376641898499825e-03
1.102174480892666869e-03
1.113747246434768209e-03
1.108803658311411679e-03
1.117783533093344656e-03
1.121519273990618897e-03
1.120645855570277360e-03
1.119328790250009691e-03
1.117059507988145363e-03
1.117819527377912322e-03
1.116183327040939661e-03
1.115512878041237518e-03
1.114535813998040028e-03
1.112507350149247697e-03
1.113485121172483935e-03
1.112095513301229006e-03
1.109568202265589490e-03
1.105792526348395614e-03
1.111509230532926841e-03
1.108377360379818669e-03
1.103950724135695661e-03
1.098132399955696311e-03
1.108591569876051864e-03
1.113160004650773664e-03
1.112656534517382457e-03
1.055582776728931612e-03
1.059922820116729336e-03
1.060502793154568992e-03
1.067359209762477716e-03
1.071394782706965683e-03
1.073818472717920618e-03
1.042532011535076157e-03
1.044487969013052501e-03
1.044933608233570123e-03
1.048473674229741552e-03
1.054986014197855076e-03
1.049314715651147260e-03
1.049944708686737904e-03
1.054823403216803134e-03
1.055613583088106612e-03
1.062174264008462592e-03
1.043289943009624143e-03
1.044862286836894649e-03
1.042085668938500399e-03
1.050765140665498292e-03
1.055043005892308643e-03
1.039354801125265230e-03
1.034870896745936856e-03
1.026889121877284103e-03
1.041296140764948024e-03
1.021449256577739969e-03
1.036931776117612719e-03
1.047436146703101386e-03
1.053716146239641388e-03
1.025685806460897983e-03
1.037457771410868219e-03
1.044517326781666412e-03
1.047556553697671531e-03
1.047121006835271531e-03
1.029139801114543722e-03
1.029360286852558848e-03
1.025390098298086840e-03
1.037647596739213213e-03
1.022413161121551442e-03
1.014159091450222549e-03
1.030727338025197838e-03
1.009709465732238493e-03
1.027222144356072179e-03
1.005423919758670999e-03
1.023833337467350106e-03
1.001278032198333603e-03
1.020541486196528593e-03
1.034459852772825171e-03
1.004482567832554966e-03
1.022167654915899981e-03
1.034619120775755359e-03
1.042622962086685486e-03
1.052708515332730554e-03
1.057395250477980624e-03
1.066240839904553225e-03
1.072309340298504676e-03
1.075074866609385029e-03
1.080105355408202909e-03
1.081358300438374411e-03
1.080931860197770688e-03
1.078893472920043877e-03
1.075283158273158480e-03
1.085093863966601901e-03
1.091285062791857432e-03
1.094310621378150571e-03
1.092362314113935751e-03
1.089427353376417554e-03
1.085434270370467039e-03
1.080309472160063001e-03
1.073981048694657792e-03
1.066382862504966587e-03
1.066623360478054575e-03
1.067152360345665881e-03
1.066830820342887535e-03
1.066424302114379148e-03
1.065862338378674576e-03
1.065059475377993841e-03
1.063917216777673664e-03
1.058855384270483745e-03
1.062732782001987513e-03
1.065832774630116843e-03
1.079370248081812540e-03
1.082790923178807195e-03
1.085329745607319487e-03
1.086895492839340133e-03
1.106841953483084272e-03
1.109667544655388010e-03
1.111590953431807870e-03
1.112701148115622209e-03
1.118051904385097958e-03
1.119626992288620497e-03
1.120099526942920556e-03
1.121911983505276961e-03
1.122895857207186149e-03
1.122960463545967123e-03
1.122019839586375174e-03
1.133410063533387378e-03
1.130742188799276461e-03
1.131846930761608999e-03
1.132111555282584118e-03
1.133754356814747725e-03
1.134626522571345044e-03
1.132450285071076460e-03
1.133660645486591787e-03
1.134045381950070288e-03
1.133516599292615093e-03
1.131991225929252897e-03
1.129391652853301139e-03
1.125646989359060718e-03
1.131238370966476409e-03
1.127211069513578846e-03
1.121999915728513677e-03
1.115542155058100006e-03
1.073649874510935976e-03
1.065779271524702450e-03
1.051962299909212735e-03
1.066616276744428637e-03
1.041725450686702874e-03
1.058260783123307408e-03
1.031148468733211060e-03
1.008976292547903407e-03
9.900384074713933745e-04
1.019994260614653968e-03
1.044178898964957585e-03
9.919713824298776080e-04
1.021077380113503182e-03
1.044420423495243328e-03
1.062790998387817603e-03
1.076840532119775025e-03
1.087103076217159825e-03
1.094235610537903913e-03
1.103846404280207525e-03
1.110836611789357917e-03
1.115450387975059016e-03
1.121198679196133479e-03
1.125574805219283674e-03
1.128164957903518518e-03
1.131762989651681267e-03
1.134166387334097342e-03
1.135131308135682712e-03
1.134687902845314678e-03
1.143675841030736186e-03
1.143831846824157556e-03
1.145234415232099104e-03
1.145303899037332721e-03
1.145331038158412277e-03
1.145464243595472904e-03
1.144242847376740349e-03
1.138271314698160270e-03
1.129890489347128504e-03
1.069330897423697701e-03
1.077677243927996917e-03
1.066846502021587479e-03
1.076011385545276458e-03
1.082883361953815640e-03
1.086868942123622988e-03
1.089233472391773266e-03
1.041182485510790730e-03
1.058453674080985689e-03
1.066996107481858443e-03
1.072344527617311635e-03
1.075817574665538642e-03
1.039366658305414855e-03
1.041311114398938515e-03
1.042982619703926219e-03
1.044296203152764255e-03
1.045159267837874858e-03
1.020597186666429316e-03
1.022228185194810251e-03
1.023673698053566457e-03
1.018652744760558445e-03
1.034806646141438842e-03
1.036253318598871027e-03
1.037505118715777858e-03
1.038466220130672846e-03
1.039032711232638385e-03
1.039094121247542343e-03
1.064701760972486776e-03
1.089742554355474383e-03
1.040212664786819988e-03
1.041298684820523819e-03
1.042216891267266259e-03
1.042870051987581119e-03
1.043153285892115759e-03
1.042955424064739411e-03
1.042161075210532679e-03
1.068191530038865031e-03
1.066467508888187862e-03
1.063942755224872019e-03
1.084962153710662984e-03
1.081880118224033552e-03
1.097762878472838483e-03
1.094490867092288858e-03
1.090236644630578804e-03
1.084902059864246374e-03
1.078399205305065551e-03
1.070652642658672434e-03
1.071782545689860776e-03
1.045197492845198776e-03
1.051897000454689876e-03
1.058380228568836859e-03
1.050828312807839705e-03
1.057138832073296550e-03
1.063218884281748843e-03
1.067921844153643142e-03
1.053120023375324951e-03
1.058387580988344717e-03
1.059216782750773680e-03
1.065172170170150838e-03
1.066745663986265295e-03
1.074357322759408569e-03
1.080399343889957425e-03
1.084123024955259418e-03
1.086630753077151958e-03
1.051760741041397407e-03
1.055023626944629010e-03
1.058037240981799356e-03
1.070332688925635734e-03
1.081362142314223982e-03
1.089940375852182456e-03
1.068755732731147467e-03
1.079629563987489008e-03
1.088097431004039425e-03
1.093584802671929449e-03
1.097318417234349405e-03
1.099595794272936571e-03
1.048849464702451785e-03
1.060007693288240798e-03
1.062163196696586619e-03
1.059329347148651101e-03
1.066653894352994313e-03
1.069332113560730359e-03
1.077399428547756461e-03
1.083693616049993076e-03
1.087530238922827667e-03
1.054533975014588674e-03
1.056611996154848765e-03
1.060115184471018251e-03
1.069245236785078875e-03
1.076378954370345135e-03
1.080818320625315894e-03
1.052176975625462299e-03
1.055226172337422798e-03
1.066903115181229043e-03
1.054149838496825893e-03
1.059028084561918067e-03
1.068888602413960555e-03
1.076593820431407745e-03
1.081526829000647181e-03
1.050654479104931116e-03
1.053014872955146657e-03
1.049353122289215044e-03
1.058411763507843091e-03
1.043366168135557992e-03
1.029496737159740771e-03
1.046164752442149204e-03
1.019301749261071824e-03
1.038227449104860362e-03
1.051575857790981164e-03
1.018438925705855268e-03
1.036534677400170442e-03
1.009391917402538159e-03
9.875854992235507616e-04
9.115585793810674579e-04
9.437078276436070869e-04
9.696246921083933679e-04
9.907865722909019613e-04
9.708183530102640606e-04
9.878697846997038130e-04
1.001812009436159464e-03
9.934261584107018182e-04
1.005042354718398362e-03
1.014581106902494746e-03
1.007153963252339435e-03
1.016307670127417464e-03
1.025819690291193643e-03
1.033253459059268933e-03
1.023787227858629278e-03
1.031265837410226191e-03
1.036979742269796348e-03
1.027017856682083856e-03
1.043683952808112467e-03
1.055420234630573490e-03
1.064571041131943605e-03
1.045035873080911752e-03
1.055661091637657804e-03
1.062836884083897399e-03
1.067879336071968091e-03
1.032270331873159442e-03
1.049886509219975957e-03
1.059885776922484890e-03
1.066538116150482149e-03
1.071133902043404319e-03
1.074070108487057982e-03
1.075631543847502258e-03
1.076011799652323072e-03
1.082288120412187860e-03
1.084186285305949442e-03
1.085456586122510603e-03
1.099932201561407618e-03
1.101350198627676011e-03
1.102080611678203387e-03
1.113034802122023041e-03
1.114009743498581935e-03
1.118979710715687021e-03
1.120036509412208631e-03
1.120373254608592701e-03
1.119900706949605905e-03
1.118531995945282057e-03
1.116183762408016686e-03
1.123509224641864538e-03
1.120650315396838148e-03
1.116740137846931966e-03
1.124974997430964584e-03
1.120840050603854341e-03
1.127525331237532293e-03
1.123410724691606237e-03
1.118197168854962158e-03
1.111802724622102832e-03
1.104157524933996153e-03
1.104322629980273055e-03
1.104754511072958368e-03
1.105473780317240556e-03
1.066251507711670496e-03
1.071290546507182957e-03
1.068704732715493495e-03
1.069667908232639110e-03
1.065344980167117579e-03
1.073297113612824193e-03
1.076771680749844320e-03
1.061859707330309625e-03
1.069161197473582087e-03
1.056657491837493818e-03
1.044678792663506937e-03
1.026574447956064536e-03
1.045831796890383213e-03
1.014577836154091509e-03
1.035936908602028790e-03
1.051659130683108576e-03
1.062474200215796083e-03
1.068980191856169597e-03
1.031427042101972424e-03
1.015914678397078453e-03
9.945671756681196112e-04
9.157359876244044452e-04
8.853576973195862159e-04
9.108123171476014681e-04
8.828856670879245330e-04
9.160770133370292395e-04
8.720270973285571513e-04
8.485757649337917225e-04
8.903048872476708063e-04
9.222658520810621957e-04
9.458932521045651477e-04
9.377771175115971226e-04
9.601480696659419299e-04
9.755275320422619311e-04
9.723740137085955899e-04
9.870897373574856384e-04
1.005607741991351766e-03
1.020672333785645853e-03
1.031889463403850042e-03
1.004480915948809290e-03
1.013497843647574248e-03
1.021198135703478690e-03
1.013213743404299495e-03
1.019770204401872953e-03
1.021668181351077700e-03
1.028788367791137271e-03
1.034300445534353267e-03
1.039038611727551367e-03
1.042989074297701914e-03
1.016915965138790465e-03
1.029374459469430602e-03
1.046866189581093258e-03
1.057517039214038055e-03
1.064712677108473884e-03
1.069750133590461781e-03
1.073043925317912440e-03
1.074893922511025845e-03
1.075506553653157770e-03
1.075012869838542313e-03
1.085831021197211079e-03
1.087503407846390421e-03
1.088496774807550145e-03
1.088721610586865750e-03
1.088088277676646076e-03
1.086508817060236011e-03
1.083899143751683447e-03
1.050192264844954700e-03
1.058618304289972445e-03
1.053647516525385835e-03
1.048003978123891603e-03
1.060860614562071213e-03
1.069213535696886654e-03
1.073681156893262429e-03
1.074759256381479632e-03
1.058857823314878583e-03
1.065249445001046746e-03
1.067500419662240161e-03
1.075473612062541242e-03
1.052473356084350107e-03
1.060960382440123305e-03
1.067821475979854754e-03
1.070353712646853004e-03
1.078375633573303754e-03
1.061023410493033142e-03
1.064259281880146303e-03
1.073148075166353724e-03
1.060569579721258333e-03
1.062956751550048857e-03
1.071496004380290742e-03
1.078255806431067292e-03
1.082502632074380192e-03
1.057994196458709145e-03
1.062123322357996303e-03
1.068153194900334007e-03
1.061815407202196899e-03
1.064838965013805436e-03
1.060053664276565432e-03
1.065220025000782663e-03
1.075002405181831044e-03
1.082641291680221714e-03
1.087587598982304180e-03
1.090963447651195324e-03
1.093035516425714055e-03
1.050019530918934593e-03
1.059400002043214828e-03
1.060872820955872540e-03
1.064292865806131536e-03
1.058186540816000078e-03
1.050833819960440840e-03
1.061710753752364992e-03
1.067660768210352109e-03
1.069332562443732091e-03
1.076698593685626549e-03
1.082515312348499101e-03
1.060459392230325617e-03
1.072196649379957012e-03
1.081397822188830040e-03
1.087482460566568032e-03
1.050590892857225121e-03
1.056321894871399894e-03
1.061295809469472431e-03
1.072431761722382861e-03
1.052791532324343212e-03
1.050753533296206648e-03
1.040943852430017535e-03
1.054226232176050642e-03
1.032252231027294079e-03
1.013589313963843925e-03
1.034366708589320137e-03
1.049464212380887135e-03
1.012497781140464384e-03
9.904319672172179432e-04
1.015462681651055007e-03
1.034518322216073380e-03
9.913617253379984964e-04
1.015413038382174341e-03
9.806320401170973058e-04
9.056507222152528026e-04
9.384875194692653480e-04
8.950866412553329203e-04
9.294929687741396553e-04
8.752684275942731497e-04
9.014374200227819045e-04
9.309116139307963694e-04
9.485542811829798934e-04
9.784360251577440062e-04
1.002645649048660879e-03
9.835866942121762949e-04
1.006113327819479130e-03
9.895064944576003208e-04
1.009658628431201475e-03
1.000420169011332835e-03
1.009794908719281303e-03
1.024027475221917210e-03
1.013694625747504257e-03
1.029211113115895701e-03
1.041515088857068424e-03
1.050243321883328118e-03
1.056697912110529571e-03
1.019710412590030778e-03
1.024723558276155726e-03
1.029008007206959948e-03
1.023047685799223202e-03
1.042030384145514006e-03
1.038905264216062564e-03
1.040171383935921574e-03
1.038132371634847666e-03
1.047249314505086567e-03
1.051898375060212817e-03
1.052735682500037127e-03
1.059283071735950786e-03
1.036827682103624816e-03
1.039769697000347912e-03
1.048434203755330097e-03
1.055284367297745470e-03
1.059637879086914800e-03
1.062655848397744875e-03
1.064565395437110746e-03
1.065513811203205657e-03
1.013609412960306527e-03
1.029026144448146529e-03
1.031378541813269276e-03
1.033447866612619611e-03
1.027843869426173489e-03
1.030005577627506226e-03
1.031906317349350326e-03
1.033454800570460025e-03
1.034551438436354803e-03
1.035089819923307739e-03
1.060724320425093228e-03
1.085624097431294897e-03
1.087119328025274367e-03
1.097525973488001384e-03
1.042638586303115244e-03
1.059689137620741569e-03
1.068200745436551297e-03
1.073530992909395602e-03
1.076978122864307190e-03
1.078916572873438000e-03
1.079610899516031701e-03
1.079236538391060594e-03
1.077897566501367053e-03
1.075642179131922321e-03
1.072476263719681234e-03
1.068375326005564872e-03
1.063294933968064130e-03
1.048750050076835676e-03
1.051794470224938841e-03
1.055205833704397000e-03
1.035371372112234463e-03
1.042413801645291011e-03
1.049310719689182077e-03
1.054936282636258389e-03
1.045914333809201202e-03
1.051686207204887390e-03
1.056196747690376974e-03
1.060223577654047103e-03
1.063695940217456110e-03
1.066533268133041746e-03
1.039968216175487072e-03
1.063105240008644422e-03
1.079557196303119896e-03
1.087530701082591901e-03
1.091915274259179546e-03
1.089714470958158847e-03
1.094770116443998876e-03
1.095856379688198287e-03
1.093545765517223416e-03
1.097488989660814216e-03
1.100477570879122499e-03
1.101732023629103680e-03
1.102212318250957472e-03
1.070505379982619396e-03
1.071983762007757768e-03
1.073157121046685409e-03
1.073948617172430916e-03
1.063636764796694256e-03
1.064567792046480907e-03
1.071485275356455361e-03
1.072482636712162847e-03
1.073214169922354034e-03
1.073600766721590589e-03
1.063179118951025712e-03
1.078792964512828405e-03
1.081131267079725239e-03
1.082395908214833303e-03
1.076795942427856640e-03
1.078070638402857471e-03
1.079106828385182097e-03
1.079832231995973184e-03
1.080163779224688767e-03
1.059115216427215355e-03
1.059544559495047885e-03
1.068049025343764365e-03
1.081374574332867470e-03
1.083713919856337839e-03
1.085032117725227016e-03
1.086072055872462465e-03
1.086755878647238747e-03
1.086995668862495009e-03
1.086693768903976634e-03
1.045852807992599370e-03
1.046075091929015875e-03
1.057899984464173325e-03
1.075186982667401770e-03
1.085365698925806581e-03
1.087715997277435929e-03
1.085648545588772983e-03
1.087763780840198978e-03
1.090140792312646340e-03
1.084102755478397921e-03
1.088454295544104148e-03
1.088750602856589176e-03
1.085559323258543894e-03
1.078657523967873873e-03
1.080902712732808224e-03
1.088087334115546596e-03
1.075939766876198543e-03
1.077668160884737332e-03
1.075260970697731154e-03
1.074029713571078310e-03
1.081161418000473615e-03
1.083980537996291410e-03
1.083092700043990133e-03
1.087997684510001901e-03
1.091749023536628090e-03
1.093585670415633164e-03
1.064666615078404795e-03
1.072213468744988817e-03
1.073916496876148579e-03
1.081128314456010053e-03
1.086548647997389368e-03
1.089499215807396976e-03
1.091159062641307255e-03
1.091765073610112113e-03
1.091467920438693407e-03
1.044115299381164147e-03
1.045101443445906183e-03
1.055304382232333206e-03
1.070525815650472416e-03
1.077986069482560292e-03
1.077805874121094123e-03
1.078597276138588490e-03
1.080502179750066289e-03
1.076652422423223345e-03
1.074373760377115000e-03
1.081887052080991989e-03
1.069143028825622274e-03
1.078538146170640675e-03
1.063441948837448321e-03
1.052605406800289061e-03
1.067885155903759925e-03
1.078183636564884057e-03
1.050319415296123958e-03
1.064894867949293207e-03
1.043880968380847801e-03
1.060055106302943079e-03
1.071135913857992937e-03
1.077871863851918161e-03
1.080845343599279871e-03
1.052926343504901642e-03
1.063150515308108586e-03
1.068674748211634285e-03
1.070152835703147738e-03
1.068097985275344441e-03
1.072957650931217598e-03
1.075765503600971049e-03
1.062351056843538781e-03
1.072495711665096343e-03
1.079203460583913173e-03
1.083792543642916580e-03
1.086672572786962073e-03
1.047010750434385767e-03
1.069541105416042456e-03
1.078599754132193722e-03
1.084345948304626895e-03
1.088105829774553340e-03
1.056295417130370022e-03
1.075878466291530508e-03
1.085406073934592087e-03
1.069540842447527871e-03
1.070580330540378067e-03
1.075979926419662900e-03
1.067740401754362382e-03
1.075067687361253499e-03
1.063986123136187066e-03
1.073178356367705680e-03
1.077783454094796397e-03
1.078446084841337997e-03
1.063090459212110437e-03
1.059732606457294835e-03
1.070022330159879371e-03
1.075632938917069070e-03
1.077223807320599894e-03
1.075311041168499184e-03
1.079877589901795734e-03
1.060306687125073645e-03
1.062867662801970968e-03
1.061831027583501081e-03
1.061851271244669461e-03
1.069913144182414299e-03
1.073445850385654600e-03
1.073078489117227068e-03
1.078668334667138261e-03
1.060106533812207007e-03
1.062440387679788444e-03
1.058374782750322188e-03
1.048973499519420755e-03
1.063977377998945751e-03
1.073957639700898756e-03
1.047559691431524656e-03
1.061806578553100167e-03
1.041930095020238145e-03
1.028628926731112603e-03
1.048448870764838491e-03
9.597783787807141493e-04
9.518379628891064214e-04
9.695380872940231789e-04
9.911154598587464462e-04
1.008725539404014973e-03
1.022040805366297841e-03
1.032488555493518180e-03
1.040538621845108315e-03
1.018999252734187995e-03
1.024836473579132613e-03
1.033007629319670877e-03
1.049255045736744926e-03
1.059981759103778521e-03
1.064178331347679588e-03
1.056602645734075170e-03
1.050892967188439683e-03
1.060332610641861279e-03
1.054638965942680546e-03
1.056988696395967826e-03
1.058164605101093473e-03
1.064190052628317951e-03
1.075604659183740331e-03
1.077851498614880400e-03
1.073693759583566965e-03
1.071360260872159312e-03
1.076597136615735752e-03
1.078576271292536540e-03
1.067641153263522566e-03
1.073018069221680056e-03
1.063439327680102244e-03
1.059398580770603724e-03
1.052426451025232105e-03
1.063586107045927940e-03
1.070862275532866821e-03
1.074834572477983627e-03
1.075949342437849000e-03
1.074548306846579001e-03
1.070892151740233163e-03
1.065179980039443778e-03
1.067093085260412523e-03
1.046134444430400030e-03
1.045900588163832306e-03
1.049118869816145902e-03
1.052453203796437911e-03
1.052311899299591610e-03
1.058693336414524584e-03
1.061272188074294676e-03
1.060584994675065670e-03
1.048367598417717424e-03
1.048505616872322677e-03
1.055172607330365523e-03
1.057932787313563446e-03
1.057339418474129719e-03
1.053825321177951626e-03
1.057812104398980768e-03
1.060032967730321256e-03
1.061441803320678414e-03
1.032498265823747529e-03
1.034912557975576578e-03
1.037067244231887559e-03
1.038873563765372980e-03
1.040235155270492675e-03
1.041048890111617156e-03
1.041206463944139432e-03
1.040596654647069812e-03
1.065679851582447503e-03
1.064137688307296948e-03
1.082803724975909621e-03
1.080793749037134432e-03
1.094481515497423623e-03
1.101878086991109340e-03
1.100780480974977498e-03
1.098783335184452337e-03
1.095771858211801262e-03
1.105261650368328163e-03
1.109206735792023614e-03
1.107829404137859091e-03
1.109611630979915600e-03
1.108732069312144426e-03
1.106856549765172434e-03
1.103866679339615816e-03
1.099652499316205794e-03
1.094114689653530445e-03
1.106036970394453939e-03
1.112019315075545847e-03
1.108854307251267660e-03
1.104474015527586415e-03
1.111545385711763768e-03
1.107819898778283690e-03
1.102822695703459515e-03
1.111009107966574525e-03
1.106716702310975645e-03
1.101106846192261360e-03
1.094084533298178129e-03
1.106959693595664434e-03
1.113579025566580494e-03
1.109478872574862739e-03
1.104090942254025518e-03
1.112029568049433285e-03
1.107467536701075509e-03
1.113141048903788788e-03
1.109418690449093334e-03
1.104410301489648248e-03
1.098011721653218168e-03
1.108666312061068514e-03
1.103128010707904927e-03
1.096174668252475380e-03
1.087722666776743362e-03
1.087584508266196655e-03
1.086648271642767696e-03
1.099521549933992013e-03
1.105608577562146007e-03
1.097506213610549867e-03
1.110301457644805468e-03
1.103224301842391664e-03
1.113281710244643083e-03
1.107224158882783418e-03
1.099794722398453849e-03
1.111127799718651058e-03
1.104707681843688409e-03
1.096880561664489388e-03
1.087565216509774491e-03
1.087057154301775130e-03
1.085758203118647154e-03
1.099228284491342864e-03
1.098820860968745435e-03
1.097571672810605282e-03
1.096240615482231432e-03
1.036055761356595526e-03
1.050354484415542489e-03
1.063697882735358284e-03
1.040643958037988301e-03
1.034859937135279920e-03
