1.334479712866554050e-04
1.710450689204619072e-04
1.711228148424770272e-04
2.942418039561562498e-04
1.713323897506903860e-04
1.711233676302055962e-04
2.942423256053878730e-04
4.108954851035336660e-04
1.715206075716144770e-04
2.946171962615944345e-04
4.112514400197156612e-04
1.715212001771645848e-04
2.946177555024004965e-04
4.112519710460848599e-04
5.322578149443128346e-04
7.578785368591488486e-04
8.821076420236062922e-04
1.045555792816542980e-03
1.212362004044062642e-03
1.329018717504400031e-03
1.442954537807316024e-03
1.536289764230064792e-03
1.671514980774154845e-03
1.780629021518147660e-03
1.886902098817466776e-03
1.990615214131484512e-03
2.091969619974153559e-03
2.062566507641726884e-03
2.165115938755625760e-03
2.261565093861442593e-03
2.361144321536101046e-03
2.401805181506004149e-03
2.499142921898419353e-03
2.529047637261704323e-03
2.624361601650636398e-03
2.716637607802686264e-03
2.684376366367782502e-03
2.750006567069792750e-03
2.811926965413135467e-03
2.870331068389805375e-03
2.925401717315721361e-03
3.014467854164767837e-03
3.100415782160961028e-03
3.033046089029318819e-03
3.078786410489224232e-03
3.165455583804358333e-03
3.145404577090608455e-03
3.184847960568111796e-03
3.222156192686089632e-03
3.257393324289193943e-03
3.290674262482917289e-03
3.322141323403895487e-03
3.405031979729269270e-03
3.484731741879229516e-03
3.383523085829552059e-03
3.465460995171316082e-03
3.423836387881215408e-03
3.505154647009726954e-03
3.583265739154386977e-03
3.473528676413966104e-03
3.494909068999197885e-03
3.575135712754561653e-03
3.652142541582780941e-03
3.726480276738102816e-03
3.547273959440222241e-03
3.626689876924777366e-03
3.702879458235439243e-03
3.582868859036886667e-03
3.598339754303933428e-03
3.676979049739290736e-03
3.620660002330803890e-03
3.698954816060903705e-03
3.641053274216761709e-03
3.719035960079821075e-03
3.659746841129871229e-03
3.671155767494809624e-03
3.748680698108108542e-03
3.687414401743135690e-03
3.697346999022836905e-03
3.774471856194240669e-03
3.711433901846790916e-03
3.788341190226788505e-03
3.724286396099118612e-03
3.800997425940947846e-03
3.736075892876681171e-03
3.743419872682677858e-03
3.750447431356579431e-03
3.826762256374157192e-03
3.899816678038198030e-03
3.970191476882320609e-03
4.038280322204355205e-03
3.770886017905521453e-03
3.776226642953467091e-03
3.852148580832595245e-03
3.783802109526717295e-03
3.859606050376225995e-03
3.932145504763649886e-03
3.793062325979749527e-03
3.868722997520900736e-03
3.799123721588945450e-03
3.803132457476126292e-03
3.807003158283758272e-03
3.882456646024619058e-03
3.812050412597712927e-03
3.815377691556378573e-03
3.818602952219496763e-03
3.821658537240237453e-03
3.896889107804829035e-03
3.968848668876917909e-03
4.038125836409446959e-03
3.828431833109562869e-03
3.830779391275910845e-03
3.833193934751913390e-03
3.835481431733201666e-03
3.910501868836262739e-03
3.982249273338620173e-03
3.839103920235934289e-03
3.914064268972755611e-03
3.841388210203783467e-03
3.916316168273983704e-03
3.987971054611080292e-03
4.056943325364122284e-03
3.845380498870671574e-03
3.846835404559441774e-03
3.848406129924460042e-03
3.849894574870624600e-03
3.851304759661810292e-03
3.926084763170361799e-03
3.852724109764412482e-03
3.853911459781758902e-03
3.928651864119399317e-03
3.855117688681450761e-03
3.929837061786054832e-03
4.001281337924332375e-03
3.856509275500685785e-03
3.857433870694717236e-03
3.858448149859491569e-03
3.933119652563617404e-03
3.859283995536301210e-03
3.860126745082466393e-03
3.934772753181943472e-03
3.860825377918765747e-03
3.861585999790114691e-03
3.936209849682378685e-03
3.862165525914306331e-03
3.862855761113039021e-03
3.863584485385509332e-03
3.864275257979599403e-03
3.864929629987929466e-03
3.865549585037926332e-03
3.940113253628277530e-03
4.011399458688370834e-03
3.865863412686598201e-03
3.866295675328704912e-03
3.940848010086132717e-03
3.866490393673198845e-03
3.941037054014611893e-03
3.866597438311820695e-03
3.867055323355550554e-03
3.941596127129581503e-03
3.867188049277602967e-03
3.941724118713008790e-03
4.012983285286219476e-03
3.867252660086418960e-03
3.941785397182774250e-03
4.013041947510826921e-03
4.081615468646271339e-03
3.867634265347624951e-03
3.867919142318031970e-03
3.868382200547680096e-03
3.868821215885694890e-03
3.943335211892160137e-03
4.014571225910255545e-03
3.868775704386464166e-03
3.943285317965515395e-03
3.868634056863366581e-03
3.943148166009340441e-03
4.014385162303183568e-03
3.868539628556556462e-03
3.868831299614219812e-03
3.943345137492238091e-03
4.014580993524977798e-03
3.868784560401825751e-03
3.869063429886798744e-03
3.869466529688547155e-03
3.943970731360429451e-03
3.869402568016730524e-03
3.943905015334233169e-03
3.869271864091279947e-03
3.943776292570490803e-03
3.869151734422847551e-03
3.869475694886959864e-03
3.869857343376983949e-03
3.944355610246487107e-03
3.869761438216966828e-03
3.870053548658963349e-03
3.944548833428132908e-03
4.015765956264494806e-03
3.869872390817387896e-03
3.944365359312716757e-03
4.015581755764061414e-03
3.869582186128107167e-03
3.869819220602575306e-03
3.944318060998991057e-03
3.869726281596945396e-03
3.870020227690397410e-03
3.944516018827089535e-03
4.015733652717653861e-03
4.084267169984891546e-03
3.870146642339917023e-03
3.944633457175696946e-03
3.869840661755350429e-03
3.870128392026552736e-03
3.944622541114535183e-03
4.015838517100350259e-03
4.084370372479479913e-03
3.870239976870987891e-03
3.870388129947428899e-03
3.870721774640161188e-03
3.945206919527541496e-03
3.870555340908405587e-03
3.870805801741004047e-03
3.945289667796877085e-03
4.016495261237537813e-03
3.870542062227716722e-03
3.945024862499811255e-03
4.016230993115686015e-03
4.084754021318932199e-03
4.150996014281823666e-03
4.215233003772988520e-03
4.277656850981223328e-03
3.873400698469429363e-03
3.947833591320526817e-03
4.018991403757150513e-03
3.872556897950952398e-03
3.947009098726488377e-03
4.018184338707120676e-03
4.086676292343460228e-03
4.152887399880389289e-03
4.217093735923726355e-03
4.279487093412798551e-03
3.874984163548074543e-03
3.874760666630000863e-03
3.874866181373918302e-03
3.874966565805828059e-03
3.875061691221450694e-03
3.949480955356713882e-03
4.020621322897344543e-03
3.874330569767086858e-03
3.948755855079574828e-03
4.019903917486133960e-03
3.873550494702684109e-03
3.947987617826254590e-03
4.019147633194271145e-03
3.872855994668449736e-03
3.947303661393998693e-03
4.018474321647657471e-03
3.872237784259169920e-03
3.872336841573536213e-03
3.872569584332253775e-03
3.947026676320740043e-03
4.018205236783060560e-03
3.872112144029452030e-03
3.946571106378789738e-03
3.871698331651964378e-03
3.946165917255503065e-03
3.871380045953554117e-03
3.871587098856020277e-03
3.871858085594993924e-03
3.872116225619039610e-03
3.872360652544982063e-03
3.946820915939703613e-03
3.872060505642747810e-03
3.946522599570936353e-03
4.017707077575622711e-03
4.086207806678366153e-03
4.152427352866060357e-03
3.872445189716413553e-03
3.946895394903612159e-03
3.871906416513507757e-03
3.946370839211029921e-03
3.871571052770327037e-03
3.871768071821740653e-03
3.872030864704500107e-03
3.946496133303294476e-03
4.017682949659147178e-03
3.871632512839533278e-03
3.946098758568550302e-03
3.871257752348002817e-03
3.945732030218694272e-03
4.016928810702941749e-03
3.870875004757737357e-03
3.871044240649144843e-03
3.945524483771300529e-03
4.016726420347599587e-03
4.085244090691635653e-03
4.151480176460857138e-03
3.871659598765849353e-03
3.871686412559050341e-03
3.946156902789882924e-03
3.871441078127756640e-03
3.945912576099097450e-03
3.871143877190103607e-03
3.871363417442952662e-03
3.945838818285951274e-03
3.871144524483566794e-03
3.945620526816189140e-03
4.016819046629493267e-03
3.870774217832082670e-03
3.945253493733669528e-03
3.870469522157257616e-03
3.944955766300131846e-03
3.870251584937092586e-03
3.870517915005083388e-03
3.945006150474343956e-03
3.870367997551192249e-03
3.944855788506423065e-03
4.016066210657853568e-03
4.084593058109191148e-03
4.150838546224351784e-03
3.871029729802247937e-03
3.945501426842032769e-03
3.870606451345343004e-03
3.870853935072937971e-03
3.871163359188173510e-03
3.871456589583726141e-03
3.871734452760631010e-03
3.871999072747728515e-03
3.946464824622348926e-03
4.017652128739889437e-03
4.086155130503674009e-03
3.871853947667352764e-03
3.946314841794490262e-03
3.871408691080321669e-03
3.945880672504768587e-03
3.871113912206917019e-03
3.871335019556600317e-03
3.871619211451469370e-03
3.871888551000613604e-03
3.946355982892190729e-03
4.017544982924051676e-03
3.871506013988065733e-03
3.871642209249409692e-03
3.946113375527533773e-03
3.871400594537062045e-03
3.871606734543127804e-03
3.946078439414936294e-03
4.017271755149828295e-03
4.085780783775957992e-03
4.152008244899625319e-03
4.216230399433768677e-03
4.278639160399870349e-03
4.339369838901342528e-03
3.875918030951352924e-03
3.950311538477934738e-03
3.874990475727192914e-03
3.949408079628913444e-03
4.020547643038849782e-03
3.874197417504836056e-03
3.874193691073023194e-03
3.874329123292550355e-03
3.948759506967448527e-03
4.019911101276666017e-03
4.088378307269937943e-03
3.873864561811791833e-03
3.873823819288138830e-03
3.948261863601539023e-03
4.019421195443710279e-03
4.087896159479495299e-03
3.873428311441927743e-03
3.947865302800943228e-03
4.019025817275155392e-03
4.087503417335935051e-03
3.872913842064894772e-03
3.947358638296654884e-03
3.872381854000168152e-03
3.872537515128493795e-03
3.946995090336400704e-03
3.872222849915509316e-03
3.872387089307823427e-03
3.872617247972832012e-03
3.872835476932582656e-03
3.873042267890938750e-03
3.873238224468585414e-03
3.947685166511299797e-03
3.872866472602169187e-03
3.947316331527443711e-03
3.872453050571379209e-03
3.872605117547949123e-03
3.947061666604599617e-03
3.872284953230310366e-03
3.872445922751466783e-03
3.946904887017457092e-03
4.018085339469981004e-03
4.086581474002437715e-03
4.152796070609499415e-03
3.872831891096008804e-03
3.947276228153360350e-03
3.872261595208482433e-03
3.946720626881785113e-03
4.017902016160214938e-03
4.086399651105797858e-03
4.152616111513408349e-03
4.216827564932369363e-03
4.279225861457855787e-03
4.339946270682092967e-03
4.399086563438799058e-03
3.878199449535075106e-03
3.877746187952178618e-03
3.952124691516271764e-03
3.877006348737160792e-03
3.951393367698723992e-03
3.876255133873648603e-03
3.950653552835122449e-03
4.021773742964830471e-03
3.875323481215562152e-03
3.949733690103731515e-03
3.874647409446126036e-03
3.874684405772398955e-03
3.949109392910109956e-03
4.020255539822328687e-03
4.088717286115930820e-03
4.154897540811028182e-03
3.874704157378515684e-03
3.949120071109486763e-03
4.020259848909120935e-03
3.873788740196795321e-03
3.948222244552515754e-03
4.019378607053420219e-03
4.087851637327215293e-03
3.873273585491959596e-03
3.873263740657926103e-03
3.947710286418906929e-03
3.872889664257513163e-03
3.873018927983608133e-03
3.947469195498877828e-03
4.018640866757008587e-03
3.872512069239030571e-03
3.946964959489712363e-03
3.872065558232326305e-03
3.872237869542301605e-03
3.946699993227663003e-03
3.871947637408815115e-03
3.946411445053939378e-03
3.871609244732682718e-03
3.946078185198239989e-03
3.871298196905583865e-03
3.871509666561058927e-03
3.945982846579459968e-03
4.017177651177043091e-03
4.085688171914035605e-03
4.151917121520448846e-03
3.872048861043351099e-03
3.872056493387658008e-03
3.872303905062626523e-03
3.872538548399828608e-03
3.946996111448869589e-03
4.018175147538165411e-03
4.086669861312598739e-03
4.152883039765612253e-03
4.217090987945038005e-03
3.873836157337608079e-03
3.948263753108906433e-03
3.873144308323156308e-03
3.873259910825177423e-03
3.947706520199045777e-03
3.872886298789156041e-03
3.873015732113362173e-03
3.873212985161956362e-03
3.873399985836895650e-03
3.873577196669733026e-03
3.948018993552107961e-03
4.019182111299177823e-03
3.873009063959277718e-03
3.947454411288016211e-03
4.018622728402511390e-03
4.087107740415113315e-03
4.153311920811442529e-03
3.873182999716123873e-03
3.873131118434091670e-03
3.873322105500060300e-03
3.947767774569875716e-03
4.018934801848531198e-03
3.872781972467922215e-03
3.947230767802899741e-03
3.872313498280346728e-03
3.872472817533523150e-03
3.872698509024922412e-03
3.947153643891939019e-03
4.018330228365838037e-03
4.086822484636982826e-03
4.153033211207894475e-03
4.217238720662067238e-03
3.873965794346820573e-03
3.873831933422634214e-03
3.873986150713485364e-03
3.948421739958476138e-03
3.873553481617305130e-03
3.947992908570387323e-03
3.873083910073288685e-03
3.873202910064791390e-03
3.947650384713239161e-03
4.018819236184590846e-03
4.087303741615518592e-03
4.153506735553010379e-03
3.873465095877950959e-03
3.947899819541899127e-03
3.872843088946720594e-03
3.947293292803193306e-03
4.018465769308581827e-03
3.872285884757841693e-03
3.872382434359091397e-03
3.946842362142186783e-03
3.872080379531234098e-03
3.946542171719474509e-03
4.017726345088538584e-03
3.871607220258945631e-03
3.871738164411166541e-03
3.872002356617373908e-03
3.946468058666694617e-03
3.871731457216256826e-03
3.871920160904099122e-03
3.946387109062388446e-03
4.017575621926288039e-03
3.871534044064026993e-03
3.871668707553174021e-03
3.871936563004193480e-03
3.946403265921405792e-03
3.871671134546757556e-03
3.871862976488963694e-03
3.872120696233559249e-03
3.872365014945403430e-03
3.872596412089113552e-03
3.947053096826530147e-03
3.872277007483807335e-03
3.872438404841824309e-03
3.946897484323782894e-03
3.872131857148757364e-03
3.946592866522754227e-03
3.871778376346331034e-03
3.871965796532309077e-03
3.872218056456123384e-03
3.946680484422072921e-03
4.017864432478554168e-03
4.086364070061928797e-03
4.152582161086359677e-03
4.216794995489067319e-03
4.279194504763144530e-03
4.339916012326447241e-03
4.399057324315482943e-03
4.456691205466765601e-03
3.880331020791213253e-03
3.879739568666769160e-03
3.954087817391311113e-03
3.878837082129442566e-03
3.953196315564879749e-03
3.877936604538548358e-03
3.952309500014699120e-03
4.023403921735919410e-03
3.876820172322037288e-03
3.951207666052156987e-03
4.022317573682768904e-03
3.875766625738077779e-03
3.950170108303997091e-03
3.875054457064558682e-03
3.875070065030677881e-03
3.875159671030033171e-03
3.875244678920564644e-03
3.949661165687606140e-03
3.874709298089456817e-03
3.949131182150599981e-03
4.020275063101331689e-03
4.088735098158300524e-03
3.874125618080001641e-03
3.948552021341732339e-03
4.019701846647937178e-03
3.873317247360354241e-03
3.873359664267672382e-03
3.873538802550822394e-03
3.947981182229079629e-03
3.873142542519502404e-03
3.873258540560144472e-03
3.873443059447340565e-03
3.873618012945039251e-03
3.948059190257771633e-03
3.873215285732269173e-03
3.873327475880134103e-03
3.873508382471390829e-03
3.947951223917192838e-03
4.019115396303517967e-03
3.872947740073028316e-03
3.947394020616588201e-03
3.872465737249679990e-03
3.872617110685113925e-03
3.947073477674186391e-03
3.872295922167741898e-03
3.872456372372236159e-03
3.872682889837140291e-03
3.947138261808882942e-03
4.018315085673011822e-03
4.086807581907673549e-03
3.872444033615132005e-03
3.872477831204440384e-03
3.946936306654874084e-03
3.872167893280920731e-03
3.946628356580064723e-03
4.017811188337236036e-03
3.871685112906595675e-03
3.946150557593905775e-03
4.017339166120728264e-03
4.085844518338449353e-03
3.871458644597656432e-03
3.871542663588028229e-03
3.946015340061058072e-03
4.017209637090134004e-03
4.085719649580445666e-03
3.871460093911019331e-03
3.871544203333871208e-03
3.871817316534497018e-03
3.872077555612612586e-03
3.872324097203360283e-03
3.872557646107231515e-03
3.947014919330988497e-03
4.018193662773063626e-03
4.086688083182042630e-03
3.872336019166798017e-03
3.946789591779335631e-03
3.871851330948688098e-03
3.872034780050391794e-03
3.872283443551796656e-03
3.872519159139299009e-03
3.872742526964510421e-03
3.947196993634259111e-03
3.872411167120988137e-03
3.946867939637411019e-03
4.018047044347308229e-03
3.871901745807117094e-03
3.946363900748313218e-03
3.871505009711346222e-03
3.945975532141387382e-03
4.017168521194986255e-03
3.871094973227291996e-03
3.945569376356207816e-03
3.870764018444040194e-03
3.871003388112369530e-03
3.871304920404615262e-03
3.945781212900139993e-03
3.871090893133435473e-03
3.871313289159657948e-03
3.945789451082990298e-03
3.871098487727787744e-03
3.945575189024911819e-03
4.016774414519306766e-03
3.870733327155270655e-03
3.870909992543644998e-03
3.871216360431670861e-03
3.871506845936935337e-03
3.871782126340212425e-03
3.946251173501731657e-03
4.017441804479252379e-03
4.085948140906258720e-03
3.871666947494472374e-03
3.871740192148834421e-03
3.946209867289557013e-03
3.871490499935101130e-03
3.945961247796146015e-03
3.871189271768707071e-03
3.945664591837938669e-03
3.870912649670464351e-03
3.945392168970475455e-03
4.016594240672371856e-03
3.870567819126817695e-03
3.870753229496144525e-03
3.871067822864179744e-03
3.945547713139479530e-03
3.870873104548944090e-03
3.871106903666877465e-03
3.945586198949054338e-03
4.016787177540667893e-03
4.085303886911141949e-03
4.151539013454770381e-03
4.215768721659012876e-03
3.872675228797789210e-03
3.947120453157866408e-03
4.018290297232351461e-03
3.871944779522667763e-03
3.946406274045101241e-03
4.017590897068361137e-03
4.086092255893574929e-03
3.871682464288311344e-03
3.871754845284471145e-03
3.946224297979293930e-03
3.871503956007415256e-03
3.945974499636521922e-03
4.017167508432208968e-03
3.871094168069962732e-03
3.871251949934745046e-03
3.945729039982154990e-03
3.871042071829404723e-03
3.871267016604254714e-03
3.871554665126484412e-03
3.871827507030725993e-03
3.946295865402434447e-03
3.871570974530643642e-03
3.871768027461100058e-03
3.946237287014453879e-03
3.871516246289296442e-03
3.945986603388788871e-03
3.871212920259957824e-03
3.945687881283643957e-03
3.870934357559922129e-03
3.871164864569063765e-03
3.945643280111478697e-03
4.016843370394766050e-03
4.085359189257589847e-03
4.151593427297685379e-03
4.215822251708759884e-03
3.872722215832120288e-03
3.947166727100057462e-03
4.018335851145825310e-03
4.086822738913345812e-03
4.153029487951012851e-03
4.217231945007548014e-03
4.279621737213172399e-03
4.340334013230721585e-03
3.876550745976034291e-03
3.876212861412762275e-03
3.876242239435547139e-03
3.876270532426456458e-03
3.950671449069374785e-03
3.875651454762935998e-03
3.875635931760748089e-03
3.875695901910529949e-03
3.950105539847090404e-03
4.021236188326848988e-03
3.874895166055982929e-03
3.949311880017579261e-03
3.874254207916890454e-03
3.948682994319425640e-03
3.873727390345237890e-03
3.873812627623592336e-03
3.948250847333131114e-03
4.019410354508713354e-03
3.873218536333103684e-03
3.947660704130610994e-03
3.872714414825786759e-03
3.872852721374926786e-03
3.947305511819837291e-03
4.018479730365557244e-03
3.872364071165175850e-03
3.872456540741657863e-03
3.946915343978316809e-03
3.872148487696121504e-03
3.946609244634470028e-03
3.871793649997172081e-03
3.946259791189123470e-03
4.017448356709136040e-03
3.871351925320361004e-03
3.871496139128995529e-03
3.945969523986731300e-03
4.017164535560234333e-03
3.871156548427206589e-03
3.945630019308415427e-03
4.016826730739706842e-03
4.085340204861473944e-03
3.871002679204727740e-03
3.945476490269907849e-03
4.016674180317029129e-03
4.085189045672507797e-03
3.870820868841362648e-03
3.870938393820719508e-03
3.945420241392916770e-03
3.870754066353641019e-03
3.945235995413608372e-03
3.870513020420612155e-03
3.870765619984914072e-03
3.945250096026465397e-03
4.016456305339876492e-03
3.870506300005561746e-03
3.944989643030220525e-03
4.016196321676429072e-03
4.084719899263327542e-03
4.150962440376529741e-03
3.871089834728674937e-03
3.871146464471415978e-03
3.871440360638965170e-03
3.945914596226367775e-03
3.871215265119788869e-03
3.945690193482789647e-03
3.870936588879683032e-03
3.871166991541118846e-03
3.945645374362652218e-03
3.870964133875706269e-03
3.871193166167026523e-03
3.945671151754684761e-03
3.870988176935589564e-03
3.945466552715530366e-03
4.016667468891997952e-03
3.870635127160476467e-03
3.870816994622820317e-03
3.871128215100438918e-03
3.871423228966354262e-03
3.871702903696538911e-03
3.946173155403109520e-03
3.871456536076230831e-03
3.871659673602388229e-03
3.946130576682686797e-03
3.871416707667966681e-03
3.871621836094657487e-03
3.946093316986092232e-03
4.017286404856715114e-03
3.871268550373567659e-03
3.871417264013499258e-03
3.871696991119927440e-03
3.946167332452348193e-03
3.871451102905305083e-03
3.945922448736063209e-03
4.017116267517878772e-03
4.085626359670391748e-03
3.871314368546189058e-03
3.871406020566603955e-03
3.945880770383222193e-03
3.871183535913297943e-03
3.945658946117558755e-03
4.016856868058577348e-03
4.085371072868044899e-03
4.151604066178428767e-03
4.215831892216182625e-03
3.872675284775312608e-03
3.872609188896339923e-03
3.947065665231771180e-03
4.018243608759461578e-03
4.086737230322323722e-03
3.872380132346807044e-03
3.872417232519215213e-03
3.872645699795565759e-03
3.947101636316003095e-03
4.018279030173813569e-03
3.872179861359376519e-03
3.946637796970849793e-03
3.871760548349919423e-03
3.871948915638595817e-03
3.946415422620037916e-03
3.871682226025445310e-03
3.871873486991955077e-03
3.872130608959243811e-03
3.872374423751198669e-03
3.946834477326805445e-03
3.872073128915984840e-03
3.946535031341508529e-03
4.017719315959057853e-03
4.086219851184073187e-03
3.871851043598476330e-03
3.946311978097740043e-03
4.017496666526431011e-03
3.871292645517044034e-03
3.945764043360859216e-03
3.870945431059216735e-03
3.871175261503923253e-03
3.871467812885736985e-03
3.945941632880671165e-03
4.017137082081009142e-03
3.871131468632164202e-03
3.871287342549254318e-03
3.871573943769326693e-03
3.871845682667818169e-03
3.946313765141753679e-03
3.871587662387503473e-03
3.946056933595253058e-03
3.871278461988573397e-03
3.945752428026330812e-03
3.870994553734634532e-03
3.871221892398548064e-03
3.945699442558918760e-03
3.871014577667510927e-03
3.871240949647973290e-03
3.871530134345858420e-03
3.946003005083941959e-03
4.017197496969284430e-03
4.085707703946999704e-03
3.871449390545255755e-03
3.945916426469916506e-03
3.871037014047402046e-03
3.871262016416501719e-03
3.871549928162423392e-03
3.871823013230228910e-03
3.946291439771803383e-03
4.017481444097118284e-03
3.871447598336952116e-03
3.871586975571265909e-03
3.946058978449675132e-03
4.017252595679300826e-03
3.871237331243631945e-03
3.945709575616779437e-03
3.870894833795338486e-03
3.871127327034071513e-03
3.871422289474069078e-03
3.871702015489897428e-03
3.871968397749584508e-03
3.946434613357164937e-03
4.017622386290560510e-03
3.871576909443564998e-03
3.871709452883367181e-03
3.946179597289834091e-03
3.871462341341471141e-03
3.871665200271186616e-03
3.946136018565047331e-03
3.871421759427375910e-03
3.945893550621950609e-03
3.871126132865192280e-03
3.871346589638266500e-03
3.871630186880215332e-03
3.871898951420827458e-03
3.872154979638942930e-03
3.872397345343643084e-03
3.946857052196946214e-03
4.018038252776327465e-03
4.086535136151521128e-03
3.872197675140648214e-03
3.872244392374098437e-03
3.872481911996325781e-03
3.946940334482946892e-03
4.018120238398053927e-03
4.086615822144563405e-03
3.872270689508442235e-03
3.946725253020838542e-03
4.017903509351140878e-03
4.086398893961212982e-03
3.871915080971073675e-03
3.871976333565706804e-03
3.946442423543124710e-03
4.017630071237218714e-03
4.086133418857346850e-03
4.152355212423223044e-03
4.216571730150874345e-03
3.873380021168866191e-03
3.947814545621704078e-03
3.872725534474545823e-03
3.947177520945403632e-03
3.872323323739492677e-03
3.946781424135901647e-03
4.017961871327953814e-03
3.871823410255476657e-03
3.871942968363187559e-03
3.946409567609255285e-03
3.871676851638872381e-03
3.946144768483371076e-03
4.017335125847234893e-03
4.085841748665531258e-03
4.152067175256753291e-03
3.872124210432386585e-03
3.872127823231495507e-03
3.946591612952393864e-03
3.871846503866368736e-03
3.946311845698687384e-03
3.871516288812469793e-03
3.871716237243548030e-03
3.871981461103327863e-03
3.946447484943440068e-03
4.017635062796607627e-03
4.086138338335754822e-03
4.152360058566006984e-03
4.216576502363321606e-03
4.278979594190936500e-03
3.874643668070127528e-03
3.874438133166075836e-03
3.874560527569041388e-03
3.948987398842804426e-03
4.020135446852222960e-03
3.873884461815303628e-03
3.873897230431358300e-03
3.874048207726431704e-03
3.874191451002929366e-03
3.874327178466040449e-03
3.948757591669194329e-03
4.019909215789016325e-03
3.873676728078262986e-03
3.873700395960172523e-03
3.948140316296966205e-03
3.873290783174124230e-03
3.947734200672035031e-03
4.018899822338176109e-03
3.872684675895453690e-03
3.947134945370145594e-03
3.872224091427201812e-03
3.946683695611761210e-03
3.871862926122767237e-03
3.946328016524618294e-03
3.871531312467982582e-03
3.871730448998989341e-03
3.946200277699472327e-03
3.871481702773856871e-03
3.871683548970275817e-03
3.946154088705727120e-03
4.017346227829779112e-03
4.085854076833388485e-03
3.871581761252299719e-03
3.946046785807699221e-03
3.871158539901171924e-03
3.945634321627945577e-03
