1.895720433834558924e-04
3.114658879948356768e-04
4.268382281781869791e-04
1.904750391068773857e-04
1.900350607871743316e-04
1.900341509743340039e-04
1.900341490920590419e-04
1.900341490881650214e-04
1.900341490881569170e-04
3.119019181157971004e-04
4.272518107696020285e-04
1.904757899670399247e-04
1.900350623369820584e-04
1.900341509775403150e-04
1.900341490920657097e-04
1.900341490881649943e-04
3.119019181158043646e-04
1.902666994146659106e-04
1.900346306226385852e-04
1.900341500843846483e-04
1.900341490902178227e-04
3.119019181177418339e-04
1.902666994146690819e-04
1.900346306226389646e-04
1.900341500843852447e-04
1.900341490902176600e-04
1.900341490881609285e-04
1.900341490881569170e-04
3.119019181157963957e-04
1.902666994146656667e-04
3.121213534380869051e-04
1.902671209361762341e-04
1.900346314927390450e-04
1.900341500861851016e-04
1.900341490902220782e-04
1.900341490881613893e-04
1.900341490881571609e-04
3.119019181157976425e-04
4.272518107696033295e-04
1.904757899670395452e-04
1.900350623369819500e-04
1.900341509775401523e-04
3.119019198986046175e-04
1.902666994180918269e-04
1.900346306226456596e-04
3.119023724882098421e-04
1.902667002877563289e-04
1.900346306244403395e-04
3.119023724899028238e-04
1.902667002877598255e-04
1.900346306244402039e-04
3.119023724899029864e-04
1.902667002877596900e-04
1.900346306244399871e-04
1.900341500843884973e-04
1.900341490902176600e-04
1.900341490881608472e-04
3.119019181158008951e-04
1.902666994146660461e-04
1.900346306226389918e-04
1.900341500843847297e-04
1.900341490902179853e-04
3.119019181177417797e-04
4.272518107714463648e-04
1.904757899670432857e-04
1.900350623369820313e-04
3.119027798507115917e-04
1.902667010705149525e-04
3.121213550005638867e-04
4.274599551588187255e-04
1.904761674828377084e-04
1.900350631161905432e-04
1.900341509791521170e-04
3.119019199001262952e-04
1.902666994180944018e-04
1.900346306226457409e-04
1.900341500843850820e-04
1.900341490902178769e-04
1.900341490881611453e-04
3.119019181158000278e-04
1.902666994146656396e-04
1.900346306226389375e-04
1.900341500843845128e-04
1.900341490902181479e-04
3.119019181177424302e-04
1.902666994146695427e-04
3.121213534380906998e-04
1.902671209361761798e-04
1.900346314927388552e-04
1.900341500861850745e-04
1.900341490902213192e-04
1.900341490881612809e-04
3.119019181158008951e-04
1.902666994146656938e-04
1.900346306226385039e-04
1.900341500843847297e-04
1.900341490902179582e-04
1.900341490881609014e-04
1.900341490881564020e-04
1.900341490881565917e-04
1.900341490881568356e-04
1.900341490881569712e-04
1.900341490881568356e-04
1.900341490881571880e-04
1.900341490881567001e-04
3.119019181157971004e-04
1.902666994146655040e-04
1.900346306226387207e-04
1.900341500843847297e-04
1.900341490902179853e-04
1.900341490881611996e-04
1.900341490881568356e-04
1.900341490881568627e-04
1.900341490881567001e-04
1.900341490881569441e-04
1.900341490881571609e-04
3.119019181157973715e-04
1.902666994146656938e-04
1.900346306226385039e-04
1.900341500843847297e-04
1.900341490902179582e-04
1.900341490881609014e-04
1.900341490881564020e-04
3.119019181157961789e-04
4.272518107696004564e-04
1.904757899670397891e-04
1.900350623369820855e-04
1.900341509775403150e-04
1.900341490920655742e-04
1.900341490881648316e-04
1.900341490881571609e-04
1.900341490881565917e-04
1.900341490881569441e-04
1.900341490881569712e-04
3.119019181157965583e-04
4.272518107696014322e-04
1.904757899670393554e-04
3.123186556282369361e-04
4.276471052265265688e-04
5.478305867272944803e-04
1.906649626403662129e-04
1.900354532253781996e-04
1.900341517862308861e-04
1.900341490937385524e-04
1.900341490881682469e-04
1.900341490881569441e-04
1.900341490881570525e-04
3.119019181157970462e-04
1.902666994146658293e-04
1.900346306226389104e-04
1.900341500843843773e-04
3.119019190558294406e-04
1.902666994164719746e-04
1.900346306226424341e-04
1.900341500843848110e-04
1.900341490902176600e-04
3.119019181177414002e-04
4.272518107714455516e-04
1.904757899670427707e-04
1.900350623369821397e-04
1.900341509775403150e-04
3.119019198986057559e-04
1.902666994180916913e-04
1.900346306226459578e-04
3.119023724882101132e-04
1.902667002877567355e-04
1.900346306244403666e-04
1.900341500843888225e-04
1.900341490902182292e-04
1.900341490881612809e-04
1.900341490881568085e-04
1.900341490881571067e-04
1.900341490881567543e-04
1.900341490881568899e-04
1.900341490881568085e-04
3.119019181157968836e-04
1.902666994146653685e-04
1.900346306226384225e-04
1.900341500843848110e-04
1.900341490902176600e-04
1.900341490881610098e-04
1.900341490881565917e-04
1.900341490881569441e-04
1.900341490881569712e-04
1.900341490881568356e-04
1.900341490881571880e-04
1.900341490881567001e-04
1.900341490881568627e-04
1.900341490881567001e-04
1.900341490881569441e-04
1.900341490881571609e-04
1.900341490881565917e-04
1.900341490881569441e-04
1.900341490881569712e-04
1.900341490881568356e-04
1.900341490881571880e-04
1.900341490881567001e-04
1.900341490881568627e-04
1.900341490881567001e-04
1.900341490881569441e-04
1.900341490881571609e-04
1.900341490881565917e-04
1.900341490881569441e-04
1.900341490881569712e-04
3.119019181157965583e-04
1.902666994146657209e-04
1.900346306226389918e-04
1.900341500843848652e-04
1.900341490902176871e-04
1.900341490881612538e-04
1.900341490881570525e-04
1.900341490881567272e-04
1.900341490881568085e-04
1.900341490881566730e-04
1.900341490881571067e-04
1.900341490881567543e-04
3.119019181157961246e-04
1.902666994146655311e-04
1.900346306226388291e-04
1.900341500843848923e-04
1.900341490902180666e-04
1.900341490881608472e-04
1.900341490881568899e-04
1.900341490881568085e-04
3.119019181157968836e-04
1.902666994146653685e-04
1.900346306226384225e-04
1.900341500843848110e-04
3.119019190558299285e-04
1.902666994164718933e-04
3.121213534397917588e-04
4.274599536783536694e-04
1.904761674801538744e-04
1.900350631161846072e-04
1.900341509791524152e-04
1.900341490920689081e-04
1.900341490881646419e-04
3.119019181158040935e-04
1.902666994146658835e-04
1.900346306226387207e-04
1.900341500843846483e-04
1.900341490902178769e-04
1.900341490881608472e-04
3.119019181158005157e-04
1.902666994146655854e-04
1.900346306226387478e-04
1.900341500843849194e-04
1.900341490902180124e-04
1.900341490881612538e-04
1.900341490881569170e-04
3.119019181157971004e-04
1.902666994146656396e-04
3.121213534380878267e-04
1.902671209361758817e-04
3.121217511902303014e-04
1.902671216998786492e-04
1.900346314943159899e-04
3.119023733107117394e-04
1.902667002893369602e-04
1.900346306244435378e-04
1.900341500843884973e-04
1.900341490902180937e-04
1.900341490881610911e-04
1.900341490881569983e-04
1.900341490881566459e-04
1.900341490881569983e-04
1.900341490881571067e-04
1.900341490881569983e-04
1.900341490881571067e-04
1.900341490881569983e-04
1.900341490881571067e-04
1.900341490881569983e-04
1.900341490881571067e-04
1.900341490881569983e-04
3.119019181157967752e-04
1.902666994146656667e-04
1.900346306226389104e-04
3.119023724882029032e-04
1.902667002877566542e-04
1.900346306244400142e-04
1.900341500843889038e-04
1.900341490902183919e-04
3.119019181177422133e-04
1.902666994146692445e-04
1.900346306226390731e-04
1.900341500843843773e-04
1.900341490902181208e-04
1.900341490881609556e-04
3.119019181158008951e-04
1.902666994146655854e-04
1.900346306226387478e-04
3.119023724882034453e-04
1.902667002877568439e-04
1.900346306244401768e-04
1.900341500843887683e-04
1.900341490902178769e-04
1.900341490881611453e-04
1.900341490881568899e-04
1.900341490881568085e-04
3.119019181157969378e-04
1.902666994146658022e-04
1.900346306226386936e-04
3.119023724882031743e-04
4.272522417565342606e-04
1.904757907489536023e-04
3.123186563660770095e-04
1.902674996382453952e-04
3.121221085375147143e-04
1.902671223860003002e-04
3.121217525583007261e-04
1.902671217025051018e-04
1.900346314943208688e-04
1.900341500861883000e-04
1.900341490902216987e-04
1.900341490881610640e-04
1.900341490881572151e-04
1.900341490881568356e-04
1.900341490881571609e-04
1.900341490881568899e-04
1.900341490881568085e-04
3.119019181157972088e-04
4.272518107696020285e-04
1.904757899670397078e-04
1.900350623369822481e-04
1.900341509775402607e-04
1.900341490920656284e-04
1.900341490881646961e-04
1.900341490881569712e-04
1.900341490881566730e-04
1.900341490881569712e-04
1.900341490881571067e-04
3.119019181157972631e-04
1.902666994146656938e-04
1.900346306226390189e-04
1.900341500843848381e-04
1.900341490902180937e-04
1.900341490881611453e-04
1.900341490881572151e-04
1.900341490881567001e-04
1.900341490881568627e-04
1.900341490881567001e-04
1.900341490881569441e-04
1.900341490881571609e-04
3.119019181157973715e-04
1.902666994146656938e-04
1.900346306226385039e-04
1.900341500843847297e-04
1.900341490902179582e-04
1.900341490881609014e-04
1.900341490881564020e-04
1.900341490881565917e-04
3.119019181157966125e-04
4.272518107696007816e-04
1.904757899670399789e-04
1.900350623369822210e-04
1.900341509775402607e-04
1.900341490920659266e-04
1.900341490881650485e-04
3.119019181158043104e-04
1.902666994146654498e-04
1.900346306226387478e-04
3.119023724882024695e-04
1.902667002877568439e-04
1.900346306244402310e-04
1.900341500843889038e-04
1.900341490902183919e-04
3.119019181177422133e-04
1.902666994146692445e-04
3.121213534380903203e-04
4.274599536767395092e-04
1.904761674801512452e-04
1.900350631161850951e-04
1.900341509791519273e-04
1.900341490920693960e-04
1.900341490881651027e-04
1.900341490881569712e-04
1.900341490881571067e-04
1.900341490881569983e-04
1.900341490881571067e-04
1.900341490881569983e-04
1.900341490881571067e-04
1.900341490881569983e-04
1.900341490881571067e-04
1.900341490881569983e-04
1.900341490881571067e-04
3.119019181157972631e-04
1.902666994146656938e-04
1.900346306226390189e-04
1.900341500843848381e-04
1.900341490902180937e-04
3.119019181177412918e-04
1.902666994146696782e-04
3.121213534380910251e-04
1.902671209361758275e-04
1.900346314927387739e-04
1.900341500861847221e-04
1.900341490902216716e-04
1.900341490881610369e-04
1.900341490881569712e-04
3.119019181157968294e-04
1.902666994146654769e-04
1.900346306226389918e-04
1.900341500843849465e-04
3.119019190558307958e-04
1.902666994164719746e-04
3.121213534397915962e-04
4.274599536783519889e-04
1.904761674801537118e-04
1.900350631161849325e-04
1.900341509791524423e-04
1.900341490920691792e-04
1.900341490881646961e-04
1.900341490881569712e-04
1.900341490881566730e-04
1.900341490881569712e-04
1.900341490881571067e-04
1.900341490881569983e-04
1.900341490881571067e-04
1.900341490881569983e-04
1.900341490881571067e-04
3.119019181157972631e-04
4.272518107696022995e-04
1.904757899670397620e-04
3.123186556282376409e-04
1.902674996368300235e-04
1.900346322744077201e-04
1.900341500878022433e-04
1.900341490902248429e-04
3.119019181177486101e-04
1.902666994146695698e-04
1.900346306226388291e-04
1.900341500843842689e-04
3.119019190558300369e-04
4.272518116612534730e-04
5.474471955704548554e-04
1.906643129817957294e-04
1.900354518840577259e-04
1.900341517834560332e-04
3.119019206590615276e-04
1.902666994195525724e-04
1.900346306226491561e-04
1.900341500843852176e-04
1.900341490902180937e-04
1.900341490881608201e-04
1.900341490881568085e-04
1.900341490881569170e-04
1.900341490881571067e-04
1.900341490881567543e-04
3.119019181157969920e-04
1.902666994146654227e-04
1.900346306226384768e-04
1.900341500843847568e-04
1.900341490902179853e-04
1.900341490881611996e-04
3.119019181158004072e-04
1.902666994146656938e-04
3.121213534380871219e-04
4.274599536767364192e-04
1.904761674801509199e-04
1.900350631161850138e-04
1.900341509791520628e-04
1.900341490920693147e-04
1.900341490881649943e-04
3.119019181158050151e-04
4.272518107696088589e-04
1.904757899670394910e-04
1.900350623369822210e-04
1.900341509775399897e-04
1.900341490920655742e-04
1.900341490881648316e-04
1.900341490881571609e-04
1.900341490881565917e-04
1.900341490881569441e-04
1.900341490881569712e-04
1.900341490881568356e-04
1.900341490881571880e-04
1.900341490881567001e-04
1.900341490881568627e-04
3.119019181157966125e-04
1.902666994146653685e-04
1.900346306226384225e-04
1.900341500843848110e-04
1.900341490902176600e-04
1.900341490881610098e-04
1.900341490881565917e-04
1.900341490881569441e-04
1.900341490881569712e-04
1.900341490881568356e-04
1.900341490881571880e-04
1.900341490881567001e-04
1.900341490881568627e-04
1.900341490881567001e-04
1.900341490881569441e-04
1.900341490881571609e-04
1.900341490881565917e-04
1.900341490881569441e-04
1.900341490881569712e-04
1.900341490881568356e-04
1.900341490881571880e-04
1.900341490881567001e-04
1.900341490881568627e-04
1.900341490881567001e-04
1.900341490881569441e-04
1.900341490881571609e-04
1.900341490881565917e-04
1.900341490881569441e-04
1.900341490881569712e-04
3.119019181157965583e-04
4.272518107696014322e-04
1.904757899670393554e-04
1.900350623369823566e-04
1.900341509775400981e-04
1.900341490920659537e-04
3.119019181194848515e-04
1.902666994146729037e-04
1.900346306226386123e-04
1.900341500843848923e-04
1.900341490902179582e-04
1.900341490881609014e-04
1.900341490881564020e-04
1.900341490881565917e-04
3.119019181157966125e-04
4.272518107696007816e-04
1.904757899670399789e-04
1.900350623369822210e-04
1.900341509775402607e-04
3.119019198986053222e-04
1.902666994180918811e-04
1.900346306226459578e-04
1.900341500843844044e-04
1.900341490902178498e-04
1.900341490881611725e-04
1.900341490881564020e-04
3.119019181157961789e-04
1.902666994146654769e-04
1.900346306226389104e-04
3.119023724882029032e-04
1.902667002877566542e-04
1.900346306244400142e-04
3.119023724899024986e-04
1.902667002877599610e-04
1.900346306244400684e-04
1.900341500843885244e-04
1.900341490902180937e-04
1.900341490881610369e-04
1.900341490881569712e-04
1.900341490881566730e-04
1.900341490881569712e-04
1.900341490881571067e-04
1.900341490881569983e-04
1.900341490881571067e-04
1.900341490881569983e-04
1.900341490881571067e-04
3.119019181157972631e-04
1.902666994146656938e-04
3.121213534380873388e-04
1.902671209361761256e-04
1.900346314927388552e-04
3.119023733092229130e-04
1.902667002893341684e-04
3.121213542634338573e-04
1.902671209377608226e-04
1.900346314927423518e-04
1.900341500861849389e-04
1.900341490902215089e-04
1.900341490881609827e-04
1.900341490881572151e-04
1.900341490881568356e-04
1.900341490881571609e-04
1.900341490881568899e-04
1.900341490881568085e-04
1.900341490881569170e-04
1.900341490881571067e-04
1.900341490881567543e-04
1.900341490881568899e-04
1.900341490881568085e-04
1.900341490881569983e-04
1.900341490881571067e-04
1.900341490881569983e-04
1.900341490881571067e-04
1.900341490881569983e-04
1.900341490881571067e-04
1.900341490881569983e-04
1.900341490881571067e-04
1.900341490881569983e-04
1.900341490881571067e-04
3.119019181157972631e-04
4.272518107696022995e-04
1.904757899670397620e-04
3.123186556282376409e-04
1.902674996368300235e-04
1.900346322744077201e-04
1.900341500878022433e-04
1.900341490902248429e-04
3.119019181177486101e-04
1.902666994146695698e-04
1.900346306226388291e-04
1.900341500843842689e-04
1.900341490902178498e-04
3.119019181177415086e-04
1.902666994146693801e-04
1.900346306226385039e-04
1.900341500843847297e-04
3.119019190558298201e-04
1.902666994164720017e-04
1.900346306226424070e-04
1.900341500843848923e-04
1.900341490902179582e-04
1.900341490881609014e-04
3.119019181158010578e-04
1.902666994146656396e-04
3.121213534380873388e-04
1.902671209361760172e-04
1.900346314927385842e-04
1.900341500861849118e-04
3.119019190575286022e-04
1.902666994164754440e-04
1.900346306226424883e-04
3.119023724882062643e-04
1.902667002877566271e-04
1.900346306244404750e-04
1.900341500843889038e-04
1.900341490902183919e-04
1.900341490881609556e-04
1.900341490881568356e-04
3.119019181157968836e-04
1.902666994146656667e-04
3.121213534380865798e-04
1.902671209361764509e-04
1.900346314927389907e-04
1.900341500861848034e-04
3.119019190575284396e-04
1.902666994164752543e-04
1.900346306226424883e-04
1.900341500843847026e-04
1.900341490902181750e-04
1.900341490881610369e-04
3.119019181158012204e-04
1.902666994146655040e-04
1.900346306226386936e-04
1.900341500843846212e-04
1.900341490902180124e-04
1.900341490881611453e-04
1.900341490881570525e-04
1.900341490881567272e-04
1.900341490881568085e-04
1.900341490881566730e-04
1.900341490881571067e-04
1.900341490881567543e-04
3.119019181157961246e-04
1.902666994146655311e-04
1.900346306226388291e-04
1.900341500843848923e-04
3.119019190558300369e-04
4.272518116612521719e-04
1.904757899686573375e-04
1.900350623369855549e-04
3.119027798507154406e-04
1.902667010705152777e-04
1.900346306260504068e-04
1.900341500843919938e-04
1.900341490902180666e-04
1.900341490881608472e-04
1.900341490881568899e-04
1.900341490881568085e-04
1.900341490881569983e-04
3.119019181157967752e-04
1.902666994146656667e-04
1.900346306226389104e-04
1.900341500843848652e-04
3.119019190558300911e-04
1.902666994164721101e-04
1.900346306226427865e-04
1.900341500843846755e-04
1.900341490902178769e-04
1.900341490881611996e-04
1.900341490881567814e-04
3.119019181157965583e-04
4.272518107696002395e-04
5.474471947056474977e-04
1.906643129803299152e-04
1.900354518840552864e-04
1.900341517834557080e-04
1.900341490937332940e-04
1.900341490881684366e-04
3.119019181158076714e-04
1.902666994146655311e-04
3.121213534380866883e-04
1.902671209361761527e-04
1.900346314927389907e-04
1.900341500861850474e-04
1.900341490902219426e-04
1.900341490881609556e-04
1.900341490881569441e-04
3.119019181157962331e-04
4.272518107696011069e-04
1.904757899670395452e-04
3.123186556282361772e-04
4.276471052265264604e-04
1.904765066690945080e-04
1.900350638162844161e-04
3.119027812465709855e-04
1.902667010731972144e-04
3.121213550030952819e-04
1.902671209391811275e-04
1.900346314927450081e-04
1.900341500861854539e-04
1.900341490902218613e-04
3.119019181177450865e-04
1.902666994146695156e-04
1.900346306226390731e-04
1.900341500843850278e-04
1.900341490902182563e-04
3.119019181177416170e-04
1.902666994146694885e-04
1.900346306226385852e-04
1.900341500843847568e-04
1.900341490902183106e-04
1.900341490881611453e-04
1.900341490881570525e-04
1.900341490881567272e-04
1.900341490881568085e-04
1.900341490881566730e-04
1.900341490881571067e-04
1.900341490881567543e-04
1.900341490881568899e-04
1.900341490881568085e-04
1.900341490881569983e-04
1.900341490881571067e-04
1.900341490881569983e-04
1.900341490881571067e-04
1.900341490881569983e-04
1.900341490881571067e-04
1.900341490881569983e-04
1.900341490881571067e-04
1.900341490881569983e-04
1.900341490881571067e-04
1.900341490881569983e-04
1.900341490881571067e-04
1.900341490881569983e-04
1.900341490881571067e-04
1.900341490881569983e-04
1.900341490881571067e-04
1.900341490881569983e-04
1.900341490881571067e-04
3.119019181157972631e-04
1.902666994146656938e-04
1.900346306226390189e-04
1.900341500843848381e-04
1.900341490902180937e-04
1.900341490881611453e-04
3.119019181158006241e-04
1.902666994146658835e-04
1.900346306226387749e-04
1.900341500843847297e-04
1.900341490902179853e-04
3.119019181177417797e-04
1.902666994146692445e-04
1.900346306226384768e-04
1.900341500843847568e-04
3.119019190558297659e-04
1.902666994164715951e-04
1.900346306226427051e-04
1.900341500843850549e-04
3.119019190558305248e-04
1.902666994164720559e-04
3.121213534397918672e-04
4.274599536783536694e-04
1.904761674801537389e-04
3.123190118621102821e-04
1.902675003202210842e-04
1.900346322758184026e-04
1.900341500878050894e-04
1.900341490902251410e-04
1.900341490881610369e-04
1.900341490881569712e-04
3.119019181157968294e-04
1.902666994146654769e-04
1.900346306226389918e-04
1.900341500843849465e-04
1.900341490902180666e-04
1.900341490881611996e-04
3.119019181158015457e-04
1.902666994146658022e-04
1.900346306226390731e-04
3.119023724882033911e-04
1.902667002877566000e-04
1.900346306244400955e-04
1.900341500843887954e-04
1.900341490902178227e-04
1.900341490881611182e-04
3.119019181158008951e-04
1.902666994146658564e-04
1.900346306226385852e-04
1.900341500843849194e-04
3.119019190558299827e-04
1.902666994164719475e-04
1.900346306226423257e-04
1.900341500843849194e-04
1.900341490902179040e-04
1.900341490881609556e-04
1.900341490881565917e-04
3.119019181157963957e-04
1.902666994146654769e-04
1.900346306226389104e-04
1.900341500843848652e-04
3.119019190558300911e-04
1.902666994164721101e-04
3.121213534397919214e-04
1.902671209361791343e-04
1.900346314927387468e-04
1.900341500861851016e-04
1.900341490902213463e-04
3.119019181177447612e-04
4.272518107714497800e-04
1.904757899670432044e-04
1.900350623369822752e-04
1.900341509775395289e-04
1.900341490920652490e-04
3.119019181194847973e-04
1.902666994146725243e-04
1.900346306226389918e-04
1.900341500843849465e-04
1.900341490902180666e-04
3.119019181177420507e-04
1.902666994146694072e-04
3.121213534380910251e-04
4.274599536767402681e-04
1.904761674801511097e-04
1.900350631161849867e-04
1.900341509791522525e-04
3.119019199001257531e-04
1.902666994180942392e-04
1.900346306226459578e-04
1.900341500843848923e-04
1.900341490902176871e-04
1.900341490881610640e-04
1.900341490881565917e-04
3.119019181157963415e-04
1.902666994146658022e-04
1.900346306226387207e-04
3.119023724882027406e-04
4.272522417565348569e-04
1.904757907489535210e-04
1.900350623385958933e-04
1.900341509775435134e-04
1.900341490920657097e-04
1.900341490881649943e-04
1.900341490881568627e-04
1.900341490881565917e-04
1.900341490881568356e-04
1.900341490881569712e-04
3.119019181157965583e-04
1.902666994146657209e-04
1.900346306226389918e-04
1.900341500843848652e-04
1.900341490902176871e-04
1.900341490881612538e-04
1.900341490881570525e-04
1.900341490881567272e-04
1.900341490881568085e-04
1.900341490881566730e-04
1.900341490881571067e-04
1.900341490881567543e-04
1.900341490881568899e-04
3.119019181157967752e-04
4.272518107696009443e-04
5.474471947056486903e-04
1.906643129803292918e-04
1.900354518840552051e-04
1.900341517834557893e-04
1.900341490937332398e-04
3.119019181210587878e-04
1.902666994146758582e-04
1.900346306226386936e-04
1.900341500843850278e-04
1.900341490902177142e-04
1.900341490881611453e-04
1.900341490881568356e-04
1.900341490881569441e-04
3.119019181157962873e-04
1.902666994146655583e-04
1.900346306226390731e-04
1.900341500843850278e-04
3.119019190558305248e-04
1.902666994164718391e-04
1.900346306226424612e-04
3.119023724882058306e-04
1.902667002877566813e-04
1.900346306244404750e-04
1.900341500843889038e-04
1.900341490902183919e-04
1.900341490881609556e-04
3.119019181158006783e-04
1.902666994146659377e-04
1.900346306226385039e-04
1.900341500843852447e-04
1.900341490902178769e-04
3.119019181177419423e-04
4.272518107714466358e-04
1.904757899670432857e-04
1.900350623369821126e-04
3.119027798507116459e-04
1.902667010705153591e-04
1.900346306260509489e-04
1.900341500843916957e-04
1.900341490902175787e-04
1.900341490881606575e-04
1.900341490881568899e-04
1.900341490881567001e-04
1.900341490881568627e-04
1.900341490881567001e-04
1.900341490881569441e-04
3.119019181157971004e-04
1.902666994146654227e-04
1.900346306226388562e-04
1.900341500843848923e-04
3.119019190558300369e-04
4.272518116612521719e-04
5.474471955704537712e-04
6.620683149703728400e-04
7.715512020774930712e-04
1.910134964468277884e-04
3.128260571527634684e-04
1.902684723433708256e-04
1.900346342821832577e-04
1.900341500919559303e-04
1.900341490902334894e-04
1.900341490881612809e-04
1.900341490881568356e-04
1.900341490881569712e-04
1.900341490881568356e-04
1.900341490881571880e-04
1.900341490881567001e-04
1.900341490881568627e-04
1.900341490881567001e-04
1.900341490881569441e-04
1.900341490881571609e-04
1.900341490881565917e-04
1.900341490881569441e-04
1.900341490881569712e-04
1.900341490881568356e-04
3.119019181157967210e-04
1.902666994146654227e-04
1.900346306226384768e-04
3.119023724882025780e-04
1.902667002877568439e-04
1.900346306244406376e-04
1.900341500843885515e-04
3.119019190558339942e-04
1.902666994164723812e-04
1.900346306226425967e-04
1.900341500843848381e-04
1.900341490902180666e-04
1.900341490881609556e-04
1.900341490881565917e-04
1.900341490881571067e-04
1.900341490881567543e-04
1.900341490881568899e-04
1.900341490881568085e-04
1.900341490881569983e-04
1.900341490881571067e-04
1.900341490881569983e-04
1.900341490881571067e-04
1.900341490881569983e-04
1.900341490881571067e-04
1.900341490881569983e-04
1.900341490881571067e-04
1.900341490881569983e-04
1.900341490881571067e-04
1.900341490881569983e-04
1.900341490881571067e-04
1.900341490881569983e-04
1.900341490881571067e-04
1.900341490881569983e-04
1.900341490881571067e-04
1.900341490881569983e-04
1.900341490881571067e-04
1.900341490881569983e-04
1.900341490881571067e-04
3.119019181157972631e-04
1.902666994146656938e-04
1.900346306226390189e-04
1.900341500843848381e-04
1.900341490902180937e-04
3.119019181177412918e-04
1.902666994146696782e-04
1.900346306226390731e-04
3.119023724882033911e-04
1.902667002877566000e-04
3.121213542619453562e-04
1.902671209377575700e-04
1.900346314927419994e-04
1.900341500861849661e-04
1.900341490902215089e-04
1.900341490881610911e-04
1.900341490881569170e-04
1.900341490881571067e-04
1.900341490881570796e-04
1.900341490881566730e-04
