1.707851185845841676e-04
2.939231367115653789e-04
1.713318183907792339e-04
1.711233665310430601e-04
1.711229638878662576e-04
2.942419446063484806e-04
1.713323900028366987e-04
1.711233676306909664e-04
1.711229638899806687e-04
2.942419446083437921e-04
4.108951233343149717e-04
1.715206069692886163e-04
1.711237310255664639e-04
1.711229645882821385e-04
1.711229631155418332e-04
1.711229631127090839e-04
1.711229631127035816e-04
1.711229631127033919e-04
1.711229631127035003e-04
1.711229631127037171e-04
1.711229631127035003e-04
1.711229631127035274e-04
1.711229631127036358e-04
1.711229631127032834e-04
1.711229631127034461e-04
2.942419438748502310e-04
1.713323900015251394e-04
2.944395765554046738e-04
1.713327442905542431e-04
2.944399108917915915e-04
4.110830996217939085e-04
1.715209199308529949e-04
2.946174910346532612e-04
4.112517199210825023e-04
1.715212006431054016e-04
1.711237321712457456e-04
2.942426696114329855e-04
1.713323913025645480e-04
1.711233676331912993e-04
1.711229638899858187e-04
2.942419446083488878e-04
1.713323900028403308e-04
1.711233676306911291e-04
1.711229638899807500e-04
2.942419446083439547e-04
1.713323900028402224e-04
2.944395765566465732e-04
4.110827821567670398e-04
5.320935108073851895e-04
6.473630759575741897e-04
7.573947171086200907e-04
9.712899444893511669e-04
1.142940572663319384e-03
1.303412779087616789e-03
1.453517520275814058e-03
1.594031549105756618e-03
1.725660326371366952e-03
1.849050439633438247e-03
1.964784439999573903e-03
2.073404669293528631e-03
2.175402760230316090e-03
2.276363181401744318e-03
2.323670517570043583e-03
2.410575906240480532e-03
2.507775398702287613e-03
2.601961574173762646e-03
2.693536568493132190e-03
2.782778848937509340e-03
2.663687145977477154e-03
2.756865248973187823e-03
2.766954927991134745e-03
2.858507763098390182e-03
2.861051229534899206e-03
2.916593502757743733e-03
2.968986018832926385e-03
3.018450990280180119e-03
3.065080362027211135e-03
3.109077930969301237e-03
3.150619363467980442e-03
3.189877052978470819e-03
3.226912524042970225e-03
3.261882051615481656e-03
3.345705700622446377e-03
3.312705266151728684e-03
3.342931546312882460e-03
3.371559406571968034e-03
3.453686605050764347e-03
3.413004504215994342e-03
3.437734641006692619e-03
3.461181892771120292e-03
3.541927401095198557e-03
3.495024393283927347e-03
3.575246839645524356e-03
3.525949507259168274e-03
3.605696762103235368e-03
3.554271631504692195e-03
3.571339184552781675e-03
3.587555252815554166e-03
3.602900756463729790e-03
3.617422094708936352e-03
3.631164838489928191e-03
3.644171462819690427e-03
3.656481000915828231e-03
3.734230409545806397e-03
3.673958646216069542e-03
3.684608951007084087e-03
3.761928322298888853e-03
3.835997633823325266e-03
3.704956820674293414e-03
3.713894570574664041e-03
3.722488662715081956e-03
3.730625363512371246e-03
3.738330339889845214e-03
3.745627595138314135e-03
3.752537971265779409e-03
3.759082145092523461e-03
3.765280038064768974e-03
3.771149599484509025e-03
3.776708859420351005e-03
3.781974480740941426e-03
3.786961794296102128e-03
3.791685588578809756e-03
3.867372172228703085e-03
3.797990701903287882e-03
3.802059397577754567e-03
3.805986492102999327e-03
3.809706777187448889e-03
3.813231026883912456e-03
3.888589885799627246e-03
3.817767365564003670e-03
3.893054550746430625e-03
3.821861085386923842e-03
3.824671680667707935e-03
3.899856430779796105e-03
3.828270124969678206e-03
3.830743304522481185e-03
3.905835750844356604e-03
3.833844659083568418e-03
3.836024180464247223e-03
3.911036363376607997e-03
3.838693206497118676e-03
3.840618148508584406e-03
3.842515530857532318e-03
3.844313318927257677e-03
3.846016232004926400e-03
3.847630226279032291e-03
3.849159363055032652e-03
3.850608158672921746e-03
3.851980870788675182e-03
3.853281506206720271e-03
3.854513758447732953e-03
3.929245021533778713e-03
3.855671122485775180e-03
3.856703572973908291e-03
3.931401569100251465e-03
3.857681841177713813e-03
3.858608751134252803e-03
3.933277811355909322e-03
4.004670424405451859e-03
3.859685322712837208e-03
3.860442012657680413e-03
3.935083231162505614e-03
4.006447733020068042e-03
4.075128310781302512e-03
3.861882835414569195e-03
3.936495133547232225e-03
3.862252081232588844e-03
3.862937589233397199e-03
3.863661954803241250e-03
3.864348705348251683e-03
3.938930604234168117e-03
3.864702385161022675e-03
3.865259825443736596e-03
3.865862421404143642e-03
3.866433551520104175e-03
3.866974750295720104e-03
3.867487517479348616e-03
3.867973495663428081e-03
3.868433953601200289e-03
3.868870312741315431e-03
3.869283684616016059e-03
3.869675483124939298e-03
3.944176510878251787e-03
4.015399431040501260e-03
3.869535967367483762e-03
3.869775614763755305e-03
3.944275115480876288e-03
4.015496496053793003e-03
3.869624924124831240e-03
3.869859882720119021e-03
3.944358104904265201e-03
3.869763607008652566e-03
3.944260573140063834e-03
4.015480259122139635e-03
3.869545088415323516e-03
3.869784155869148128e-03
3.944283527669440077e-03
4.015504777791685694e-03
3.869632554906230360e-03
3.869867100162746945e-03
3.944365212893175335e-03
4.015585191764052021e-03
3.869706407844468801e-03
3.869937078243263374e-03
3.870294391747020491e-03
3.944786024632516118e-03
4.015999458942678263e-03
3.870086923649686261e-03
3.870297621956174470e-03
3.870636071960344583e-03
3.870957010365908176e-03
3.945438581941665759e-03
4.016641858529683591e-03
3.870676699665372492e-03
3.945157455549918452e-03
4.016361522195115684e-03
3.870298075313987566e-03
3.870497626320198049e-03
3.870825534372108242e-03
3.871136460674335766e-03
3.945615310897122689e-03
3.870936196519913358e-03
3.871166699981652172e-03
3.871459716827464845e-03
3.871737375978367025e-03
3.872001899706720932e-03
3.946467606775353430e-03
3.871730986516580975e-03
3.871919715041829708e-03
3.872174547864236979e-03
3.872415943290250309e-03
3.872644682496330024e-03
3.872861473754161780e-03
3.947314134800119362e-03
3.872520494063562586e-03
3.872669071605731785e-03
3.872884490304045243e-03
3.873088712947568395e-03
3.873282225643164337e-03
3.947728500099288544e-03
3.872906896831825995e-03
3.873035247925269223e-03
3.947485267699170700e-03
3.872679945924844495e-03
3.947132637122444110e-03
3.872281777594250695e-03
3.946740509194419932e-03
4.017921593469439209e-03
3.871786436912153483e-03
3.871907942220484313e-03
3.946375072970798037e-03
4.017563771104616828e-03
4.086068171378026345e-03
4.152291014940016033e-03
3.872381989483311086e-03
3.946833155686679112e-03
4.018008525321298610e-03
3.871721777282662123e-03
3.871846459366267215e-03
3.872105036166630272e-03
3.872350124822997522e-03
3.872582320298442998e-03
3.947039218955500708e-03
4.018217584220913977e-03
4.086711625547991694e-03
3.872357288814715515e-03
3.872395595156516348e-03
3.872625198735586347e-03
3.872843010837972826e-03
3.873049407036594904e-03
3.873244989468660731e-03
3.873430313244912403e-03
3.873605934807791955e-03
3.948047295460092691e-03
3.873204192591190708e-03
3.947648924773395664e-03
3.872763187080821741e-03
3.872899018615258600e-03
3.873102385288517031e-03
3.873295181423835713e-03
3.947741259212162422e-03
3.872918792617610368e-03
3.873046523054571224e-03
3.873242162322628260e-03
3.947689044585256379e-03
4.018857296858399653e-03
3.872710790933951708e-03
3.947160667231556369e-03
3.872248173646767547e-03
3.872410929726201149e-03
3.872639817294085910e-03
3.872856863383723931e-03
3.947309594415171138e-03
3.872516203416014394e-03
3.946971380399129370e-03
4.018148874528486986e-03
4.086642602850254664e-03
3.872233403272788959e-03
3.872278124742777137e-03
3.946739631741748647e-03
3.871984455860693133e-03
3.872161170140557725e-03
3.872403252585311564e-03
3.872632649150151585e-03
3.872850071012619994e-03
3.947302905152423255e-03
3.872510010281644474e-03
3.872659148200321456e-03
3.947114877138453715e-03
4.018292062504666071e-03
4.086784921814019637e-03
3.872423480082932881e-03
3.872458340581021348e-03
3.946917111894830514e-03
3.872150019551567814e-03
3.872318032710516181e-03
3.946778938862841382e-03
3.872021247335831300e-03
3.872195948613040267e-03
3.872436209155271161e-03
3.872663949462472333e-03
3.872879730873941308e-03
3.873084203021068435e-03
3.947533483094165831e-03
3.872725015554749801e-03
3.872862908254956840e-03
3.873068167165191755e-03
3.873262766308908835e-03
3.873447158586073007e-03
3.873621897394514003e-03
3.873787479476772152e-03
3.948226084397984254e-03
3.873370817978324075e-03
3.873474948909874302e-03
3.873648136651983501e-03
3.873812343639423689e-03
3.873967946200879229e-03
3.948403811789766987e-03
3.873536721169081390e-03
3.873632007104957364e-03
3.948072968520907958e-03
3.873228052565140002e-03
3.873339557659527879e-03
3.873519840670469182e-03
3.873690770616236567e-03
3.873852743655731724e-03
3.874006229265510373e-03
3.874151672371968589e-03
3.874289484132900380e-03
3.948720469488513352e-03
3.873832022654750702e-03
3.873911846461082064e-03
3.874062139664616409e-03
3.874204642594358816e-03
3.874339688850647178e-03
3.874467659024935680e-03
3.874588934549228359e-03
3.874703845758860257e-03
3.874812736176679994e-03
3.949235778984975208e-03
3.874312570206646204e-03
3.948740476944416315e-03
3.873781147741822001e-03
3.873863573713664209e-03
3.948301020099533563e-03
3.873440684709429042e-03
3.873541086652376123e-03
3.873710808496721655e-03
3.873871731414207931e-03
3.948309057457950397e-03
3.873448360281239559e-03
3.873548272630803011e-03
3.873717617779526366e-03
3.873878183885415879e-03
3.874030336439001319e-03
3.874174516366644949e-03
3.874311131161011813e-03
3.874440597665035780e-03
3.874563280530094519e-03
3.874679545992298912e-03
3.949104610405343614e-03
3.874190245530637067e-03
3.874251304300665392e-03
3.874383799729945368e-03
3.874509458486376408e-03
3.948937104931244703e-03
3.874034062298204080e-03
3.874103287636898943e-03
3.874243538979972937e-03
3.948675221722764729e-03
4.019828127635496386e-03
3.873602238464877914e-03
3.948038580884177633e-03
3.873066789930923286e-03
3.873186624233862334e-03
3.873374911499090790e-03
3.873553436210660107e-03
3.873722605788456740e-03
3.873882910639654762e-03
3.948320066992214682e-03
3.873458563258766647e-03
3.873558002353288607e-03
3.873726837724823617e-03
3.873886920699528332e-03
3.874038615449275098e-03
3.874182361570401110e-03
3.874318565296415873e-03
3.874447642271604871e-03
3.874569956023198123e-03
3.874685871728155914e-03
3.874795703907198477e-03
3.874899781457967138e-03
3.874998405956794380e-03
3.949418630638087437e-03
4.020559967999435755e-03
4.089016866296892733e-03
4.155192310803246247e-03
3.874966996477826556e-03
3.874821460682004344e-03
3.874923879323806213e-03
3.949345235164032283e-03
3.874414623814646276e-03
3.874463935287663589e-03
3.948892269208955329e-03
4.020041795091584824e-03
3.873798355808908724e-03
3.873815669079956874e-03
3.873970920356531022e-03
3.948406740792306628e-03
3.873539479217903703e-03
3.873634594994357968e-03
3.873799416519615058e-03
3.948237840241126083e-03
3.873381934699423722e-03
3.873485338094335376e-03
3.947928525886490458e-03
3.873093344176990055e-03
3.873211925160338631e-03
3.873398886760979869e-03
3.873576155070545049e-03
3.873744134131946581e-03
3.873903310885642472e-03
3.948340157580056478e-03
3.873477173582725620e-03
3.873575755135796970e-03
3.948017570434417430e-03
4.019180707878096219e-03
3.873007693771353226e-03
3.947453061855815681e-03
3.872520751449434750e-03
3.872669222546366342e-03
3.872884633200513772e-03
3.873088848356382331e-03
3.873282353956433201e-03
3.947728626464767389e-03
3.872907014649672620e-03
3.873035359593447399e-03
3.873231583941868367e-03
3.873417610044584819e-03
3.873593897301379294e-03
3.948035440676673884e-03
4.019198302471569360e-03
3.873023975773326900e-03
3.873081863261170887e-03
3.947531172453850462e-03
3.872722691036682621e-03
3.872860711802995990e-03
3.947313380959015239e-03
4.018487477044243791e-03
3.872371218156322320e-03
3.872463382773303105e-03
3.872689450470230901e-03
3.872903892561379430e-03
3.873107101257716386e-03
3.873299650394075155e-03
3.947745660343829864e-03
4.018913031784254741e-03
4.087396052854316494e-03
3.872976229504173241e-03
3.872982090356995397e-03
3.873180953681928506e-03
3.947628765073750781e-03
4.018797955438195742e-03
3.872656311205739926e-03
3.872733539397604872e-03
3.872945496259168775e-03
3.947396881915859503e-03
3.872597643027348574e-03
3.872742196163245134e-03
3.872953780234630536e-03
3.947405040141792852e-03
3.872605229332113080e-03
3.872749405662799776e-03
3.872960612058949474e-03
3.873160847974515750e-03
3.873350580758599861e-03
3.873530380627639245e-03
3.947972888155608200e-03
3.873134807411095747e-03
3.873251211372210397e-03
3.873436114320295484e-03
3.947880052770806787e-03
3.873048228399674203e-03
3.873169173483440378e-03
3.873358375377679384e-03
3.873537766654399500e-03
3.947980162065739540e-03
3.873141590144651113e-03
3.873257639270892908e-03
3.873442205388613179e-03
3.873617203641919506e-03
3.948058393239420143e-03
3.873214547280900977e-03
3.873326771515017090e-03
3.873507715009738041e-03
3.873679280357780058e-03
3.873841855498147847e-03
3.873995911643728259e-03
3.948431352743819039e-03
3.873562405173002019e-03
3.873656345004458223e-03
3.873820026824898247e-03
3.873975226667583562e-03
3.874122294267995630e-03
3.874261645366981147e-03
3.874393704802665296e-03
3.874518844701373491e-03
3.948946348677467161e-03
4.020095035490459101e-03
3.873847301645231504e-03
3.873862071052511149e-03
3.874014890819668742e-03
3.874159879848209764e-03
3.874297261558128525e-03
3.874427454793142982e-03
3.874550826300772639e-03
3.874667744293749938e-03
3.874778526257698173e-03
3.949202088313691177e-03
4.020346795270327185e-03
4.088807097423374781e-03
3.874252327780867890e-03
3.874191251309225953e-03
3.874326741731013400e-03
3.948757161551721441e-03
4.019908792356627347e-03
3.873676293845319113e-03
3.873700027714951314e-03
3.948139953644278811e-03
3.873290444738480571e-03
3.947733867384478623e-03
3.872842432412184656e-03
3.872974072013236468e-03
3.947425020448903053e-03
3.872623757437364082e-03
3.872766978938274336e-03
3.872977264531345283e-03
3.947428167940648588e-03
3.872626795345032562e-03
3.872769843237808870e-03
3.872979978722288028e-03
3.873179199648785816e-03
3.873367970802158670e-03
3.873546859355478551e-03
3.873716373575549973e-03
3.873877004998998574e-03
3.874029219325726605e-03
3.874173457788307549e-03
3.874310128049434070e-03
3.948740800056214917e-03
4.019892685477369915e-03
3.873661526552782310e-03
3.948096968698067838e-03
4.019255285481328037e-03
3.872954999946897053e-03
3.873016373936167579e-03
3.873213512484364324e-03
3.947660829641957102e-03
4.018829521005207531e-03
3.872685279407467925e-03
3.872761003011382548e-03
3.947215182808056465e-03
4.018390805039168297e-03
3.872282336807136328e-03
3.872379170156939766e-03
3.872609687473651304e-03
3.872828312591696919e-03
3.873035478944799118e-03
3.947485498653115904e-03
4.018656918621229222e-03
4.087143997993068073e-03
4.153349559511501123e-03
4.217549931631805679e-03
3.874239013015211546e-03
3.874090823059294503e-03
3.874231463317662997e-03
3.874365103766026427e-03
3.874491742271546184e-03
3.874611755952334178e-03
3.949037849311315580e-03
3.874128003108985845e-03
3.874192306963979669e-03
3.874327893846688398e-03
3.874456481909137242e-03
3.948884932461477551e-03
3.873985400456685969e-03
3.948418272889172610e-03
4.019573248085097847e-03
3.873302958458787072e-03
3.873346211822874079e-03
3.873526055137498265e-03
3.947968628315882446e-03
3.873130828040978468e-03
3.947576673967168048e-03
4.018744747376663470e-03
4.087229032588275343e-03
3.872763643270474634e-03
3.872780596921644204e-03
3.872990019020735274e-03
3.873188713559227395e-03
3.873376986182908328e-03
3.873555402291656031e-03
3.873724468842589148e-03
3.948164030220267795e-03
3.873313091815917906e-03
3.947756169650930638e-03
4.018921448708125295e-03
3.872704491857669861e-03
3.872779125840004454e-03
3.872988693830961820e-03
3.873187457907279092e-03
3.873375796327262893e-03
3.947820650393524082e-03
4.018986854806519404e-03
3.872829716879327543e-03
3.872897898131896256e-03
3.873101242481505248e-03
3.873294098398584635e-03
3.873476858222380144e-03
3.873650040688727311e-03
3.873814148022107322e-03
3.873969656034204501e-03
3.874117015529093041e-03
3.874256643220720577e-03
3.948688127061261363e-03
3.873801827231098359e-03
3.873883265762303931e-03
3.874035056648260367e-03
3.874178989123293511e-03
3.874315369556637165e-03
3.948745962003979114e-03
3.873855750809166842e-03
3.948290592960052720e-03
3.873361590121256193e-03
3.873466046347625712e-03
3.947909526983137130e-03
4.019074345823242522e-03
3.872909953250085104e-03
3.872973940519903752e-03
3.873173300158545742e-03
3.947621227733079906e-03
3.872806835583864592e-03
3.872940446557769992e-03
3.947391905338801937e-03
4.018564779376944569e-03
3.872442119447949607e-03
3.946896074616798936e-03
4.018073082161940056e-03
4.086566805098669833e-03
4.152779676250608135e-03
3.872708939650928127e-03
3.872681810369606702e-03
3.872896377136585220e-03
3.873099979376637587e-03
3.947549019964428398e-03
3.872739492596388201e-03
3.947191279643342404e-03
3.872336431096212207e-03
3.946794333953181945e-03
3.871966206784801644e-03
3.872143794689063018e-03
3.872386775895685172e-03
3.872617038627571701e-03
3.872835278707785402e-03
3.873042080052837774e-03
3.873238046474640310e-03
3.873423734061398442e-03
3.873599700397274172e-03
3.873766445639218511e-03
3.873924453261262668e-03
3.874074181333654610e-03
3.874216053430821170e-03
3.948648153376446007e-03
3.873764557657151820e-03
3.948200783360311314e-03
3.873277852094321374e-03
3.873386664630419206e-03
3.947831350260520844e-03
4.018997385713598061e-03
4.087479068305202405e-03
4.153679245820872737e-03
3.873618814807058310e-03
3.873544046439768296e-03
3.873713403039297232e-03
3.873874189734549060e-03
3.874026551579107941e-03
3.874170929827336785e-03
3.874307732547095911e-03
3.948738440914591544e-03
3.873848737992663122e-03
3.873927728264984008e-03
3.874077189315387228e-03
3.874218903680239166e-03
3.948650960362370087e-03
3.873767185737548354e-03
3.873850421345372951e-03
3.948288067377883973e-03
3.873428584434499434e-03
3.947869912321062130e-03
3.872969347783280017e-03
3.873094346140474025e-03
3.873287469107976420e-03
3.873470576223798662e-03
3.947913991558887024e-03
3.873079877429565394e-03
3.873199165023655677e-03
3.873386795280417405e-03
3.947831482380675938e-03
3.873002929570136532e-03
3.947450717056600646e-03
3.872578395356495156e-03
3.872723868911846345e-03
3.872936413263972089e-03
3.873137917427071832e-03
3.873328851779260940e-03
3.873509790349160924e-03
3.947952610428836183e-03
3.873115895492567577e-03
3.873233292135896868e-03
3.873419134080690902e-03
3.947863330286250846e-03
4.019028870496713784e-03
4.087510055948959803e-03
3.873079327529744837e-03
3.873079776551686861e-03
3.947529114915809476e-03
3.872720710807655425e-03
3.947172782696146270e-03
3.872319176029358559e-03
3.872478336327150102e-03
3.872703687953661395e-03
3.872917384045216228e-03
3.947369196462891146e-03
3.872571824712549553e-03
3.872717731323352050e-03
3.872930597330771340e-03
3.873132406306258220e-03
3.873323629443592864e-03
3.873504841689435433e-03
3.873676557741090234e-03
3.873839275549598345e-03
3.873993466883744394e-03
3.948428945092940026e-03
3.873560206453365538e-03
3.873654216898239199e-03
3.948094841181415404e-03
3.873248448821284533e-03
3.873358886474425038e-03
3.947803993777348336e-03
3.872977208008226199e-03
3.873101877561418386e-03
3.947550885886825893e-03
4.018721285819254821e-03
3.872585788995435395e-03
3.872666758561757981e-03
3.872882215438040038e-03
3.873086557176312443e-03
3.873280182835970534e-03
3.947726488301784784e-03
4.018894158107064185e-03
3.872744652600470638e-03
3.872817247942121448e-03
3.873024818368309401e-03
3.873221689216947879e-03
3.873408233919405173e-03
3.873585012520780121e-03
3.873752527434569815e-03
3.873911264375472317e-03
3.948347990342881975e-03
3.873484527678934357e-03
3.873582677377223737e-03
3.873750219692744922e-03
3.873909077439908685e-03
3.874059611192194955e-03
3.874202257172890823e-03
3.874337418421208538e-03
3.874465507544474011e-03
3.874586895795996584e-03
3.874701913826719083e-03
3.874810905467687607e-03
3.949233976062966472e-03
4.020378186814447391e-03
3.874107375525826912e-03
3.874108420893409340e-03
3.874248321266226137e-03
3.874381078627436251e-03
3.948810673697351024e-03
4.019961471787746737e-03
3.873724696006712164e-03
3.873745862207176802e-03
3.873904771580855260e-03
3.874055530732238052e-03
3.874198390521433905e-03
3.948630758207824498e-03
4.019784355786158551e-03
3.873562035671577336e-03
3.873591752446084186e-03
3.873758737778052342e-03
3.873917149070814445e-03
3.874067259876122927e-03
3.874209494640740679e-03
3.948641694141233338e-03
3.873758535573785557e-03
3.948194852633199643e-03
4.019353305368318988e-03
4.087827946907444422e-03
3.873305322893234350e-03
3.873293818505578728e-03
3.947739907687370167e-03
4.018907362080117139e-03
3.872756546496469374e-03
3.947205728140850203e-03
3.872290169803910970e-03
3.872450746306651832e-03
3.946909636595383360e-03
4.018090014564659578e-03
3.872006245114384404e-03
3.872117535686050212e-03
3.872361758904111374e-03
3.872593341201152964e-03
3.872812823242161723e-03
3.947266222805139411e-03
3.872475755831084141e-03
3.872626732866125531e-03
3.872844370672358112e-03
3.873050695500339889e-03
3.947500484219688272e-03
3.872694259130483874e-03
3.872833747613017071e-03
3.873040534482547967e-03
3.947490477442855764e-03
4.018661819924529074e-03
3.872531388063244536e-03
3.872615107165829421e-03
3.872833262152963838e-03
3.873040168925417394e-03
3.947490117439259386e-03
3.872684591494807930e-03
3.872824586685062048e-03
3.947277804222056909e-03
3.872486473378637575e-03
3.872636883649476554e-03
3.872853989422290512e-03
3.873059810248902137e-03
3.873254847474918387e-03
3.947701537184262859e-03
3.872881742525913478e-03
3.873011412622374191e-03
3.947461794222329595e-03
3.872658054844636821e-03
3.872799475205132309e-03
3.873008058015725303e-03
3.947458493973516648e-03
3.872655067575260946e-03
3.947108136367253814e-03
3.872258956036715889e-03
3.872421190286192642e-03
3.872649564589872393e-03
3.947105442447362833e-03
3.872325856807328024e-03
3.872484686116340648e-03
3.872709736780430290e-03
3.872923116111108479e-03
3.947374841513935813e-03
3.872577089469675469e-03
3.872722719727975452e-03
3.872935324346194527e-03
3.873136885579365595e-03
3.947585365932052004e-03
4.018755231704080992e-03
3.872617093846672260e-03
3.872696368084127538e-03
3.947151529060713947e-03
3.872368638836650410e-03
3.872525236479762347e-03
3.946982997836689933e-03
3.872211568518137050e-03
3.946671368947567496e-03
3.871851582498960029e-03
3.872035122544621819e-03
3.872283819617087543e-03
3.872519515204401758e-03
3.872742864362927352e-03
3.872954507972829231e-03
3.873155063917941773e-03
3.947603268324816408e-03
3.872790110404767446e-03
3.947241128128735690e-03
3.872382923892282291e-03
3.872538656821895939e-03
3.872760902331230833e-03
3.872971600669804487e-03
3.947422590062240298e-03
3.872621580997202308e-03
3.872764914403407487e-03
3.872975308173336531e-03
3.873174773878349918e-03
3.873363776942579609e-03
3.873542885272456687e-03
3.873712607743699625e-03
3.948152349164900030e-03
3.873302146397273119e-03
3.873409790344316001e-03
3.873586392757916511e-03
3.948028050043943943e-03
3.873186248847380452e-03
3.947631253279127762e-03
3.872746715091492792e-03
3.872883399202317178e-03
3.947335723958968028e-03
4.018509472324873627e-03
3.872391380226841966e-03
3.872482513737572022e-03
3.946940919328495619e-03
4.018120808713226619e-03
3.872034385541872192e-03
3.872144245244551336e-03
3.872387104807969733e-03
3.946846965102717743e-03
3.872084749852315252e-03
3.872256251440042533e-03
3.946718094708387935e-03
3.871964489959685979e-03
3.946428041554125681e-03
4.017613991241912944e-03
3.871504090722732282e-03
3.871640364846437761e-03
3.946111559138050506e-03
3.871398901260415543e-03
3.945871040033706485e-03
4.017065659261597789e-03
3.871000645341618127e-03
3.871163333947217917e-03
3.871456418677183750e-03
3.871734290699622300e-03
3.946204065584709569e-03
4.017395430710403968e-03
4.085902502767134979e-03
3.871625676875437277e-03
3.871701090621824676e-03
3.871967179664748820e-03
3.872219483158515895e-03
3.872458541976372699e-03
3.946917320076207165e-03
3.872150460859616512e-03
3.872318452106300341e-03
3.872552221909831682e-03
3.872773856317924916e-03
3.872983876038807016e-03
3.873182892830021908e-03
3.947630674797153634e-03
3.872815640698971679e-03
3.872948795018173445e-03
3.873149553504475102e-03
3.947597841554569692e-03
3.872785049434098858e-03
3.947236143985536835e-03
4.018409516681255636e-03
3.872234483919637441e-03
3.946691587964903762e-03
3.871810652464451226e-03
3.871996248969937493e-03
3.872246973598009265e-03
3.872484609244681002e-03
3.946942990797797264e-03
4.018122853380991580e-03
4.086618395694143445e-03
3.872272922021093543e-03
3.872315717465463214e-03
3.872549492460437316e-03
3.872771269768341892e-03
3.872981425017034320e-03
3.873180570263419324e-03
3.947628387486796890e-03
3.872813536620639974e-03
3.947264198669908457e-03
3.872404375847999722e-03
3.872559046629510827e-03
3.872780220577165620e-03
3.947234115047132397e-03
