1.334479712866554050e-04
1.710450689204619072e-04
2.941684390562148126e-04
4.108253275275460165e-04
5.318435395633746079e-04
7.574600377183394670e-04
9.432936267382837714e-04
1.116827584438624156e-03
1.235067871605390142e-03
1.350612735273070460e-03
1.453587226526287203e-03
1.594056192055210005e-03
1.704435047079801450e-03
1.797833326984583490e-03
1.904890161182553644e-03
2.009074918742330060e-03
2.110690358303664218e-03
2.105823634086480094e-03
2.207898763494297971e-03
2.307029541663919384e-03
2.403569795704025170e-03
2.497767158955158193e-03
2.589798684414222271e-03
2.679792811079874121e-03
2.767844798977989011e-03
2.854027113479658696e-03
2.599975401038116807e-03
2.694158698810109921e-03
2.708929895028194465e-03
2.801397300771734517e-03
2.890789521707782823e-03
2.977553277649831048e-03
2.875699092494764676e-03
2.965539219728846338e-03
3.052272567751983853e-03
3.136368222628550199e-03
3.218148043444792571e-03
3.297836290176750420e-03
3.375591305720096209e-03
3.099065140993036930e-03
3.185409573173030896e-03
3.268605830583728913e-03
3.349153295537252769e-03
3.427392982399922287e-03
3.503561805628463335e-03
3.577826066913189062e-03
3.650304606843327807e-03
3.721084617500854640e-03
3.790232127069826599e-03
3.857799290968689111e-03
3.350938895639616645e-03
3.433371764134534026e-03
3.512612736541277213e-03
3.408700402191196330e-03
3.490249919099675229e-03
3.446872582780919573e-03
3.527836004817826599e-03
3.605588266604340449e-03
3.680674031794246587e-03
3.505982147931652106e-03
3.586032315414219764e-03
3.662862780223877929e-03
3.737024959681213652e-03
3.556630503945161503e-03
3.635902743666665458e-03
3.711947217418536896e-03
3.785321178277799119e-03
3.600137100373320548e-03
3.678742376595064631e-03
3.754112734527066328e-03
3.629777611998598764e-03
3.642729974807998143e-03
3.720689556635136969e-03
3.795405569943100486e-03
3.867446243886384690e-03
3.937197216347502332e-03
4.004923859039755639e-03
4.070810931817090729e-03
3.694839535071356689e-03
3.771991739189605505e-03
3.845895624895922984e-03
3.917124263618376387e-03
3.986066498391673332e-03
4.052989744280964882e-03
4.118080131142309343e-03
4.181469213469938932e-03
4.243252267969730915e-03
4.303500513220738510e-03
4.362269456073897614e-03
3.759514700653822546e-03
3.765279276089073760e-03
3.841368088041897944e-03
3.773755502502075272e-03
3.849712574555652547e-03
3.781465010769463793e-03
3.786406779751187203e-03
3.862173713910285050e-03
3.793145348497649946e-03
3.868807047093154611e-03
3.799260254313964035e-03
3.803261779255118387e-03
3.878772191473594741e-03
3.951014326831492514e-03
3.810438077545581260e-03
3.885834441112079058e-03
3.815072010914311636e-03
3.890400191496518317e-03
3.962459040910794490e-03
4.031836321908017183e-03
4.098930310598112095e-03
4.164014600862015261e-03
4.227279289173995099e-03
3.829873442121876567e-03
3.904967700899041137e-03
3.832744760716216489e-03
3.907804082282270372e-03
3.979591614471768811e-03
4.048696807413708874e-03
4.115519411466688621e-03
3.839571377347545094e-03
3.914520965347439464e-03
3.841721168960550610e-03
3.843486365473754249e-03
3.918385144028195544e-03
3.845544932363748926e-03
3.920409728695123906e-03
3.847363651598475608e-03
3.848832341816849079e-03
3.923649903220261144e-03
3.995192458845490090e-03
4.064051503352874954e-03
4.130628208563804152e-03
4.195197743793880121e-03
4.257951242740667247e-03
4.319023745206962070e-03
3.858564473673833754e-03
3.933221526624031475e-03
4.004606050979945923e-03
4.073309354094035127e-03
4.139732316680209967e-03
4.204150030051252533e-03
4.266753635876210059e-03
4.327677975988952243e-03
4.387020428894275285e-03
4.444853632509889428e-03
4.501234022665908004e-03
4.556207536979893329e-03
4.609813723559668709e-03
4.662087989759955073e-03
4.713063244146189351e-03
4.901683979562109807e-03
4.972710235747004361e-03
5.045081860319059787e-03
5.114780146236333133e-03
5.182831268931609343e-03
5.224687056272180920e-03
5.292723224983094700e-03
5.359035779459070913e-03
5.424005242975495598e-03
5.429076455638240373e-03
5.500047568381532040e-03
5.565540910404369844e-03
5.629198831178877649e-03
5.691446260943335694e-03
5.752554291557248831e-03
5.812693689443960109e-03
5.871968998887885580e-03
5.775282867176469159e-03
5.838242250136816205e-03
5.899262962337122919e-03
5.891594362569626230e-03
5.953483188845170269e-03
5.971448578916365227e-03
6.032600119648560098e-03
6.091743260640374025e-03
6.071741090751662552e-03
6.131966565973510225e-03
6.190150513474270214e-03
6.246799928356122807e-03
6.186779299726791019e-03
6.245944999309735457e-03
6.303031997628962685e-03
6.269745000377713665e-03
6.328146515816488252e-03
6.384443017188210986e-03
6.439166993151955280e-03
6.492657272179447152e-03
6.545126979556985941e-03
6.596706959078335770e-03
6.647474756552819095e-03
6.697473913701836208e-03
6.746726928855507031e-03
6.795243805839978370e-03
6.843027760444729546e-03
6.511034306578136754e-03
6.540278009400090145e-03
6.596207989962044396e-03
6.649948873663674535e-03
6.702066539486043958e-03
6.609272019104070993e-03
6.635121736095111848e-03
6.660158442623587312e-03
6.714973175315693335e-03
6.767567726165616727e-03
6.706647431015491136e-03
6.729125085648920111e-03
6.783298789808682970e-03
6.760644276620208191e-03
6.814523153970413957e-03
6.790418047177454973e-03
6.844020362550936459e-03
6.895370864896221107e-03
6.945061298927545680e-03
6.836119853239900485e-03
6.889298944294033888e-03
6.940215575641686674e-03
6.989465876691055082e-03
7.037429392959472681e-03
7.084344808148523159e-03
6.893947989288680585e-03
6.946596867610523550e-03
6.996968903798201321e-03
7.045666119897492884e-03
7.093071647025861112e-03
7.139426401557822516e-03
7.184878371442674806e-03
7.229516038625674774e-03
6.959229374741989112e-03
6.972852297986009001e-03
6.986188565377081036e-03
6.999086625694946225e-03
7.011560531436835525e-03
7.063128747403383222e-03
7.112390180275547646e-03
7.159959135460137493e-03
7.206226616414603860e-03
7.251438197598040168e-03
7.047212618716389501e-03
7.098449514234171469e-03
7.061451002561774416e-03
7.112559188544291360e-03
7.161349617808801526e-03
7.208441210682221129e-03
7.254227403140564578e-03
7.298956001969838896e-03
7.090799104322181162e-03
7.141635564831220334e-03
7.102730405981944918e-03
7.111675065551411982e-03
7.162320946107005037e-03
7.122681999327585591e-03
7.173222265904400860e-03
7.133089529524981598e-03
7.183531955625600297e-03
7.231641497190514911e-03
7.145195010328979877e-03
7.195523435727778187e-03
7.154408519177846669e-03
7.204652163411105585e-03
7.252558874254562069e-03
7.165027517544097016e-03
7.215171215415769682e-03
7.262976370306304698e-03
7.174867699780504947e-03
7.181417514952286377e-03
7.231411804890795596e-03
7.279062937103523458e-03
7.190191613301060401e-03
7.196241426805909114e-03
7.246097408431814366e-03
7.202907510718145438e-03
7.252699036578049221e-03
7.209194882919384671e-03
7.258927631527402509e-03
7.306312676554109313e-03
7.351981240672732232e-03
7.217182723212698867e-03
7.266841072120036084e-03
7.314150775729993427e-03
7.359743460470602808e-03
7.404021456739646317e-03
7.225728000055053890e-03
7.275310592689691706e-03
7.230712967998972028e-03
7.280252557492168826e-03
7.327438967191180798e-03
7.372905629150093912e-03
7.236751584854357253e-03
7.286233797083554141e-03
7.333362485753024129e-03
7.378771275555606225e-03
7.422863642016048862e-03
7.465893332046310074e-03
7.244481557428291557e-03
7.293896218445374870e-03
7.248440473157054427e-03
7.252574848911136178e-03
7.301918217283067530e-03
7.256285398172618480e-03
7.305590869143907713e-03
7.259775488695015440e-03
7.263559610437056967e-03
7.312796982303066025e-03
7.266735683797498520e-03
7.315940613167890537e-03
7.362785265064326554e-03
7.407906164302218224e-03
7.451708589775877904e-03
7.494447455713966998e-03
7.270916337587952916e-03
7.320084214646201126e-03
7.366891797505225464e-03
7.411975528209175518e-03
7.455740624622032679e-03
7.498441957017436439e-03
7.540236631848153299e-03
7.275422012798801220e-03
7.278519712618313972e-03
7.281689841283025925e-03
7.284766322702074942e-03
7.333814952115479471e-03
7.286809235185869038e-03
7.335835130887838514e-03
7.288718762330024213e-03
7.337725475833595419e-03
7.384366631115057630e-03
7.289917943651244743e-03
7.292674635175638506e-03
7.341644841979145727e-03
7.388248261070714563e-03
7.433124162784838715e-03
7.476679381520027340e-03
7.519169972809357401e-03
7.293699626603139877e-03
7.342659211000069491e-03
7.295135244679298858e-03
7.344085176289648006e-03
7.390667841938209325e-03
7.435522623163077528e-03
7.479056433060553115e-03
7.521525294873543377e-03
7.563086963735477820e-03
7.296382808665512719e-03
7.298794097961057610e-03
7.301301372969267942e-03
7.350199907628125404e-03
7.396728543600095476e-03
7.301617332293419173e-03
7.350507826417439737e-03
7.397030042403589072e-03
7.441823753421756595e-03
7.485296130296848621e-03
7.527703428609320950e-03
7.301395299412521273e-03
7.350288923133324083e-03
7.396814812469036313e-03
7.301533996438639741e-03
7.350428276289064540e-03
7.396953742349923235e-03
7.441750388303441932e-03
7.301244262214718825e-03
7.350139586487395432e-03
7.396666716742723857e-03
7.441465418957415173e-03
7.484942746262628586e-03
7.527354910193663484e-03
7.568859593893299820e-03
7.609551283024480577e-03
7.649484184201089075e-03
7.688687599729121004e-03
7.727176248335214034e-03
7.764956694210674998e-03
7.802031555486741744e-03
7.838402304759059525e-03
7.874070715366162515e-03
7.909039652240086246e-03
7.943313577382172044e-03
7.976898602711859215e-03
7.324696135906294363e-03
7.325853176682091059e-03
7.327262604698260400e-03
7.375970026078820449e-03
7.422294177422609010e-03
7.466879811692455488e-03
7.324312942743576270e-03
7.373033507989771966e-03
7.323957369898916915e-03
7.325474459444351709e-03
7.374178901015215025e-03
7.420503693339235152e-03
7.465092598199505984e-03
7.508355184757889954e-03
7.550549322281564432e-03
7.591833747833798447e-03
7.632303486829521144e-03
7.672013268814639048e-03
7.710992749079544767e-03
7.324143056495438509e-03
7.372857133862538263e-03
7.419194341542248092e-03
7.322368128284671186e-03
7.323915416065269329e-03
7.372631205109980365e-03
7.418968164545486355e-03
7.463569794076141406e-03
7.506845496065476728e-03
7.549053030279536704e-03
7.590351068672378937e-03
7.320775579179544454e-03
7.369511957451065076e-03
7.415873240206406758e-03
7.460501486627386415e-03
7.503805218154828080e-03
7.546041561486980034e-03
7.587368914284508062e-03
7.627881941780640870e-03
7.667635248003321774e-03
7.706658285955549081e-03
7.744965951258278233e-03
7.782564839720070016e-03
7.323197957099053697e-03
7.324520498306293093e-03
7.373242222188267254e-03
7.419583087854760353e-03
7.464187101169954090e-03
7.321925594583608872e-03
7.323456188834160004e-03
7.372176784111965711e-03
7.418518546368507542e-03
7.463124961098045566e-03
7.321070167435668463e-03
7.369802739874523577e-03
7.320996665920061902e-03
7.369728813858615786e-03
7.321016939722863395e-03
7.369745028829867775e-03
7.416097711849327714e-03
7.460717425944677489e-03
7.504012892595435073e-03
7.546241294977854182e-03
7.587561296284011693e-03
7.628067522870447988e-03
7.667814605447590727e-03
7.706832016514021319e-03
7.745134604450447900e-03
7.782728983220106936e-03
7.323748825839098212e-03
7.372464215184176481e-03
7.418803390563589138e-03
7.463408717739969389e-03
7.321037379503124963e-03
7.369777513919695960e-03
7.320918047063317696e-03
7.369657388156590147e-03
7.416019630894024779e-03
7.460647609586281565e-03
7.503950346429352769e-03
7.318212561590560668e-03
7.319882008013980750e-03
7.368626348111148930e-03
7.414994136786480852e-03
7.459628119394297666e-03
7.502937262990153414e-03
7.545178986194451230e-03
7.586511874060507775e-03
7.627030705061403279e-03
7.317927600331990828e-03
7.366686037296264929e-03
7.317937227286464875e-03
7.366698203204402606e-03
7.413083692949688948e-03
7.457735975033378747e-03
7.501063779154623287e-03
7.315614851433041924e-03
7.317387875479640022e-03
7.366150981944550105e-03
7.412538747041726855e-03
7.316477761671913091e-03
7.318301329595178553e-03
7.367050094347658146e-03
7.413424326297601841e-03
7.458066198967727017e-03
7.501384313733982200e-03
7.543635853733613242e-03
7.584979250654337937e-03
7.316229491550898557e-03
7.364994264120073610e-03
7.316405518181584230e-03
7.365171659626858561e-03
7.411564123954657128e-03
7.315557158887788652e-03
7.364326820118704750e-03
7.410724049937577988e-03
7.455390190409482559e-03
7.498733371095380601e-03
7.541010435755337964e-03
7.582379522041826636e-03
7.622935351973692333e-03
7.662732336166894892e-03
7.701799899498387725e-03
7.740152847760434045e-03
7.317880518594733694e-03
7.319451750431842790e-03
7.368205555116752112e-03
7.414581973837978957e-03
7.459223953399349120e-03
7.502540589820597995e-03
7.316951272421511054e-03
7.365718678883513039e-03
7.412112127189616692e-03
7.456773291208779186e-03
7.315081083865149388e-03
7.363863508511550582e-03
7.410272484466760845e-03
7.454949542149767565e-03
7.498302931121440459e-03
7.540589508848265059e-03
7.581967600819830740e-03
7.622531890175647702e-03
7.662336817861526393e-03
7.314668529268295721e-03
7.363459043212500568e-03
7.409876337713875230e-03
7.454561724895730421e-03
7.497923270497709389e-03
7.540217732328556403e-03
7.581603384996788049e-03
7.622174802779474630e-03
7.661986448772518249e-03
7.701067787150983959e-03
7.739433614271189026e-03
7.777090533707170864e-03
7.318399788126989623e-03
7.319881267048490396e-03
7.368645246025841249e-03
7.415029416088497055e-03
7.318591395496563609e-03
7.320260916861482878e-03
7.321970799459684778e-03
7.370700688550113622e-03
7.321952254513452475e-03
7.370675793723789095e-03
7.417023056238862544e-03
7.320647422906094264e-03
7.369377434281754527e-03
7.415732718513209400e-03
7.460355453628254863e-03
7.503654194303847544e-03
7.545886100060373962e-03
7.587209592907902603e-03
7.627719343725817593e-03
7.667469954046219303e-03
7.706490866403149613e-03
7.320441936575989954e-03
7.369180661699761305e-03
7.415544865498271618e-03
7.460176370935439269e-03
7.503483546478072024e-03
7.545723419177438260e-03
7.317425944936958339e-03
7.366192981564316511e-03
7.412585495195202732e-03
7.457245279991789669e-03
7.500580752077040149e-03
7.542848998913139272e-03
7.584208155392210653e-03
7.624753124932466021e-03
7.664538314867671252e-03
7.316424355360291731e-03
7.365204262648078828e-03
7.411609664501283418e-03
7.315244502740072922e-03
7.364035499427654292e-03
7.315474572312059484e-03
7.317322074778622766e-03
7.319166100136147851e-03
7.367913279010446931e-03
7.414284679763383755e-03
7.458922825358597214e-03
7.502236540644477772e-03
7.544483152726094190e-03
7.316677823879519892e-03
7.365441450244914617e-03
7.411832429982341541e-03
7.315662014757330460e-03
7.364435368773328619e-03
7.410835490284540562e-03
7.455503931179138614e-03
7.314043421268413489e-03
7.315919883069208624e-03
7.364690123851848173e-03
7.411086424626258523e-03
7.315166476271912216e-03
7.363937593972449437e-03
7.410336718192225315e-03
7.455005065470023291e-03
7.498350685087853615e-03
7.313271829793745529e-03
7.315165735840085254e-03
7.363939388742868526e-03
7.315617816907004668e-03
7.364382905689218980e-03
7.316021464033213573e-03
7.364780781997597343e-03
7.411168203985756334e-03
7.455825064144056512e-03
7.499159425447232165e-03
7.541428123486172003e-03
7.314086026282726020e-03
7.315942566573176153e-03
7.317896627353024513e-03
7.366641024237132428e-03
7.318236186724953740e-03
7.366973471142356650e-03
7.318529885581578388e-03
7.367262819979938406e-03
7.318819204250236361e-03
7.367548012823376714e-03
7.413905132445876463e-03
7.317935848785085858e-03
7.319779602174769466e-03
7.368499724085413732e-03
7.414847512516871408e-03
7.459464658365184270e-03
7.502759405572599280e-03
7.544988772503645989e-03
7.586310938708247173e-03
7.317740373666529671e-03
7.366480485319378338e-03
7.412850172603209845e-03
7.457490192208249095e-03
7.500808232579619060e-03
7.315532573893561603e-03
7.364296668081739446e-03
7.410689803881149833e-03
7.455352867068379061e-03
7.313960788159543265e-03
7.315866732706452664e-03
7.317825440530009197e-03
7.366570030609093621e-03
7.318171614748607105e-03
7.366909083414750412e-03
7.413274542372981675e-03
7.317309816512551288e-03
7.366052760230715722e-03
7.412424635508557159e-03
7.457066570879297869e-03
7.500386447400460808e-03
7.542640992746103834e-03
7.583988345793007783e-03
7.624522992127985566e-03
7.664299404607486689e-03
7.703346987033675951e-03
7.741680435747331362e-03
7.779306316459154609e-03
7.321192887029761079e-03
7.369921665759417845e-03
7.416276467375504042e-03
7.460898960854617755e-03
7.318812232731682944e-03
7.367564562861732107e-03
7.413941940915255713e-03
7.458586449017768835e-03
7.501906626093554631e-03
7.544159611589217572e-03
7.585503723752026577e-03
7.626033810900239261e-03
7.665804368814773881e-03
7.317687350196590279e-03
7.319280315043022976e-03
7.321030643421391759e-03
7.369767267377752909e-03
7.416126626088910198e-03
7.460751686387244626e-03
7.318922831940835073e-03
7.367670026832635714e-03
7.318992684408720528e-03
7.320757298971205217e-03
7.369486140564737546e-03
7.415839478925221120e-03
7.460459853612533970e-03
7.503756053113539055e-03
7.545985441553983326e-03
7.587306435196810271e-03
7.318304521972868876e-03
7.367052156459801514e-03
7.413427121632476004e-03
7.458070771461029411e-03
7.501391176493271869e-03
7.315878774806480744e-03
7.364649595415683793e-03
7.411047759203964053e-03
7.455714569614296273e-03
7.314170753217392150e-03
7.362956287175752290e-03
7.409369441070431765e-03
7.313399382706426387e-03
7.362190673755722448e-03
7.408609676873979637e-03
7.453297627344697245e-03
7.496662587230301135e-03
7.538961294254422317e-03
7.580351995738018010e-03
7.620929322178042302e-03
7.312530809202145640e-03
7.361332906694226588e-03
7.407763450027203371e-03
7.311757185635985208e-03
7.360568089866592091e-03
7.407006270347776984e-03
7.451713052350036198e-03
7.495096515862539888e-03
7.537413433462906813e-03
7.578822086704971144e-03
7.310430567457660428e-03
7.312334738611064866e-03
7.361144680586859460e-03
7.407580273007070490e-03
7.311771827422156728e-03
7.360579909461828670e-03
7.407015713686513833e-03
7.451720451127081223e-03
7.495102128541751042e-03
7.310160466433928382e-03
7.358980646344511975e-03
7.405429865930579676e-03
7.450148837091095412e-03
7.493545245850863866e-03
7.535875612798767498e-03
7.308698937929954814e-03
7.310695558329280246e-03
7.359516383166342379e-03
7.405963897960926752e-03
7.450679701976667749e-03
7.309603710120903507e-03
7.358427768012694090e-03
7.310208747710988074e-03
7.359027667289450882e-03
7.310862765971393520e-03
7.359673161681082321e-03
7.311499662475071278e-03
7.313561691667759199e-03
7.362344966906150465e-03
7.408756235392624512e-03
7.313047098798332833e-03
7.361830330810399670e-03
7.408243240522166539e-03
7.452926544932669643e-03
7.496287974095753627e-03
7.311466027734149151e-03
7.360263938539161888e-03
7.312003741905873620e-03
7.360799197453808847e-03
7.407223751166811150e-03
7.311557890499951334e-03
7.360354816110085269e-03
7.406781725644085920e-03
7.311117240010178188e-03
7.313172553773210176e-03
7.361955902119243778e-03
7.408367912647865171e-03
7.312715226024145594e-03
7.361498525452003262e-03
7.407912071603633616e-03
7.452596423855294312e-03
7.495959211383178278e-03
7.538257016833212372e-03
7.579647647560470644e-03
7.620225781478118764e-03
7.660045667060150047e-03
7.313140747868969102e-03
7.361930591056147638e-03
7.408350012086991308e-03
7.312365136147560597e-03
7.314331656912013806e-03
7.363114953016439666e-03
7.409524894638180176e-03
7.454203179530385741e-03
7.312966303229195830e-03
7.314899445462850341e-03
7.363674336887641655e-03
7.315372992692474770e-03
7.317310490304680150e-03
7.366058905691225123e-03
7.412434577752535780e-03
7.457079186179769656e-03
7.500401016492673836e-03
7.542657048215879560e-03
7.315271649862729528e-03
7.317093093515625139e-03
7.365846312702933538e-03
7.412226364146184618e-03
7.456875029847194990e-03
7.500200660833822829e-03
7.315117589292517881e-03
7.363884469730411046e-03
7.410280649292996097e-03
7.314334218110779898e-03
7.316265257627701905e-03
7.365024426620109428e-03
7.411410875598667576e-03
7.456066244548303391e-03
7.499398793727999994e-03
7.314397197701388506e-03
7.363169363430130746e-03
7.409571233465843225e-03
7.313674938098615325e-03
7.362455107902642938e-03
7.408864372875675029e-03
7.453543620384474669e-03
7.496900689414314617e-03
7.311994492728689926e-03
7.313945385109986083e-03
7.315971199259872597e-03
7.364731927452217684e-03
7.316418289829301931e-03
7.318337867369162017e-03
7.367073239038792257e-03
7.413436238831039825e-03
7.317527280267225112e-03
7.366265920860301519e-03
7.412633835192484685e-03
7.457272068974185771e-03
7.500588452284116282e-03
7.542839593853065648e-03
7.315449468868026779e-03
7.364209700828612190e-03
7.410599967004133370e-03
7.455260866224278082e-03
7.498599987000591389e-03
7.540873856154984602e-03
7.582240481259404363e-03
7.622794270414795167e-03
7.314351375708117581e-03
7.316138712614566990e-03
7.364907997856257223e-03
7.411303121656943362e-03
7.455966048174737272e-03
7.499305307783408515e-03
7.314171421034760395e-03
7.316025572085965711e-03
7.364793665096403853e-03
7.411187960918736578e-03
7.455850357592634300e-03
7.499189313875017845e-03
7.541461889668261108e-03
7.582826361619125245e-03
7.623377538161490823e-03
7.663169885186677487e-03
7.315741621612702889e-03
7.364514961741952526e-03
7.315880851828860353e-03
7.317741724994217441e-03
7.366499441242692001e-03
7.412882101355888070e-03
7.457531995931257485e-03
7.500857801374929620e-03
7.315567796319731760e-03
7.364338681313331927e-03
7.410737440750344782e-03
7.455405231228616134e-03
7.498750061760316686e-03
7.313507956980226307e-03
7.362297644712702781e-03
7.313871740702140682e-03
7.362659422108792928e-03
7.314321925301917916e-03
7.316273191018327765e-03
7.365035674907807403e-03
7.411424867950839462e-03
7.456082557963285111e-03
7.314770677442039050e-03
7.363541419924256315e-03
7.315148513416806081e-03
7.363916882845607248e-03
7.315582852356128547e-03
7.364345286633504697e-03
7.410736068573266222e-03
7.455396455358498722e-03
7.314147457710978503e-03
7.362920456229548292e-03
7.409323215882179965e-03
7.453996409105739795e-03
7.497347736038472051e-03
7.539633763367132972e-03
7.581012448765203637e-03
7.621578396083624612e-03
7.313309943372548957e-03
7.315135422130533173e-03
7.317092368639965642e-03
7.365849368459384365e-03
7.412232566012070915e-03
7.456883907381241412e-03
7.500211848690553282e-03
7.542473479844925138e-03
7.314987119709186365e-03
7.363759368542957540e-03
7.410160477593880080e-03
7.454831290073093454e-03
7.313400063931461102e-03
7.362187980921098759e-03
7.313818241139654827e-03
7.315789167712778186e-03
7.317747680676214492e-03
7.366493616892514501e-03
7.318093703958487330e-03
7.319952760340048097e-03
7.368674561367064349e-03
7.415023444702568793e-03
7.459641257461945354e-03
7.502936343845570920e-03
7.545165785811227231e-03
7.317626057795655233e-03
7.366367411416731813e-03
7.412738162356997083e-03
7.457379143802136089e-03
7.500698093901714616e-03
7.542951635678665084e-03
7.584297838632080707e-03
7.624831144898187515e-03
7.316173164375956890e-03
7.364936658131286326e-03
7.411328725173848934e-03
7.455990257221191408e-03
7.499329091319804040e-03
7.541601879750627589e-03
7.313919022483264705e-03
7.315740689509748172e-03
7.364515979176998461e-03
7.316118317166549895e-03
7.364884962451750602e-03
7.316456202157896153e-03
7.318339391402441801e-03
7.367082528254642777e-03
7.318637837157490264e-03
7.367373933875593153e-03
7.318894692721499354e-03
7.320725681387672996e-03
7.369440777346154998e-03
7.415782729228709638e-03
7.460393467837673175e-03
7.318903711646116902e-03
7.367631215413156416e-03
7.319103875933761702e-03
7.367831188358270854e-03
7.414186565898242889e-03
7.318191010879601839e-03
7.320022399145507258e-03
7.368741178803799724e-03
7.415087425911628775e-03
7.459702890589704760e-03
7.502995854603336165e-03
7.545223360850612619e-03
7.317720922161968095e-03
7.366459620720328116e-03
7.412827975208294631e-03
7.316766946408025454e-03
7.365517067579815252e-03
7.411895887745718892e-03
7.456544539688013742e-03
7.499870956196324004e-03
7.314783699905340331e-03
7.363551958527863282e-03
7.409949868845844105e-03
7.454618135052269376e-03
7.497964447247894293e-03
7.540245366885117879e-03
7.581618848104527617e-03
7.313185261968385177e-03
7.315036153176204814e-03
7.317002895003961969e-03
7.318916259659113618e-03
7.367652668174470322e-03
7.319194650876214257e-03
7.321012948775732464e-03
7.369726011464540309e-03
7.321210428146814747e-03
7.369918167911683297e-03
7.321367425918196177e-03
7.370072333189984365e-03
7.416404949445599970e-03
7.461007058156577179e-03
7.504286844612911497e-03
7.546501288792016940e-03
7.587808533715015465e-03
7.628303223850188726e-03
7.668039825073450291e-03
7.707047759306108296e-03
7.321458070775689435e-03
7.370174526419834976e-03
7.416518396864864304e-03
7.461131075254328997e-03
7.504420607566127978e-03
7.546643874069618348e-03
7.587958978967369525e-03
7.628460507626748897e-03
7.668202963165502047e-03
7.707215766906030767e-03
7.745513774242005454e-03
7.322344276722366971e-03
