1.426879599763971988e-02
1.427708195375109596e-02
1.655246399244139979e-02
1.826336328195841963e-02
1.428686372929490085e-02
1.427711669105020779e-02
1.427709786395701085e-02
1.427709782777995644e-02
1.427709782771036454e-02
1.427709782771023443e-02
1.427709782771022923e-02
1.427709782771022749e-02
1.427709782771023443e-02
1.427709782771023096e-02
1.427709782771023443e-02
1.655247596711828528e-02
1.428224184937943592e-02
1.427710776449212134e-02
1.427709784680367654e-02
1.427709782774695506e-02
1.655247596714596106e-02
1.428224184937949490e-02
1.427710776449212481e-02
1.655248346299388607e-02
1.428224186618485061e-02
1.427710776452446005e-02
1.427709784680373205e-02
1.427709782774695506e-02
1.427709782771031076e-02
1.427709782771022923e-02
1.427709782771022749e-02
1.427709782771023443e-02
1.427709782771023096e-02
1.427709782771023443e-02
1.427709782771023443e-02
1.427709782771023964e-02
1.427709782771023790e-02
1.427709782771023270e-02
1.427709782771023617e-02
1.427709782771022923e-02
1.427709782771022749e-02
1.427709782771023443e-02
1.427709782771023096e-02
1.655247596711829569e-02
1.826337231919539228e-02
1.980033398867834735e-02
1.434159872060082261e-02
1.433373165710986538e-02
1.433131979955837992e-02
1.432907194347110037e-02
1.432696902816580492e-02
1.432500363220536206e-02
1.432315695402706923e-02
1.432143014164056517e-02
1.667900342320521867e-02
1.432164440915274436e-02
1.431745601669691392e-02
1.431607547326190638e-02
1.431478079819198043e-02
1.431356243682747019e-02
1.431241542874787769e-02
1.431133668495750827e-02
1.431032459919850952e-02
1.430936881248600322e-02
1.430846841715047689e-02
1.430762015921240721e-02
1.430682371165733872e-02
1.430606860159539841e-02
1.430535629857522702e-02
1.430468399584327796e-02
1.430405258713291980e-02
1.430345546534155486e-02
1.430289149831530902e-02
1.430235944956173913e-02
1.430185377052772648e-02
1.430138336029276522e-02
1.430093547126053827e-02
1.430050711549710543e-02
1.430010964268888657e-02
1.429973050593192317e-02
1.429937352468193396e-02
1.429903003957040154e-02
1.429871010936853079e-02
1.429840665250101638e-02
1.429812065523939149e-02
1.429784984469751642e-02
1.661733129548182211e-02
1.430064949581586094e-02
1.429722556524396816e-02
1.429700344145556912e-02
1.429679160883882104e-02
1.429659382056163754e-02
1.429640303010633329e-02
1.429622378283162618e-02
1.429605418670791377e-02
1.429589530568502534e-02
1.429574133894053606e-02
1.429559836625163977e-02
1.429546509651802473e-02
1.429533510597218865e-02
1.429521334114711856e-02
1.429510070567664194e-02
1.429499086137579061e-02
1.660984037450514983e-02
1.429808153248196718e-02
1.429474718962358594e-02
1.429465359265482023e-02
1.429456768138476740e-02
1.429448583584288363e-02
1.660852492041055978e-02
1.429763030499031640e-02
1.429430869253512336e-02
1.429423795827547243e-02
1.429417527393355217e-02
1.429411352527469245e-02
1.429405362654311354e-02
1.660739746145858953e-02
1.836906388625906411e-02
1.971337891357302641e-02
1.430237896577278567e-02
1.429389241617700680e-02
1.429383626702100327e-02
1.429379613472032962e-02
1.429375502333991854e-02
1.429371538162120710e-02
1.429368080093085074e-02
1.429364526890441502e-02
1.429361417919900075e-02
1.660623815321085953e-02
1.836706191510058261e-02
1.429965139290839335e-02
1.429354195509754434e-02
1.429350695712702964e-02
1.429348241708725854e-02
1.429345869964299479e-02
1.429343421703696548e-02
1.429341607337023153e-02
1.429339453225350089e-02
1.429337472434718918e-02
1.429335637642829490e-02
1.429333913511418239e-02
1.429332446552521174e-02
1.660548012003204565e-02
1.429658565616523207e-02
1.429330121354132135e-02
1.429328026825536085e-02
1.429326906702117934e-02
1.429325549934845618e-02
1.429324065023147156e-02
1.429323170998896171e-02
1.429322100259219040e-02
1.660521079006022430e-02
1.429649138125919927e-02
1.429321309219247667e-02
1.429319754179199202e-02
1.429318371656648420e-02
1.429317820598626637e-02
1.429317025694947299e-02
1.429316216489793026e-02
1.429315601959783681e-02
1.429315006817210784e-02
1.429314287601374592e-02
1.429313834224369556e-02
1.429313087724050010e-02
1.429312624373609529e-02
1.429312103909439503e-02
1.429311523996300640e-02
1.429311067094119966e-02
1.429310667002846487e-02
1.429310144297783573e-02
1.429310017170466914e-02
1.429309582855073021e-02
1.429309363232400543e-02
1.660487327744341809e-02
1.429637761146000142e-02
1.429309826929030247e-02
1.429308751779767225e-02
1.429308523170261074e-02
1.429308224420328816e-02
1.429307936905401498e-02
1.429307676026019165e-02
1.429307384043831779e-02
1.429307145554739068e-02
1.429306916636750684e-02
1.429306697583723404e-02
1.660480869019108005e-02
1.429635560546193250e-02
1.429307550317838321e-02
1.429306905838160710e-02
1.660481421830924814e-02
1.429635663224728542e-02
1.660732914487134462e-02
1.429636694548776232e-02
1.660734857942145967e-02
1.429637279881227144e-02
1.429308856270911608e-02
1.429308146822456244e-02
1.429307864226165431e-02
1.429307605509914925e-02
1.429307317373431675e-02
1.429307081444900970e-02
1.429306855229096375e-02
1.429306638912046686e-02
1.429306432456629514e-02
1.429306235656308856e-02
1.429306004220627299e-02
1.429305825487427184e-02
1.429305699826923480e-02
1.429305538249138474e-02
1.429305384419186399e-02
1.429305238016894374e-02
1.429305098668069707e-02
1.429304966013431391e-02
1.429304839710106301e-02
1.660476033045868785e-02
1.429633952476087877e-02
1.429305965539610923e-02
1.429305390121474520e-02
1.660477446196577389e-02
1.429634434084474034e-02
1.429306389869166097e-02
1.429305792587796248e-02
1.429305668079987844e-02
1.429305508036665499e-02
1.429305355666507689e-02
1.429305210650888211e-02
1.429305072618341881e-02
1.429304941212660232e-02
1.660476292400177994e-02
1.429634046256635788e-02
1.429306006907242813e-02
1.429305472291580482e-02
1.660477658912880988e-02
1.429634511739515286e-02
1.429306460094250351e-02
1.429305859774222635e-02
1.429305687288759397e-02
1.429305568688834724e-02
1.429305413451675312e-02
1.660477507508483982e-02
1.429634457007738710e-02
1.429306410255468118e-02
1.429305812090506458e-02
1.429305686595939116e-02
1.429305525657277934e-02
1.429305372435779771e-02
1.429305226611492924e-02
1.429305087811349670e-02
1.660476668191301214e-02
1.429634091111115467e-02
1.429306131643415245e-02
1.429305591281659037e-02
1.429305434439977207e-02
1.429305285623331222e-02
1.429305143982947945e-02
1.660476812537282215e-02
1.429634090805996342e-02
1.429306179504525806e-02
1.429305636933973778e-02
1.429305477885495224e-02
1.429305326971104517e-02
1.429305183338754927e-02
1.429305046619125906e-02
1.429304916459156645e-02
1.429304792522533354e-02
1.429304674490121212e-02
1.429304562059925676e-02
1.429304454946755606e-02
1.429304352881671097e-02
1.429304301469047286e-02
1.429304210679521736e-02
1.429304124171106721e-02
1.429304041790888276e-02
1.429303963332143393e-02
1.660473739953436875e-02
1.429633458141273128e-02
1.429305186055539190e-02
1.429304645778587714e-02
1.429304534187001395e-02
1.429304428388398704e-02
1.429304327572370609e-02
1.429304277818485222e-02
1.429304188162700689e-02
1.429304102729885007e-02
1.429304021371195083e-02
1.429303943883109343e-02
1.429303870074019774e-02
1.429303799763496051e-02
1.429303732781501100e-02
1.429303668967669104e-02
1.429303620742263838e-02
1.429303564998010700e-02
1.429303512021404612e-02
1.429303461683139979e-02
1.429303413853240910e-02
1.429303368408296401e-02
1.429303325231100208e-02
1.429303284210303206e-02
1.429303208234279296e-02
1.429303219988319572e-02
1.429303230182236810e-02
1.429303197663844491e-02
1.660471714505437971e-02
1.429632360578007681e-02
1.429304521253856736e-02
1.429304015255996457e-02
1.429303937533440982e-02
1.429303864024850795e-02
1.429303794000841808e-02
1.429303727291507051e-02
1.429303663737253004e-02
1.429303615939878265e-02
1.429303560434913925e-02
1.660472718062100048e-02
1.429632703567256836e-02
1.429304836008894394e-02
1.429304310788084842e-02
1.429304261623060707e-02
1.429304172742444645e-02
1.660474265946902672e-02
1.429633256886396996e-02
1.429305363129192846e-02
1.429304815413527836e-02
1.429304695773655695e-02
1.429304582334126744e-02
1.429304474263549257e-02
1.429304371289339542e-02
1.429304318674391033e-02
1.429304227059521697e-02
1.429304139768166650e-02
1.660474182816616684e-02
1.429633218750746455e-02
1.429305335092518649e-02
1.429304788642087563e-02
1.429304670275311287e-02
1.660475601784022412e-02
1.429633878049054417e-02
1.429305821831606226e-02
1.429305253163979175e-02
1.429305112571374256e-02
1.660476731793212452e-02
1.429634195995527213e-02
1.429306153056954937e-02
1.429305611401252007e-02
1.429305453586723722e-02
1.429305303845720097e-02
1.660477224347780070e-02
1.429634423992800357e-02
1.429306316244106055e-02
1.429305722539822403e-02
1.429305601610471495e-02
1.429305444781102906e-02
1.429305295465895138e-02
1.429305153351474560e-02
1.429305018072439017e-02
1.429304889279266536e-02
1.429304766639321288e-02
1.429304649837171565e-02
1.660475549914983140e-02
1.429633850145087780e-02
1.429305804534325604e-02
1.429305236674126983e-02
1.429305096874891948e-02
1.429304964305589017e-02
1.429304838083885788e-02
1.429304717883519288e-02
1.429304603396122642e-02
1.660475432178693672e-02
1.429633785037599976e-02
1.429305765242829332e-02
1.429305199229615950e-02
1.429305061230936279e-02
1.429304930370304573e-02
1.660476264662550522e-02
1.429634034210043939e-02
1.429305997638166160e-02
1.429305463500783052e-02
1.429305312832543536e-02
1.429305169880918346e-02
1.429305033807927103e-02
1.429304904261475932e-02
1.429304780906898338e-02
1.429304663426712863e-02
1.429304551520563758e-02
1.429304444904852534e-02
1.660475031776887170e-02
1.429633500739654374e-02
1.429305631466559236e-02
1.429305071738582594e-02
1.429304939858974145e-02
1.429304814804530956e-02
1.429304695712243882e-02
1.429304582276296441e-02
1.429304474208451664e-02
1.660475105637455873e-02
1.429633477157469905e-02
1.429305656044475153e-02
1.429305095273238242e-02
1.429304962265611455e-02
1.429304836140733205e-02
1.429304716032888875e-02
1.429304601633283635e-02
1.429304492650775027e-02
1.429304388810681906e-02
1.429304289854148313e-02
1.429304242584447833e-02
1.429304154616031775e-02
1.429304070784285369e-02
1.429303990946420751e-02
1.429303914903658212e-02
1.429303842468811203e-02
1.429303773465559479e-02
1.660473267462911004e-02
1.429632984893855138e-02
1.429305025726068656e-02
1.429304492886671919e-02
1.429304388513137451e-02
1.429304289569897912e-02
1.660474641636560528e-02
1.836448892162783827e-02
1.429916928447221361e-02
1.429306255831349487e-02
1.429305322591565078e-02
1.429305178214416820e-02
1.429305041739802745e-02
1.429304911813523982e-02
1.429304788098604249e-02
1.429304670276534961e-02
1.429304558045948852e-02
1.429304451122257943e-02
1.429304349237104851e-02
1.429304298062939946e-02
1.429304207436748152e-02
1.660474353528513733e-02
1.429633229092321621e-02
1.660726454082692843e-02
1.429634387311428355e-02
1.429306143852786780e-02
1.429305602594540051e-02
1.429305445205603792e-02
1.429305295869246102e-02
1.429305153735394539e-02
1.429305018437923049e-02
1.660476490187887469e-02
1.429633930819976424e-02
1.429306072220651487e-02
1.429305534942820234e-02
1.429305380824177213e-02
1.429305234594717769e-02
1.429305095410538309e-02
1.429304962912125720e-02
1.429304836757016618e-02
1.429304716619828400e-02
1.429304602192381542e-02
1.429304493183444595e-02
1.429304389318260086e-02
1.429304290337892434e-02
1.429304243036238695e-02
1.429304155046199308e-02
1.429304071193932338e-02
1.429303991336573591e-02
1.429303915275285768e-02
1.429303842822820560e-02
1.429303773802806724e-02
1.429303708048986106e-02
1.429303645404490265e-02
1.429303599115767411e-02
1.429303544449164569e-02
1.429303492495779399e-02
1.429303443130299292e-02
1.429303396225305861e-02
1.429303351659797980e-02
1.660472195931790226e-02
1.429632606156705163e-02
1.429304655546321211e-02
1.429304186423814224e-02
1.429304100616156023e-02
1.429304019357538827e-02
1.429303941965144251e-02
1.429303868247032601e-02
1.429303798023047641e-02
1.429303731123405564e-02
1.429303667387971447e-02
1.429303619291728833e-02
1.429303563619751388e-02
1.429303510711768012e-02
1.429303460438744941e-02
1.429303412670874900e-02
1.429303367284907866e-02
1.660472234860880039e-02
1.429632635145861030e-02
1.429304669033732225e-02
1.429304199068025250e-02
1.429304112656315170e-02
1.429304030824180699e-02
1.429303952886805916e-02
1.429303878650576079e-02
1.429303807933775261e-02
1.429303740565172204e-02
1.429303676383288611e-02
1.429303627552831746e-02
1.429303571469245013e-02
1.429303518170442662e-02
1.429303467525870446e-02
1.429303419404746346e-02
1.429303373682895215e-02
1.429303330242397141e-02
1.660472142612698376e-02
1.429632549440836529e-02
1.429304637003566032e-02
1.429304169097151897e-02
1.429304084116909783e-02
1.429304003643892471e-02
1.660473840835599221e-02
1.429633099209404352e-02
1.429305219695291632e-02
1.429304678357342338e-02
1.429304565223850874e-02
1.429304457960639020e-02
1.429304355753743296e-02
1.429304304153300800e-02
1.660474598391875611e-02
1.429633540158158946e-02
1.429305475330444435e-02
1.429304922349353309e-02
1.429304797613752988e-02
1.429304679338564213e-02
1.429304566678652258e-02
1.429304459347425713e-02
1.429304357075274028e-02
1.429304305388439875e-02
1.429304214410942117e-02
1.429304127724207243e-02
1.429304045174646133e-02
1.429303966555000964e-02
1.429303891670180744e-02
1.429303820336513646e-02
1.429303752380944870e-02
1.429303687640303550e-02
1.429303637895389979e-02
1.660472912814348403e-02
1.429632697574409646e-02
1.660725124014728049e-02
1.836640834248465942e-02
1.429917339206351369e-02
1.429306448455713342e-02
1.429305549233525659e-02
1.429305393983658530e-02
1.429305247118815674e-02
1.429305107332033350e-02
1.429304974261819128e-02
1.660476376997134518e-02
1.429634005655127868e-02
1.660728368317483314e-02
1.429635221464979102e-02
1.429306806689869570e-02
1.429306148508588566e-02
1.429305962621889824e-02
1.429305785875700438e-02
1.429305662218117133e-02
1.429305502458899993e-02
1.429305350358204239e-02
1.429305205598523781e-02
1.429305067808906565e-02
1.429304936633724737e-02
1.429304811733969963e-02
1.660475961690342436e-02
1.429633925258191364e-02
1.429305941804485426e-02
1.429305367478933379e-02
1.429305221379565359e-02
1.429305082830410745e-02
1.429304950935205050e-02
1.429304825352365610e-02
1.429304705758107155e-02
1.660475691917034230e-02
1.429633625849233321e-02
1.429305851446769325e-02
1.429305281808207310e-02
1.429305139837346895e-02
1.429305005206546984e-02
1.429304877029044345e-02
1.660476128318120331e-02
1.836451436984417457e-02
1.429917131921489871e-02
1.429306685778794148e-02
1.429305731667179953e-02
1.429305609831564225e-02
1.429305452604156916e-02
1.429305302911249714e-02
1.429305160438187547e-02
1.429305024818794574e-02
1.429304895702703491e-02
1.429304772756406425e-02
1.429304655663593028e-02
1.429304544125054900e-02
1.429304437858311232e-02
1.429304336597023856e-02
1.429304286250925385e-02
1.429304196191016375e-02
1.429304110374787079e-02
1.429304028651943656e-02
1.429303950817822216e-02
1.660473708674066115e-02
1.429633361465149945e-02
1.429305175403616616e-02
1.429304635671671715e-02
1.660475513012113144e-02
1.836450381899475473e-02
1.429916987700039811e-02
1.429306489111674752e-02
1.660478946387545715e-02
1.429634828926297160e-02
1.429306743260156005e-02
1.429306088367136678e-02
1.429305905243165309e-02
1.429305731156732019e-02
1.429305610293883991e-02
1.429305453045340291e-02
1.429305303331133807e-02
1.660477223019897822e-02
1.429634423725154556e-02
1.429306315805042339e-02
1.429305722119391525e-02
1.660478389225293269e-02
1.429634831142215581e-02
1.429306755595292910e-02
1.429306100159181622e-02
1.429305916492842193e-02
1.429305741884483866e-02
1.429305620471189690e-02
1.429305462730572247e-02
1.429305312548707213e-02
1.429305169611338674e-02
1.429305033551298357e-02
1.429304904017135794e-02
1.429304780674214848e-02
1.429304663205089448e-02
1.429304551309437156e-02
1.429304444703688275e-02
1.429304343120462416e-02
1.429304292346802313e-02
1.429304201994677399e-02
1.429304115901218301e-02
1.429304033915079590e-02
1.429303955830775116e-02
1.429303881454862916e-02
1.429303810605208128e-02
1.429303743110187444e-02
1.429303678807957063e-02
1.429303629780126136e-02
1.429303573585567581e-02
1.429303520181399861e-02
1.429303469436659681e-02
1.429303421220297701e-02
1.429303375407894698e-02
1.429303331881290502e-02
1.429303290528237923e-02
1.429303214902952375e-02
1.429303225679910694e-02
1.429303235466872039e-02
1.429303202680945115e-02
1.429303171492548631e-02
1.429303141883901153e-02
1.429303113776398022e-02
1.429303087095237443e-02
1.429303061769301650e-02
1.429303037730971816e-02
1.429303014915952845e-02
1.429302993263095213e-02
1.429302972714257235e-02
1.429302953214142344e-02
1.429302934710162572e-02
1.429302917152314167e-02
1.429302900493040034e-02
1.429302884687124603e-02
1.429302869691563387e-02
1.429302855465479707e-02
1.429302841970000147e-02
1.429302829168173188e-02
1.429302817024869637e-02
1.429302805506699713e-02
1.429302794581927688e-02
1.660470712011080652e-02
1.429632183348556428e-02
1.429304174506716187e-02
1.429303682566758493e-02
1.429303632720818965e-02
1.429303576379059582e-02
1.429303522835813182e-02
1.429303471958855327e-02
1.429303423616787479e-02
1.429303377684858732e-02
1.429303334044603954e-02
1.429303292583477929e-02
1.429303217070759455e-02
1.429303175338591039e-02
1.429303237120002797e-02
1.429303204312837305e-02
1.429303173041897475e-02
1.429303143354735371e-02
1.429303115172629417e-02
1.429303088420584220e-02
1.429303063027298482e-02
1.429303038924983373e-02
1.429303016049172578e-02
1.429302994338564614e-02
1.429302973734864791e-02
1.429302954182638634e-02
1.429302935629163385e-02
1.429302918024304148e-02
1.429302901320385344e-02
1.429302885472070149e-02
1.429302870436249470e-02
1.429302856171938384e-02
1.429302842640163031e-02
1.429302829803876310e-02
1.429302817627860558e-02
1.429302806078637349e-02
1.429302795124389423e-02
1.429302784734876389e-02
1.660470687779071891e-02
1.429632243517711676e-02
1.429304166120139684e-02
1.429303674455678630e-02
1.429303625269643524e-02
1.429303569299125373e-02
1.429303516108367499e-02
1.429303465566513637e-02
1.429303417543049091e-02
1.429303371914055973e-02
1.429303328561851855e-02
1.429303287374638146e-02
1.429303211575171963e-02
1.429303222838934628e-02
1.429303232828982827e-02
1.429303200176593701e-02
1.429303169115002728e-02
1.429303139626846020e-02
1.429303111633830649e-02
1.660471498947084512e-02
1.429632495949630794e-02
1.429304447331522336e-02
1.429303944162424629e-02
1.429303869813488073e-02
1.429303799514619437e-02
1.429303732544401524e-02
1.429303668741778791e-02
1.429303620534836707e-02
1.429303564800919572e-02
1.660472729024630237e-02
1.836445586258506069e-02
1.429916291926806859e-02
1.429305625241992887e-02
1.429304718916928757e-02
1.429304603414375575e-02
1.429304494346428714e-02
1.660475156441673997e-02
1.429633483321362739e-02
1.429305672980693206e-02
1.429305111456871669e-02
1.429304977673135149e-02
1.429304850811802599e-02
1.429304730005267685e-02
1.660475753565453585e-02
1.429633666569265181e-02
1.429305872004216389e-02
1.429305301394476202e-02
1.429305158480397887e-02
1.429305022954377447e-02
1.429304893927533376e-02
1.429304771065905387e-02
1.660475858065126042e-02
1.429633893108876209e-02
1.429305907355016801e-02
1.429305334583854357e-02
1.429305190070181801e-02
1.429305053026379627e-02
1.429304922559493547e-02
1.429304798331699697e-02
1.429304680023035269e-02
1.429304567330690577e-02
1.660475340871221325e-02
1.429633758812235388e-02
1.429305734841193783e-02
1.429305170177045878e-02
1.429305033574292290e-02
1.429304904038365860e-02
1.429304780694430795e-02
1.660475882588234586e-02
1.429633906869217513e-02
1.429305915548273291e-02
1.429305342369969513e-02
1.429305197481010523e-02
1.429305060080987566e-02
1.429304929276116985e-02
1.429304804727678756e-02
1.429304686114801423e-02
1.429304573133775326e-02
1.429304465497742600e-02
1.429304362936153171e-02
1.429304310866381759e-02
1.429304219626124049e-02
1.429304132690126239e-02
1.429304049903854477e-02
1.429303971059311257e-02
1.429303895960706838e-02
1.429303824423720434e-02
1.429303756274701194e-02
1.429303691349915161e-02
1.429303641304704650e-02
1.429303584535980207e-02
1.429303530586648920e-02
1.429303479323640498e-02
1.429303430614533785e-02
1.429303384333621349e-02
1.429303340361525246e-02
1.429303298584853020e-02
1.429303258895845904e-02
1.429303181442019913e-02
1.660471841634128878e-02
1.429632414460298845e-02
1.429304589981011779e-02
1.429304081040798195e-02
1.429304000190765277e-02
1.429303923708286246e-02
1.429303850856000237e-02
1.660473459500488164e-02
1.429632876566666252e-02
1.660725613675366474e-02
1.429634264748903816e-02
1.429305918411370203e-02
1.429305344718334765e-02
1.429305199715676968e-02
1.429305062208227617e-02
1.429304931301429195e-02
1.429304806656291754e-02
1.660475948745386218e-02
1.429633967037272774e-02
1.429305937242757174e-02
1.429305363370414993e-02
1.429305217469351887e-02
1.429305079108255522e-02
1.429304947391489729e-02
1.660476308210797475e-02
1.429634095010538439e-02
1.429306011902940245e-02
1.429305477301797030e-02
1.429305325967302094e-02
1.429305182382749513e-02
1.429305045709061521e-02
1.429304915592680830e-02
1.660476226870261779e-02
1.429633994624501456e-02
1.429306029842999405e-02
1.429305451589393122e-02
1.660477605195569833e-02
1.429634492542478617e-02
1.429306442360830411e-02
1.429305842806604179e-02
1.429305671109749876e-02
1.429305553349755932e-02
1.429305398854044395e-02
1.429305251755444081e-02
1.429305111745530869e-02
1.429304978463584973e-02
1.429304851565125177e-02
1.429304730722706814e-02
1.429304615626091589e-02
1.429304505982039765e-02
1.429304401513846814e-02
1.429304301960717706e-02
1.429304253892060665e-02
1.429304165382332126e-02
1.429304081036929588e-02
1.429304000711117788e-02
1.429303924204605204e-02
1.429303851328785069e-02
1.429303781906024993e-02
1.660473288368529213e-02
1.429632870903610291e-02
1.660725500248218245e-02
1.429634205299200496e-02
1.429305866657957884e-02
1.429305295346759534e-02
1.429305152722832283e-02
1.429305017473324509e-02
1.429304888708824578e-02
1.429304766096083264e-02
1.429304649319743624e-02
1.429304538081542161e-02
1.429304432099911745e-02
1.429304331109390418e-02
1.660474745731364832e-02
1.429633559134790496e-02
1.660726979175820503e-02
1.429634747298050984e-02
1.429306273130528417e-02
1.429305680835173814e-02
1.429305562060363861e-02
1.429305407142959609e-02
1.429305259644406481e-02
1.429305119254798903e-02
1.660476748969123492e-02
1.429634230611002456e-02
1.429306158614881972e-02
1.429305616833654625e-02
1.429305458756633361e-02
1.429305308766002855e-02
1.660477237045250923e-02
1.429634426553155757e-02
1.429306320442273390e-02
1.429305726559833116e-02
1.429305605423719476e-02
1.429305448409986037e-02
1.429305298919579872e-02
1.429305156638801914e-02
1.429305021201891270e-02
1.429304892258933396e-02
1.429304769476886193e-02
1.429304652539911680e-02
1.429304541149264973e-02
1.429304435022916986e-02
1.429304333894958375e-02
1.429304283726087754e-02
1.429304193787192361e-02
1.429304108085774870e-02
1.429304026471973216e-02
1.429303948741466636e-02
1.429303874701904307e-02
1.429303804172162365e-02
1.429303736981561539e-02
1.429303672969130246e-02
1.429303624416978190e-02
1.429303568489631929e-02
1.429303515339178619e-02
1.429303464835641156e-02
1.429303416848606498e-02
1.660472358510216295e-02
1.429632895366312988e-02
1.429304711985389560e-02
1.429304239196475639e-02
1.429304150865880890e-02
1.429304067212333260e-02
1.429303987544431470e-02
1.429303911663213841e-02
1.429303839381981453e-02
1.429303770524872202e-02
1.660473260181593441e-02
1.429632983896176809e-02
1.429305023261087139e-02
1.429304490526714377e-02
1.660475145835095881e-02
1.429633692343113861e-02
1.429305669595169401e-02
1.429305107946526182e-02
1.429304974330813591e-02
1.429304847629265379e-02
1.429304726974320143e-02
1.660475745856773364e-02
1.836450781198689305e-02
1.429917071835917070e-02
1.429306563718864102e-02
1.429305659592553131e-02
1.429305499009285094e-02
1.429305347074013785e-02
1.429305202472665876e-02
1.429305064833335040e-02
1.429304933800747135e-02
1.429304809036273556e-02
1.429304690218430839e-02
1.429304577042909107e-02
1.429304469222259476e-02
1.660475093063994503e-02
1.429633677075334980e-02
1.429305652129001479e-02
1.429305091268498126e-02
1.660476676088647879e-02
1.429634096956596510e-02
1.429306134136871728e-02
1.429305593649426824e-02
1.660477973516174752e-02
1.836454608407213709e-02
1.429917867095975570e-02
1.429307315006137294e-02
1.660481035438113318e-02
1.836459321737868647e-02
1.429918568704339858e-02
1.429308081752044164e-02
1.429307075702291284e-02
1.429306848798308702e-02
1.429306632768430167e-02
1.429306426597373378e-02
1.429306185927512254e-02
1.429305998837145097e-02
1.429305820416077073e-02
1.429305695011104729e-02
1.660478237822282654e-02
1.429634773509010602e-02
1.429306694846943504e-02
