6.806696415636115383e+00
6.803378643652763458e+00
6.800169746885195821e+00
6.796725915713103028e+00
6.793220080035742292e+00
6.789924140468387215e+00
6.786732576890615043e+00
6.783672754766021384e+00
6.780397086327266898e+00
6.777082031829518627e+00
6.773545100089951809e+00
6.770068257321421257e+00
6.766664368022455633e+00
6.763364291493772384e+00
6.760206083787021036e+00
6.758022162958060797e+00
6.755273650390517304e+00
6.752653233134513044e+00
6.749937101517978100e+00
6.747367138096368677e+00
6.746024725084683205e+00
6.744792839486722258e+00
6.742796174734757564e+00
6.741034454719822655e+00
6.740651294172295138e+00
6.738947116427193684e+00
6.737331444437400840e+00
6.736963324435767397e+00
6.735505328194905772e+00
6.735260963403995049e+00
6.735023949696658185e+00
6.734792261388086843e+00
6.734756489476461105e+00
6.734390859440689603e+00
6.734903540424432400e+00
6.733223234558144199e+00
6.732783841059949204e+00
6.732327561543641536e+00
6.732058758279936050e+00
6.731497284557049987e+00
6.731059802311596840e+00
6.730642873816468530e+00
6.730499525968557606e+00
6.730193117459819518e+00
6.730162091695714111e+00
6.728332098202798761e+00
6.726532272579123450e+00
6.726091568446508795e+00
6.724413142880980132e+00
6.724095508725145720e+00
6.723808826193677035e+00
6.722085595718399809e+00
6.720416717057543288e+00
6.720394626289342810e+00
6.720192297649733248e+00
6.718456832218294039e+00
6.716774860421360849e+00
6.716629151158968192e+00
6.716637913602709453e+00
6.716630180333766020e+00
6.716686133655852764e+00
6.716485702467442032e+00
6.717216562187683593e+00
6.715640059915982008e+00
6.715776214376496078e+00
6.716142146119254974e+00
6.716331911048495584e+00
6.714993320302829360e+00
6.713727145313852063e+00
6.714226343164925837e+00
6.713248360634806566e+00
6.714040474532064984e+00
6.715054475364893527e+00
6.713978990967808258e+00
6.712976819431940356e+00
6.712048632777979584e+00
6.712812422135219670e+00
6.711995053739720163e+00
6.711355309871583685e+00
6.710854677183254680e+00
6.712184494398019119e+00
6.711678672636399945e+00
6.713163819037594848e+00
6.715264767717776806e+00
6.717069908103806775e+00
6.719065856882097343e+00
6.718814972304204325e+00
6.720255248417437599e+00
6.721567033237556110e+00
6.722826530944058021e+00
6.724028047898187310e+00
6.723936051391092406e+00
6.725562183139547123e+00
6.725024571467264956e+00
6.726064988140055156e+00
6.727244738074480424e+00
6.728147593468652765e+00
6.727474138903382972e+00
6.726883524173614681e+00
6.726340311454865883e+00
6.727333616450327014e+00
6.728367720837613142e+00
6.729545958898643043e+00
6.730487029128732424e+00
6.731652906821539162e+00
6.730932730485070792e+00
6.730345425045752172e+00
6.731098675716201463e+00
6.731842309308483152e+00
6.731312958404902069e+00
6.730892831087706085e+00
6.732450745627088118e+00
6.733144534800333147e+00
6.732419825579539996e+00
6.731694946077517727e+00
6.732493807522742735e+00
6.733044984903920671e+00
6.733583646929781175e+00
6.732822769886204206e+00
6.733510627906250434e+00
6.732865297845284758e+00
6.733675676013024969e+00
6.734442080875307823e+00
6.733373588770198204e+00
6.733821083243872962e+00
6.733919854002139438e+00
6.732862851684294547e+00
6.733128265943865820e+00
6.733371061252285017e+00
6.733601059151805401e+00
6.734429487872709785e+00
6.734402578038122478e+00
6.734888843090535815e+00
6.735688006632754465e+00
6.736433786795332779e+00
6.737270056170880927e+00
6.738063328106716376e+00
6.738312347802479785e+00
6.738969486684911026e+00
6.739007044915100941e+00
6.739042362538363307e+00
6.738034074799396755e+00
6.737153549497444160e+00
6.737384197911691075e+00
6.737926012624609662e+00
6.736692103845976831e+00
6.736686460177542024e+00
6.735449395288038765e+00
6.735619878744532940e+00
6.736169579626049675e+00
6.736158833630734755e+00
6.736154251620087408e+00
6.736354571243983180e+00
6.735007340730972736e+00
6.733572722601122607e+00
6.732139713536950509e+00
6.732099313709276167e+00
6.732029304160041860e+00
6.731943336880471307e+00
6.730534219965036868e+00
6.730998301051442034e+00
6.729633553637226484e+00
6.729839530497841338e+00
6.728405718055548768e+00
6.726924147675852339e+00
6.727270588381093930e+00
6.727505466795599354e+00
6.727744442830291938e+00
6.726454945272756447e+00
6.726844209459462043e+00
6.727207926828246087e+00
6.726242775098104865e+00
6.725443725340208623e+00
6.726733034798433764e+00
6.727467406575634357e+00
6.728530468731780623e+00
6.727804108976337183e+00
6.727166793496770936e+00
6.728161746759008466e+00
6.727645066586452671e+00
6.727205272889906773e+00
6.728391787239564437e+00
6.730079593176210295e+00
6.731145510215881700e+00
6.731866724394832247e+00
6.732837937618494806e+00
6.733952364549457670e+00
6.734798409374207928e+00
6.735501496260668297e+00
6.736261824871840886e+00
6.736951838341921572e+00
6.736791475654329453e+00
6.736951101088130223e+00
6.736345580320889148e+00
6.735597370343390011e+00
6.734718864634347213e+00
6.732387182648909452e+00
6.729958119157864793e+00
6.728997413710101405e+00
6.727669019354037161e+00
6.726417598943033482e+00
6.725110845382110902e+00
6.723759695493134458e+00
6.720830319384999640e+00
6.719455366719349065e+00
6.718612506015518626e+00
6.717155093063796656e+00
6.715698072876280733e+00
6.712555402962726347e+00
6.710610920677819280e+00
6.709187546945461378e+00
6.705406116642833148e+00
6.703467585911939253e+00
6.701532974002804899e+00
6.697588276017044429e+00
6.695689470791696962e+00
6.693800958893718622e+00
6.689713809480019258e+00
6.685574183166326456e+00
6.683770745973768079e+00
6.681982108561661526e+00
6.680209025185467553e+00
6.678452100904591404e+00
6.674126176809118682e+00
6.672430054876739902e+00
6.670751045069928331e+00
6.666322246227045945e+00
6.664817830251602793e+00
6.663214864894836609e+00
6.661629908686477641e+00
6.660062837093494004e+00
6.658513528013608074e+00
6.656981858829500887e+00
6.655467711952096188e+00
6.653970959238511007e+00
6.649307463214804592e+00
6.644608656594104268e+00
6.643235848772674146e+00
6.638486503708720399e+00
6.633706984185222311e+00
6.628461809430545415e+00
6.623211130186277273e+00
6.617955551236655687e+00
6.615927203488314312e+00
6.614553895077107448e+00
6.613224511245483939e+00
6.611527821043522657e+00
6.605599475927097508e+00
6.599593025342568531e+00
6.597791153725964364e+00
6.596017029379294350e+00
6.589846606866580636e+00
6.588143964321480084e+00
6.581848995225327847e+00
6.580214462085630878e+00
6.578599363487175999e+00
6.577002502579459176e+00
6.575422853305906479e+00
6.573859536654631519e+00
6.567271042240886203e+00
6.560601986918848105e+00
6.553855385794292943e+00
6.552452433750691085e+00
6.545593944748514303e+00
6.538665513673224794e+00
6.537379940355143582e+00
6.536106803225842476e+00
6.534845790864660664e+00
6.527750733939900130e+00
6.520596864634470968e+00
6.519459638174955884e+00
6.518333238188300349e+00
6.517217472354703389e+00
6.516112163729796514e+00
6.515017149493215420e+00
6.513932278906063189e+00
6.512857411580226241e+00
6.511792416011829232e+00
6.510737168338204484e+00
6.509691551284187305e+00
6.501721146884269054e+00
6.500723440575781886e+00
6.499751839571253242e+00
6.498789210922699233e+00
6.490720822650634325e+00
6.489608131955916015e+00
6.488719121819975122e+00
6.487838291156453607e+00
6.486965636361896159e+00
6.486101087192924552e+00
6.485244572662306695e+00
6.484396021290200096e+00
6.475330093664085851e+00
6.474821592356644118e+00
6.465741134915528043e+00
6.463854549093841939e+00
6.462024036100918245e+00
6.460242671487868904e+00
6.458504577867730134e+00
6.449191640478629139e+00
6.447552967948019464e+00
6.445945970279408854e+00
6.444367409651064804e+00
6.434835577248216865e+00
6.425225447079238705e+00
6.423790318594791771e+00
6.422376039377192036e+00
6.412605710389680524e+00
6.411271010006496240e+00
6.409953318458367910e+00
6.400034912644464669e+00
6.390065032036648773e+00
6.388889633989926153e+00
6.378839761571682310e+00
6.377744423893186188e+00
6.376661645285111923e+00
6.375590872771589979e+00
6.374531618877922412e+00
6.364309773064044329e+00
6.354074309135247844e+00
6.343837564081475477e+00
6.342466913647475835e+00
6.341634473894846025e+00
6.330842524181472974e+00
6.330561848593398544e+00
6.319737825653805707e+00
6.318850745171283201e+00
6.318188677491956007e+00
6.317533879194699331e+00
6.316886267225346963e+00
6.305145628018717474e+00
6.293391143292028644e+00
6.281631734629278263e+00
6.269876552883069998e+00
6.268312725864088719e+00
6.266804157634703998e+00
6.265344113048127106e+00
6.253469149430196161e+00
6.241610201841021777e+00
6.229778282813434487e+00
6.217984431053831251e+00
6.206239653748454543e+00
6.194554869345924253e+00
6.182940851223850842e+00
6.182091792348046511e+00
6.181264931391448059e+00
6.180458322937794513e+00
6.168787593671215319e+00
6.168081672337940802e+00
6.156458955952954781e+00
6.155851899018964346e+00
6.144290345334739278e+00
6.132845001386760586e+00
6.131874815607599949e+00
6.120006140763375235e+00
6.120135672638097546e+00
6.108332280619280574e+00
6.107870421871609778e+00
6.107628832353894310e+00
6.095065470826531495e+00
6.095157629964068846e+00
6.094576110856197104e+00
6.082129116390171397e+00
6.082524027620038076e+00
6.082160107202928323e+00
6.081833793766870500e+00
6.069463065300920057e+00
6.068396590026616799e+00
6.067366271617715690e+00
6.066368378384645155e+00
6.053858632882253232e+00
6.041444962622803061e+00
6.040623240945588890e+00
6.039825559504694574e+00
6.039049908518142828e+00
6.038294539370236969e+00
6.037557925710567375e+00
6.024872665597661658e+00
6.012298906507718144e+00
5.999844922934597591e+00
5.997847032806859602e+00
5.997327600244766188e+00
5.984953132719991409e+00
5.984532889441339876e+00
5.972234145511536418e+00
5.960080187083033998e+00
5.948078193599396712e+00
5.947926247142980571e+00
5.947784387535560491e+00
5.935827191776462897e+00
5.935247153038808676e+00
5.935202054873430555e+00
5.935164894677086522e+00
5.922700736410392963e+00
5.923228214756840693e+00
5.910859576746329225e+00
5.910792674870034347e+00
5.910943905065631832e+00
5.911099956962087454e+00
5.911260654162148853e+00
5.898024829633890853e+00
5.898527348186659580e+00
5.885451378273516276e+00
5.872502174833613253e+00
5.870264119542461856e+00
5.869503374469339896e+00
5.868794972412207045e+00
5.868132671339010287e+00
5.867511140477973619e+00
5.854388241257724168e+00
5.853888379577802503e+00
5.853418619248419219e+00
5.852975917693171048e+00
5.852557647476005265e+00
5.852161533442499675e+00
5.838770953124985397e+00
5.825508596796018956e+00
5.825299702604145757e+00
5.812096589755769038e+00
5.811988712966505766e+00
5.811894990433121855e+00
5.798687387727428977e+00
5.798692614447551463e+00
5.785565162088819768e+00
5.785668514266263607e+00
5.785781611672299540e+00
5.785903814458077221e+00
5.786034544123400458e+00
5.786173272687895164e+00
5.772869437656417801e+00
5.773105151004472191e+00
5.773347144063011527e+00
5.773595032426587004e+00
5.760277954198130601e+00
5.760622514173411091e+00
5.746878281546885070e+00
5.733344592588262678e+00
5.719310918990020198e+00
5.705404863825995321e+00
5.706444060682470010e+00
5.692686208500020051e+00
5.679062960134397819e+00
5.665577719570721094e+00
5.662134442544691559e+00
5.648958220346724346e+00
5.648838457900629884e+00
5.648758690124707549e+00
5.648714672359242961e+00
5.648702733030067868e+00
5.635315990383296558e+00
5.622056433873964032e+00
5.608930277093278072e+00
5.595943760776347808e+00
5.596318660181076154e+00
5.596713409866942435e+00
5.583706268923418925e+00
5.570852482617657309e+00
5.558158865650382197e+00
5.558838036065650634e+00
5.559530078729467029e+00
5.560233944008064810e+00
5.560948710842642306e+00
5.561673489462657827e+00
5.562407490325378845e+00
5.549409632579545004e+00
5.536593259580016912e+00
5.523414987937840692e+00
5.522482947231573291e+00
5.523430712698385037e+00
5.510500513500572239e+00
5.511332460217878371e+00
5.497713900788435915e+00
5.498484072219628871e+00
5.499568213899388880e+00
5.500653997516264049e+00
5.501741237169662568e+00
5.502829473999668153e+00
5.503918290125441537e+00
5.505007303659239959e+00
5.506096164382549674e+00
5.507184550046566152e+00
5.508272163201169747e+00
5.494215069876629443e+00
5.496777750403994744e+00
5.482795421040424166e+00
5.484382267189971571e+00
5.485178933933187118e+00
5.486032749428144228e+00
5.486934595486911981e+00
5.487876693976846632e+00
5.488852449404479472e+00
5.489856261900781575e+00
5.475888743451562846e+00
5.476139036389953141e+00
5.476433522076023408e+00
5.462393649057791123e+00
5.462817340272792421e+00
5.463275164739994416e+00
5.449167355606639340e+00
5.449745534736807784e+00
5.450350587109649148e+00
5.450980194078702823e+00
5.451632290463627406e+00
5.437274756658007746e+00
5.423059976429366991e+00
5.408997477219966932e+00
5.409944329121634254e+00
5.395951031341993165e+00
5.397005578987438490e+00
5.398073880606773400e+00
5.399154845266162184e+00
5.385063734380886480e+00
5.371154301401856124e+00
5.372432961936748796e+00
5.373720307503324634e+00
5.375015585751830471e+00
5.361040672603720303e+00
5.347268956143460095e+00
5.333161853846964284e+00
5.332449468555425121e+00
5.333946105468786669e+00
5.320135940141589970e+00
5.322228044305751027e+00
5.307808245274561187e+00
5.309991706277261692e+00
5.295579393881617136e+00
5.281306320992600334e+00
5.280373493040433353e+00
5.281045153744231335e+00
5.281792577089365004e+00
5.267473487444129354e+00
5.268394670913196798e+00
5.269369709682939273e+00
5.270392278862781055e+00
5.271456922884618201e+00
5.256878204537486887e+00
5.242432214704116689e+00
5.228127061055018565e+00
5.229526926532108710e+00
5.230953414187966111e+00
5.232403795386181500e+00
5.233875660058560086e+00
5.235366870258221894e+00
5.220708033045326601e+00
5.206202387745477722e+00
5.207906579802428659e+00
5.209623758131009197e+00
5.211352626946757383e+00
5.213092011006382087e+00
5.214840838104001897e+00
5.216598126281668968e+00
5.201681247245205419e+00
5.203546350722917602e+00
5.188709860633067272e+00
5.190680408586273664e+00
5.192654680647922127e+00
5.177820568004731783e+00
5.179897850714347385e+00
5.181976541375252765e+00
5.167159779038113854e+00
5.169339068557222916e+00
5.171517688682176761e+00
5.173695273239864889e+00
5.175871476306385333e+00
5.160913214933636084e+00
5.162612978812105347e+00
5.164885963100556587e+00
5.167155570002526233e+00
5.169421547675115747e+00
5.171683656235469329e+00
5.173941662730155322e+00
5.176195341107627357e+00
5.179010820022912576e+00
5.181253681788748899e+00
5.183491530750144349e+00
5.185724170328170679e+00
5.187951410248537343e+00
5.171661799363519663e+00
5.155607583403426730e+00
5.139056550334764495e+00
5.141121376340128002e+00
5.143275629295555262e+00
5.145472177227955690e+00
5.147703316111368999e+00
5.131101215220181366e+00
5.134263015074181702e+00
5.117818949463073253e+00
5.121163310368492816e+00
5.123686726729649088e+00
5.126218434409785196e+00
5.109807822673828603e+00
5.093571613326644432e+00
5.077520417050861212e+00
5.077518769173552826e+00
5.061745254234055302e+00
5.062080770415814612e+00
5.064063887257502117e+00
5.066079078717304895e+00
5.068123259089882815e+00
5.070193636202789733e+00
5.072287674688561232e+00
5.074403064606985758e+00
5.058104682588988155e+00
5.041976355383176234e+00
5.044319894919778058e+00
5.028266717042287226e+00
5.030728778720551020e+00
5.014762734798522636e+00
5.017340000090966257e+00
5.019927661243148265e+00
5.003954600846458156e+00
5.006654110162524596e+00
4.990792570348253854e+00
4.975161283199213358e+00
4.959774073387195337e+00
4.962776591680808203e+00
4.965781743924675418e+00
4.968788785226887939e+00
4.953333094690045790e+00
4.955870599461810855e+00
4.940035647192126511e+00
4.924481658333694334e+00
4.924130861381298629e+00
4.908259287173854624e+00
4.911946566257078040e+00
4.914929047639403414e+00
4.917941952862318722e+00
4.920979425476164515e+00
4.924036423923114469e+00
4.927108632362292795e+00
4.930192346707718443e+00
4.933284379369633044e+00
4.917012527338862071e+00
4.920978333339419031e+00
4.924189805504775030e+00
4.927400814934337347e+00
4.930609776053935356e+00
4.933815204620755956e+00
4.917343149305215100e+00
4.901014389838429075e+00
4.903669884711804094e+00
4.906361786430461613e+00
4.909086787456900858e+00
4.911841838734054555e+00
4.895099705359687192e+00
4.897981603795903638e+00
4.900888039351658954e+00
4.884029421143392113e+00
4.867327143648928711e+00
4.868648338331024839e+00
4.852100015626413132e+00
4.835733729534609004e+00
4.839012997631206403e+00
4.822715723922916808e+00
4.806624789493145755e+00
4.810123243657990599e+00
4.813633833773410586e+00
4.817155005557039793e+00
4.820685290233613252e+00
4.804311592000000353e+00
4.807953695824685347e+00
4.811601259300311462e+00
4.815253112388588441e+00
4.818908118428970155e+00
4.822565232336381236e+00
4.826223434524919753e+00
4.809368191551174121e+00
4.813137602478397170e+00
4.816905269158456626e+00
4.800046616187260362e+00
4.803922270870163658e+00
4.787183471556188508e+00
4.791162778752064533e+00
4.774557066603308364e+00
4.778635475143663491e+00
4.782706509553003471e+00
4.786769666839497894e+00
4.770083404108407699e+00
4.773668301261952074e+00
4.756588396749233283e+00
4.739791876715599095e+00
4.722528099269325708e+00
4.723946204697666573e+00
4.707091681517657555e+00
4.712013357030349070e+00
4.716145616280592812e+00
4.720298205322857932e+00
4.703445370409149895e+00
4.708566080095579309e+00
4.712855975078563908e+00
4.717149156422536294e+00
4.700272908821820472e+00
4.683570210799826938e+00
4.685394099032185622e+00
4.689042161971410216e+00
4.672323404277765491e+00
4.655790757855616135e+00
4.639457160001810188e+00
4.623335000757969659e+00
4.627420491445580986e+00
4.611356814284724770e+00
4.595523273908022510e+00
4.579931235628847297e+00
4.584320226025801581e+00
4.588740818814251554e+00
4.573065475466877139e+00
4.577600513346415489e+00
4.582160114987540389e+00
4.586741711474695116e+00
4.570834232538667052e+00
4.555185666555116697e+00
4.539808210374109976e+00
4.524189387293237274e+00
4.508861584222479735e+00
4.493836763740861606e+00
4.478401410923572357e+00
4.480266659322740708e+00
4.484919621590789163e+00
4.489622942290282914e+00
4.494368481943157079e+00
4.499149097744792769e+00
4.503958580002159984e+00
4.488221598714340566e+00
4.493880357983178975e+00
4.498831401240034111e+00
4.503795228618868940e+00
4.508768478806796765e+00
4.513748101133821855e+00
4.497596587971122162e+00
4.503412737314676839e+00
4.487351880072211863e+00
4.471450669359842145e+00
4.475996440447107538e+00
4.480599833977309210e+00
4.464477989632944066e+00
4.448522116988145925e+00
4.453360972038219678e+00
4.437390236013051492e+00
4.421600673680313065e+00
4.426668248834632280e+00
4.410879777930966306e+00
4.416079350505005330e+00
4.400300395213450066e+00
4.405627844467623788e+00
4.389867179342835435e+00
4.395318226035754172e+00
4.379584876298635798e+00
4.385155093054327047e+00
4.369458233251905632e+00
4.353990313704359849e+00
4.338763284494273620e+00
4.342633950842153645e+00
4.348348991916399342e+00
4.354073072056511506e+00
4.359803990709578692e+00
4.365539586187566989e+00
4.371277736630048594e+00
4.377016360907005854e+00
4.382753419468288669e+00
4.388486915139624855e+00
4.394214893865196814e+00
4.399935445396800482e+00
4.383500451538067999e+00
4.389342560379189351e+00
4.372952937015889496e+00
4.356757971355516013e+00
4.362835218172982366e+00
4.346172316127509205e+00
4.329731053810925268e+00
4.312826811557587625e+00
4.296061297415894487e+00
4.279447656684909340e+00
4.262998491221977382e+00
4.267230870172707746e+00
4.272920021517595757e+00
4.278705306305021772e+00
4.284573605821270448e+00
4.290513292311868732e+00
4.273422689828513477e+00
4.256473289388600811e+00
4.239679487659436141e+00
4.246057063530020770e+00
4.229248008339152598e+00
4.212615793446536472e+00
4.219272737035742793e+00
4.225966176665114205e+00
4.232690737952707671e+00
4.239441398427654661e+00
4.246213448249176459e+00
4.253002457999320640e+00
4.259804251262003127e+00
4.242127663879790234e+00
4.224608018185556091e+00
4.231684632553484704e+00
4.238765367528915640e+00
4.245847097224526578e+00
4.252926815041579545e+00
4.260001625306720108e+00
4.241863596488303578e+00
4.249076055655922168e+00
4.256277845299977436e+00
4.263466520129381543e+00
4.270639709331470968e+00
4.277795113534973659e+00
4.284930504189866873e+00
4.292043723013900802e+00
4.273110287434865207e+00
4.254292794639220610e+00
4.261713930917084170e+00
4.242907153699055023e+00
4.250460026921251355e+00
4.231677135320159877e+00
4.239355659100787044e+00
4.220609751588796144e+00
4.202056410225363692e+00
4.209993329203626011e+00
4.217899544696681602e+00
4.225773665086512310e+00
4.233614296401762012e+00
4.241420043510090387e+00
4.222375371810045408e+00
4.230298833036798989e+00
4.238185153495241053e+00
4.219066766376275091e+00
4.227067909850148908e+00
4.235029941757101568e+00
4.242951594722592645e+00
4.223639526804144673e+00
4.204526876327865814e+00
4.185644672846444259e+00
4.166433000201148928e+00
4.174851246917965497e+00
4.155766919876423771e+00
4.136214001300227316e+00
4.143180123261172909e+00
4.151571760542934086e+00
4.132225434570142575e+00
4.113024645556792258e+00
4.124419699378695903e+00
4.105362623033424363e+00
4.086497880131524596e+00
4.067849678184896511e+00
4.049440867757452267e+00
4.031292811268232690e+00
4.013425281285171842e+00
4.020135175791620163e+00
4.002434887750498937e+00
3.985031993523970861e+00
3.993238940077614263e+00
3.975903266393219226e+00
3.981410373705815520e+00
3.964503840690741576e+00
3.972821518907617477e+00
3.981193729514105772e+00
3.989609941892603651e+00
3.972335453208032607e+00
3.955318724038254352e+00
3.938581020188087756e+00
3.922142087696921298e+00
3.929065341065270722e+00
3.937798881570263809e+00
3.946552131252141660e+00
3.929875910149857265e+00
3.938743111633220995e+00
3.947619125983651056e+00
3.956497952595224188e+00
3.965373943241938814e+00
3.974241459126757636e+00
3.983094993317955357e+00
3.965507869080497017e+00
3.948163350682577288e+00
3.957258477937810159e+00
3.939450583914554382e+00
3.921906963148470204e+00
3.903955300497302439e+00
3.914287231824557622e+00
3.924403201814436137e+00
3.906289416073548626e+00
3.888352155219919393e+00
3.870607893015701073e+00
3.881503247796123990e+00
3.863949662597155665e+00
3.846615054226341979e+00
3.829513147929269667e+00
3.812656610665528412e+00
3.818562138219146807e+00
3.827349258085435135e+00
3.836242522108056718e+00
3.845222536202689056e+00
3.828005995702055131e+00
3.810956382274340193e+00
3.820298154650195510e+00
3.803202426817988258e+00
3.786296851893792503e+00
3.795963771349003313e+00
3.805675659738124939e+00
3.815420855773688835e+00
3.798032517445454559e+00
3.780829608676737674e+00
3.790882995982050030e+00
3.773656744440624156e+00
3.756645172420181922e+00
3.766971695775320317e+00
3.777311254313427735e+00
3.760059798752122706e+00
3.770533779943880504e+00
3.753278554248884458e+00
3.763878918734916645e+00
3.774475286814349406e+00
3.756998014921051787e+00
3.767717003684598165e+00
3.778421357040178119e+00
3.789103997238863819e+00
3.771212574045616162e+00
3.782019776412048895e+00
3.764132976829673627e+00
3.775057526159631749e+00
3.785948693672490428e+00
3.767874700686364431e+00
3.778881807167419726e+00
3.789847396627227916e+00
3.800765125585926718e+00
3.811628739758265105e+00
3.822432094137328651e+00
3.833169176019197710e+00
3.843834126402229767e+00
3.854421259680916645e+00
3.835284040982982035e+00
3.846023182954423358e+00
3.826860036066373372e+00
3.837743988906725967e+00
3.818564649236301900e+00
3.829586160878623247e+00
3.810400204129220203e+00
3.791355752260896939e+00
3.802705756453099273e+00
3.813973093839566619e+00
3.825152460675838473e+00
3.836238717885986915e+00
3.847226903458392577e+00
3.827699966381573393e+00
3.838827674210527618e+00
3.819294175857485207e+00
3.799884190299092523e+00
3.780637829020626839e+00
3.792304489233472520e+00
3.803880336797233586e+00
3.815360170122347405e+00
3.826738862876246206e+00
3.838011492789579204e+00
3.849173353121427166e+00
3.860219962840361507e+00
3.840323202766258159e+00
3.851514526380203751e+00
3.862586262857121699e+00
3.873534328031325913e+00
3.853487057143501815e+00
3.864588530713139569e+00
3.875562200642927557e+00
3.886404395693508373e+00
3.866230672417495295e+00
3.877234807340522504e+00
3.857028384744041638e+00
3.836862785782508389e+00
3.848290106009386147e+00
3.859586599992319123e+00
3.870748454175095166e+00
3.881772118241583414e+00
3.892654306316308599e+00
3.872285270421285119e+00
3.883332080981801049e+00
3.894234099964640983e+00
3.904988449843811882e+00
3.915592520673578214e+00
3.926043969021578928e+00
3.936340715611276853e+00
3.915909540934966238e+00
3.895385369343452808e+00
3.874811862282422137e+00
3.854234878200659686e+00
3.865682527277094938e+00
3.876979383254324230e+00
3.856355557384503197e+00
3.867800647328992092e+00
3.879093142006079020e+00
3.890230091120562950e+00
3.901208838419283342e+00
3.880507844392281580e+00
3.891654527824976562e+00
3.902640802709815837e+00
3.881896304556785360e+00
3.861130808132880343e+00
3.872596526171119269e+00
3.883903528148489936e+00
3.895049064598266053e+00
3.906030693996382475e+00
3.916846276044613884e+00
3.927493964847823538e+00
3.906710555620782177e+00
3.917545911733431918e+00
3.896696754912026606e+00
3.875790424666163414e+00
3.854876014685791663e+00
3.834004461685651677e+00
3.845941547574006858e+00
3.825096769242140038e+00
3.804370117361743464e+00
3.816666972798225643e+00
3.796002431568147539e+00
3.774925067705039883e+00
3.787502065364003023e+00
3.800573505722373291e+00
3.779468908661347104e+00
3.791990052651776910e+00
3.770978543377127234e+00
3.784130863447860094e+00
3.763200806374242813e+00
3.776428220031772476e+00
3.755587606960299585e+00
3.768882551573367934e+00
3.781509875760739270e+00
3.760629874608371725e+00
3.773856615610737819e+00
3.786426213378155659e+00
3.799451710333741961e+00
3.778400319217976921e+00
3.790880617152241783e+00
3.769923650900933954e+00
3.748451535390005418e+00
3.762240874603796748e+00
3.775650125974181925e+00
3.754866623396550640e+00
3.768113826748572759e+00
3.746666633654146761e+00
3.759966895989792501e+00
3.773377069338485157e+00
3.785906398391681194e+00
3.798892486066157925e+00
3.811148675100522798e+00
3.790601220446662811e+00
3.802943355339298392e+00
3.815159465227261126e+00
3.794570492008352502e+00
3.806876142579876721e+00
3.786362506089472113e+00
3.765461956784215580e+00
3.744049728897732354e+00
3.757318758791561297e+00
3.770744247134220739e+00
3.783284827171280451e+00
3.796289647479615059e+00
3.808562550472026409e+00
3.788044982301584263e+00
3.800401585633067292e+00
3.779385905871844198e+00
3.791809544545873045e+00
3.804712165817375702e+00
3.784230959294861307e+00
3.796624128316135049e+00
3.808895864397113584e+00
3.821039927359966448e+00
3.800400550504508423e+00
3.779375707571297038e+00
3.791805331571505455e+00
3.804714019489195298e+00
3.816907085187410509e+00
3.828968241520990023e+00
3.840892044458616983e+00
3.820093689118989833e+00
3.832130615071113411e+00
3.811381135845812285e+00
3.823522663368966512e+00
3.835527762781711925e+00
3.814744276530428468e+00
3.794120736354638090e+00
3.806454093487391166e+00
3.785908577010740128e+00
3.764977135437477251e+00
3.777558306413922207e+00
3.756740734647620261e+00
3.769963549740537267e+00
3.748491933688482991e+00
3.761769526732009705e+00
3.775153576305816827e+00
3.754386276900472996e+00
3.733105316651733840e+00
3.747002694614153029e+00
3.725689743898278117e+00
3.740023215691663516e+00
3.718806755084548943e+00
3.733202185203552848e+00
3.712087547771418361e+00
3.726538808644341394e+00
3.739398334750315023e+00
3.752170913416238207e+00
3.765586110183495094e+00
3.778116001555136272e+00
3.757394969409801000e+00
3.736173961509286379e+00
3.749964273650815638e+00
3.728708549113277648e+00
3.707629777213522715e+00
3.721249885229098275e+00
3.733890937709657187e+00
3.746443735292923627e+00
3.759644897380983064e+00
3.771954012341775186e+00
3.784155298647841725e+00
3.763600310419051187e+00
3.742557124693025372e+00
3.721659270361167948e+00
3.734674221779114234e+00
3.713910520144511729e+00
3.727159064569034896e+00
3.739541766771025788e+00
3.718772722303500533e+00
3.732091093934551296e+00
3.744541902673537592e+00
3.757663374771079479e+00
3.736830478232924246e+00
3.749260013086885390e+00
3.762383079379970408e+00
3.742245299816528981e+00
3.721606275507674422e+00
3.734181890337491705e+00
3.746744333053164233e+00
3.759943029360062194e+00
3.772284481433560988e+00
3.784524415419423526e+00
3.796654258577455199e+00
3.776131515155246365e+00
3.788359031761264095e+00
3.767912188506384208e+00
3.747699979057050879e+00
3.760190678827481481e+00
3.739339253666326801e+00
3.718627961771564738e+00
3.698090928581554415e+00
3.677761319574052390e+00
3.690097093947364737e+00
3.702499588959355936e+00
3.714943222587969274e+00
3.727404266634930963e+00
3.739860773726859655e+00
3.752292506436288200e+00
3.764680867969553812e+00
3.743074562636103053e+00
3.755665261714754344e+00
3.733987006579254420e+00
3.746772511648246429e+00
3.725032104840898306e+00
3.738004769916064340e+00
3.716211890658341677e+00
3.694514917047176272e+00
3.707911907785129024e+00
3.721224218565900799e+00
3.699361496587094233e+00
3.677616323587710845e+00
3.691332821966527789e+00
3.704954708454394563e+00
3.718471058704061250e+00
3.696447122617588565e+00
3.674535573815089773e+00
3.688458848571499971e+00
3.666548617578810898e+00
3.644806070643368479e+00
3.659083713376183766e+00
3.673255272436746655e+00
3.687310990874360872e+00
3.701241694389550752e+00
3.715038806516833159e+00
3.692784206173773676e+00
3.670634864596703739e+00
3.648635234333925226e+00
3.626830316099724172e+00
3.641490864527403115e+00
3.619734968661012520e+00
3.598232535483800731e+00
3.613155320618870903e+00
3.627973296154917371e+00
3.642676512331756822e+00
3.657255616162618406e+00
3.671701836245035988e+00
3.649570213077925285e+00
3.664124625538788482e+00
3.642027752165971410e+00
3.656683195467220759e+00
3.634628200782991314e+00
3.649377668384322426e+00
3.627371378459061990e+00
3.642208040118921630e+00
3.656909323608775964e+00
3.671466978762443212e+00
3.685873375906278948e+00
3.700121499702411221e+00
3.677658497966061368e+00
3.655317903152658143e+00
3.669958339824877847e+00
3.684442318290308993e+00
3.698763068517960662e+00
3.712914425530998930e+00
3.726890811955470006e+00
3.740687218203708309e+00
3.754299181876473490e+00
3.767722766585662075e+00
3.780954539734705300e+00
3.793991549538529462e+00
3.806831301790493782e+00
3.819471736998864664e+00
3.831911205267099607e+00
3.844737312890999625e+00
3.856791319150337571e+00
3.871241355046031174e+00
3.882788612939975792e+00
3.894129522608707372e+00
3.905265264691447857e+00
3.916197269788157520e+00
3.894941399345164257e+00
3.905593604105662475e+00
3.916558895332720613e+00
3.895243874409724416e+00
3.905929855003090534e+00
3.884441699833502959e+00
3.895380271813337458e+00
3.906610249864331141e+00
3.917624146972537691e+00
3.896218370521961738e+00
3.874419738963888804e+00
3.885217955970139858e+00
3.863357490289393237e+00
3.874822138177883790e+00
3.886538964598672319e+00
3.898025484633077742e+00
3.876274190492470684e+00
3.887496112042941654e+00
3.898988397262389771e+00
3.910251552439618639e+00
3.888612355742584903e+00
3.899600734305273431e+00
3.910876705812238452e+00
3.921924704203074707e+00
3.900399877507638724e+00
3.878460111065618054e+00
3.889295525663551967e+00
3.867291280441239820e+00
3.878803977542257808e+00
3.856652117250316536e+00
3.834140160770080907e+00
3.811319461885583681e+00
3.822840655017192280e+00
3.799701071335726876e+00
3.775839504563180071e+00
3.790196224990875162e+00
3.766275830333070562e+00
3.742247647034690594e+00
3.718167594257359099e+00
3.694095165016423543e+00
3.670092702406971608e+00
3.685280183709745749e+00
3.661395933211346598e+00
3.676759779110275073e+00
3.691930870753659111e+00
3.668135318410318035e+00
3.683455920451512711e+00
3.698569949240335664e+00
3.713469737280179928e+00
3.728148856323181715e+00
3.704398402480189034e+00
3.680695436473429449e+00
3.695878456433031367e+00
3.710840275391511511e+00
3.687166935022687664e+00
3.702255190635975524e+00
3.678629061479347317e+00
3.693832059515816280e+00
3.708813302896373454e+00
3.685202747455720740e+00
3.700301818179343005e+00
3.715177305029100818e+00
3.729824942956315059e+00
3.744241270553452683e+00
3.720626393538532195e+00
3.697025188145915742e+00
3.711944131033057648e+00
3.688372175482296900e+00
3.703407854910439667e+00
3.718219852286974270e+00
3.732804178638747139e+00
3.747157602924605868e+00
3.761277587719216609e+00
3.775162231711022720e+00
3.788810214624875883e+00
3.765316878608961915e+00
3.779146958049472538e+00
3.755605487408478993e+00
3.732000428894134636e+00
3.708383443292744275e+00
3.723146801677181816e+00
3.737678513821034443e+00
3.751975815436649153e+00
3.766036600741395901e+00
3.779859364937554034e+00
3.793443151662657886e+00
3.806787502872716722e+00
3.819892414030572336e+00
3.833341796062854190e+00
3.810462446198597863e+00
3.787296142307995162e+00
3.799572781736839655e+00
3.776047313834917762e+00
3.789753199215865287e+00
3.803214104192826905e+00
3.816430329506109054e+00
3.792984549920113579e+00
3.806402259053807580e+00
3.819573883497615174e+00
3.796129663118481545e+00
3.772533811039711527e+00
3.748832864037058066e+00
3.763057322688055706e+00
3.777033599881322701e+00
3.790761290015614016e+00
3.767131911737066741e+00
3.781041238764134338e+00
3.794701579048302964e+00
3.808113158003907817e+00
3.821276628866353775e+00
3.834780800096436959e+00
3.811811753047473772e+00
3.823961425771853051e+00
3.800491189287757976e+00
3.813827190468209949e+00
3.826912387474115995e+00
3.803447136800465866e+00
3.816740714923193334e+00
3.830364169626641058e+00
3.843176262188597647e+00
3.855739516114158771e+00
3.832923713032095669e+00
3.809766200881949949e+00
3.821662245977695882e+00
3.835231436661957538e+00
3.847977903941026234e+00
3.860473538952203132e+00
3.837669773075459201e+00
3.814512730686659303e+00
3.791062324808466943e+00
3.767380826421765860e+00
3.779784294573677261e+00
3.755914438126721766e+00
3.731968431907172423e+00
3.746619535135995882e+00
3.761013257319881120e+00
3.737101120382906760e+00
3.713156711689248546e+00
3.728092471197729907e+00
3.704167485854498842e+00
3.680290725210622949e+00
3.695694865960070352e+00
3.671874217423061193e+00
3.648185284151715724e+00
3.663977125511842292e+00
3.679548976329057641e+00
3.694894415299491808e+00
3.671154886470134660e+00
3.686594445459305813e+00
3.701807522003289108e+00
3.678079676966923284e+00
3.654470388383510571e+00
3.670084934124399734e+00
3.646554736473817115e+00
3.623225044383552973e+00
3.639158758079424238e+00
3.654899129709084260e+00
3.670437540065540460e+00
3.685766464480601190e+00
3.662233063343112605e+00
3.638861053554110381e+00
3.615710323052733433e+00
3.631631043760561006e+00
3.647369876283594436e+00
3.624187460248323944e+00
3.639979651388757453e+00
3.655587244737647623e+00
3.671001509116833983e+00
3.686214759199713864e+00
3.701220272873560369e+00
3.716012240565010671e+00
3.730585708911487774e+00
3.744936522323573769e+00
3.759061266073030261e+00
3.735512532814139863e+00
3.711951862150227655e+00
3.726598662267975204e+00
3.741021729188692913e+00
3.717459109386973548e+00
3.732024946124862019e+00
3.708467399772334527e+00
3.723167920077380177e+00
3.699625311477816592e+00
3.714452485192075493e+00
3.729058619803408359e+00
3.743439874898207176e+00
3.757593122068196845e+00
3.771515889955803669e+00
3.785206313440598436e+00
3.798663084213354413e+00
3.775220044137182818e+00
3.788865930742782773e+00
3.765364623015801993e+00
3.779191979702976933e+00
3.755643581600349723e+00
3.769644616954760163e+00
3.746060142114046698e+00
3.722435354483950576e+00
3.736982912038887772e+00
3.713359325047116410e+00
3.728044279091944802e+00
3.742497821599460650e+00
3.756717269947376092e+00
3.770700585914220415e+00
3.747119609473851920e+00
3.761269736629123894e+00
3.737662039228014876e+00
3.751970954313071260e+00
3.766043191213632735e+00
3.779877195607588725e+00
3.793471965842398763e+00
3.769955397513674811e+00
3.783734890359153002e+00
3.797273575068499163e+00
3.773758968654365553e+00
3.750142383067974539e+00
3.764278867132345940e+00
3.778173789683280770e+00
3.791826336386478591e+00
3.768268518628859809e+00
3.782104142554886028e+00
3.795696247879732255e+00
3.772143964877151756e+00
3.785922025833729609e+00
3.799455460827851461e+00
3.775908918345397769e+00
3.752253205225843047e+00
3.766390668738421432e+00
3.780282894376791880e+00
3.756639070988309737e+00
3.732925948580754216e+00
3.747389647505413368e+00
3.761609994079960995e+00
3.775585669270951072e+00
3.751925316569712621e+00
3.728205912553734347e+00
3.742744411371159874e+00
3.719021473735943051e+00
3.733700971276094460e+00
3.748140510038705742e+00
3.724431968749714716e+00
3.739017706609108149e+00
3.715309425093898721e+00
3.691626421257156121e+00
3.668026100522420840e+00
3.644567751998351035e+00
3.621311742161157810e+00
3.597721407640431579e+00
3.614447391415505528e+00
3.630401412491969904e+00
3.646170435187202408e+00
3.661745437912106382e+00
3.677118473936079379e+00
3.653729148116403369e+00
3.669185188945919496e+00
3.684437479790723557e+00
3.699479507197428241e+00
3.714305670822988237e+00
3.690793090404294041e+00
3.705738603765456496e+00
3.720466418016412202e+00
3.696949147386704659e+00
3.711801969320118744e+00
3.688310815193307501e+00
3.664915461631672144e+00
3.680191096650381244e+00
3.695260003605923327e+00
3.710116392392059925e+00
3.686656203267184129e+00
3.663296163946277773e+00
3.640093379377896454e+00
3.655637203971159988e+00
3.670988883681037152e+00
3.686141078616762989e+00
3.701087366642491716e+00
3.715822188723740371e+00
3.730340796632980904e+00
3.744639197663278463e+00
3.721169398767064873e+00
3.697719459545548482e+00
3.712510838160732796e+00
3.727085649339744400e+00
3.741439886083017363e+00
3.755570244115947975e+00
3.769474070219416717e+00
3.783149313125512503e+00
3.796594475940818114e+00
3.809808572732203302e+00
3.822791085387845289e+00
3.836128471078462887e+00
3.848668143469256453e+00
3.825992369229115120e+00
3.838309793086192023e+00
3.850836752775123273e+00
3.828142783354896217e+00
3.840445645356731497e+00
3.852958416178370538e+00
3.865234409244791891e+00
3.879894899758485227e+00
3.857815497417160344e+00
3.869498083501971220e+00
3.881422324029428772e+00
3.893109041984502916e+00
3.904561567511205755e+00
3.915783268393616900e+00
3.894092684019075268e+00
3.871998055045807519e+00
3.883011634037677240e+00
3.894707994460515188e+00
3.906166114952698720e+00
3.917389712404654833e+00
3.928382553661756038e+00
3.906806555746774379e+00
3.917507129679195010e+00
3.928519224917874197e+00
3.943481630077837696e+00
3.923082067890874214e+00
3.933127335440104844e+00
3.912647599935144882e+00
3.922891787457941426e+00
3.933484502528763471e+00
3.913007215299546093e+00
3.892306570001392352e+00
3.903936601208191526e+00
3.915337192826892299e+00
3.926511540272127121e+00
3.905596412998151301e+00
3.884540060281109763e+00
3.896156495707675305e+00
3.875003689792029693e+00
3.886737849343771423e+00
3.865520999249554723e+00
3.844290564951620581e+00
3.823105474953830463e+00
3.835531248114500080e+00
3.814374701457629691e+00
3.826885470694835867e+00
3.839225347183890413e+00
3.818045342064904979e+00
3.830479641807451152e+00
3.809348148488182595e+00
3.821870575547858362e+00
3.800801181640491855e+00
3.779294863634602208e+00
3.757226222791877568e+00
3.770784115580739559e+00
3.748701297414272382e+00
3.726740897743591852e+00
3.742959451560797568e+00
3.721177539419568081e+00
3.736001008285334102e+00
3.749169695346883824e+00
3.727379677241958955e+00
3.705769696755861542e+00
3.719920557968942720e+00
3.732918606480565504e+00
3.711540528062927002e+00
3.726119079679618196e+00
3.739033251786639589e+00
3.751841376161469288e+00
3.764535617187106720e+00
3.777823524607329286e+00
3.756982579297308611e+00
3.770111826878296934e+00
3.748621441742045590e+00
3.727262579240209206e+00
3.741988184622323299e+00
3.720701008816253541e+00
3.735031006137551568e+00
3.747778428259989969e+00
3.760418327669975636e+00
3.773660650541285300e+00
3.786019000151025438e+00
3.798823097320983333e+00
3.810893391725867829e+00
3.822826918339616409e+00
3.802280833323140818e+00
3.814311847718544257e+00
3.826204079556307924e+00
3.805639171230663642e+00
3.817631771402964613e+00
3.829483725321659815e+00
3.808900660581667541e+00
3.788484722488711487e+00
3.767678230691548169e+00
3.746357195661702111e+00
3.725168902972666007e+00
3.739782821061606644e+00
3.718662674266937529e+00
3.732919605207606573e+00
3.745602146970744339e+00
3.724460328686808985e+00
3.738611757643150124e+00
3.751227637795997438e+00
3.764476530848764657e+00
3.743301538242963744e+00
3.756363441864213115e+00
3.769532793750566935e+00
3.749075619730114273e+00
3.762082304333816296e+00
3.774431402376421829e+00
3.786665228735205613e+00
3.766047002989001413e+00
3.778863799614949226e+00
3.791629048956095094e+00
3.770958994561611100e+00
3.783176713845604056e+00
3.762609570173634399e+00
3.741537693444713764e+00
3.720605818578881063e+00
3.699851050703516719e+00
3.714061836753785428e+00
3.726507585822764757e+00
3.738933101532385450e+00
3.718132598178367054e+00
3.731502177479900428e+00
3.743992509816236769e+00
3.723169303523961915e+00
3.736559922363553277e+00
3.715843079642667579e+00
3.729332668345283874e+00
3.741922055444806272e+00
3.721162738813361237e+00
3.700572788154240733e+00
3.680185978947960290e+00
3.660034811874685712e+00
3.640150222105547062e+00
3.652655788922473779e+00
3.665252355378291416e+00
3.645035439830786483e+00
3.625090906793125622e+00
3.637980014614424551e+00
3.650929617738140731e+00
3.663918510852213650e+00
3.676926508147451589e+00
3.656154351883373010e+00
3.669329234244009363e+00
3.682494586422551119e+00
3.661480314043232376e+00
3.674805897858604453e+00
3.688097311118493149e+00
3.666865342220565704e+00
3.680312459506412281e+00
3.659067875896511168e+00
3.638024228729048737e+00
3.651799728292073333e+00
3.665522546898598133e+00
3.644281878236216965e+00
3.623262186961603071e+00
3.637290529641912684e+00
3.651258452146953104e+00
3.630050488576476386e+00
3.644135123976371737e+00
3.622951783114321422e+00
3.602021640248580514e+00
3.616374506840899450e+00
3.595489618531762854e+00
3.609929042783827757e+00
3.624301148795793459e+00
3.638594960474065942e+00
3.617318054495931801e+00
3.631710400083060897e+00
3.646013295508665930e+00
3.624579883234737121e+00
3.603387981815961982e+00
3.582478636854064646e+00
3.597203439480989307e+00
3.576360548603473077e+00
3.555271231164649048e+00
3.567180002299767061e+00
3.546593368939451985e+00
3.561721150224262278e+00
3.576812455158068893e+00
3.591194242341456455e+00
3.570828924372672297e+00
3.585278371624238236e+00
3.564419675805985399e+00
3.543822480619850612e+00
3.522783544464933136e+00
3.501938493023124988e+00
3.481319982781460709e+00
3.495914545532235795e+00
3.475665652842766740e+00
3.455681458818787632e+00
3.435988235945106162e+00
3.450116376502442961e+00
3.464434513516526870e+00
3.478897843362459774e+00
3.493464957387022007e+00
3.472748065626238834e+00
3.452249947436990762e+00
3.431999924184800044e+00
3.412026206274138218e+00
3.392355698587401935e+00
3.373013818854275314e+00
3.385698835332097367e+00
3.366708098279522776e+00
3.348020801166320393e+00
3.329664427881967370e+00
3.343030317225376802e+00
3.358230823590688807e+00
3.373449124481112449e+00
3.388661013776510966e+00
3.369492414032113636e+00
3.384841451207302399e+00
3.365655494963417205e+00
3.381131444507253114e+00
3.396557682851972348e+00
3.377098679458031771e+00
3.392648103115710967e+00
3.408118712516209570e+00
3.423490535894655462e+00
3.438744474803502982e+00
3.418663289844888542e+00
3.398731388795772634e+00
3.378987065278067803e+00
3.359468255452255914e+00
3.375508198509366675e+00
3.391446028420375125e+00
3.407263259467062433e+00
3.422942306135444923e+00
3.402807787553668195e+00
3.382840892689044310e+00
3.398869640309996498e+00
3.378900685033662032e+00
3.395019097786648565e+00
3.375051335660391061e+00
3.355303874240490813e+00
3.371705261652586216e+00
3.387974926128025643e+00
3.404095376824973762e+00
3.420050232745591945e+00
3.399743537153875561e+00
3.415796851000914902e+00
3.431667631540090024e+00
3.411217992392561627e+00
3.427193554470290948e+00
3.406735439066510995e+00
3.386419826619940121e+00
3.366291244820733830e+00
3.382863705113285935e+00
3.399267903747455577e+00
3.378972497217362037e+00
3.358878955493411311e+00
3.375576727621947271e+00
3.354956595881349202e+00
3.334558523773689664e+00
3.313689028407496018e+00
3.292970196186947973e+00
3.272435522955906340e+00
3.252117630766960144e+00
3.272208469546791676e+00
3.252171941925940502e+00
3.232398290246680350e+00
3.248283367722153425e+00
3.265018691741185197e+00
3.281703178181663016e+00
3.262122504316469662e+00
3.242705822780803881e+00
3.223487267069942597e+00
3.239909113997978096e+00
3.220546748707163953e+00
3.201405772775419489e+00
3.218280880104196218e+00
3.235258098661584647e+00
3.215644420872174170e+00
3.232872222960992303e+00
3.250113981074145286e+00
3.267321431849447233e+00
3.247072501916862919e+00
3.226942424627714079e+00
3.244629988844512258e+00
3.224401098406379784e+00
3.204327019282094735e+00
3.222443993393079520e+00
3.202284150995388767e+00
3.182316501056941860e+00
3.200809739186794012e+00
3.180767650556192372e+00
3.199396955456685898e+00
3.217927084244057045e+00
3.236323597156310683e+00
3.254553765603246607e+00
3.272586831715439182e+00
3.251683775723236636e+00
3.269866655393387500e+00
3.248890957504464883e+00
3.227977189519712464e+00
3.246648125389707040e+00
3.265086413066990101e+00
3.243989125456473666e+00
3.262554104551084411e+00
3.241398585588124881e+00
3.220310677412609124e+00
3.239347324788273141e+00
3.258126551374709745e+00
3.236874937641066374e+00
3.215696016348665420e+00
3.194639049063100700e+00
3.214192631082244844e+00
3.233499137638469190e+00
3.212256399152768171e+00
3.191140923348855463e+00
3.210839924974770110e+00
3.189701880450060312e+00
3.168744649720460327e+00
3.147465815050030979e+00
3.126433182767883956e+00
3.145220320979025264e+00
3.165790941383441748e+00
3.144689456085159041e+00
3.123831479184941529e+00
3.144536598457869481e+00
3.123683206950274016e+00
3.144439116190356209e+00
3.123588155044765724e+00
3.102273536237733165e+00
3.081126981201138371e+00
3.060184258867836515e+00
3.082340226426276253e+00
3.102722642176685142e+00
3.123073418360038378e+00
3.146468142342438323e+00
3.167033290143606017e+00
3.145949805410188205e+00
3.166486206471243570e+00
3.186247302411338467e+00
3.205759652981344576e+00
3.184819344468146518e+00
3.204377619081610895e+00
3.223659465337085805e+00
3.202565895703049392e+00
3.221906413966623361e+00
3.240945365223882213e+00
3.219731514918814153e+00
3.198607081261715557e+00
3.218072078318460427e+00
3.237231850255906984e+00
3.215988539747988817e+00
3.235212819082850189e+00
3.254109726588926499e+00
3.273230574521931224e+00
3.291455477180149192e+00
3.270484184132852246e+00
3.288384008175665674e+00
3.267367870361700621e+00
3.285375393366522623e+00
3.264318158990081375e+00
3.282428534652247265e+00
3.300581193659561485e+00
3.318339822942166784e+00
3.297363609343476387e+00
3.314775214425122130e+00
3.332253649301755605e+00
3.349320071463659065e+00
3.365970833368460813e+00
3.382204021509762182e+00
3.400935672736085102e+00
3.416152239597982199e+00
3.430955950897231155e+00
3.449564560606642072e+00
3.463057800925577023e+00
3.476971087751334899e+00
3.490387294760174619e+00
3.502941218583188299e+00
3.515159799161349241e+00
3.498515042272287268e+00
3.510451052010550743e+00
3.523105593022490378e+00
3.535347878918411180e+00
3.547187752998053334e+00
3.558635464466290532e+00
3.569701422278575009e+00
3.553709053496887371e+00
3.563505379330751399e+00
3.574372374570279565e+00
3.587466747100894970e+00
3.572095405842744320e+00
3.556048079116917560e+00
3.539381959640367725e+00
3.552626369765019554e+00
3.535441070972219268e+00
3.548830058669926846e+00
3.531202636206427936e+00
3.512556928238102394e+00
3.526593580751645973e+00
3.540339012965235010e+00
3.554269472607882285e+00
3.567337849656244231e+00
3.549191540696138514e+00
3.530109975945867617e+00
3.510646037784369344e+00
3.525439607469837977e+00
3.505732957616576773e+00
3.520755832603544189e+00
3.534940688120288943e+00
3.549334065145513861e+00
3.562832450661046924e+00
3.576011428973456141e+00
3.557096359037755118e+00
3.537308792159767457e+00
3.551767265636073923e+00
3.531770320488979653e+00
3.511465536302017743e+00
3.490899453068731617e+00
3.470123416935571914e+00
3.487258511820674034e+00
3.502588399925411267e+00
3.517572673151225349e+00
3.496825921984133334e+00
3.512506393722746090e+00
3.491629779660156530e+00
3.507478315213208742e+00
3.522440404451757434e+00
3.501556209175256562e+00
3.517210608097621094e+00
3.531994000661413668e+00
3.546435600933246501e+00
3.561074446955625472e+00
3.540442866143337586e+00
3.519543303378848353e+00
3.534822665763436067e+00
3.513799700543546400e+00
3.492570634432501819e+00
3.471186867810057919e+00
3.488670073201086463e+00
3.504290769724421217e+00
3.519561550716081122e+00
3.534483699394421752e+00
3.513279708021034953e+00
3.528883137484541521e+00
3.543623437645436969e+00
3.558017427151741074e+00
3.536979428350591093e+00
3.552034258499901842e+00
3.530874986181056663e+00
3.546120568878220247e+00
3.524848398101433578e+00
3.503368736362319158e+00
3.519803816434413868e+00
3.498216209365923923e+00
3.514345384257251403e+00
3.529574816226753065e+00
3.508026896217183666e+00
3.523939591093291579e+00
3.538968108551359126e+00
3.553642618123980856e+00
3.532277154008538034e+00
3.547616167139438836e+00
3.562662267325136245e+00
3.576775730480203030e+00
3.590542110489788552e+00
3.603965512390617132e+00
3.583612852052236342e+00
3.562976873599354999e+00
3.541532848532908062e+00
3.519855861947636111e+00
3.535605000579310708e+00
3.550514649744872298e+00
3.565608454889372059e+00
3.544129600817395254e+00
3.558814829707863669e+00
3.537253286653588180e+00
3.552638625526068239e+00
3.530981074997471936e+00
3.546546280865292111e+00
3.561248907910985029e+00
3.576113961314705492e+00
3.555205670971745668e+00
3.569699713762852333e+00
3.583830827808949682e+00
3.597603382673591366e+00
3.611022145762194491e+00
3.590493288569906127e+00
3.569671189222441310e+00
3.583861834501567145e+00
3.562932299490483068e+00
3.541189076793040957e+00
3.519217333074200482e+00
3.497068706116982284e+00
3.474799378895006896e+00
3.452469449484312669e+00
3.469083256837606211e+00
