6.806587970165331569e+00
6.803274351511503504e+00
6.800282954430912241e+00
6.797181810810456248e+00
6.794167929674695294e+00
6.790714124240804672e+00
6.787294192503883217e+00
6.783936337141921236e+00
6.781040715992756596e+00
6.777749858386923343e+00
6.775207746004535458e+00
6.771800895707436041e+00
6.768475214724354316e+00
6.765812020240892011e+00
6.763263406324235838e+00
6.760218839691080284e+00
6.757346439728808107e+00
6.755525471304598462e+00
6.752668982985381874e+00
6.749912515628207821e+00
6.747261129562489579e+00
6.744775421254112224e+00
6.742447254471663598e+00
6.740298604403760052e+00
6.738354534257586792e+00
6.736642995758509223e+00
6.734757929628376161e+00
6.732967225927766641e+00
6.732507334109787855e+00
6.730858329684004104e+00
6.729379572402253373e+00
6.728043235396529376e+00
6.728201801334237508e+00
6.727184275118392343e+00
6.725958088239072374e+00
6.724783934086165260e+00
6.723656384265093600e+00
6.722571315307534157e+00
6.721843617581317432e+00
6.720922082148855559e+00
6.720126436345306153e+00
6.720938842216036768e+00
6.720020775995973139e+00
6.719121528838130075e+00
6.718239079541219461e+00
6.717372862188947913e+00
6.716778160506115647e+00
6.715992980829425640e+00
6.715308631843463161e+00
6.714749615073786870e+00
6.714045868564088693e+00
6.713291816234411513e+00
6.712547637177983972e+00
6.711813713889722699e+00
6.711091818629733474e+00
6.712216412738095883e+00
6.711533282762590424e+00
6.710950437646787670e+00
6.710236626688623751e+00
6.711486815401623396e+00
6.712754526622299878e+00
6.714254402171757619e+00
6.713646061184589620e+00
6.713064324791076842e+00
6.714505247517060127e+00
6.713986948641751162e+00
6.713520882088784170e+00
6.713288174813080822e+00
6.714509357500571873e+00
6.714068076988266576e+00
6.713648796493982829e+00
6.713249859319249779e+00
6.713140478125658284e+00
6.714537021897194258e+00
6.715580291927691015e+00
6.715311381852469452e+00
6.715164536098557235e+00
6.714851308595042312e+00
6.716421560014161685e+00
6.716047976478374260e+00
6.717577672672285338e+00
6.717067341804294323e+00
6.718210602746458093e+00
6.717795974335047049e+00
6.717459895896961797e+00
6.718787543370956072e+00
6.718327125087458107e+00
6.717786977749635291e+00
6.717238189174532970e+00
6.716683440188108811e+00
6.716381560801525374e+00
6.715864389403753520e+00
6.715519318752145139e+00
6.716692637459736659e+00
6.718022544780330563e+00
6.719130193575956866e+00
6.718573565374986067e+00
6.718035148164951842e+00
6.717516443273885862e+00
6.717261752410190745e+00
6.716825165940401021e+00
6.716571709686860459e+00
6.716246358752610668e+00
6.716141258038516249e+00
6.717499369719850399e+00
6.719096724047911806e+00
6.721306241377588364e+00
6.723161231028337959e+00
6.725186208932978360e+00
6.725072857807936622e+00
6.726418676783060491e+00
6.726374473559564748e+00
6.726423600011036896e+00
6.728058641698925868e+00
6.728284015061879231e+00
6.728225032875031708e+00
6.728151823124000508e+00
6.729747260984579427e+00
6.729515701670365502e+00
6.729456602391262976e+00
6.729233137351683602e+00
6.729134154261514844e+00
6.729096261011073388e+00
6.729141233381316312e+00
6.730725597236758340e+00
6.732197123897574187e+00
6.731718886987352768e+00
6.732772035720292259e+00
6.733543494820608544e+00
6.734285155066121575e+00
6.733724865550155592e+00
6.733231100376510625e+00
6.732828522145475780e+00
6.732543053380058318e+00
6.731904650586557182e+00
6.733486736178994292e+00
6.732806064980912275e+00
6.732128515518393641e+00
6.732961857421106089e+00
6.733648801167888109e+00
6.734285716392180099e+00
6.733677324825436017e+00
6.733165675516379345e+00
6.732771853767968828e+00
6.732303233103637652e+00
6.733450434937413576e+00
6.732664500659340412e+00
6.733286475325880538e+00
6.732442326906523000e+00
6.731691533657389037e+00
6.732292075059401526e+00
6.731587359675581972e+00
6.730971995436520139e+00
6.730469121855810144e+00
6.729907467109693897e+00
6.729007948791548621e+00
6.728109060591116908e+00
6.728699358734745672e+00
6.727759703222135457e+00
6.728408383004405913e+00
6.727593547524298501e+00
6.726872201856220812e+00
6.726270664640598973e+00
6.727399626810202093e+00
6.726465961355107659e+00
6.727246413076903409e+00
6.726385897747810816e+00
6.727113534523502025e+00
6.726321416706719347e+00
6.725597241389292158e+00
6.724947012478644126e+00
6.724375444892710441e+00
6.723885396023202787e+00
6.725129925095889583e+00
6.724231264107058514e+00
6.724854698359720828e+00
6.723793984412109737e+00
6.722648583323892701e+00
6.723001541885182064e+00
6.721600825767078291e+00
6.721698480696130851e+00
6.720015419207441276e+00
6.718207600877846630e+00
6.716276008465695391e+00
6.716294919962054522e+00
6.714041714339881395e+00
6.711691419459514307e+00
6.709250775444893122e+00
6.708502415391629725e+00
6.705884141073066296e+00
6.702706062395349385e+00
6.699400660659869722e+00
6.699032362410200392e+00
6.695546083786674707e+00
6.691954548617655263e+00
6.688264142630937492e+00
6.684480989035622045e+00
6.682913136898853246e+00
6.681319202005078672e+00
6.680205572375577106e+00
6.678544349753039455e+00
6.676880151098639971e+00
6.675216609893539932e+00
6.670966917687848330e+00
6.666662396718264993e+00
6.665071954795325659e+00
6.660679321588312440e+00
6.656239616132567427e+00
6.654743117735698377e+00
6.650229576049511593e+00
6.648792765076158240e+00
6.647370113987509654e+00
6.642765935631457452e+00
6.638126772013672294e+00
6.636821002609406328e+00
6.632128986485913202e+00
6.626986310595454732e+00
6.621836132287429955e+00
6.621078472031830309e+00
6.615850357482496946e+00
6.610622510551421804e+00
6.608642843612896556e+00
6.602750679412523915e+00
6.596788655633051945e+00
6.594561120646861063e+00
6.592774366819705634e+00
6.586662611972393222e+00
6.584959021462955420e+00
6.578731181103472103e+00
6.577104050637508692e+00
6.570758562800016911e+00
6.569203380299450501e+00
6.562740663079810410e+00
6.556203811674784276e+00
6.549595360085145757e+00
6.542918226948623683e+00
6.541584419997755084e+00
6.534803594387758707e+00
6.527961305598475761e+00
6.521061749830047383e+00
6.514109463396893673e+00
6.513009316641347191e+00
6.505976096484849869e+00
6.498900924278756541e+00
6.491789378755172812e+00
6.484156911396948608e+00
6.483282407827713811e+00
6.475609979525993154e+00
6.467936894409911375e+00
6.459576053639474402e+00
6.458531806571664369e+00
6.457558216297782927e+00
6.449101654875759593e+00
6.440573148476902432e+00
6.439022554398338372e+00
6.437502785188618404e+00
6.436010470151026119e+00
6.427237797163686928e+00
6.425822087376303671e+00
6.424427304424069618e+00
6.423051585658767770e+00
6.421693341633901042e+00
6.412617562636444113e+00
6.411327750771064871e+00
6.410052372562423884e+00
6.408790524437833369e+00
6.407541429161714319e+00
6.406304392220683042e+00
6.396890302768100334e+00
6.387421997514639571e+00
6.386309967876039551e+00
6.385208473978646104e+00
6.384117134446229080e+00
6.374460118496399375e+00
6.364770325922414429e+00
6.355058038560866152e+00
6.345333779104358918e+00
6.335608253108045318e+00
6.334852462197378742e+00
6.324572673368775710e+00
6.323869307673926521e+00
6.323192109812802109e+00
6.322522119203105362e+00
6.312161559055868842e+00
6.301141510136531565e+00
6.300171766408961815e+00
6.289117239814349780e+00
6.278043464927478112e+00
6.276562817523063664e+00
6.265417420870037724e+00
6.264049201487846830e+00
6.252836193806137643e+00
6.241624781055159055e+00
6.230424161456417309e+00
6.219243643638406205e+00
6.208092604356661326e+00
6.196980445370432911e+00
6.196072146243015943e+00
6.184949941388754979e+00
6.173885705033820059e+00
6.162888976416806663e+00
6.151969128862380565e+00
6.141135328533254167e+00
6.130396493525685386e+00
6.129967098436266859e+00
6.119280754060314464e+00
6.108179093883730815e+00
6.097215575476635507e+00
6.086397408206212667e+00
6.075011992363962499e+00
6.063695996331624372e+00
6.052452376054217709e+00
6.041284052489193535e+00
6.030193936433617452e+00
6.028049204627249580e+00
6.017024329177639075e+00
6.006082596059354017e+00
5.995226813571204794e+00
5.984459920577378078e+00
5.973784974420201621e+00
5.963205138227394286e+00
5.962824940451553424e+00
5.952267395144392736e+00
5.941812302927668377e+00
5.931463412902457044e+00
5.921224495286358191e+00
5.911099327271524650e+00
5.901091675446089369e+00
5.899464651151403949e+00
5.889097013959910143e+00
5.889655812769390764e+00
5.879316837047608324e+00
5.869125171155850751e+00
5.858382188792211842e+00
5.858363556186683141e+00
5.858421511810709248e+00
5.858519670574279914e+00
5.847682505283664511e+00
5.836907495858948636e+00
5.826195590782704770e+00
5.825788840061727925e+00
5.815038967606040998e+00
5.814731256361042711e+00
5.803945485008735083e+00
5.793227981126209514e+00
5.782581482857675148e+00
5.772008970439694409e+00
5.770081173582942924e+00
5.759646313449120925e+00
5.749282756862945654e+00
5.738994945258255598e+00
5.728787488450122645e+00
5.727694342332017463e+00
5.717540297844668551e+00
5.707479113043158137e+00
5.697515434612685503e+00
5.687151858330835807e+00
5.687646814522770988e+00
5.677322028286604372e+00
5.678379496631075440e+00
5.667397627107149560e+00
5.656463885278915527e+00
5.657481148944146554e+00
5.646588521244805925e+00
5.635745844485096967e+00
5.633512523047295772e+00
5.622777082554337724e+00
5.622663495562139957e+00
5.622590694281154100e+00
5.611700339540513838e+00
5.600852892999601096e+00
5.590052592811119325e+00
5.579303940991203525e+00
5.579583577219233703e+00
5.568794126635061126e+00
5.558066783870418526e+00
5.547407083418956830e+00
5.536820727666087016e+00
5.526313559066432290e+00
5.525705837907533891e+00
5.515246032270599841e+00
5.515989279893462438e+00
5.516746050195799000e+00
5.506208570753027054e+00
5.495270517639856855e+00
5.484452240419748215e+00
5.473760156798885390e+00
5.473777680322043260e+00
5.462412573554230377e+00
5.451088528109258924e+00
5.451337545059365297e+00
5.439942355104226301e+00
5.428592039163396166e+00
5.417290021070416017e+00
5.406040011931149358e+00
5.394846007004161059e+00
5.394051741448868675e+00
5.382925342460234575e+00
5.371856038972149250e+00
5.372676320592417731e+00
5.361564410945597992e+00
5.350521644328336990e+00
5.350026208824592011e+00
5.339018164178759740e+00
5.328094468624263058e+00
5.317261415778806288e+00
5.306525440831975082e+00
5.307836228362713626e+00
5.296614611588642774e+00
5.285512392851622998e+00
5.287421388808608569e+00
5.276314423697931133e+00
5.264656789331709774e+00
5.253046857962590188e+00
5.241487084051255962e+00
5.229980158106049437e+00
5.218529022077185608e+00
5.207136877831198163e+00
5.195807191663978308e+00
5.184543694649793366e+00
5.173350378693513107e+00
5.173471122424865953e+00
5.162328140907777474e+00
5.162127693557100550e+00
5.151005636779808050e+00
5.152394694196054559e+00
5.141241573419534916e+00
5.130172984964564975e+00
5.131772528377509524e+00
5.120685424968375976e+00
5.109696202911951701e+00
5.098811630377023896e+00
5.087544271654882877e+00
5.076401435938271867e+00
5.078876052176427791e+00
5.067721145838636865e+00
5.056019172759040892e+00
5.044367446106301500e+00
5.032768312101589814e+00
5.032327057655244573e+00
5.020796940439981704e+00
5.009312024609918090e+00
4.997876423036705873e+00
4.986494522056093004e+00
4.988172744764258759e+00
4.976720156076804180e+00
4.978541382455481390e+00
4.980404862757316309e+00
4.968757066237121656e+00
4.957176821924940135e+00
4.957733951142400564e+00
4.959770196433293421e+00
4.948085780487055274e+00
4.936483988266694212e+00
4.938737035908937756e+00
4.941011289089372482e+00
4.929261042323943798e+00
4.917609649288480433e+00
4.906065481494755076e+00
4.908636749871460481e+00
4.911220344872042176e+00
4.913815105718597920e+00
4.901525282647821946e+00
4.889366848968736079e+00
4.892589291588772760e+00
4.880424358758836512e+00
4.867699506489841177e+00
4.855031678277193841e+00
4.842425359646114202e+00
4.829885215089982253e+00
4.817416096890916322e+00
4.817908793245080368e+00
4.805531091481102024e+00
4.793220138000418906e+00
4.780982587717025112e+00
4.768825288602439372e+00
4.756755262665442352e+00
4.744779681926027060e+00
4.732905839870038101e+00
4.721141118719854646e+00
4.722900692063541683e+00
4.725879770561809856e+00
4.714021786162692074e+00
4.702287519405967231e+00
4.705490533239473194e+00
4.708718141089160092e+00
4.696844779791724100e+00
4.684597970281497048e+00
4.672503022817614315e+00
4.659903435621018275e+00
4.647367766026086144e+00
4.649310281890515206e+00
4.636974800837063704e+00
4.641101763454263285e+00
4.628781115554037484e+00
4.616521918477223707e+00
4.604329184113099771e+00
4.592208060466806963e+00
4.595248402247388064e+00
4.598358166587959595e+00
4.601530811318566450e+00
4.604760474281112792e+00
4.592055238031640840e+00
4.579424161745520472e+00
4.582903366968887227e+00
4.570193765288001586e+00
4.557572930096233321e+00
4.545049507796782962e+00
4.532632257189887603e+00
4.520330012462808078e+00
4.508151639059499338e+00
4.496105985807703043e+00
4.483705934340080468e+00
4.471455999130308001e+00
4.472950993593671321e+00
4.477074042898963491e+00
4.464928714618412897e+00
4.468970811617380079e+00
4.473880717941934648e+00
4.460906231084987184e+00
4.447981641873020031e+00
4.452705939521572454e+00
4.439793421593738465e+00
4.426940537966091327e+00
4.414153136824102042e+00
4.401437198738135770e+00
4.388798844464411708e+00
4.392774492078184601e+00
4.380043205118059113e+00
4.382483336736353152e+00
4.369751234668783901e+00
4.357110720522142877e+00
4.344569030517156705e+00
4.332133634662467259e+00
4.319812205617755474e+00
4.307612582280824221e+00
4.312388645301307832e+00
4.317208343379919100e+00
4.322067932522239531e+00
4.309473328589088048e+00
4.297014046057262782e+00
4.284206644291384869e+00
4.289370179143221939e+00
4.276541798273928663e+00
4.263875198147474954e+00
4.267244209171197511e+00
4.253994746030438812e+00
4.240793470106513752e+00
4.227646309244758704e+00
4.214559329551885725e+00
4.201538755842000761e+00
4.188590990603522357e+00
4.191812197168496290e+00
4.178848193540382283e+00
4.183907025445745553e+00
4.170845574414430601e+00
4.176116776814686737e+00
4.162959764356584103e+00
4.149891861855258490e+00
4.136921946554631191e+00
4.124059146746031246e+00
4.129887381516780032e+00
4.116953574213691347e+00
4.122942936844332884e+00
4.109945040546536532e+00
4.097079443944934063e+00
4.083858128748474314e+00
4.070785033120580820e+00
4.075452859839282738e+00
4.081711287596899496e+00
4.068637561932392899e+00
4.055028840350447972e+00
4.062424206069684907e+00
4.068941581094440707e+00
4.055000539488976763e+00
4.041103355691521237e+00
4.048954260310000386e+00
4.035123279194501755e+00
4.021354593524978149e+00
4.027294151602291983e+00
4.013387701401230245e+00
4.019596782942824298e+00
4.005554081980495340e+00
3.991586063698111975e+00
3.977703223671525734e+00
3.963916229601636587e+00
3.950235891831356039e+00
3.936673126303304571e+00
3.923238912058089944e+00
3.909944221864388059e+00
3.916072444243314354e+00
3.902775242602253947e+00
3.910143302863465564e+00
3.896778363885361252e+00
3.883096532004473467e+00
3.888237995510482214e+00
3.874757859191529263e+00
3.861430049160079925e+00
3.869932580237100517e+00
3.855870422522520435e+00
3.841863508671019556e+00
3.827919414462879644e+00
3.814045726026475513e+00
3.821241356391247290e+00
3.807210999993930756e+00
3.793257962997155897e+00
3.779390838048110268e+00
3.765618392748882215e+00
3.751949542714928310e+00
3.758579021237240081e+00
3.744867262723295287e+00
3.731270459245732862e+00
3.717798163717416671e+00
3.723327292201219496e+00
3.710044647309238552e+00
3.696874751503888223e+00
3.705331804201823509e+00
3.713826027652938677e+00
3.722349419949356086e+00
3.708667610470428588e+00
3.695101721516061311e+00
3.681173908077084445e+00
3.667380254943839901e+00
3.676932474994460076e+00
3.663050866368368297e+00
3.672796959917888238e+00
3.682080732656366262e+00
3.667906127219414891e+00
3.677801917907503881e+00
3.687220104789648900e+00
3.672766757743935351e+00
3.657778485217078934e+00
3.642837762791353740e+00
3.627956187141991418e+00
3.613145404844296582e+00
3.622330139242447622e+00
3.607344618281098203e+00
3.592441191347791385e+00
3.600220463982169328e+00
3.585270068169134294e+00
3.570415125318662231e+00
3.555668417281624638e+00
3.541042974432258017e+00
3.551318199515578922e+00
3.561683440632108955e+00
3.572124577395896505e+00
3.582628034261100325e+00
3.567120275644252825e+00
3.551720113448552318e+00
3.536444540066238318e+00
3.547489135627603485e+00
3.532099996454264090e+00
3.516859717853173084e+00
3.528234343112203852e+00
3.512896029470761849e+00
3.497232531988014870e+00
3.481744879118036096e+00
3.465797460578312617e+00
3.449931091804519401e+00
3.461903245532957474e+00
3.446125438531994156e+00
3.430419950829683540e+00
3.414800777327453574e+00
3.399281831460009951e+00
3.383876913596326030e+00
3.393630945178151670e+00
3.378177017379589753e+00
3.389921056581192804e+00
3.374307307673793055e+00
3.358816266464603295e+00
3.343462555036945894e+00
3.355885357254850376e+00
3.368415486299169537e+00
3.352624325835877883e+00
3.336972613386648412e+00
3.321477387049921681e+00
3.306155791637702901e+00
3.291024951578528590e+00
3.275601221761331061e+00
3.260382222456265744e+00
3.244724500011211266e+00
3.229167981878844795e+00
3.241328642830798579e+00
3.225901543261342042e+00
3.210563856110828063e+00
3.195325400606121580e+00
3.180196047891766575e+00
3.193257219137916714e+00
3.177913378334748185e+00
3.162682527486391670e+00
3.147575925299399557e+00
3.132605071095474258e+00
3.117781694267884873e+00
3.103117726828750644e+00
3.115181874745801327e+00
3.129293467456746747e+00
3.143477056003727288e+00
3.157702144400842403e+00
3.142270587434883744e+00
3.126921582464613714e+00
3.111675467186796773e+00
3.126645368613323761e+00
3.111234533604771535e+00
3.126429711432193059e+00
3.141599260524909454e+00
3.125771484596591598e+00
3.110045847952267017e+00
3.094446984705909731e+00
3.110279271547507829e+00
3.126061897397493627e+00
3.110052230498090875e+00
3.126006372869126526e+00
3.109862165817746771e+00
3.093343948278539646e+00
3.076957517717217261e+00
3.060061748518519753e+00
3.043205839698452930e+00
3.062253832934630271e+00
3.045216982121166094e+00
3.028236895087392799e+00
3.011333233024232392e+00
2.994525762319634854e+00
2.977834254376749534e+00
2.961278383524165836e+00
2.944877625741255667e+00
2.928651157534331695e+00
2.912617755032342437e+00
2.896795693666587734e+00
2.881202654175487154e+00
2.865155829322624026e+00
2.849665594693838511e+00
2.834421892305203361e+00
2.817948206203348960e+00
2.802588073857447348e+00
2.787348389302044094e+00
2.772234054969131112e+00
2.757249835950423389e+00
2.742400479756543330e+00
2.757007753170597653e+00
2.774843356994276977e+00
2.759675299992702779e+00
2.744572537908783971e+00
2.729546761466710603e+00
2.714610165376976525e+00
2.699775509566293419e+00
2.719270691722387223e+00
2.704142338633052312e+00
2.724015221998242975e+00
2.708604213580915410e+00
2.693295057534137005e+00
2.678105688805022755e+00
2.662594290939796604e+00
2.681724493698903533e+00
2.666096962577428009e+00
2.687445134691204718e+00
2.672030129039801416e+00
2.693148198369293311e+00
2.677494296740876134e+00
2.661479951488904483e+00
2.645596092330384064e+00
2.629197826841323415e+00
2.612817597208146214e+00
2.596467799046306091e+00
2.580161952889140409e+00
2.563914678854448237e+00
2.547741656248525555e+00
2.568209022111395790e+00
2.590784572950835418e+00
2.574270976483052920e+00
2.557752259511353543e+00
2.541251047744823133e+00
2.524791329623684799e+00
2.508398331982919061e+00
2.492098351480476204e+00
2.475918541006192353e+00
2.459425191570242752e+00
2.443068084429762088e+00
2.426880560315785029e+00
2.410207949351326207e+00
2.393592298964012155e+00
2.377047996910311323e+00
2.403362488403572694e+00
2.387040439955328441e+00
2.414309973335916126e+00
2.397763573977615081e+00
2.381222672463063628e+00
2.364708817726356216e+00
2.348243957895779221e+00
2.331850327162754866e+00
2.315550338013060649e+00
2.340574223489858330e+00
2.324375248266190574e+00
2.308171815518412995e+00
2.292004740722156875e+00
2.319403686393049391e+00
2.302736748379764720e+00
2.286180541765265417e+00
2.269760192028544399e+00
2.253501406365415072e+00
2.236940221091985315e+00
2.220550291132812770e+00
2.203696706907895209e+00
2.186892576884033268e+00
2.170149187595590945e+00
2.153478542512271332e+00
2.136893416656276301e+00
2.120407407558935198e+00
2.104034971125919196e+00
2.086998820589803572e+00
2.071024242663294324e+00
2.055194178345823630e+00
2.039528628007643896e+00
2.023606348748452355e+00
2.007842184638990890e+00
2.038601988207892735e+00
2.072180007883866359e+00
2.056371423540459098e+00
2.040202470951519409e+00
2.024091715817012638e+00
2.058957182553997178e+00
2.093203703526786086e+00
2.076849245745982842e+00
2.110533029443713016e+00
2.143660565538665796e+00
2.127303163979770595e+00
2.110736893806073766e+00
2.094017430156520643e+00
2.127501907816468307e+00
2.110801347676701578e+00
2.093922472209708729e+00
2.128116295877042319e+00
2.111228899662883851e+00
2.145113293572825874e+00
2.128197953957328359e+00
2.111040702733219643e+00
2.093704039439392428e+00
2.076250925389500956e+00
2.058231491486648856e+00
2.040165755322756791e+00
2.021422068115115156e+00
2.060879029862133560e+00
2.042701687131485144e+00
2.023879867317025294e+00
2.064656284262962327e+00
2.102703027429312588e+00
2.084853634886836726e+00
2.066476419560753452e+00
2.048068306070382150e+00
2.087109372707115273e+00
2.068630163830353919e+00
2.050115545317571453e+00
2.030950472596376510e+00
2.011666105439556151e+00
1.992302927347654240e+00
2.037432487424073901e+00
2.018055670765281473e+00
2.060343513617466371e+00
2.041067326431395212e+00
2.081590761284195512e+00
2.120157080491762436e+00
2.156470504487133510e+00
2.190102912490792697e+00
2.173416087689194587e+00
2.205112215867971237e+00
2.188647104080494898e+00
2.219377653614090118e+00
2.203158083633842690e+00
2.242000515937686789e+00
2.227020560065494870e+00
2.254652070247386675e+00
2.240573998104508746e+00
2.225399579991726551e+00
2.251851104381862534e+00
2.237703726696170126e+00
2.263431080118361027e+00
2.249457459297736328e+00
2.235002647102301676e+00
2.219473897858369238e+00
2.203463040567668507e+00
2.230830286130220053e+00
2.215535739835041262e+00
2.199682395240665667e+00
2.183353273940979111e+00
2.166629853952594775e+00
2.149592235575729315e+00
2.132319030783674574e+00
2.114887056912482244e+00
2.097370897927450795e+00
2.079842393726740735e+00
2.062370103289013823e+00
2.044575171953374682e+00
2.077685525699701774e+00
2.060269903784722079e+00
2.096456235951012825e+00
2.078798855238956911e+00
2.061212835902869855e+00
2.043254631376197228e+00
2.025416583499668910e+00
2.063808278414140940e+00
2.045692625551822630e+00
2.027683418625054745e+00
2.066911222727241704e+00
2.048654487532652002e+00
2.030488007195484279e+00
2.070004298762881945e+00
2.107836917134384258e+00
2.089765542649091312e+00
2.071227901507981084e+00
2.109294579539958914e+00
2.091117502297721753e+00
2.072456020766006990e+00
2.053786506526744216e+00
2.093427782083066457e+00
2.074676940150277815e+00
2.055906056604283716e+00
2.036539721016714655e+00
2.017079852917007532e+00
1.997567220173980029e+00
1.978044025479619661e+00
1.958553431198219563e+00
1.939139078213855560e+00
1.987292928639636802e+00
2.027799221950120856e+00
2.008955286775861104e+00
1.989960074938884160e+00
1.970870052227620350e+00
1.951741827719925659e+00
1.998587962828592968e+00
1.979876350369945026e+00
2.021758822593945126e+00
2.062082877139344017e+00
2.100683275184073384e+00
2.137710943820751108e+00
2.172879253303689584e+00
2.156272742676829335e+00
2.188585429021825401e+00
2.172145238397181544e+00
2.155130795923494436e+00
2.188264160692936944e+00
2.171520205935825398e+00
2.204351064990720310e+00
2.187763126528464497e+00
2.170557383935065587e+00
2.152819399509009024e+00
2.134636312358987542e+00
2.116097261012797492e+00
2.097293341687397117e+00
2.077780585311774786e+00
2.057468370825179527e+00
2.095565303511705668e+00
2.076070357361571972e+00
2.056519505155741001e+00
2.098239000623493666e+00
2.078725645302168079e+00
2.119823725386699387e+00
2.101203916573054720e+00
2.139324613158652078e+00
2.120839335491949029e+00
2.102099510466549859e+00
2.139942369084219198e+00
2.121427126469122015e+00
2.159103178072876439e+00
2.141234193533769314e+00
2.122899190721949214e+00
2.104204299667446598e+00
2.084733462453276509e+00
2.065049217599196130e+00
2.103008549122248549e+00
2.143212765036526246e+00
2.125057681147060951e+00
2.106500244464256433e+00
2.087136891066242228e+00
2.067526666171679572e+00
2.047072120542248186e+00
2.026372880359812001e+00
2.068374782722757654e+00
2.110542301790208963e+00
2.091209992333567413e+00
2.071668940505900114e+00
2.051339867219462487e+00
2.030781196593267612e+00
2.010063507075379619e+00
1.989257922719016358e+00
1.968435474859782985e+00
1.947666345024826828e+00
1.927019030197971272e+00
1.906559484540241600e+00
1.885689523135189338e+00
1.865863327240375291e+00
1.911133639099666048e+00
1.890969980752662316e+00
1.871064097405251925e+00
1.851007835874161067e+00
1.831247758208754961e+00
1.811226769455360097e+00
1.791397009274927843e+00
1.771775471348884690e+00
1.752376868343237470e+00
1.733213984234859506e+00
1.714298108783530727e+00
1.695639522382408559e+00
1.676447641434917424e+00
1.728560172724500799e+00
1.711702236145482559e+00
1.694948484882763173e+00
1.678327110393778021e+00
1.661864488929307049e+00
1.645585172137685070e+00
1.629511948202044591e+00
1.613665948439705788e+00
1.598066785976512971e+00
1.582295239851538415e+00
1.626956300643061848e+00
1.611303437737277466e+00
1.595319368996416021e+00
1.643008964223652280e+00
1.699370192718160144e+00
1.683826563063847370e+00
1.727975156080243657e+00
1.776413135468192905e+00
1.760513456022187118e+00
1.744226027557493230e+00
1.727629915217973711e+00
1.710800350456890717e+00
1.693808961587526696e+00
1.676723848419578777e+00
1.659609578337355007e+00
1.642527148590387398e+00
1.625533947184421901e+00
1.608236395786704520e+00
1.591067945435650222e+00
1.572661645903953742e+00
1.554585751422219886e+00
1.537166527183782661e+00
1.519779629104585528e+00
1.502436514090828901e+00
1.485149510575909826e+00
1.467932294574973540e+00
1.450800335048926692e+00
1.509083838944778044e+00
1.493426241124121479e+00
1.477704399537114188e+00
1.530254000524215563e+00
1.579792434372934595e+00
1.628245081825266505e+00
1.613229914422260824e+00
1.597845712683784392e+00
1.581567761919350668e+00
1.564896393698513632e+00
1.547892175982154450e+00
1.530614122592639736e+00
1.513120071648142106e+00
1.566512486576792096e+00
1.549658033323095818e+00
1.601886096522890268e+00
1.585675238446129454e+00
1.568938379026178831e+00
1.551746192637881272e+00
1.534168168052437720e+00
1.516273287301562522e+00
1.498130432367438036e+00
1.479808573647245051e+00
1.461376779139490045e+00
1.527552033982170210e+00
1.580528866367277629e+00
1.563935862466018234e+00
1.546879583630478505e+00
1.529439902636017035e+00
1.511695123735763202e+00
1.567530396295175432e+00
1.550215597055188077e+00
1.603805443212650950e+00
1.652906420664043363e+00
1.637486539018072618e+00
1.621566971551157366e+00
1.605250816613049913e+00
1.587964758150301137e+00
1.570255981061745354e+00
1.552194704368308642e+00
1.607085584648227705e+00
1.589971614644011488e+00
1.572296767754808755e+00
1.626283562318379117e+00
1.674367278998019293e+00
1.725851557503278455e+00
1.713139225740085037e+00
1.699866479355072846e+00
1.686115588462886006e+00
1.671966177336105863e+00
1.710399820525952963e+00
1.750134306154316644e+00
1.781252258000532995e+00
1.769647052952846078e+00
1.757254439308803207e+00
1.792174476869219601e+00
1.780189218432185472e+00
1.767497892098443657e+00
1.754150518418426286e+00
1.792947977597621811e+00
1.779609397382367453e+00
1.815904687078321533e+00
1.803167339144908565e+00
1.837268162992822917e+00
1.824762117895682101e+00
1.811789053162157659e+00
1.798404837158122049e+00
1.833899159585578476e+00
1.820678225581793042e+00
1.807037331903844635e+00
1.792420854520228035e+00
1.830548031802730513e+00
1.864587009186434274e+00
1.852153671687226666e+00
1.883360448996775016e+00
1.871141296561903422e+00
1.858340807775209047e+00
1.845024874195741127e+00
1.830785226342091843e+00
1.816106159245269414e+00
1.800415692099039289e+00
1.784227888959869279e+00
1.823218337769813902e+00
1.860152952197087428e+00
1.846729271469260913e+00
1.832318477799682377e+00
1.817426694082613592e+00
1.853096358478746319e+00
1.887971806377066297e+00
1.874854572694365062e+00
1.861141978428176191e+00
1.893178671684033532e+00
1.880027300694418813e+00
1.911328827804200436e+00
1.898551040374178767e+00
1.885104214472762330e+00
1.871061438113696518e+00
1.856497717491748967e+00
1.888221205624223575e+00
1.874621389588362330e+00
1.907241737140372040e+00
1.894058799147837258e+00
1.924760949277587008e+00
1.912009083434197843e+00
1.898540365171056843e+00
1.884426523962859923e+00
1.914401259110875442e+00
1.901199762765743762e+00
1.887302206380504721e+00
1.872787329136665457e+00
1.857277253824676233e+00
1.841248447811014044e+00
1.824162761301858726e+00
1.860835697566644464e+00
1.845666347109151895e+00
1.829925354837233176e+00
1.868190240741057329e+00
1.853150768043469343e+00
1.837509773214592190e+00
1.820740354873993994e+00
1.803368565806811041e+00
1.785473568690099988e+00
1.767137182560769570e+00
1.813692157053921061e+00
1.855402208968206512e+00
1.893051864938643636e+00
1.878946602529997900e+00
1.864213026080070446e+00
1.848454295297656369e+00
1.883753020322952665e+00
1.869367426581075575e+00
1.853915346724571256e+00
1.889619634026315387e+00
1.875339492273692787e+00
1.859987906082822162e+00
1.844049378722512511e+00
1.827009976254120760e+00
1.809378188391127962e+00
1.791230627409447163e+00
1.772647192888609391e+00
1.753710782358252507e+00
1.802368052355517447e+00
1.845433356125048441e+00
1.829680113024418464e+00
1.812763372456844602e+00
1.795255938609945368e+00
1.777247974414382758e+00
1.758830558018762868e+00
1.740095388381766472e+00
1.790712151291183218e+00
1.773317975320978901e+00
1.755454464504752288e+00
1.802613400158698420e+00
1.845495183889942048e+00
1.829769269128814546e+00
1.812897073781889690e+00
1.795443113508216282e+00
1.777496868686650799e+00
1.759148309988911585e+00
1.806522287909730240e+00
1.789372058517172404e+00
1.771680364958523324e+00
1.753548070474010290e+00
1.735074605515300572e+00
1.785972866828448691e+00
1.768620432527841846e+00
1.750830540202977348e+00
1.732707868645919858e+00
1.782406051487119170e+00
1.825909764160430049e+00
1.809147770735062943e+00
1.851404991479222106e+00
1.835822922528567602e+00
1.819114456761746990e+00
1.859256422489829808e+00
1.896838235498230940e+00
1.882654698977620056e+00
1.867838656020596622e+00
1.852007357916055641e+00
1.835673272008846224e+00
1.818288327654516090e+00
1.800391849379813447e+00
1.782061453875523727e+00
1.763377034957393175e+00
1.744420226562074072e+00
1.725273619039708661e+00
1.706019807373071462e+00
1.686740336885348635e+00
1.667514616479214062e+00
1.648418865397595079e+00
1.698467019684583468e+00
1.679322715803481803e+00
1.660235192724323072e+00
1.714072139576594989e+00
1.777246463591331205e+00
1.821158325709016479e+00
1.862410961723485636e+00
1.899789891266060460e+00
1.885635198876353336e+00
1.918931650257607036e+00
1.905264686951149811e+00
1.890886433283078594e+00
1.875884788161894967e+00
1.859885422438436020e+00
1.843379068595810466e+00
1.878565399323603335e+00
1.863814864518212211e+00
1.847999960300256594e+00
1.831658915655633990e+00
1.814221348263970857e+00
1.853867570787417707e+00
1.892457799225847337e+00
1.878021015515344283e+00
1.912385689688650192e+00
1.898462721750565185e+00
1.883841480314929928e+00
1.868613515565559435e+00
1.901883651699139754e+00
1.887640669818264394e+00
1.921087674623045860e+00
1.907382792349952449e+00
1.938630040117916842e+00
1.925470873629835378e+00
1.911528937503048864e+00
1.896881241477698099e+00
1.881608264141188869e+00
1.865330674002901867e+00
1.848532946920574016e+00
1.830675642962009464e+00
1.876859355354005832e+00
1.859691050467279450e+00
1.842138617951341928e+00
1.823614152409969158e+00
1.804665870370488978e+00
1.785363879410266419e+00
1.765782955611919780e+00
1.746001515593283537e+00
1.726100365101857603e+00
1.706161292365643067e+00
1.762271639153440983e+00
1.743983944861734914e+00
1.725516345665622397e+00
1.776677294830638409e+00
1.758906923989363325e+00
1.740750857073885438e+00
1.722321761781331784e+00
1.703727364774230812e+00
1.685069609488664577e+00
1.666443748899054889e+00
1.647937504874320558e+00
1.710761951135431058e+00
1.692892547695610705e+00
1.742606807990784823e+00
1.724720908085488613e+00
1.706751018714989909e+00
1.688778088520873633e+00
1.670877899617254858e+00
1.726118631917832102e+00
1.708220943025070326e+00
1.757115800796127392e+00
1.739340743154240254e+00
1.721411106912112077e+00
1.703405383201527901e+00
1.685398604571974657e+00
1.667461576559427394e+00
1.649660190640263702e+00
1.709887784269566779e+00
1.692390865115122045e+00
1.675039710723566611e+00
1.657882821244306637e+00
1.711184004130261282e+00
1.757293769805520212e+00
1.739740336445067426e+00
1.722029716988309422e+00
1.771285631199836397e+00
1.754121864281897647e+00
1.799367921691359173e+00
1.782419201295481592e+00
1.764987753890382205e+00
1.747170434463266808e+00
1.794822455785215931e+00
1.777823791135201059e+00
1.821537588023968146e+00
1.804881244287931397e+00
1.787640638570865859e+00
1.831118760683867697e+00
1.871488392058830774e+00
1.856842453298636508e+00
1.892696128285198842e+00
1.926419404863020324e+00
1.913054143803943674e+00
1.898963318636855080e+00
1.884230061605610684e+00
1.868939949182299332e+00
1.906146899074704582e+00
1.891221987813942906e+00
1.875747839262847272e+00
1.859337456100086605e+00
1.842482495702996825e+00
1.824638871756281810e+00
1.868303788507092333e+00
1.851492123672447088e+00
1.834298705397061635e+00
1.816135832065929545e+00
1.862212946459901097e+00
1.844955790627833325e+00
1.889120795497073013e+00
1.929865145792436287e+00
1.967669516224906268e+00
1.951805109383053738e+00
1.935471094209213483e+00
1.918708409707203577e+00
1.901565991468372463e+00
1.884100694843859003e+00
1.927498932854616376e+00
1.910043861093901008e+00
1.892285865006455348e+00
1.873807517478630391e+00
1.855081838576749353e+00
1.902130842150112633e+00
1.945434526019730992e+00
1.985685795826755973e+00
1.969167400414622238e+00
1.952035586354535557e+00
1.934367837092388243e+00
1.916244532590148486e+00
1.897749620769773271e+00
1.939597234009803106e+00
1.921486593317841107e+00
1.903021606802212107e+00
1.884280511940813030e+00
1.864812952061149831e+00
1.844513858377980542e+00
1.823902873094710442e+00
1.803045862200491900e+00
1.856159672101479696e+00
1.835586628108295315e+00
1.814759513922643563e+00
1.793734366781231326e+00
1.772572864895134659e+00
1.751341377368954122e+00
1.730109792199201912e+00
1.708950166857855280e+00
1.687935269654387893e+00
1.667137089633233815e+00
1.646625392959561340e+00
1.625970711959293213e+00
1.605050375829109921e+00
1.584317350477844277e+00
1.563797011304095763e+00
1.543510790362405016e+00
1.523476637252566546e+00
1.502234275557785548e+00
1.558556692020030221e+00
1.540717121720561744e+00
1.595615570328092314e+00
1.578098908892333174e+00
1.560172779219617833e+00
1.541931802049519185e+00
1.598045006342360574e+00
1.648942460223534523e+00
1.695359577419017105e+00
1.680243991276615390e+00
1.664504026102926248e+00
1.647798895554714926e+00
1.630619378250905971e+00
1.675995446090748686e+00
1.660424353689197607e+00
1.643828955891968091e+00
1.689143495761328717e+00
1.673823321487933669e+00
1.657879371254008971e+00
1.640933266770607357e+00
1.685942117192843703e+00
1.736908167608041120e+00
1.724076454410525816e+00
1.710612575222462128e+00
1.696602833356361639e+00
1.682132156530068867e+00
1.667284301000933722e+00
1.652141675685543820e+00
1.636784918023642010e+00
1.682589184627866219e+00
1.669398627425753068e+00
1.655848278599577172e+00
1.642029601925657278e+00
1.628027187968615452e+00
1.670332079833130923e+00
1.657262591319073275e+00
1.643895004182738262e+00
1.630317397582492944e+00
1.616609895841154998e+00
1.602844852363494388e+00
1.588667288537743749e+00
1.574503664257459690e+00
1.560408467019022360e+00
1.600530575397913102e+00
1.643364727647266932e+00
1.629386239975103345e+00
1.678218994093797045e+00
1.665269429261887923e+00
1.651977678906005664e+00
1.638430727730448844e+00
1.624708550635358240e+00
1.610884297607685367e+00
1.596616196963144496e+00
1.634857423303493151e+00
1.621174755699755332e+00
1.669322825360693097e+00
1.656479192605549766e+00
1.694247845110113504e+00
1.730106731638053841e+00
1.767315173795127592e+00
1.796884169703685474e+00
1.823010807442902781e+00
1.813830773354475401e+00
1.803548876219455366e+00
1.833259757243936416e+00
1.823126692605177457e+00
1.812010669531225027e+00
1.800339368332721346e+00
1.832178217019750033e+00
1.820402846261544472e+00
1.808136774729157015e+00
1.795429390735325148e+00
1.781711184688497651e+00
1.767463271642666367e+00
1.752721897279662100e+00
1.737528713152562077e+00
1.782413928077689391e+00
1.767484263968034819e+00
1.806856042555986086e+00
1.792332976947050405e+00
1.777257957092549967e+00
1.761672985941836522e+00
1.803967460450778715e+00
1.841136090555993921e+00
1.874614276192469786e+00
1.862181500618336205e+00
1.892776011124575275e+00
1.880582588926451137e+00
1.909720805869594917e+00
1.942793006558992452e+00
1.968958573877082507e+00
1.990135776515007615e+00
2.009491791748283518e+00
2.001464787560819136e+00
1.992460019730641019e+00
1.982919740271687603e+00
1.972903582760522800e+00
1.998492271526241870e+00
2.022391447713423940e+00
2.044522319432363400e+00
2.034680380310094350e+00
2.024463120648702930e+00
2.013483677009617612e+00
2.038468329839546289e+00
2.027934943346316743e+00
2.016603369206728225e+00
2.004890272950091479e+00
1.992840025545105975e+00
1.979862137161730873e+00
2.009081421073187546e+00
1.996774976341147978e+00
1.983530207172666371e+00
1.969849390290362656e+00
2.001048123510369869e+00
1.987433317424872392e+00
1.973362809882954760e+00
1.958871421670505431e+00
1.993350432216981272e+00
2.023995158653629556e+00
2.011208983900923286e+00
1.997417670881586504e+00
2.027339441237618889e+00
2.014349325124058510e+00
2.000348908950132287e+00
2.030499105686155215e+00
2.017328675417446870e+00
2.046266423424734526e+00
2.033192348035419705e+00
2.019663635958177217e+00
2.048440061467496687e+00
2.035206395141464952e+00
2.021511440840475959e+00
2.006814639908097497e+00
1.991627472507499164e+00
1.976005617903826783e+00
2.009899772204680080e+00
1.995031988978795079e+00
1.979634133462767842e+00
2.013961987348798832e+00
1.999024815288649615e+00
1.983546262774733115e+00
1.967596779424105824e+00
1.951245981671640761e+00
1.934563121303895183e+00
1.975456929284276519e+00
1.959504040041695427e+00
1.943277521811022757e+00
1.981257007853457264e+00
1.965255165786404579e+00
1.948965609225531859e+00
1.987390513989423013e+00
2.021014137358203122e+00
2.005773304219041986e+00
1.989976230743970786e+00
1.973698316463186275e+00
1.957013797056457616e+00
1.939996157127598542e+00
1.981534945806737280e+00
2.015833772525998935e+00
2.048753417097295415e+00
2.034462364492408692e+00
2.064887585990250241e+00
2.050824321074750323e+00
2.036244246912345623e+00
2.066065062278139131e+00
2.051949356477240194e+00
2.037310094802121885e+00
2.021625687465285814e+00
2.005414373720007415e+00
1.988745453894393611e+00
1.971688641961856003e+00
1.954314141602701671e+00
1.936692474175158996e+00
1.918894130787476948e+00
1.900989089793370779e+00
1.883046239352473394e+00
1.865132750528020189e+00
1.847313434936523224e+00
1.887229117584564131e+00
1.869339873717607237e+00
1.851523294262605202e+00
1.833347697982852242e+00
1.815291870108639571e+00
1.796763901446590372e+00
1.778259466198955252e+00
1.759805973391203038e+00
1.741429913473545588e+00
1.790649799585180446e+00
1.772588530524666695e+00
1.819736035751646108e+00
1.801369350585087403e+00
1.782860893121041679e+00
1.764255372597050897e+00
1.745596748918287311e+00
1.726928133036319535e+00
1.708291741163377120e+00
1.689728893337753668e+00
1.671280039081541213e+00
1.727869963940349418e+00
1.710854059988041742e+00
1.693909584635037602e+00
1.742620193885665358e+00
1.725718061738467313e+00
1.708733064523009881e+00
1.691726222042782446e+00
1.674754219632411223e+00
1.726806137889913328e+00
1.771038536219779802e+00
1.754008265982845094e+00
1.798893666642593425e+00
1.782353847799865054e+00
1.765359841910803196e+00
1.748000452822115136e+00
1.794304759533775773e+00
1.777669931045869456e+00
1.760594851805401539e+00
1.743169860560360718e+00
1.725481154557314767e+00
1.774919690730603516e+00
1.758113236947780766e+00
1.802262664763827349e+00
1.785638414866195678e+00
1.828649192092085096e+00
1.812472451040104238e+00
1.795721478404866511e+00
1.837592625368174026e+00
1.876392878887836790e+00
1.911346921836809543e+00
1.949935064390918793e+00
1.938277654954869256e+00
1.925981578450432385e+00
1.952265864461504297e+00
1.940660972775326343e+00
1.928409465694852942e+00
1.958812089781105881e+00
1.946678120668749568e+00
1.933960966644604262e+00
1.964944179374977340e+00
1.952340846177160083e+00
1.939206882722834369e+00
1.925595746032668920e+00
1.911562449628893656e+00
1.897163700094005367e+00
1.882457796855099064e+00
1.925240896275176361e+00
1.911019568732161167e+00
1.896585704894172775e+00
1.881988078383371565e+00
1.867275784894203650e+00
1.852497648477864800e+00
1.837701627592223996e+00
1.822934257616966036e+00
1.861336325628215826e+00
1.845894409258617141e+00
1.830470867955251046e+00
1.814651201637133227e+00
1.798889432802471600e+00
1.783234031167092226e+00
1.822138606791696258e+00
1.806439432179143711e+00
1.847336031111276977e+00
1.887898453769171869e+00
1.871852716561282159e+00
1.855669470667887344e+00
1.895493707660858229e+00
1.879126589694298355e+00
1.862603775453850030e+00
1.845521055433469337e+00
1.828341269924904200e+00
1.811131031592718488e+00
1.793283079114190937e+00
1.775323759947103452e+00
1.757291927413157762e+00
1.739226369311604126e+00
1.721165618368527550e+00
1.766289560901431965e+00
1.749511343527640816e+00
1.732545149099475656e+00
1.715450347941992471e+00
1.763819996450071592e+00
1.746980572983934943e+00
1.729957808029524813e+00
1.712812713831046052e+00
1.761533029785366633e+00
1.744641928085189253e+00
1.727572841405893955e+00
1.710388147105378787e+00
1.693147685613252351e+00
1.744838009229244147e+00
1.727956612382161250e+00
1.710960331711937288e+00
1.693912591260810396e+00
1.743850746112489691e+00
1.787789630189211332e+00
1.771238973729759802e+00
1.754271259890405998e+00
1.736975270873040822e+00
1.784026053115330024e+00
1.826373587987822900e+00
1.810311745576413722e+00
1.793687563207866820e+00
1.776585791173578066e+00
1.759088864985281830e+00
1.741277227064900845e+00
1.789352030530195092e+00
1.772622044976627453e+00
1.755458517490989578e+00
1.737953669895559772e+00
1.785532911350091068e+00
1.768737623386632762e+00
1.812386372844286830e+00
1.853182955111325025e+00
1.837953137833579831e+00
1.822232683175519563e+00
1.805477606684112057e+00
1.788238349564483798e+00
1.770594725196468211e+00
1.752625863202100787e+00
1.734410043462413009e+00
1.783913384162034710e+00
1.766932211770632533e+00
1.749535258699785878e+00
1.731819431589937119e+00
1.780466471313963739e+00
1.763456063774023086e+00
1.746046499405188746e+00
1.728335166945031975e+00
1.710415103929750380e+00
1.692374770641341231e+00
1.746373102672683864e+00
1.728988656056360984e+00
1.711483694330576677e+00
1.760315887908831423e+00
1.804707856630665130e+00
1.787944429680357494e+00
1.770670955224312726e+00
1.752980856257285058e+00
1.734965052193845780e+00
1.716711936047062625e+00
1.698307122609976627e+00
1.753477086963053821e+00
1.736057106775604542e+00
1.718486345964788553e+00
1.700837788330051614e+00
1.683181187147545055e+00
1.665582481166200557e+00
1.721935254228544876e+00
1.704525540795279737e+00
1.752376295559807673e+00
1.797023982031667799e+00
1.780199040898715612e+00
1.762901419146258863e+00
1.745225566172404541e+00
1.727262730163288795e+00
1.709100888762223436e+00
1.761549496996894781e+00
1.805870764672660833e+00
1.789123913079140094e+00
1.771863367298163627e+00
1.816353281121528163e+00
1.799727237180585471e+00
1.842073046925178259e+00
1.826550899685493334e+00
1.809942174277377802e+00
1.792791122227447298e+00
1.775182706187780735e+00
1.757201088468883565e+00
1.738929570634251576e+00
1.788278294010284819e+00
1.771232476568384007e+00
1.753748573331594729e+00
1.735924923423179722e+00
1.717856212661615922e+00
1.699633219671829343e+00
1.681342396513726190e+00
1.663065379747327599e+00
1.644878509014925827e+00
1.626852408589407606e+00
1.608587327898021391e+00
1.590541832151281865e+00
1.638651046844510573e+00
1.620786692816239993e+00
1.602975491540912012e+00
1.584671779270649505e+00
1.566339542802158036e+00
1.548010005694810953e+00
1.529711922067602758e+00
1.511471909079217468e+00
1.493314897267258967e+00
1.475264666663536284e+00
1.535687841134772746e+00
1.518468331007223338e+00
1.501264322364356918e+00
1.484105242183994422e+00
1.467020303743601595e+00
1.523241610075334984e+00
1.506714411822833721e+00
1.490129212960920713e+00
1.473524432140542961e+00
1.456938922494767530e+00
1.440411377218588918e+00
1.423979836033597124e+00
1.407681296439458274e+00
1.475310650232513288e+00
1.459509689834208590e+00
1.443779335038179568e+00
1.428161400546047011e+00
1.412694341066208059e+00
1.472493377707372986e+00
1.456726488552419818e+00
1.441036917948315565e+00
1.425467186756895099e+00
1.410056166660215826e+00
1.394838677721415898e+00
1.447608541687065431e+00
1.434000911413473744e+00
1.420205948497829551e+00
1.468893897360081580e+00
1.512811682424386017e+00
1.499278904904182141e+00
1.541668190123281601e+00
1.580405204734602442e+00
1.569010499683864301e+00
1.602681050405119212e+00
1.633669238631585419e+00
1.666436594359471224e+00
1.658949437684929640e+00
1.650783090786228868e+00
1.641989076939555758e+00
1.672714033587877402e+00
1.663848925547383173e+00
1.654468274752184165e+00
1.644604418097993292e+00
1.677251348555647725e+00
1.667678882025487974e+00
1.657639097424478791e+00
1.647163325864475114e+00
1.636285021610999646e+00
1.625040014474813166e+00
1.663123500716641168e+00
1.693883588040922206e+00
1.726326980374366604e+00
1.716386979263085921e+00
1.705836349840077482e+00
1.694715540847712143e+00
1.683064949587656622e+00
1.670926022730285343e+00
1.707170498949804438e+00
1.696235314619930268e+00
1.684755915988604968e+00
1.716937265730566375e+00
1.705930072922653196e+00
1.694352019300801704e+00
1.682259455005500559e+00
1.669707845803062307e+00
1.656752548158518357e+00
1.643449283285072671e+00
1.686266160627168942e+00
1.674401373441964713e+00
1.707952270172312437e+00
1.738631104399554150e+00
1.727406132715265885e+00
1.715547909966021134e+00
1.746386091046773226e+00
1.735186984495038276e+00
1.723329589812900631e+00
1.753634571323796409e+00
1.742474927860740541e+00
1.730633507982289210e+00
1.760406775705190441e+00
1.788190736596699804e+00
1.813048354765242953e+00
1.834862882364282299e+00
1.826682844087567759e+00
1.817849089554110842e+00
1.808417522713270165e+00
1.798011039343895501e+00
1.787064673345528876e+00
1.775067870146795901e+00
1.808199447806941196e+00
1.838004338732794896e+00
1.827058198994468308e+00
1.815297575106862293e+00
1.803116506337136826e+00
1.790557507954174010e+00
1.777047186037507664e+00
1.813532148445294645e+00
1.800830351071520008e+00
1.834152014108870077e+00
1.821463454659143277e+00
1.808360252949544389e+00
1.794896952125741407e+00
1.780479788339857761e+00
1.765613244628990275e+00
1.805093936372763830e+00
1.790511291309082820e+00
1.828664846303005964e+00
1.815256073606960063e+00
1.801396324088731404e+00
1.786505184660926338e+00
1.824245346654684630e+00
1.859409191169975273e+00
1.891266545124913767e+00
1.878950093058937121e+00
1.866050649544101159e+00
1.852635818983885407e+00
1.838321655899746609e+00
1.823568527346804302e+00
1.807843934044453649e+00
1.791626739044227756e+00
1.774966844416907996e+00
1.757917509419961055e+00
1.801064184325305018e+00
1.785266472163540508e+00
1.768918122543802651e+00
1.752096243255534036e+00
1.734878044110823581e+00
1.717341114037958860e+00
1.699563362249200571e+00
1.681622687618826495e+00
1.663596439411827221e+00
1.645560726969272247e+00
1.627153582283877409e+00
1.608814015868371916e+00
1.590001428118889892e+00
1.570434125857146146e+00
1.551095004235182540e+00
1.532519305734915793e+00
1.514017872544565657e+00
1.495614945170029353e+00
1.477334006428395519e+00
1.537503013910517025e+00
1.520137134083098696e+00
1.502788467697977470e+00
1.559227508043063537e+00
1.541902300416924554e+00
1.595370730658445035e+00
1.644838585409857279e+00
1.628957290092868604e+00
1.612629369487713848e+00
1.595364144777229987e+00
1.577667374656556820e+00
1.559618187992887428e+00
1.612712310138962435e+00
1.595612232533461849e+00
1.577962241009237543e+00
1.559851477612087312e+00
1.614465483187207617e+00
1.597298800088923665e+00
1.579563241335421031e+00
1.561349181558549626e+00
1.542744671408006196e+00
1.600422706007317508e+00
1.582989325863336294e+00
1.565039825515655680e+00
1.546669408792616274e+00
1.603208552810650112e+00
1.585752721357574835e+00
1.567762211532061079e+00
1.549332778782873010e+00
1.530557823280681573e+00
1.511528481797234091e+00
1.573542413294354514e+00
1.555429178441057436e+00
1.537044788408343132e+00
1.518463464091376558e+00
1.499758895342172105e+00
1.481003615438944321e+00
1.546950002520291134e+00
1.528839946065561728e+00
1.510577255515808570e+00
1.492238984758311071e+00
1.473899073064195875e+00
1.537645297092345986e+00
1.592923803208442068e+00
1.575301403211843310e+00
1.557186301517953897e+00
1.538677733229565359e+00
1.519872015874907278e+00
1.500862469630738882e+00
1.564066265822406043e+00
1.617638758797998122e+00
1.600297848827383129e+00
1.582347108955894477e+00
1.563880213309229106e+00
1.544989842575545946e+00
1.525767900063706772e+00
1.587420196945300788e+00
1.569633851084250242e+00
1.551375543587363071e+00
1.607221224170260143e+00
1.589651532560111047e+00
1.571513179875743793e+00
1.552904310924141162e+00
1.533921658670576393e+00
1.514660535492609483e+00
1.495214531514351242e+00
1.561215244409207781e+00
1.615340386645025328e+00
1.597858167666244222e+00
1.579768505045949345e+00
1.633719787656869871e+00
1.617240412360692714e+00
1.599656415984497038e+00
1.581523511323148501e+00
1.634382248072322241e+00
1.617876235526855222e+00
1.600257434708671767e+00
