1.333846605536605397e-02
1.427518415744651221e-02
1.655103241030544958e-02
1.826228287197180847e-02
1.979948009627933297e-02
1.434159851233757742e-02
1.433373007821519586e-02
1.433131887367162551e-02
1.670485941836180252e-02
1.853705169387591736e-02
1.433131219085765490e-02
1.432471202271063705e-02
1.668756808774461697e-02
1.432454040444277286e-02
1.668222666048123359e-02
1.849611984629759287e-02
1.989452831832571114e-02
1.432454079401939903e-02
1.667434024878862442e-02
1.847940537306965586e-02
1.986890637149651279e-02
2.093934940183053706e-02
2.176366876669593928e-02
2.239743172190475015e-02
2.288325312710778880e-02
2.325398045347166348e-02
1.432432622919613610e-02
1.666149247859777943e-02
1.431219173399431166e-02
1.664939065767866502e-02
1.843932113071334797e-02
1.981300072239073132e-02
1.431455717386630015e-02
1.664691827387902029e-02
1.843163425531833474e-02
1.980015282618553460e-02
2.085029921981837800e-02
2.165572262967688233e-02
2.227233794442793138e-02
1.431640265654876391e-02
1.664258464632530771e-02
1.842054584822844579e-02
1.978232340496693248e-02
2.082607622658090921e-02
2.162562212408767129e-02
2.223695026907913236e-02
2.270280564384453970e-02
2.305599962337421052e-02
2.332181744453196495e-02
2.351981437104025754e-02
1.431761691304564953e-02
1.663702186364177799e-02
1.840750741464404830e-02
1.430538028194907295e-02
1.662618700824626539e-02
1.430216134079329189e-02
1.662274824272208171e-02
1.839322332297382845e-02
1.974680799309992685e-02
1.430636801819771230e-02
1.662443701758684056e-02
1.839245697814475416e-02
1.974375017199027013e-02
1.430571148672833519e-02
1.662262667010322784e-02
1.838930668761769999e-02
1.973921251240477043e-02
1.430514426203817469e-02
1.662107524222719221e-02
1.838659841566529785e-02
1.430243510686213422e-02
1.429628490032855415e-02
1.661321726979274327e-02
1.837909643142089655e-02
1.972777304129066239e-02
2.075847349216487780e-02
2.154562964095752681e-02
2.214555067236179814e-02
1.430918376020313444e-02
1.662170982167092068e-02
1.838377854020808305e-02
1.972918390551034462e-02
2.075709289331079815e-02
2.154187684737476211e-02
2.213979534504283489e-02
2.259368386254145822e-02
2.293633810864821945e-02
2.319297270343317202e-02
2.338303236790621048e-02
1.431316124780905238e-02
1.429460053255811325e-02
1.660877881467448178e-02
1.429770996599067506e-02
1.661093024584741826e-02
1.429760839124537102e-02
1.429428691682702555e-02
1.660799273555533737e-02
1.429744893967437210e-02
1.661022880012507502e-02
1.429736789495235534e-02
1.429405149560699501e-02
1.660737903136424304e-02
1.836902701848653133e-02
1.430002253457699976e-02
1.661174632623856756e-02
1.429715516501865909e-02
1.660944192101185962e-02
1.837019225975650150e-02
1.971372372657127434e-02
2.073952453618431446e-02
2.152216393356673127e-02
2.211801180734453837e-02
1.430754703112230124e-02
1.661697542009138093e-02
1.429692546023491814e-02
1.660880836783336367e-02
1.836909154986126474e-02
1.971213612661412012e-02
2.073746836876417740e-02
1.430407710715217093e-02
1.661408119023768254e-02
1.429680086935470641e-02
1.429349286810966541e-02
1.660591615257708126e-02
1.429673739341799990e-02
1.660833499907908573e-02
1.429671414512289317e-02
1.429341931168727139e-02
1.660572237253378491e-02
1.836616984155278742e-02
1.970922105996356088e-02
2.073446710500651338e-02
2.151653160497247683e-02
2.211181890902181452e-02
2.256325701969828790e-02
1.430860196309606189e-02
1.661703813428057688e-02
1.837448255624678575e-02
1.971518707416656038e-02
2.073858603324317887e-02
2.151919333678621593e-02
2.211332827712222254e-02
2.256384716940771848e-02
2.290354041731111623e-02
2.315759714208952616e-02
2.334543178811645733e-02
2.348204970937227409e-02
2.357907507125583252e-02
2.364552203564967633e-02
2.368838507011586034e-02
1.431593898009842630e-02
1.665112902242266157e-02
1.430749240422104010e-02
1.664186514166396749e-02
1.843032853522651171e-02
1.430753484211163586e-02
1.663840796311375630e-02
1.842299951987180079e-02
1.979360707004646641e-02
1.430698526081223762e-02
1.430027367053181286e-02
1.662754069969014925e-02
1.840754016518576786e-02
1.977325203753795696e-02
2.082323123460693565e-02
2.163136922923922928e-02
2.225353191677081552e-02
1.430671172744817782e-02
1.662716941488836739e-02
1.840016988908833515e-02
1.430065484658580091e-02
1.662033110627065408e-02
1.429778181710187300e-02
1.661662795970688528e-02
1.838709828152631023e-02
1.429881789391914543e-02
1.661552242427402973e-02
1.838370699186576626e-02
1.973754954101073281e-02
1.429933383640627151e-02
1.661374576038344639e-02
1.837943378658119312e-02
1.429681455140779933e-02
1.661026776100946178e-02
1.837468069000205637e-02
1.972466251860192574e-02
2.075967107605387885e-02
2.155405915602803119e-02
2.216389123203339404e-02
2.263172764627700145e-02
2.299005237985875597e-02
2.326376471390266890e-02
2.347200563191470524e-02
2.362954947036952427e-02
1.430275014209342506e-02
1.428939280428086038e-02
1.659953363860311795e-02
1.835965044272939994e-02
1.970501223962078247e-02
1.429512420433595721e-02
1.428841493165835912e-02
1.428815575283302192e-02
1.659638572413281790e-02
1.835428073977517574e-02
1.429242490345144882e-02
1.428746131519805472e-02
1.659459156315062217e-02
1.428973091393710183e-02
1.659573978108620784e-02
1.428943443004476385e-02
1.659497125943540721e-02
1.834998947427255930e-02
1.969024338743336974e-02
1.429290605972104340e-02
1.659676755855461414e-02
1.835022815486211240e-02
1.968907621598100371e-02
2.071344147643259387e-02
2.149802229996805938e-02
1.429500210971270183e-02
1.659729063147902944e-02
1.834918595662742707e-02
1.968656206385178270e-02
2.070958713769144657e-02
2.149297063889091947e-02
2.209293791315499952e-02
2.255207251032025767e-02
1.429627540653844765e-02
1.428498846689183789e-02
1.428484130752213054e-02
1.428471474330481050e-02
1.428459385094869687e-02
1.658722783294026837e-02
1.833861455313175876e-02
1.967502136390262765e-02
2.069686058938994752e-02
2.147899960903320790e-02
1.429353676182759138e-02
1.659336426079536034e-02
1.428672383632535042e-02
1.658793195531976794e-02
1.833792277190360309e-02
1.967302509673591465e-02
2.069368461988271152e-02
2.147477272756051492e-02
1.429312810655332215e-02
1.659225530255021425e-02
1.428631148192415108e-02
1.428358231849068301e-02
1.658463167271560790e-02
1.428610695406993744e-02
1.658635259141200829e-02
1.428601135731926743e-02
1.658609330903913076e-02
1.833477549111292224e-02
1.428809370084241012e-02
1.658745690464800623e-02
1.428580088371049148e-02
1.658554852800231752e-02
1.833383980824540224e-02
1.428790066535217881e-02
1.658695212314031942e-02
1.833465118024332069e-02
1.428780559978840015e-02
1.428289180856018130e-02
1.658285347217679576e-02
1.833112712185227394e-02
1.428765615443222496e-02
1.428274389103395027e-02
1.658247438508802032e-02
1.428531803687267850e-02
1.658430945851829125e-02
1.428525765399953941e-02
1.658415063685448471e-02
1.833144868797365393e-02
1.966378954571818341e-02
1.428919708253717849e-02
1.658699311444794544e-02
1.833341616433933549e-02
1.966505620966162854e-02
2.068249252963712606e-02
1.429060700590172386e-02
1.658790183207031754e-02
1.428504611604412833e-02
1.658359119899091572e-02
1.833048295905601380e-02
1.966240803158365510e-02
1.428900395755746712e-02
1.658648439018916773e-02
1.833253889482292995e-02
1.966380557777621177e-02
2.068088330991341151e-02
2.145872530330608999e-02
1.429166972479220012e-02
1.658835705347692230e-02
1.428486898086076852e-02
1.428216960132514673e-02
1.658100370070825572e-02
1.428478468063588101e-02
1.658292461240980231e-02
1.428475388797381500e-02
1.428206568597122257e-02
1.658073330675073273e-02
1.428468575356181894e-02
1.658266651601499400e-02
1.832890353249091303e-02
1.966016007074451039e-02
2.067711880578889522e-02
2.145478329995592973e-02
1.429142083057683560e-02
1.658769384403588690e-02
1.833261992024620354e-02
1.966286394535146642e-02
2.067903602453343218e-02
2.145608637118978645e-02
2.205033727553296075e-02
1.429243676793678572e-02
1.428191568304229032e-02
1.428187682815332434e-02
1.428184569494070875e-02
1.658016856502584485e-02
1.428448432303226594e-02
1.658213737198259430e-02
1.428446779128570224e-02
1.658209264318483145e-02
1.832792302824727548e-02
1.428667522852561725e-02
1.428177494479693568e-02
1.657998011625919088e-02
1.832622028170028186e-02
1.965734894785151760e-02
2.067410839256142441e-02
2.145154296925825405e-02
1.429120362683128712e-02
1.658710905875464617e-02
1.428440683164091882e-02
1.658192638091766577e-02
1.832763380957703331e-02
1.965834733723540936e-02
2.067478100683468878e-02
2.145195789018125923e-02
2.204625526923029155e-02
1.429224101212473938e-02
1.428171367763663921e-02
1.428167758747080247e-02
1.657973785439072201e-02
1.832580545151119011e-02
1.428655534853995497e-02
1.658343668978203359e-02
1.832862401678884978e-02
1.965891144011346764e-02
2.067499595972363893e-02
2.145188793872883012e-02
1.429112946068426988e-02
1.658690549867402469e-02
1.833126021254380747e-02
1.428656276748942362e-02
1.658343912120604016e-02
1.832861775103376487e-02
1.965890170785269606e-02
1.428837595109128458e-02
1.658482100468579648e-02
1.832967866815065489e-02
1.965972187759065098e-02
2.067562161432015197e-02
2.145237312181864225e-02
2.204632908691037119e-02
2.250012150712258838e-02
2.284617891736761067e-02
2.310927329134750477e-02
2.330840438566270795e-02
2.345817211645605943e-02
2.356982360766480752e-02
2.365204206107566001e-02
2.371153926484116659e-02
2.375350426820051208e-02
2.378196072273624367e-02
2.380002316304275986e-02
1.429809734589685202e-02
1.428140626642997527e-02
1.428137893119796505e-02
1.657896949823769311e-02
1.832448884989711785e-02
1.965488227449446040e-02
1.428812425377668990e-02
1.658415614825757903e-02
1.428409127230699689e-02
1.428141629952534714e-02
1.657906048166001706e-02
1.832464178700214663e-02
1.965509832305000620e-02
2.067121384883024993e-02
2.144805309295479134e-02
2.204201510940585057e-02
2.249576572545811809e-02
2.284175346207576243e-02
2.310476736497623154e-02
1.429437570128955573e-02
1.658890902098455675e-02
1.833216566296192590e-02
1.428633924116530680e-02
1.428143368575712606e-02
1.657910657753460665e-02
1.832472112894063462e-02
1.965521162306013703e-02
2.067135972123206045e-02
2.144822902932938188e-02
2.204221817480014195e-02
1.429199971731918983e-02
1.658718319177946224e-02
1.833095824526249223e-02
1.966007211145775341e-02
2.067518688173513794e-02
2.145127693364670685e-02
2.204467720586101437e-02
2.249800531812942705e-02
2.284367537807119319e-02
2.310644637093489662e-02
2.330530956478272034e-02
2.345485262071808630e-02
1.429556637346992426e-02
1.428143028557691922e-02
1.657907513105044348e-02
1.832466278143247973e-02
1.965512165672441552e-02
1.428815169389655894e-02
1.428144043108676466e-02
1.657911910552872792e-02
1.832474068237462117e-02
1.965523852357666315e-02
1.428816732080660096e-02
1.658427540236523390e-02
1.428413271191535973e-02
1.658122110867901386e-02
1.428413057994222003e-02
1.658122516196196272e-02
1.832643201814911429e-02
1.965663390079815456e-02
2.067257746004278959e-02
2.144929932023899311e-02
2.204318723167346047e-02
2.249689089551101806e-02
2.284285094343615694e-02
2.310584715193612568e-02
2.330488438892282244e-02
2.345456240878399101e-02
1.429556504947583108e-02
1.658982105412346725e-02
1.833287325328453871e-02
1.966142723448513832e-02
1.428817149203655094e-02
1.658426782950109257e-02
1.428412739382437999e-02
1.658120841540955751e-02
1.832640441329915285e-02
1.965659072828420881e-02
2.067251970877331466e-02
1.428970109526523508e-02
1.428148661662772059e-02
1.657923312735558319e-02
1.832493765602405053e-02
1.965551544691993696e-02
2.067174748604984347e-02
2.144869421377702812e-02
2.204275378125840693e-02
2.249659075917696122e-02
1.429294359245074884e-02
1.658795743495498562e-02
1.428416630675981985e-02
1.658130176368893816e-02
1.832656033920289362e-02
1.965681256041816247e-02
2.067280284101711413e-02
1.428972944339076089e-02
1.428151493382117353e-02
1.657930633294142295e-02
1.832506293012284987e-02
1.428640246853517433e-02
1.428150721579025083e-02
1.657929318279464589e-02
1.832504286237003621e-02
1.965566645615482791e-02
2.067194220761667256e-02
2.144892917854950010e-02
2.204302496043458737e-02
1.429204798593943469e-02
1.658732405883592623e-02
1.428418656919238153e-02
1.658135881688568847e-02
1.832665960241419700e-02
1.428641552234930986e-02
1.658306993820874570e-02
1.832798984744101606e-02
1.965800267169516904e-02
2.067382356715594810e-02
2.145047162307820235e-02
2.204431277777893494e-02
2.249799261221131080e-02
2.284394168436450212e-02
2.310693698878588109e-02
2.330598022229612640e-02
1.429505870780128397e-02
1.428149222935842788e-02
1.657923659726891902e-02
1.832493944354616003e-02
1.965551597897816430e-02
2.067174710231429666e-02
1.428971257919712905e-02
1.658552668244324749e-02
1.832980137984348973e-02
1.965931526422656783e-02
1.428823481114653397e-02
1.658444418757169456e-02
1.832902882028306785e-02
1.965878717956226485e-02
2.067441384912185529e-02
2.145091167906662544e-02
2.204463887312964679e-02
2.249823068149405664e-02
2.284411180792458168e-02
1.429376854188350691e-02
1.658863850390094458e-02
1.833221430162751756e-02
1.966121377516444335e-02
2.067626349502764416e-02
2.145232094658294092e-02
2.204571099567160380e-02
2.249904256320072946e-02
2.284472312550090214e-02
2.310751177535756359e-02
2.330639283751307841e-02
2.345595362131455697e-02
1.429561073403321815e-02
1.428147767636331160e-02
1.657919653739115332e-02
1.832486944215236044e-02
1.428636649080465906e-02
1.428147296504938060e-02
1.428145431407855381e-02
1.657916335996456603e-02
1.428411705802255273e-02
1.658119163328557882e-02
1.832637528473799599e-02
1.428636267027742074e-02
1.658292556960682188e-02
1.832773659020834126e-02
1.965764145066741658e-02
2.067336083771218261e-02
2.144991503105194222e-02
2.204367304271321465e-02
2.249727770986896525e-02
2.284316210232379199e-02
2.310609958316491713e-02
1.429441634273961696e-02
1.658902173804722296e-02
1.833236544279286812e-02
1.966115495699193028e-02
2.067602440470239430e-02
2.145192805948353820e-02
1.429096926592821580e-02
1.658646417565991932e-02
1.833049414583054829e-02
1.965981905505620464e-02
2.067510532004695339e-02
2.145133648514195926e-02
2.204485049543943379e-02
2.249827392205490037e-02
2.284402031897250426e-02
1.429374982885335890e-02
1.658858378414178325e-02
1.833212064260780413e-02
1.428641194095848360e-02
1.658304410486313371e-02
1.428418350684933051e-02
1.428151008073891975e-02
1.428148919912628802e-02
1.657925393678263623e-02
1.832497874585145917e-02
1.965557683469308994e-02
2.067182809174655106e-02
2.144879241872372708e-02
1.429097693132112823e-02
1.658649958256668000e-02
1.833056058981756900e-02
1.428641786605101133e-02
1.658306254852426331e-02
1.832797204648038344e-02
1.965797469872249820e-02
1.428824729843883659e-02
1.428153514636403693e-02
1.657935896631250808e-02
1.832515210214222950e-02
1.428641900451506526e-02
1.658308300165510854e-02
1.832801375236720390e-02
1.965803751750633266e-02
2.067386882323681355e-02
1.428976236377433109e-02
1.428154690181385189e-02
1.657938703982203901e-02
1.428419337530620337e-02
1.658139044719456057e-02
1.428419256169622537e-02
1.658138571917450871e-02
1.832671073855634061e-02
1.965702833669633054e-02
2.067308285493339379e-02
2.144990965386955883e-02
1.429101142031703568e-02
1.428154338274204016e-02
1.428151261193431713e-02
1.657931722611516098e-02
1.428416927159164608e-02
1.658133049089728292e-02
1.428417036410469139e-02
1.658132856166370447e-02
1.428416823948510696e-02
1.658132398827478343e-02
1.832660116612190235e-02
1.428640108337680611e-02
1.428150620662487283e-02
1.657928907006522845e-02
1.832503056169987321e-02
1.965565034812147283e-02
2.067192208824596145e-02
2.144890544510841615e-02
2.204299731488549435e-02
1.429203907400530826e-02
1.658730588933718386e-02
1.833117579034721292e-02
1.966038557293490335e-02
2.067559169737131705e-02
1.428974011314730098e-02
1.658559805686521740e-02
1.832992403871830031e-02
1.965949014427034389e-02
1.428825432647742345e-02
1.428154026654272768e-02
1.428151572140053636e-02
1.657932159057481231e-02
1.428417082953343034e-02
1.658133348064326842e-02
1.832661865040116286e-02
1.428640535183191632e-02
1.658304618647017323e-02
1.832794657930216994e-02
1.965794231292997130e-02
2.067374851799158586e-02
2.145038272959835790e-02
2.204421275182104692e-02
2.249788125233416133e-02
2.284382160148832816e-02
2.310681113959246746e-02
2.330584521274407794e-02
2.345552492612873463e-02
1.429559220663880609e-02
1.658990388497715712e-02
1.833302383040004771e-02
1.966164155788217849e-02
1.428819856298875653e-02
1.658434163343966428e-02
1.832885072566071277e-02
1.965853028414015283e-02
2.067408346456611062e-02
2.145051478146618729e-02
2.204418015728961192e-02
2.249771760276526866e-02
2.284355077804811965e-02
1.429373834117986415e-02
1.428149154694369725e-02
1.428146349537192522e-02
1.657919034263726638e-02
1.832487116677854189e-02
1.965542428016670354e-02
1.428819228616282251e-02
1.658434129565054121e-02
1.428415596509626309e-02
1.428147805435761933e-02
1.657922237642865670e-02
1.832491938869787104e-02
1.965549392128821196e-02
2.067172245768893191e-02
2.144866596596719036e-02
2.204272197368940464e-02
1.429202769194799945e-02
1.658726718435249783e-02
1.833110629485470294e-02
1.966028515785411476e-02
2.067546198145864267e-02
1.428973306614948410e-02
1.658557174807498077e-02
1.832987521515658247e-02
1.965941860521215959e-02
1.428824652457326774e-02
1.658447779858779336e-02
1.832908752328434032e-02
1.428643739153411495e-02
1.658312289011301677e-02
1.832807921719814548e-02
1.965812952940780220e-02
2.067398656819447594e-02
2.145066683401107913e-02
2.204453893177756377e-02
2.249824616003495356e-02
1.429299628239417627e-02
1.658810473782878006e-02
1.833187998029307472e-02
1.428645441960403085e-02
1.658315857399939031e-02
1.832813557932953114e-02
1.965820949437400295e-02
2.067408940997586542e-02
2.145079132459529539e-02
2.204468347078960763e-02
1.429210275350102470e-02
1.428156994107053143e-02
1.657943986494739286e-02
1.832528575845569427e-02
1.428644577441564624e-02
1.658315594185998804e-02
1.832813876810104187e-02
1.965821804303736348e-02
2.067410275306295550e-02
1.428978761713364624e-02
1.658572197968824491e-02
1.833013444281728424e-02
1.965979125932882862e-02
2.067536138560532172e-02
2.145183245419132745e-02
1.429105651036439474e-02
1.428158777664160876e-02
1.657948964037964448e-02
1.832537234513953450e-02
1.965613650097821144e-02
1.428829112876048128e-02
1.658459995053683869e-02
1.428425018330097343e-02
1.658152603709250189e-02
1.428424095212174443e-02
1.658151108604506360e-02
1.428423555716869763e-02
1.428155574735310088e-02
1.657943082281125233e-02
1.832528225978584391e-02
1.428644374731560633e-02
1.658315172501415025e-02
1.832813309481829550e-02
1.965820840378095999e-02
2.067408903297693681e-02
1.428978022320722199e-02
1.658570869834100417e-02
1.428423764843747210e-02
1.658149481357599347e-02
1.832689374815746688e-02
1.428645901106279786e-02
1.658319032964083659e-02
1.832819889296745386e-02
1.428646841408261724e-02
1.428156962576279491e-02
1.657945385960622048e-02
1.832531652533200828e-02
1.428645246591627241e-02
1.658316901303586235e-02
1.832816052462505826e-02
1.965824628011348524e-02
2.067413696535394182e-02
2.145084981565163751e-02
2.204474881189563348e-02
2.249848057031431092e-02
2.284447447415039259e-02
1.429378736076672776e-02
1.658870353852418336e-02
1.833233559564995813e-02
1.428645478927894653e-02
1.428155051652087518e-02
1.657940183410233637e-02
1.832522673463069657e-02
1.965592922035023019e-02
1.428825836909851897e-02
1.428155141329823068e-02
1.657939717275359534e-02
1.428419470586480243e-02
1.428152430526594130e-02
1.657933885137261379e-02
1.832512134792538619e-02
1.965577826048159685e-02
2.067208581578981394e-02
2.144910206562138794e-02
1.429099932112823726e-02
1.428153226470739098e-02
1.657934445423000017e-02
1.832512513461167017e-02
1.965578067381968178e-02
2.067208719796391828e-02
1.428974363465515714e-02
1.658560986765831788e-02
1.832994530290797675e-02
1.428643579540280449e-02
1.428153638010585917e-02
1.657936517769379933e-02
1.832516456690818848e-02
1.965583897243577960e-02
2.067216344955519550e-02
1.428975209728348440e-02
1.658563222003655094e-02
1.832998280504101463e-02
1.428644091671090778e-02
1.658313397734629407e-02
1.832809866148478462e-02
1.965815722115433345e-02
2.067402196139071432e-02
1.428977400651047953e-02
1.428155925541302329e-02
1.428153554486654569e-02
1.657937165874651814e-02
1.428418638313069984e-02
1.428151711126869616e-02
1.657932037356664445e-02
1.832508552445878680e-02
1.428640344983983339e-02
1.658304439128634178e-02
1.832794469407597604e-02
1.965794012509000308e-02
2.067374594296899487e-02
2.145037743417988613e-02
1.429099902698177833e-02
1.658656083809924645e-02
1.833066751270405123e-02
1.966006803406332784e-02
2.067542818567969995e-02
2.145172683303851052e-02
2.204530355111907272e-02
2.249878042234013803e-02
1.429298377312018288e-02
1.428153654139292968e-02
1.657935441341164273e-02
1.832514110911299607e-02
1.965580479886689172e-02
2.067211728994455475e-02
1.428974598156006713e-02
1.428153640346153941e-02
1.657935906835572570e-02
1.832515191284675785e-02
1.965582185743922419e-02
2.067214018525406413e-02
2.144916651753699458e-02
2.204329639515860070e-02
2.249719710948357501e-02
2.284331557474511901e-02
1.429376219074022722e-02
1.658862560303282080e-02
1.428419135528722315e-02
1.428151007509787657e-02
1.657929956221400672e-02
1.832505354032738787e-02
1.965568169024147285e-02
2.067196192444643171e-02
1.428973213169599556e-02
1.658558105272375793e-02
1.832989567746787576e-02
1.965945010658624176e-02
2.067492180631429893e-02
1.428975482765257668e-02
1.658563585588169326e-02
1.428421273701807083e-02
1.658142737652469959e-02
1.428420543071079463e-02
1.428152641828971982e-02
1.657935220493554976e-02
1.832514751974980566e-02
1.965581751056627927e-02
1.428824112410756637e-02
1.658447728499923279e-02
1.428420413335732692e-02
1.658140873057889139e-02
1.428419711974646122e-02
1.658139856211426552e-02
1.832673312527454551e-02
1.965706045379355879e-02
1.428825137782703363e-02
1.658450179530173915e-02
1.832913267709822269e-02
1.965893750161250286e-02
2.067460821354795072e-02
2.145114770085041964e-02
2.204491043487825583e-02
2.249853378538833881e-02
1.429299291838581100e-02
1.428154735409811749e-02
1.428151690515433968e-02
1.657932694242138238e-02
1.832510405432168435e-02
1.965575545664783805e-02
2.067205775164630832e-02
2.144906916775446773e-02
1.429099718207835559e-02
1.658655645094206030e-02
1.833065952327144268e-02
1.966005831128312190e-02
1.428825778422728419e-02
1.658450766566512205e-02
1.428421148043982659e-02
1.428153428763165311e-02
1.428151722479488114e-02
1.657932315648476262e-02
1.428417080108211265e-02
1.428149960828950862e-02
1.657927583172783340e-02
1.832500951627854743e-02
1.965562128942787562e-02
2.067188534023000485e-02
2.144886158055158906e-02
1.429097566491288954e-02
1.658650179769766489e-02
1.833056697057993192e-02
1.965992494697994461e-02
2.067524420258597811e-02
2.145150502436514450e-02
2.204504764204746545e-02
2.249849422604970062e-02
1.429296971555918741e-02
1.658802640243806775e-02
1.833174343788681465e-02
1.966084356556844701e-02
2.067596784522606271e-02
2.145208173102286162e-02
1.429100846254902253e-02
1.428153409350327828e-02
1.657935612211447821e-02
1.428418360175695567e-02
1.658136435976532985e-02
1.428418411915777231e-02
1.428151037661817661e-02
1.657930312426605240e-02
1.428416366188460865e-02
1.658131505834543537e-02
1.428416503486324568e-02
1.428148856646910964e-02
1.657925282564585642e-02
1.832497229280379350e-02
1.965556935798213126e-02
1.428820557317841793e-02
1.658438270987025107e-02
1.428416767189390549e-02
1.658131665470095883e-02
1.832658631482807915e-02
1.428639817136939140e-02
1.428150286720913584e-02
1.657928074947792943e-02
1.832501646103259010e-02
1.965563033982775654e-02
2.067189641402347386e-02
2.144887453900092694e-02
1.429097615808484420e-02
1.658650323529427262e-02
1.833056536270070633e-02
1.428641395025254286e-02
1.658305914599132388e-02
1.832796931156995685e-02
1.965797033832464638e-02
2.067378185394189161e-02
1.428975100235264396e-02
1.658562415596485928e-02
1.832996783485070155e-02
1.965955205392789715e-02
2.067505220803123045e-02
2.145145924045185545e-02
2.204511874534160337e-02
1.429207866850831614e-02
1.428154852095822082e-02
1.428152046426036520e-02
1.428150168145157946e-02
1.657928828706903279e-02
1.428415968523224014e-02
1.428148769484549087e-02
1.657924603180024881e-02
1.428414091577934024e-02
1.658125866529160108e-02
1.428414321489491871e-02
1.658125971904735041e-02
1.832649155802018592e-02
1.965671809006684298e-02
2.067268486929063967e-02
2.144943071852481106e-02
2.204333686792614086e-02
2.249705710703776146e-02
2.284303155172032543e-02
2.310604064097184634e-02
1.429441117925035754e-02
1.658901955266544118e-02
1.833236154975484769e-02
1.966115360876311696e-02
2.067602501358912701e-02
2.145193044004362407e-02
2.204518951321468578e-02
2.249840976391323175e-02
2.284399604766377406e-02
2.310670402535150783e-02
2.330552001009043514e-02
1.429501847778048319e-02
