1.377195608799854261e-02
1.562332448071406671e-02
1.707419652708187102e-02
1.378817212193081919e-02
1.378028489052990531e-02
1.378026855400909731e-02
1.378026852021097329e-02
1.378026852014104311e-02
1.378026852014089740e-02
1.562984680678741745e-02
1.707931693247032034e-02
1.378818555200478878e-02
1.378028491835799063e-02
1.378026855406666931e-02
1.378026852021108604e-02
1.378026852014104485e-02
1.562984680678753541e-02
1.378444107427586642e-02
1.378027716655192379e-02
1.378026853802916639e-02
1.378026852017790772e-02
1.562984680681645325e-02
1.378444107427592713e-02
1.378027716655193073e-02
1.378026853802917506e-02
1.378026852017790425e-02
1.378026852014097373e-02
1.378026852014090434e-02
1.562984680678741051e-02
1.378444107427586988e-02
1.563312069733879470e-02
1.378444862917772504e-02
1.378027718217536557e-02
1.378026853806149123e-02
1.378026852017797885e-02
1.378026852014097373e-02
1.378026852014090781e-02
1.562984680678740357e-02
1.707931693247034810e-02
1.378818555200478878e-02
1.378028491835798716e-02
1.378026855406666411e-02
1.562984683340656530e-02
1.378444107433726869e-02
1.378027716655205390e-02
1.562985359101881286e-02
1.378444108992424831e-02
1.378027716658427292e-02
1.562985359104409125e-02
1.378444108992430382e-02
1.378027716658427118e-02
1.562985359104405655e-02
1.378444108992430556e-02
1.378027716658426424e-02
1.378026853802923925e-02
1.378026852017790425e-02
1.378026852014097546e-02
1.562984680678749724e-02
1.378444107427586121e-02
1.378027716655193073e-02
1.378026853802916639e-02
1.378026852017790252e-02
1.562984680681646019e-02
1.707931693249312502e-02
1.378818555200485123e-02
1.378028491835798890e-02
1.562985967331591286e-02
1.378444110395360932e-02
1.563312072062419608e-02
1.708188703405541173e-02
1.378819230429958326e-02
1.378028493234932129e-02
1.378026855409560623e-02
1.562984683342928671e-02
1.378444107433731552e-02
1.378027716655205216e-02
1.378026853802917159e-02
1.378026852017790599e-02
1.378026852014097720e-02
1.562984680678751112e-02
1.378444107427586121e-02
1.378027716655193247e-02
1.378026853802916986e-02
1.378026852017791119e-02
1.562984680681645325e-02
1.378444107427593580e-02
1.563312069733884674e-02
1.378444862917772330e-02
1.378027718217536210e-02
1.378026853806149817e-02
1.378026852017797191e-02
1.378026852014097720e-02
1.562984680678748337e-02
1.378444107427586468e-02
1.378027716655193073e-02
1.378026853802916292e-02
1.378026852017790425e-02
1.378026852014097720e-02
1.378026852014089740e-02
1.378026852014089913e-02
1.378026852014089913e-02
1.378026852014091128e-02
1.378026852014090260e-02
1.378026852014090260e-02
1.378026852014089913e-02
1.562984680678742438e-02
1.378444107427586468e-02
1.378027716655193420e-02
1.378026853802916639e-02
1.378026852017790252e-02
1.378026852014098066e-02
1.378026852014089913e-02
1.378026852014089740e-02
1.378026852014090087e-02
1.378026852014090781e-02
1.378026852014089740e-02
1.562984680678742785e-02
1.378444107427586988e-02
1.378027716655193073e-02
1.378026853802916292e-02
1.378026852017790425e-02
1.378026852014097720e-02
1.378026852014089740e-02
1.562984680678742785e-02
1.707931693247031341e-02
1.378818555200478704e-02
1.378028491835799237e-02
1.378026855406666931e-02
1.378026852021108258e-02
1.378026852014104311e-02
1.378026852014089740e-02
1.378026852014089566e-02
1.378026852014089913e-02
1.378026852014091128e-02
1.562984680678743826e-02
1.707931693247033422e-02
1.378818555200479051e-02
1.563605862081074438e-02
1.708419327849453051e-02
1.843198473739838042e-02
1.379156799404337996e-02
1.378029193706864670e-02
1.378026856858751564e-02
1.378026852024112799e-02
1.378026852014110556e-02
1.378026852014090260e-02
1.378026852014089913e-02
1.562984680678743479e-02
1.378444107427586468e-02
1.378027716655192379e-02
1.378026853802916465e-02
1.562984682082306856e-02
1.378444107430823982e-02
1.378027716655199492e-02
1.378026853802917159e-02
1.378026852017790946e-02
1.562984680681644284e-02
1.707931693249310073e-02
1.378818555200484429e-02
1.378028491835799410e-02
1.378026855406666584e-02
1.562984683340659306e-02
1.378444107433727042e-02
1.378027716655205390e-02
1.562985359101880939e-02
1.378444108992425352e-02
1.378027716658427812e-02
1.378026853802924272e-02
1.378026852017791119e-02
1.378026852014097546e-02
1.378026852014090087e-02
1.378026852014090087e-02
1.378026852014089913e-02
1.378026852014089566e-02
1.378026852014089913e-02
1.562984680678740704e-02
1.378444107427585774e-02
1.378027716655192379e-02
1.378026853802916812e-02
1.378026852017790946e-02
1.378026852014097546e-02
1.378026852014089566e-02
1.378026852014089913e-02
1.378026852014091128e-02
1.378026852014090260e-02
1.378026852014090260e-02
1.378026852014089913e-02
1.378026852014089566e-02
1.378026852014090087e-02
1.378026852014090781e-02
1.378026852014089740e-02
1.378026852014089566e-02
1.378026852014089913e-02
1.378026852014091128e-02
1.378026852014090260e-02
1.378026852014090260e-02
1.378026852014089913e-02
1.378026852014089566e-02
1.378026852014090087e-02
1.378026852014090781e-02
1.378026852014089740e-02
1.378026852014089566e-02
1.378026852014089913e-02
1.378026852014091128e-02
1.562984680678743826e-02
1.378444107427586815e-02
1.378027716655193073e-02
1.378026853802916639e-02
1.378026852017791293e-02
1.378026852014098413e-02
1.378026852014089393e-02
1.378026852014089740e-02
1.378026852014090087e-02
1.378026852014090260e-02
1.378026852014090260e-02
1.378026852014089566e-02
1.562984680678741745e-02
1.378444107427586468e-02
1.378027716655192553e-02
1.378026853802916639e-02
1.378026852017791119e-02
1.378026852014097546e-02
1.378026852014089566e-02
1.378026852014089913e-02
1.562984680678740704e-02
1.378444107427585774e-02
1.378027716655192379e-02
1.378026853802916812e-02
1.562984682082309632e-02
1.378444107430823462e-02
1.563312069736419452e-02
1.708188701579611488e-02
1.378819230425158172e-02
1.378028493234921895e-02
1.378026855409560970e-02
1.378026852021114676e-02
1.378026852014103965e-02
1.562984680678754582e-02
1.378444107427586642e-02
1.378027716655192206e-02
1.378026853802915772e-02
1.378026852017790772e-02
1.378026852014097199e-02
1.562984680678746255e-02
1.378444107427586295e-02
1.378027716655192379e-02
1.378026853802916986e-02
1.378026852017790425e-02
1.378026852014097199e-02
1.378026852014089913e-02
1.562984680678740704e-02
1.378444107427586988e-02
1.563312069733882939e-02
1.378444862917771810e-02
1.563312662497830935e-02
1.378444864286548430e-02
1.378027718220368146e-02
1.562985360329950321e-02
1.378444108995257808e-02
1.378027716658433363e-02
1.378026853802922884e-02
1.378026852017790772e-02
1.378026852014098066e-02
1.378026852014089913e-02
1.378026852014089913e-02
1.378026852014090260e-02
1.378026852014089913e-02
1.378026852014090260e-02
1.378026852014089913e-02
1.378026852014090260e-02
1.378026852014089913e-02
1.378026852014090260e-02
1.378026852014089913e-02
1.378026852014090260e-02
1.562984680678741051e-02
1.378444107427586468e-02
1.378027716655192032e-02
1.562985359101869837e-02
1.378444108992425005e-02
1.378027716658427639e-02
1.378026853802923578e-02
1.378026852017790425e-02
1.562984680681646019e-02
1.378444107427592887e-02
1.378027716655193247e-02
1.378026853802916118e-02
1.378026852017790946e-02
1.378026852014097199e-02
1.562984680678747296e-02
1.378444107427586295e-02
1.378027716655192379e-02
1.562985359101868102e-02
1.378444108992425352e-02
1.378027716658427465e-02
1.378026853802923578e-02
1.378026852017790599e-02
1.378026852014097720e-02
1.378026852014090260e-02
1.378026852014089566e-02
1.562984680678741745e-02
1.378444107427586468e-02
1.378027716655192900e-02
1.562985359101866714e-02
1.707932225832137912e-02
1.378818556599022485e-02
1.563605863178353997e-02
1.378445541660100818e-02
1.563313195044748263e-02
1.378444865516276902e-02
1.563312664536642416e-02
1.378444864291255255e-02
1.378027718220377514e-02
1.378026853806155541e-02
1.378026852017797364e-02
1.378026852014097546e-02
1.378026852014089913e-02
1.378026852014089913e-02
1.378026852014091128e-02
1.378026852014090087e-02
1.378026852014089740e-02
1.562984680678741398e-02
1.707931693247031341e-02
1.378818555200478704e-02
1.378028491835799410e-02
1.378026855406666758e-02
1.378026852021108778e-02
1.378026852014104485e-02
1.378026852014090434e-02
1.378026852014089566e-02
1.378026852014089740e-02
1.378026852014089913e-02
1.562984680678743132e-02
1.378444107427586642e-02
1.378027716655192553e-02
1.378026853802916812e-02
1.378026852017790946e-02
1.378026852014097893e-02
1.378026852014090260e-02
1.378026852014089913e-02
1.378026852014089566e-02
1.378026852014090087e-02
1.378026852014090781e-02
1.378026852014089740e-02
1.562984680678742785e-02
1.378444107427586988e-02
1.378027716655193073e-02
1.378026853802916292e-02
1.378026852017790425e-02
1.378026852014097720e-02
1.378026852014089740e-02
1.378026852014089913e-02
1.562984680678741398e-02
1.707931693247029606e-02
1.378818555200478878e-02
1.378028491835799063e-02
1.378026855406667278e-02
1.378026852021108778e-02
1.378026852014104311e-02
1.562984680678755275e-02
1.378444107427586121e-02
1.378027716655193073e-02
1.562985359101869143e-02
1.378444108992425525e-02
1.378027716658427118e-02
1.378026853802923578e-02
1.378026852017790425e-02
1.562984680681646019e-02
1.378444107427592887e-02
1.563312069733883633e-02
1.708188701577612739e-02
1.378819230425153142e-02
1.378028493234922588e-02
1.378026855409560450e-02
1.378026852021115717e-02
1.378026852014105005e-02
1.378026852014089740e-02
1.378026852014089913e-02
1.378026852014090260e-02
1.378026852014089913e-02
1.378026852014090260e-02
1.378026852014089913e-02
1.378026852014090260e-02
1.378026852014089913e-02
1.378026852014090260e-02
1.378026852014089913e-02
1.562984680678743132e-02
1.378444107427586642e-02
1.378027716655192553e-02
1.378026853802916812e-02
1.378026852017790946e-02
1.562984680681646366e-02
1.378444107427593580e-02
1.563312069733886062e-02
1.378444862917771810e-02
1.378027718217536730e-02
1.378026853806148949e-02
1.378026852017797538e-02
1.378026852014097720e-02
1.378026852014090434e-02
1.562984680678744173e-02
1.378444107427585774e-02
1.378027716655192726e-02
1.378026853802916812e-02
1.562984682082304427e-02
1.378444107430824329e-02
1.563312069736418411e-02
1.708188701579606283e-02
1.378819230425157652e-02
1.378028493234922588e-02
1.378026855409560970e-02
1.378026852021114849e-02
1.378026852014104485e-02
1.378026852014090434e-02
1.378026852014089566e-02
1.378026852014089740e-02
1.378026852014089913e-02
1.378026852014090260e-02
1.378026852014089913e-02
1.378026852014090260e-02
1.378026852014089913e-02
1.562984680678743132e-02
1.707931693247031341e-02
1.378818555200479051e-02
1.563605862081076173e-02
1.378445541657563785e-02
1.378027719621093862e-02
1.378026853809052876e-02
1.378026852017802395e-02
1.562984680681651570e-02
1.378444107427593754e-02
1.378027716655192726e-02
1.378026853802916812e-02
1.562984682082306162e-02
1.707931694348873222e-02
1.842801594432301807e-02
1.379155638956299987e-02
1.378029191298422301e-02
1.378026856853768745e-02
1.562984684476097577e-02
1.378444107436345434e-02
1.378027716655210767e-02
1.378026853802917159e-02
1.378026852017790599e-02
1.378026852014097373e-02
1.378026852014089740e-02
1.378026852014090434e-02
1.378026852014090087e-02
1.378026852014089913e-02
1.562984680678740704e-02
1.378444107427586468e-02
1.378027716655192379e-02
1.378026853802916812e-02
1.378026852017791119e-02
1.378026852014098066e-02
1.562984680678747990e-02
1.378444107427585774e-02
1.563312069733877388e-02
1.708188701577613433e-02
1.378819230425153142e-02
1.378028493234922762e-02
1.378026855409560623e-02
1.378026852021115196e-02
1.378026852014105179e-02
1.562984680678754582e-02
1.707931693247041402e-02
1.378818555200478357e-02
1.378028491835798890e-02
1.378026855406666411e-02
1.378026852021108258e-02
1.378026852014104311e-02
1.378026852014089740e-02
1.378026852014089566e-02
1.378026852014089913e-02
1.378026852014091128e-02
1.378026852014090260e-02
1.378026852014090260e-02
1.378026852014089913e-02
1.378026852014089566e-02
1.562984680678739663e-02
1.378444107427585774e-02
1.378027716655192379e-02
1.378026853802916812e-02
1.378026852017790946e-02
1.378026852014097546e-02
1.378026852014089566e-02
1.378026852014089913e-02
1.378026852014091128e-02
1.378026852014090260e-02
1.378026852014090260e-02
1.378026852014089913e-02
1.378026852014089566e-02
1.378026852014090087e-02
1.378026852014090781e-02
1.378026852014089740e-02
1.378026852014089566e-02
1.378026852014089913e-02
1.378026852014091128e-02
1.378026852014090260e-02
1.378026852014090260e-02
1.378026852014089913e-02
1.378026852014089566e-02
1.378026852014090087e-02
1.378026852014090781e-02
1.378026852014089740e-02
1.378026852014089566e-02
1.378026852014089913e-02
1.378026852014091128e-02
1.562984680678743826e-02
1.707931693247033422e-02
1.378818555200479051e-02
1.378028491835799584e-02
1.378026855406666237e-02
1.378026852021109645e-02
1.562984680684248451e-02
1.378444107427599999e-02
1.378027716655192553e-02
1.378026853802916986e-02
1.378026852017790425e-02
1.378026852014097720e-02
1.378026852014089740e-02
1.378026852014089913e-02
1.562984680678741398e-02
1.707931693247029606e-02
1.378818555200478878e-02
1.378028491835799063e-02
1.378026855406667278e-02
1.562984683340657571e-02
1.378444107433727389e-02
1.378027716655205043e-02
1.378026853802916639e-02
1.378026852017791119e-02
1.378026852014098066e-02
1.378026852014089740e-02
1.562984680678742785e-02
1.378444107427586121e-02
1.378027716655192032e-02
1.562985359101869837e-02
1.378444108992425005e-02
1.378027716658427639e-02
1.562985359104407390e-02
1.378444108992431250e-02
1.378027716658427465e-02
1.378026853802923578e-02
1.378026852017791640e-02
1.378026852014098066e-02
1.378026852014090434e-02
1.378026852014089566e-02
1.378026852014089740e-02
1.378026852014089913e-02
1.378026852014090260e-02
1.378026852014089913e-02
1.378026852014090260e-02
1.378026852014089913e-02
1.562984680678743132e-02
1.378444107427586642e-02
1.563312069733879123e-02
1.378444862917772157e-02
1.378027718217535690e-02
1.562985360327728140e-02
1.378444108995252777e-02
1.563312070963882028e-02
1.378444862920612940e-02
1.378027718217542455e-02
1.378026853806149123e-02
1.378026852017797364e-02
1.378026852014097373e-02
1.378026852014089913e-02
1.378026852014089913e-02
1.378026852014091128e-02
1.378026852014090087e-02
1.378026852014089740e-02
1.378026852014090434e-02
1.378026852014090087e-02
1.378026852014089913e-02
1.378026852014089566e-02
1.378026852014089913e-02
1.378026852014090260e-02
1.378026852014089913e-02
1.378026852014090260e-02
1.378026852014089913e-02
1.378026852014090260e-02
1.378026852014089913e-02
1.378026852014090260e-02
1.378026852014089913e-02
1.378026852014090260e-02
1.378026852014089913e-02
1.562984680678743132e-02
1.707931693247031341e-02
1.378818555200479051e-02
1.563605862081076173e-02
1.378445541657563785e-02
1.378027719621093862e-02
1.378026853809052876e-02
1.378026852017802395e-02
1.562984680681651570e-02
1.378444107427593754e-02
1.378027716655192726e-02
1.378026853802916812e-02
1.378026852017790425e-02
1.562984680681646366e-02
1.378444107427592887e-02
1.378027716655193073e-02
1.378026853802916292e-02
1.562984682082305468e-02
1.378444107430823982e-02
1.378027716655199665e-02
1.378026853802916986e-02
1.378026852017790425e-02
1.378026852014097720e-02
1.562984680678747643e-02
1.378444107427586121e-02
1.563312069733878776e-02
1.378444862917772157e-02
1.378027718217535863e-02
1.378026853806149470e-02
1.562984682084845450e-02
1.378444107430829534e-02
1.378027716655198451e-02
1.562985359101874694e-02
1.378444108992425178e-02
1.378027716658427985e-02
1.378026853802923578e-02
1.378026852017790425e-02
1.378026852014097546e-02
1.378026852014089566e-02
1.562984680678742092e-02
1.378444107427586988e-02
1.563312069733879123e-02
1.378444862917772677e-02
1.378027718217536210e-02
1.378026853806149470e-02
1.562984682084844756e-02
1.378444107430830054e-02
1.378027716655199492e-02
1.378026853802916812e-02
1.378026852017790772e-02
1.378026852014097546e-02
1.562984680678746602e-02
1.378444107427586468e-02
1.378027716655192032e-02
1.378026853802916812e-02
1.378026852017790252e-02
1.378026852014098066e-02
1.378026852014089393e-02
1.378026852014089740e-02
1.378026852014090087e-02
1.378026852014090260e-02
1.378026852014090260e-02
1.378026852014089566e-02
1.562984680678741745e-02
1.378444107427586468e-02
1.378027716655192553e-02
1.378026853802916639e-02
1.562984682082307203e-02
1.707931694348878426e-02
1.378818555203372050e-02
1.378028491835805655e-02
1.562985967331597531e-02
1.378444110395361279e-02
1.378027716661319076e-02
1.378026853802929476e-02
1.378026852017791119e-02
1.378026852014097546e-02
1.378026852014089566e-02
1.378026852014089913e-02
1.378026852014090260e-02
1.562984680678741051e-02
1.378444107427586468e-02
1.378027716655192032e-02
1.378026853802916639e-02
1.562984682082305468e-02
1.378444107430824329e-02
1.378027716655200012e-02
1.378026853802916639e-02
1.378026852017790772e-02
1.378026852014097546e-02
1.378026852014089566e-02
1.562984680678742438e-02
1.707931693247031688e-02
1.842801593535537893e-02
1.379155638953680728e-02
1.378029191298417271e-02
1.378026856853768571e-02
1.378026852024103084e-02
1.378026852014110730e-02
1.562984680678757010e-02
1.378444107427585601e-02
1.563312069733880164e-02
1.378444862917772157e-02
1.378027718217536557e-02
1.378026853806148776e-02
1.378026852017797364e-02
1.378026852014097373e-02
1.378026852014089913e-02
1.562984680678739663e-02
1.707931693247028912e-02
1.378818555200478010e-02
1.563605862081074091e-02
1.708419327849460684e-02
1.378819837100010888e-02
1.378028494492008690e-02
1.562985969415733520e-02
1.378444110400167850e-02
1.563312072066192285e-02
1.378444862923157953e-02
1.378027718217547312e-02
1.378026853806149643e-02
1.378026852017797711e-02
1.562984680681651917e-02
1.378444107427593060e-02
1.378027716655192726e-02
1.378026853802917159e-02
1.378026852017791640e-02
1.562984680681647406e-02
1.378444107427593060e-02
1.378027716655192379e-02
1.378026853802916986e-02
1.378026852017790946e-02
1.378026852014098066e-02
1.378026852014089393e-02
1.378026852014089740e-02
1.378026852014090087e-02
1.378026852014090260e-02
1.378026852014090260e-02
1.378026852014089566e-02
1.378026852014089566e-02
1.378026852014089913e-02
1.378026852014090260e-02
1.378026852014089913e-02
1.378026852014090260e-02
1.378026852014089913e-02
1.378026852014090260e-02
1.378026852014089913e-02
1.378026852014090260e-02
1.378026852014089913e-02
1.378026852014090260e-02
1.378026852014089913e-02
1.378026852014090260e-02
1.378026852014089913e-02
1.378026852014090260e-02
1.378026852014089913e-02
1.378026852014090260e-02
1.378026852014089913e-02
1.378026852014090260e-02
1.378026852014089913e-02
1.562984680678743132e-02
1.378444107427586642e-02
1.378027716655192553e-02
1.378026853802916812e-02
1.378026852017790946e-02
1.378026852014097893e-02
1.562984680678748337e-02
1.378444107427586815e-02
1.378027716655192553e-02
1.378026853802916639e-02
1.378026852017790252e-02
1.562984680681646019e-02
1.378444107427593060e-02
1.378027716655192379e-02
1.378026853802916812e-02
1.562984682082306509e-02
1.378444107430823462e-02
1.378027716655200186e-02
1.378026853802916986e-02
1.562984682082308938e-02
1.378444107430823636e-02
1.563312069736419799e-02
1.708188701579607671e-02
1.378819230425157652e-02
1.563606391854309441e-02
1.378445542882393918e-02
1.378027719623626558e-02
1.378026853809058774e-02
1.378026852017803262e-02
1.378026852014097720e-02
1.378026852014090434e-02
1.562984680678744173e-02
1.378444107427585774e-02
1.378027716655192726e-02
1.378026853802916812e-02
1.378026852017790772e-02
1.378026852014097546e-02
1.562984680678747643e-02
1.378444107427586988e-02
1.378027716655193073e-02
1.562985359101867755e-02
1.378444108992425178e-02
1.378027716658427812e-02
1.378026853802923751e-02
1.378026852017790425e-02
1.378026852014097373e-02
1.562984680678746255e-02
1.378444107427586988e-02
1.378027716655192726e-02
1.378026853802916986e-02
1.562984682082308938e-02
1.378444107430823462e-02
1.378027716655199492e-02
1.378026853802917333e-02
1.378026852017791119e-02
1.378026852014097546e-02
1.378026852014089566e-02
1.562984680678737928e-02
1.378444107427586121e-02
1.378027716655192032e-02
1.378026853802916639e-02
1.562984682082305468e-02
1.378444107430824329e-02
1.563312069736418758e-02
1.378444862917777708e-02
1.378027718217536036e-02
1.378026853806149470e-02
1.378026852017797191e-02
1.562984680681651917e-02
1.707931693249315278e-02
1.378818555200484776e-02
1.378028491835799410e-02
1.378026855406665717e-02
1.378026852021109125e-02
1.562984680684246369e-02
1.378444107427599132e-02
1.378027716655192726e-02
1.378026853802916812e-02
1.378026852017790772e-02
1.562984680681644284e-02
1.378444107427592366e-02
1.563312069733882245e-02
1.708188701577614474e-02
1.378819230425152795e-02
1.378028493234922068e-02
1.378026855409561317e-02
1.562984683342930059e-02
1.378444107433731726e-02
1.378027716655205737e-02
1.378026853802916986e-02
1.378026852017790252e-02
1.378026852014097546e-02
1.378026852014090087e-02
1.562984680678741745e-02
1.378444107427586295e-02
1.378027716655192553e-02
1.562985359101870184e-02
1.707932225832142076e-02
1.378818556599022832e-02
1.378028491838697092e-02
1.378026855406672656e-02
1.378026852021108604e-02
1.378026852014104485e-02
1.378026852014089740e-02
1.378026852014089913e-02
1.378026852014089913e-02
1.378026852014091128e-02
1.562984680678743826e-02
1.378444107427586815e-02
1.378027716655193073e-02
1.378026853802916639e-02
1.378026852017791293e-02
1.378026852014098413e-02
1.378026852014089393e-02
1.378026852014089740e-02
1.378026852014090087e-02
1.378026852014090260e-02
1.378026852014090260e-02
1.378026852014089566e-02
1.378026852014089566e-02
1.562984680678742092e-02
1.707931693247032728e-02
1.842801593535537200e-02
1.379155638953681075e-02
1.378029191298416750e-02
1.378026856853768571e-02
1.378026852024102217e-02
1.562984680686597960e-02
1.378444107427604683e-02
1.378027716655192900e-02
1.378026853802916812e-02
1.378026852017790078e-02
1.378026852014097893e-02
1.378026852014089566e-02
1.378026852014089566e-02
1.562984680678742785e-02
1.378444107427586295e-02
1.378027716655192726e-02
1.378026853802917159e-02
1.562984682082308591e-02
1.378444107430823809e-02
1.378027716655199839e-02
1.562985359101871918e-02
1.378444108992425005e-02
1.378027716658427985e-02
1.378026853802923578e-02
1.378026852017790425e-02
1.378026852014097546e-02
1.562984680678749377e-02
1.378444107427586121e-02
1.378027716655192379e-02
1.378026853802917159e-02
1.378026852017790946e-02
1.562984680681644978e-02
1.707931693249307298e-02
1.378818555200485470e-02
1.378028491835799237e-02
1.562985967331588857e-02
1.378444110395361105e-02
1.378027716661319770e-02
1.378026853802929129e-02
1.378026852017790772e-02
1.378026852014097373e-02
1.378026852014089913e-02
1.378026852014089740e-02
1.378026852014089566e-02
1.378026852014090087e-02
1.378026852014090781e-02
1.562984680678739663e-02
1.378444107427585774e-02
1.378027716655193594e-02
1.378026853802916639e-02
1.562984682082307203e-02
1.707931694348878426e-02
1.842801594432310827e-02
1.952114284624117610e-02
2.040845125629535059e-02
1.379778665800265695e-02
1.564359123881125038e-02
1.378447285013243741e-02
1.378027723226237650e-02
1.378026853816511667e-02
1.378026852017818875e-02
1.378026852014097546e-02
1.378026852014089913e-02
1.378026852014091128e-02
1.378026852014090260e-02
1.378026852014090260e-02
1.378026852014089913e-02
1.378026852014089566e-02
1.378026852014090087e-02
1.378026852014090781e-02
1.378026852014089740e-02
1.378026852014089566e-02
1.378026852014089913e-02
1.378026852014091128e-02
1.378026852014090260e-02
1.562984680678738969e-02
1.378444107427586468e-02
1.378027716655192379e-02
1.562985359101868449e-02
1.378444108992425005e-02
1.378027716658427985e-02
1.378026853802924098e-02
1.562984682082309978e-02
1.378444107430824503e-02
1.378027716655199839e-02
1.378026853802916812e-02
1.378026852017790946e-02
1.378026852014097199e-02
1.378026852014089566e-02
1.378026852014090607e-02
1.378026852014089566e-02
1.378026852014089566e-02
1.378026852014089913e-02
1.378026852014090260e-02
1.378026852014089913e-02
1.378026852014090260e-02
1.378026852014089913e-02
1.378026852014090260e-02
1.378026852014089913e-02
1.378026852014090260e-02
1.378026852014089913e-02
1.378026852014090260e-02
1.378026852014089913e-02
1.378026852014090260e-02
1.378026852014089913e-02
1.378026852014090260e-02
1.378026852014089913e-02
1.378026852014090260e-02
1.378026852014089913e-02
1.378026852014090260e-02
1.378026852014089913e-02
1.378026852014090260e-02
1.378026852014089913e-02
1.562984680678743132e-02
1.378444107427586642e-02
1.378027716655192553e-02
1.378026853802916812e-02
1.378026852017790946e-02
1.562984680681646366e-02
1.378444107427593580e-02
1.378027716655193073e-02
1.562985359101867755e-02
1.378444108992425178e-02
1.563312070961666439e-02
1.378444862920607042e-02
1.378027718217542108e-02
1.378026853806149123e-02
1.378026852017796844e-02
1.378026852014097546e-02
1.378026852014090260e-02
1.378026852014090781e-02
1.378026852014090087e-02
1.378026852014089566e-02
