1.898241656724590221e-01
1.896325523115734435e-01
1.894102527479476494e-01
1.891608869819760841e-01
1.888837424624598138e-01
1.885770356718860230e-01
1.882391812404153597e-01
1.878688863785497043e-01
1.874652525909213108e-01
1.870098100290802368e-01
1.865071431754599662e-01
1.859375883175056199e-01
1.853131772712384440e-01
1.846319441297790964e-01
1.838935450703572949e-01
1.830991772436565690e-01
1.822516326763963801e-01
1.813330499172211563e-01
1.803513017371489169e-01
1.793218202043430076e-01
1.782232197338063373e-01
1.770814341712549644e-01
1.759054719162959357e-01
1.747057839395446399e-01
1.734937759228007970e-01
1.722440354588021805e-01
1.709900662929821624e-01
1.697413222064849403e-01
1.684791063769873753e-01
1.672244882764354901e-01
1.659828187938881539e-01
1.647568700155745414e-01
1.635500454391195790e-01
1.623289553226133497e-01
1.611019550277331680e-01
1.599129421724642675e-01
1.587152708008353341e-01
1.574748278024972470e-01
1.563036469652347993e-01
1.551136829262933226e-01
1.539432759960556452e-01
1.527246361820955856e-01
1.515659913176672924e-01
1.504107283848480359e-01
1.492361148988199104e-01
1.480778148653492665e-01
1.469220039153936175e-01
1.456543003885416576e-01
1.445215743071766867e-01
1.433828530251247402e-01
1.422272191237659023e-01
1.410729409322895034e-01
1.399234389344692076e-01
1.387572502680398112e-01
1.375074377547666205e-01
1.363681164500101239e-01
1.352083951385177618e-01
1.340878251120010689e-01
1.329421180760004817e-01
1.317975467933710787e-01
1.305585427900463891e-01
1.294311421220051272e-01
1.283142310347868686e-01
1.271827736448757351e-01
1.259998602540915169e-01
1.248957206432939476e-01
1.237863521355545282e-01
1.226625357998196719e-01
1.215410151348607221e-01
1.204243042719376211e-01
1.193157621707613691e-01
1.181956076778891140e-01
1.170917614445499966e-01
1.159413903754650255e-01
1.148657283168221660e-01
1.137841296996465745e-01
1.126433705496947130e-01
1.115491880308973893e-01
1.104585647918653879e-01
1.093743542049995382e-01
1.082759888523420477e-01
1.071924502834982612e-01
1.060378730730658775e-01
1.049854687051872265e-01
1.039273810735891895e-01
1.028544475113622597e-01
1.017822471936970230e-01
1.007132336522757188e-01
9.965020885679447271e-02
9.857163114524984671e-02
9.753549147787535234e-02
9.643470382424505771e-02
9.540696162545150849e-02
9.437180301067615851e-02
9.334280998325630851e-02
9.229761601860497766e-02
9.125483180396652683e-02
9.021561685788173635e-02
8.915444168852701412e-02
8.813529844858794537e-02
8.706972690433703588e-02
8.606111999039144089e-02
8.504255060631935037e-02
8.402689236512593529e-02
8.299602463737747182e-02
8.196411772562565978e-02
8.093314967168378782e-02
7.990548137858970168e-02
7.885768782768622087e-02
7.785033784485333175e-02
7.680322812488082906e-02
7.580680451407131870e-02
7.480029230555414188e-02
7.379817503998234440e-02
7.272179763583680456e-02
7.170330978833679147e-02
7.068717948562580622e-02
6.967578909675198329e-02
6.864651768800572595e-02
6.762736012540536412e-02
6.663273041057420076e-02
6.565573726106850583e-02
6.466903712662071257e-02
6.368758623469106261e-02
6.263266718404768285e-02
6.163463880532292494e-02
6.063869955108747850e-02
5.956031647830136583e-02
5.858009315692267599e-02
5.754965942850425592e-02
5.660261576829005159e-02
5.564084381802788387e-02
5.466821813275814235e-02
5.369973600127917607e-02
5.271390866780147760e-02
5.172744522563218345e-02
5.074218412491699609e-02
4.975979219204482162e-02
4.875743234414255112e-02
4.776445258965059115e-02
4.679213929001101863e-02
4.583621579669011625e-02
4.486850145907406162e-02
4.390382142168045010e-02
4.292135974583343588e-02
4.193753439373409247e-02
4.095377894739472835e-02
3.997298885563125431e-02
3.896919919292177875e-02
3.797551133104050403e-02
3.700100146633132636e-02
3.604388050735888444e-02
3.507516584099552859e-02
3.410854446954206254e-02
3.312391812680823278e-02
3.213720933283272657e-02
3.115015973125547649e-02
3.016478891671451473e-02
2.915394404500069175e-02
2.815420653031066450e-02
2.717303625445865664e-02
2.615512339545494197e-02
2.518114639825276557e-02
2.420856288884634666e-02
2.323964434712747287e-02
2.219164100763874534e-02
2.119951115943321043e-02
2.020628669248416762e-02
1.918403202989860806e-02
1.819894802180447788e-02
1.716396640659653347e-02
1.620219032384524749e-02
1.523418450570162598e-02
1.427555605986681811e-02
1.333126521772867897e-02
1.240659887895930423e-02
1.150700017007816149e-02
1.063782893015001278e-02
9.804902989130174357e-03
8.867862753076060506e-03
8.138761053101109880e-03
7.452827237125900055e-03
6.812383017373194009e-03
6.218705127230912157e-03
5.672083674804335313e-03
5.171930064090037894e-03
4.716914442294065958e-03
4.300103253835690746e-03
3.924481374087881828e-03
3.587118895989036254e-03
3.260494136649182920e-03
2.994393400352741985e-03
2.708876489722053960e-03
2.506186850666941926e-03
2.326140292387251108e-03
2.166491497493865537e-03
2.020000108447158899e-03
1.895900212704507929e-03
1.786245193702063177e-03
1.689393553390386655e-03
1.603856760343834627e-03
1.528292888904855210e-03
1.461498431514761300e-03
1.402398767243349161e-03
1.359111734984737871e-03
1.321437947605920557e-03
1.288657628295131977e-03
1.260137626657309093e-03
1.235323401566520247e-03
1.212493697376532641e-03
1.192333415051985467e-03
1.174464383646546886e-03
1.087787174034252720e-03
1.074709662308324801e-03
1.063064064372930663e-03
1.054131650706680631e-03
1.044674294428218127e-03
1.036041780984457358e-03
1.028084735505133433e-03
1.020675408803364175e-03
1.013704377374384600e-03
1.007077842364773523e-03
1.000715380060461729e-03
9.945480614251657817e-04
9.885168743395107791e-04
9.550666322514041922e-04
9.497555380853959454e-04
9.444701750330594323e-04
9.391775049691922445e-04
9.338494814354242378e-04
9.284624576255308013e-04
9.361411404553622194e-04
9.396813192159327033e-04
9.430052555847073846e-04
9.451662373853059618e-04
9.469775867118865363e-04
9.484382869170517646e-04
9.495479161505780566e-04
9.503066338195585152e-04
9.528961018527941623e-04
9.549511994512781916e-04
9.544944261999837925e-04
9.537408694399462667e-04
9.548671364861376900e-04
9.534814082438675857e-04
9.518139883803260724e-04
9.498618076413753051e-04
9.476226392705157158e-04
9.450950646119694919e-04
9.422784709906757749e-04
9.391730542175163966e-04
9.357798235523328559e-04
9.321006072145407439e-04
9.281380567815058309e-04
9.238956490615410485e-04
9.288013566392541937e-04
9.333769191018925510e-04
9.376384561144235439e-04
9.406148324633968171e-04
9.431485900936468960e-04
9.452450862006709980e-04
9.469095888495146236e-04
9.481472789407570899e-04
9.489632886573764721e-04
9.493627454989503681e-04
9.493508207114141487e-04
9.515758556442899816e-04
9.506931514186257523e-04
9.494422669636827083e-04
9.478260066765231869e-04
9.458477168581100759e-04
9.435112952363935599e-04
9.441340609973506272e-04
9.411235411251215807e-04
9.377885995514432691e-04
9.341327239730401076e-04
9.301603340793143139e-04
9.258710156867438817e-04
9.308250009350193480e-04
9.354585507726542780e-04
9.397868429039619781e-04
9.428241360186479349e-04
9.454165580873170579e-04
9.475671301951396792e-04
9.492790263312472169e-04
9.505556218168602182e-04
9.514005052375363019e-04
9.432387226354212260e-04
9.438052610005431527e-04
9.439329460172615717e-04
9.436226930777037074e-04
9.428772622188967209e-04
9.417007775561549469e-04
9.241000169408098309e-04
9.245328467638714133e-04
9.246758976313599948e-04
9.232727640284413631e-04
9.214749359989487382e-04
9.192805551812295150e-04
9.166904365920045808e-04
9.137076913811932209e-04
9.196223515865880075e-04
9.251825708203270746e-04
9.303995021539754589e-04
9.343222562862386676e-04
9.377586936803195819e-04
9.407107237632502707e-04
9.452464435554851566e-04
9.470871930297772691e-04
9.484890272486598767e-04
9.494519462971163235e-04
9.499766705350198154e-04
9.500645980817373770e-04
9.497177934169378230e-04
9.489389881349750760e-04
9.477315908584441452e-04
9.470409575852942749e-04
9.449105746041608876e-04
9.294494416458723776e-04
9.297389351555488584e-04
9.297787339003961036e-04
9.274176959736287048e-04
9.246823543248739331e-04
9.215694410572986602e-04
9.180785749489565146e-04
9.238086994295801463e-04
9.292208334059126650e-04
9.343213563452533281e-04
9.381104164962577588e-04
9.414264647151726834e-04
9.442668396356789385e-04
9.466297810244517566e-04
9.485143934507510571e-04
9.539035581797828626e-04
9.545928081910318771e-04
9.548520053458380962e-04
9.575573951139795597e-04
9.568892483611804098e-04
9.558222605514137210e-04
9.543532094023243805e-04
9.524802485933053526e-04
9.502028523146894548e-04
9.475217977145578181e-04
9.444391515263415382e-04
9.409582580246817927e-04
9.370837258547663881e-04
9.328214116658598400e-04
9.378152953183284315e-04
9.425333027815076129e-04
9.379105143026732812e-04
9.416916057023847668e-04
9.450111031935659383e-04
9.478605426866277541e-04
9.502334031083156966e-04
9.521248281704968548e-04
9.535314259004041117e-04
9.553572176873354914e-04
9.591063994970900741e-04
9.588637209545905265e-04
9.581818731779852185e-04
9.570582394091638233e-04
9.554916315115592361e-04
9.534822256857177977e-04
9.510315379721658068e-04
9.481424078694060181e-04
9.448189861149005036e-04
9.410667232716123662e-04
9.368923563108539103e-04
9.418465916629614439e-04
9.378115848722252870e-04
9.428439069997851312e-04
9.465895046609390821e-04
9.498736064759498140e-04
9.526871534208464698e-04
9.550226887220421030e-04
9.614527200528683601e-04
9.625010812991355476e-04
9.631144165074351443e-04
9.668872975797282616e-04
9.664785222297972737e-04
9.656619772290158440e-04
9.644291718641945796e-04
9.627733893768892310e-04
9.606896188865471841e-04
9.581745313604868655e-04
9.552264652031281812e-04
9.518454169522073439e-04
9.480330331624293267e-04
9.437926001199214683e-04
9.483669661171877357e-04
9.441108546401437689e-04
9.488679705095985151e-04
9.523978282290886197e-04
9.618468950898079704e-04
9.641254238028477714e-04
9.717785908936651257e-04
9.731913854144270308e-04
9.742530752895063031e-04
9.749460636553769488e-04
9.752546194824589796e-04
9.751647568688265539e-04
9.746641711665461920e-04
9.737422049706244464e-04
9.723898371894739313e-04
9.705996891012037744e-04
9.683660419113859471e-04
9.656848608876591935e-04
9.625538216739166217e-04
9.589723348965902699e-04
9.549415656781707045e-04
9.504644451745727007e-04
9.464620656198461648e-04
9.512545746703920122e-04
9.558298926180422515e-04
9.591927065833744798e-04
9.621361361093412915e-04
9.655625382944910086e-04
9.675417963695141007e-04
9.690633926666017504e-04
9.701153654571988095e-04
9.706872633052109935e-04
9.707700200558130529e-04
9.703559832297157465e-04
9.694389576808764251e-04
9.680142592218451665e-04
9.660787734252025607e-04
9.636310152555690014e-04
9.606711856128190242e-04
9.481867626218341231e-04
9.448565770956992389e-04
9.409977790216792534e-04
9.464518027224284131e-04
9.516655261368035888e-04
9.556727468734932483e-04
9.601064675606893429e-04
9.631326986231935911e-04
9.656858648657870407e-04
9.677507965366165818e-04
9.693136287980625224e-04
9.703618273660172657e-04
9.708842532811475575e-04
9.708712426941081865e-04
9.703146967053529219e-04
9.692081765675249726e-04
9.675469998008037883e-04
9.653283330201450950e-04
9.535259859470499033e-04
9.590825943181220496e-04
9.557731689046821636e-04
9.519396793113283880e-04
9.567059257217883647e-04
9.606322622648199965e-04
9.647912268419138503e-04
9.688273034167592867e-04
9.717269822920246436e-04
9.811460881525904936e-04
9.829154880489495653e-04
9.843570832291429189e-04
9.854412056555566981e-04
9.861401544877317852e-04
9.864281921670350201e-04
9.862815877683668402e-04
9.856786864750398218e-04
9.845999984427515010e-04
9.830283005443079137e-04
9.809491305404914509e-04
9.783497177117137303e-04
9.752202898109163173e-04
9.715538074981427876e-04
9.589205674689513193e-04
9.548323696482660661e-04
9.597597109348366328e-04
9.645352903688684696e-04
9.700724364298236955e-04
9.733699209706303491e-04
9.762652411734277233e-04
9.787306195916457060e-04
9.807396664309150133e-04
9.822675105268495205e-04
9.715158699426904194e-04
9.730800998151760634e-04
9.741114977174106324e-04
9.745817582940344151e-04
9.744670427345717605e-04
9.737475986054103163e-04
9.724076202582217394e-04
9.704351141109143633e-04
9.678218006080158663e-04
9.645630395395888212e-04
9.606577670532481360e-04
9.655803188078919321e-04
9.713019721171436624e-04
9.682823371912888848e-04
9.726396496091002045e-04
9.758664065072830598e-04
9.787476662251825242e-04
9.812457397013524176e-04
9.833243928687211092e-04
9.849490992339972589e-04
9.860872289677111852e-04
9.867082805168820615e-04
9.867841175832403351e-04
9.862892192543815800e-04
9.852010827601901961e-04
9.834999805274566298e-04
9.723211926997971490e-04
9.700984217021324909e-04
9.671800713521319865e-04
9.635588688114737118e-04
9.696103438497449909e-04
9.745233805600217892e-04
9.792991496973381740e-04
9.828580701326044503e-04
9.860095043354132061e-04
9.784157282113640965e-04
9.819656634671794244e-04
9.850368247318573578e-04
9.875884355059394350e-04
9.943592798622392839e-04
9.956114509497540795e-04
9.963280913947531944e-04
1.004676694064032512e-03
1.003953956150120588e-03
1.008662299156192236e-03
1.006949765705103961e-03
1.004727603317143387e-03
1.001961145525061183e-03
9.986205594303763488e-04
9.946808034775043213e-04
9.901216826227101503e-04
9.849279078653317646e-04
9.885508912439774226e-04
9.921822568330078591e-04
9.958048143104791632e-04
9.983035600201104441e-04
1.000492655216333408e-03
1.002326040494954176e-03
1.003758168624274043e-03
1.004744428163965126e-03
1.005241655567482928e-03
1.005208480125860350e-03
1.003448909832440608e-03
1.002975527691607775e-03
1.001913087671072117e-03
1.000220514919240725e-03
9.978625850620523752e-04
9.948098558565233833e-04
1.002809602092857031e-03
9.985558506353758683e-04
9.936346410114925507e-04
9.970702119485401731e-04
1.000556187079549219e-03
1.004071878355726304e-03
1.006533375206714650e-03
1.008710447103566311e-03
1.010550682031064037e-03
1.005128707389044140e-03
1.007885967424477147e-03
1.010185246688683619e-03
1.025235158528590203e-03
1.026465005536203717e-03
1.027255781897339548e-03
1.027554369039159442e-03
1.027311502197393199e-03
1.026481877462687023e-03
1.025024280899528278e-03
1.022901786448254715e-03
1.020082028476768533e-03
1.016537485762029208e-03
1.024184055465106281e-03
1.019428593498359790e-03
1.013981168359790255e-03
1.007820920109805387e-03
1.010910092298418755e-03
1.014085766757442985e-03
1.016299293436583864e-03
1.018277597897304307e-03
1.019962913086903088e-03
1.021296799689430657e-03
1.022220801640785987e-03
1.022677099091716434e-03
1.025212053568485540e-03
1.025147673494252896e-03
1.024519694387364009e-03
1.023270187486814437e-03
1.021346507847071270e-03
1.018701536925631672e-03
1.015293983775841834e-03
9.903777008270810145e-04
9.888449227128382184e-04
9.943040697925134563e-04
9.976581421806112598e-04
9.990622572512162028e-04
9.975706764543432019e-04
9.985506746755788178e-04
9.967593197616835508e-04
9.974575825729876683e-04
9.954255518425355123e-04
9.924674666074990818e-04
9.885453873133254708e-04
9.936246892443994280e-04
9.987009238896580720e-04
9.955922047741746182e-04
1.000445943962748009e-03
1.004205629171348469e-03
9.907276712202422054e-04
9.943095397892457148e-04
9.975974805632302923e-04
1.000517576084606697e-03
9.793333310287068161e-04
9.830232928435273920e-04
9.864173098803033415e-04
9.894289723878500233e-04
9.919721851935914009e-04
9.939623189306712962e-04
9.953174345201795063e-04
9.959595823905991081e-04
9.958160798159291019e-04
1.016000820245547675e-03
1.013858628012055630e-03
1.010927819076599087e-03
1.007149541235955728e-03
1.002474379729219800e-03
1.006660753603719075e-03
1.011013813508173861e-03
1.014442811384188084e-03
1.017653351579958813e-03
1.020564602314441658e-03
1.023093481730700128e-03
1.025155994904865774e-03
1.026668375990855966e-03
1.027548320791179517e-03
1.018808183549457921e-03
1.019236468495819149e-03
1.019723329804254376e-03
1.018031926756382544e-03
1.015290863704375454e-03
1.011457590993809557e-03
1.016429700449756257e-03
1.017147653201668032e-03
1.022611772958660495e-03
1.028056888875142610e-03
1.032374438138669841e-03
1.036291955180755403e-03
1.039737652501184590e-03
1.042637336710996445e-03
1.044915064848335245e-03
1.046493939289753951e-03
1.047297150151274862e-03
1.047249218664347793e-03
1.046277398735619363e-03
1.044313179826329230e-03
1.030817185457495776e-03
1.030657210778439335e-03
1.029276639904998106e-03
1.026617253122330455e-03
1.032006936428679416e-03
1.037374523417223821e-03
1.042720426983173663e-03
1.046854194350691413e-03
1.050568145537706007e-03
1.053789272604550766e-03
1.056438262018269099e-03
1.058430796638308233e-03
1.060694915801779293e-03
1.060962558488672989e-03
1.060325338628130293e-03
1.058694199110822663e-03
1.055984832594134525e-03
1.052119974013211246e-03
1.056726887334705732e-03
1.053725895564383216e-03
1.049433039171261944e-03
1.053755327590228568e-03
1.058205714475689112e-03
1.061658760748287111e-03
1.064827653138100639e-03
1.067626437678497733e-03
1.069960051962517197e-03
9.935883659282077670e-04
1.007510716259921689e-03
1.001793865179016925e-03
1.016453844629727548e-03
1.027983268744385795e-03
1.036899575182953547e-03
9.998126571986209240e-04
1.013234639115594441e-03
1.023712977134158932e-03
1.031732885341906606e-03
1.037650840994371352e-03
1.041719201047061789e-03
1.044107210988354240e-03
1.044919279623555486e-03
1.044210897576448123e-03
1.061442946423102980e-03
1.060197528765159615e-03
1.057713701877963791e-03
1.053884647281056169e-03
1.058391455069085602e-03
1.063138824897011088e-03
1.066992994137322924e-03
1.070639524544239390e-03
1.073974268330112145e-03
1.076879818711750291e-03
1.079227439481182009e-03
1.080879242100675312e-03
1.081690982067882263e-03
1.081515406337189714e-03
1.080206039811737462e-03
1.077621276272470573e-03
1.073628653294204189e-03
1.077930973234239023e-03
1.082555687537067445e-03
1.086342497690756352e-03
1.089970757870352197e-03
1.086391485702122538e-03
1.090322088965913318e-03
1.093566663561266724e-03
1.095969788533733991e-03
1.097365900374631508e-03
1.097583914105008333e-03
1.096451866031995922e-03
1.005047799859664411e-03
1.009732259878577372e-03
1.014153339066097090e-03
1.030873339330318911e-03
1.034048835076850853e-03
1.037011207219379252e-03
1.039592662235901089e-03
1.041610539734129240e-03
1.042872089778119210e-03
1.043179886366576688e-03
1.042337833688764025e-03
1.040157538193102601e-03
1.046977716273249630e-03
1.049917293823397508e-03
1.058045323154472011e-03
1.071958423466133061e-03
1.083936102259566454e-03
1.093314882095657763e-03
1.101200186688071131e-03
1.107788194398040158e-03
1.113176249191511185e-03
1.093508585054326363e-03
1.103029444339350632e-03
1.110050173126484949e-03
1.115016572436510010e-03
1.118220388795275336e-03
1.119827826685688759e-03
1.119904383433901508e-03
1.118437376075917056e-03
1.115356507197516481e-03
9.425836838365536652e-04
9.685513390144212488e-04
9.894567035331047061e-04
1.006049909563381823e-03
1.018897071308300789e-03
1.028410994701836525e-03
1.034879411010703821e-03
1.038491419739320668e-03
9.290115844062287994e-04
9.477073121525683317e-04
9.629283751075156262e-04
9.570044320647645144e-04
9.765956778353831157e-04
9.921372640959481588e-04
1.004282862801256877e-03
1.013487716698399394e-03
1.020050598418330073e-03
1.024149797746112681e-03
1.035222230290959401e-03
1.046332604160164249e-03
1.056540526956241139e-03
1.066489216782522381e-03
1.076078444532361502e-03
1.085152308234998975e-03
1.093510070919777658e-03
1.100915459277910895e-03
1.108176474916367296e-03
1.112719665770323932e-03
1.106758502154622792e-03
1.108777050699856666e-03
1.118570181765002943e-03
1.128439191159243994e-03
1.137167911588810639e-03
1.145452601687833166e-03
6.586250364881692876e-04
7.045521444486970352e-04
7.517897631176586855e-04
7.936304168896725526e-04
8.309053974292859336e-04
8.642330471417477037e-04
8.940604013968709435e-04
9.206546853981853896e-04
9.441317887697726592e-04
9.644735564089736710e-04
9.815477800359014710e-04
1.004417851590164558e-03
1.026712694155830193e-03
1.047393584250281380e-03
1.678054862916029976e-04
2.816114794242633888e-04
1.651410526192568487e-04
2.793033012502342907e-04
1.639984709748371170e-04
2.781406890858594623e-04
1.547201904502466742e-04
1.612763635915280796e-04
1.600997942725843894e-04
2.724906314902781073e-04
3.716236113293745627e-04
4.592900716103281294e-04
5.368822862822192040e-04
6.054756432043134455e-04
6.658929139523171075e-04
7.187567642057422811e-04
7.645338541442208129e-04
8.035734550327740732e-04
8.468652215294853250e-04
8.858310060648823302e-04
9.212894129639871655e-04
9.534596346270404060e-04
9.824752451126873235e-04
1.008400329873917469e-03
5.712675806186950271e-04
6.330372974851751966e-04
6.875931753422534270e-04
7.360937245660400348e-04
7.793690615074668968e-04
8.179728698583296070e-04
5.911412226898116835e-04
6.484110328945913437e-04
6.990829816467446440e-04
7.442336792193530309e-04
7.846085574053934418e-04
8.206736861425650278e-04
8.526618752430989174e-04
8.806165473822225292e-04
9.044344936805011771e-04
9.347433700348390653e-04
9.629246990813621196e-04
9.891449432640005059e-04
1.013914902698598037e-03
1.686000826642900777e-04
2.821138515300493951e-04
3.828424659640274996e-04
4.719393888433289505e-04
5.503178513206676437e-04
6.187141095781115846e-04
6.883272702992564726e-04
7.518991299975817015e-04
8.093572884791645165e-04
8.612388805902595210e-04
9.091971977990038903e-04
9.515222843154337194e-04
9.813332729230862892e-04
1.015995374110940583e-03
1.046039810179390066e-03
1.071349038042060907e-03
1.091720472358353837e-03
1.117641374597873067e-03
1.141941310943708114e-03
1.163213030460317609e-03
1.182223930356970541e-03
1.199413385420161366e-03
1.215761899924320925e-03
1.228843920622380709e-03
1.232371815787019435e-03
1.241858120900530670e-03
1.247930817982795390e-03
1.260981897948167205e-03
1.272508050436244259e-03
1.282996851127611755e-03
1.292738219621643011e-03
1.301745477289805320e-03
1.309826704710483807e-03
1.314390897910142639e-03
1.307998053783927936e-03
1.316795017910366711e-03
1.325922346346372150e-03
1.849181140682570716e-04
2.915095734415332077e-04
3.945459034009872077e-04
4.989569834278426846e-04
5.948672659194831651e-04
6.831373126763280821e-04
1.780457249456070647e-04
2.854931802508118882e-04
3.891138243517599355e-04
4.939283828768609988e-04
5.902309456712563282e-04
6.788769398745417164e-04
7.603088348531806314e-04
1.784067085720509812e-04
2.858090461485107811e-04
3.893990106993335800e-04
4.941923005660486812e-04
5.904743654196159108e-04
6.791006482266933241e-04
1.780279224851987244e-04
2.854775961200803997e-04
3.890997536364431374e-04
1.770094536739690505e-04
2.845859092888771715e-04
3.882946579104211491e-04
4.931700136331165774e-04
5.895317479266762306e-04
6.782343681354467127e-04
7.597207842268693945e-04
8.342546961112322270e-04
9.018223151856548511e-04
9.622329409519724116e-04
1.015055726148497619e-03
1.802717858401439569e-04
2.874419545694413287e-04
3.908733990663038971e-04
4.955572000131726763e-04
1.773389751623551645e-04
2.848743578861452630e-04
3.885550961240931238e-04
4.934111235538557547e-04
5.897541158165239654e-04
6.784387356032393034e-04
7.599078151271186762e-04
8.344249476270337602e-04
9.019759684764196758e-04
9.623699496006280852e-04
1.015176166545615852e-03
1.068975681788175182e-03
1.118904894172756881e-03
1.165560035662073068e-03
1.209625696302512373e-03
1.251894339820621435e-03
1.293251314148163899e-03
1.334628735755318679e-03
1.376915106113806367e-03
1.420825697509781830e-03
1.467050474540625669e-03
1.515840982238215746e-03
0.000000000000000000e+00
0.000000000000000000e+00
0.000000000000000000e+00
0.000000000000000000e+00
0.000000000000000000e+00
0.000000000000000000e+00
0.000000000000000000e+00
0.000000000000000000e+00
0.000000000000000000e+00
0.000000000000000000e+00
0.000000000000000000e+00
0.000000000000000000e+00
0.000000000000000000e+00
0.000000000000000000e+00
0.000000000000000000e+00
0.000000000000000000e+00
0.000000000000000000e+00
0.000000000000000000e+00
0.000000000000000000e+00
0.000000000000000000e+00
0.000000000000000000e+00
0.000000000000000000e+00
0.000000000000000000e+00
0.000000000000000000e+00
0.000000000000000000e+00
0.000000000000000000e+00
0.000000000000000000e+00
0.000000000000000000e+00
0.000000000000000000e+00
0.000000000000000000e+00
0.000000000000000000e+00
0.000000000000000000e+00
0.000000000000000000e+00
0.000000000000000000e+00
0.000000000000000000e+00
0.000000000000000000e+00
0.000000000000000000e+00
0.000000000000000000e+00
0.000000000000000000e+00
0.000000000000000000e+00
0.000000000000000000e+00
0.000000000000000000e+00
0.000000000000000000e+00
0.000000000000000000e+00
0.000000000000000000e+00
0.000000000000000000e+00
0.000000000000000000e+00
0.000000000000000000e+00
0.000000000000000000e+00
0.000000000000000000e+00
0.000000000000000000e+00
0.000000000000000000e+00
0.000000000000000000e+00
0.000000000000000000e+00
0.000000000000000000e+00
0.000000000000000000e+00
0.000000000000000000e+00
0.000000000000000000e+00
0.000000000000000000e+00
0.000000000000000000e+00
0.000000000000000000e+00
0.000000000000000000e+00
0.000000000000000000e+00
0.000000000000000000e+00
0.000000000000000000e+00
0.000000000000000000e+00
0.000000000000000000e+00
0.000000000000000000e+00
0.000000000000000000e+00
0.000000000000000000e+00
0.000000000000000000e+00
0.000000000000000000e+00
0.000000000000000000e+00
0.000000000000000000e+00
0.000000000000000000e+00
0.000000000000000000e+00
0.000000000000000000e+00
0.000000000000000000e+00
0.000000000000000000e+00
0.000000000000000000e+00
0.000000000000000000e+00
0.000000000000000000e+00
0.000000000000000000e+00
0.000000000000000000e+00
0.000000000000000000e+00
0.000000000000000000e+00
0.000000000000000000e+00
0.000000000000000000e+00
0.000000000000000000e+00
0.000000000000000000e+00
0.000000000000000000e+00
0.000000000000000000e+00
0.000000000000000000e+00
0.000000000000000000e+00
0.000000000000000000e+00
0.000000000000000000e+00
0.000000000000000000e+00
0.000000000000000000e+00
0.000000000000000000e+00
0.000000000000000000e+00
0.000000000000000000e+00
0.000000000000000000e+00
0.000000000000000000e+00
0.000000000000000000e+00
0.000000000000000000e+00
0.000000000000000000e+00
0.000000000000000000e+00
0.000000000000000000e+00
0.000000000000000000e+00
0.000000000000000000e+00
0.000000000000000000e+00
0.000000000000000000e+00
0.000000000000000000e+00
0.000000000000000000e+00
0.000000000000000000e+00
0.000000000000000000e+00
0.000000000000000000e+00
0.000000000000000000e+00
0.000000000000000000e+00
0.000000000000000000e+00
0.000000000000000000e+00
0.000000000000000000e+00
0.000000000000000000e+00
0.000000000000000000e+00
0.000000000000000000e+00
0.000000000000000000e+00
0.000000000000000000e+00
0.000000000000000000e+00
0.000000000000000000e+00
0.000000000000000000e+00
0.000000000000000000e+00
0.000000000000000000e+00
0.000000000000000000e+00
0.000000000000000000e+00
0.000000000000000000e+00
0.000000000000000000e+00
0.000000000000000000e+00
0.000000000000000000e+00
0.000000000000000000e+00
0.000000000000000000e+00
0.000000000000000000e+00
0.000000000000000000e+00
0.000000000000000000e+00
0.000000000000000000e+00
0.000000000000000000e+00
0.000000000000000000e+00
0.000000000000000000e+00
0.000000000000000000e+00
0.000000000000000000e+00
0.000000000000000000e+00
0.000000000000000000e+00
0.000000000000000000e+00
0.000000000000000000e+00
0.000000000000000000e+00
0.000000000000000000e+00
0.000000000000000000e+00
0.000000000000000000e+00
0.000000000000000000e+00
0.000000000000000000e+00
0.000000000000000000e+00
0.000000000000000000e+00
0.000000000000000000e+00
0.000000000000000000e+00
0.000000000000000000e+00
0.000000000000000000e+00
0.000000000000000000e+00
0.000000000000000000e+00
0.000000000000000000e+00
0.000000000000000000e+00
0.000000000000000000e+00
0.000000000000000000e+00
0.000000000000000000e+00
0.000000000000000000e+00
0.000000000000000000e+00
0.000000000000000000e+00
0.000000000000000000e+00
0.000000000000000000e+00
0.000000000000000000e+00
0.000000000000000000e+00
0.000000000000000000e+00
0.000000000000000000e+00
0.000000000000000000e+00
0.000000000000000000e+00
0.000000000000000000e+00
0.000000000000000000e+00
0.000000000000000000e+00
0.000000000000000000e+00
0.000000000000000000e+00
0.000000000000000000e+00
0.000000000000000000e+00
0.000000000000000000e+00
0.000000000000000000e+00
0.000000000000000000e+00
0.000000000000000000e+00
0.000000000000000000e+00
0.000000000000000000e+00
0.000000000000000000e+00
0.000000000000000000e+00
0.000000000000000000e+00
0.000000000000000000e+00
0.000000000000000000e+00
0.000000000000000000e+00
0.000000000000000000e+00
0.000000000000000000e+00
0.000000000000000000e+00
0.000000000000000000e+00
0.000000000000000000e+00
0.000000000000000000e+00
0.000000000000000000e+00
0.000000000000000000e+00
0.000000000000000000e+00
0.000000000000000000e+00
0.000000000000000000e+00
0.000000000000000000e+00
0.000000000000000000e+00
0.000000000000000000e+00
0.000000000000000000e+00
0.000000000000000000e+00
0.000000000000000000e+00
0.000000000000000000e+00
0.000000000000000000e+00
0.000000000000000000e+00
0.000000000000000000e+00
0.000000000000000000e+00
0.000000000000000000e+00
0.000000000000000000e+00
0.000000000000000000e+00
0.000000000000000000e+00
0.000000000000000000e+00
0.000000000000000000e+00
0.000000000000000000e+00
0.000000000000000000e+00
0.000000000000000000e+00
0.000000000000000000e+00
0.000000000000000000e+00
0.000000000000000000e+00
0.000000000000000000e+00
0.000000000000000000e+00
0.000000000000000000e+00
0.000000000000000000e+00
0.000000000000000000e+00
0.000000000000000000e+00
0.000000000000000000e+00
0.000000000000000000e+00
0.000000000000000000e+00
0.000000000000000000e+00
0.000000000000000000e+00
0.000000000000000000e+00
0.000000000000000000e+00
0.000000000000000000e+00
0.000000000000000000e+00
0.000000000000000000e+00
0.000000000000000000e+00
0.000000000000000000e+00
0.000000000000000000e+00
0.000000000000000000e+00
0.000000000000000000e+00
0.000000000000000000e+00
0.000000000000000000e+00
0.000000000000000000e+00
0.000000000000000000e+00
0.000000000000000000e+00
0.000000000000000000e+00
0.000000000000000000e+00
0.000000000000000000e+00
0.000000000000000000e+00
0.000000000000000000e+00
0.000000000000000000e+00
0.000000000000000000e+00
0.000000000000000000e+00
0.000000000000000000e+00
0.000000000000000000e+00
0.000000000000000000e+00
0.000000000000000000e+00
0.000000000000000000e+00
0.000000000000000000e+00
0.000000000000000000e+00
0.000000000000000000e+00
0.000000000000000000e+00
0.000000000000000000e+00
0.000000000000000000e+00
0.000000000000000000e+00
0.000000000000000000e+00
0.000000000000000000e+00
0.000000000000000000e+00
0.000000000000000000e+00
0.000000000000000000e+00
0.000000000000000000e+00
0.000000000000000000e+00
0.000000000000000000e+00
0.000000000000000000e+00
0.000000000000000000e+00
0.000000000000000000e+00
0.000000000000000000e+00
0.000000000000000000e+00
0.000000000000000000e+00
0.000000000000000000e+00
0.000000000000000000e+00
0.000000000000000000e+00
0.000000000000000000e+00
0.000000000000000000e+00
0.000000000000000000e+00
0.000000000000000000e+00
0.000000000000000000e+00
0.000000000000000000e+00
0.000000000000000000e+00
0.000000000000000000e+00
0.000000000000000000e+00
0.000000000000000000e+00
0.000000000000000000e+00
0.000000000000000000e+00
0.000000000000000000e+00
0.000000000000000000e+00
0.000000000000000000e+00
0.000000000000000000e+00
0.000000000000000000e+00
0.000000000000000000e+00
0.000000000000000000e+00
0.000000000000000000e+00
0.000000000000000000e+00
0.000000000000000000e+00
0.000000000000000000e+00
0.000000000000000000e+00
0.000000000000000000e+00
0.000000000000000000e+00
0.000000000000000000e+00
0.000000000000000000e+00
0.000000000000000000e+00
0.000000000000000000e+00
0.000000000000000000e+00
0.000000000000000000e+00
0.000000000000000000e+00
0.000000000000000000e+00
0.000000000000000000e+00
0.000000000000000000e+00
0.000000000000000000e+00
0.000000000000000000e+00
0.000000000000000000e+00
0.000000000000000000e+00
0.000000000000000000e+00
0.000000000000000000e+00
0.000000000000000000e+00
0.000000000000000000e+00
0.000000000000000000e+00
0.000000000000000000e+00
0.000000000000000000e+00
0.000000000000000000e+00
0.000000000000000000e+00
0.000000000000000000e+00
0.000000000000000000e+00
0.000000000000000000e+00
0.000000000000000000e+00
0.000000000000000000e+00
0.000000000000000000e+00
0.000000000000000000e+00
0.000000000000000000e+00
0.000000000000000000e+00
0.000000000000000000e+00
0.000000000000000000e+00
0.000000000000000000e+00
0.000000000000000000e+00
0.000000000000000000e+00
0.000000000000000000e+00
0.000000000000000000e+00
0.000000000000000000e+00
0.000000000000000000e+00
0.000000000000000000e+00
0.000000000000000000e+00
0.000000000000000000e+00
0.000000000000000000e+00
0.000000000000000000e+00
0.000000000000000000e+00
0.000000000000000000e+00
0.000000000000000000e+00
0.000000000000000000e+00
0.000000000000000000e+00
0.000000000000000000e+00
0.000000000000000000e+00
0.000000000000000000e+00
0.000000000000000000e+00
0.000000000000000000e+00
0.000000000000000000e+00
0.000000000000000000e+00
0.000000000000000000e+00
0.000000000000000000e+00
0.000000000000000000e+00
0.000000000000000000e+00
0.000000000000000000e+00
0.000000000000000000e+00
0.000000000000000000e+00
0.000000000000000000e+00
0.000000000000000000e+00
0.000000000000000000e+00
0.000000000000000000e+00
0.000000000000000000e+00
0.000000000000000000e+00
0.000000000000000000e+00
0.000000000000000000e+00
0.000000000000000000e+00
0.000000000000000000e+00
0.000000000000000000e+00
0.000000000000000000e+00
0.000000000000000000e+00
0.000000000000000000e+00
0.000000000000000000e+00
0.000000000000000000e+00
0.000000000000000000e+00
0.000000000000000000e+00
0.000000000000000000e+00
0.000000000000000000e+00
0.000000000000000000e+00
0.000000000000000000e+00
0.000000000000000000e+00
0.000000000000000000e+00
0.000000000000000000e+00
0.000000000000000000e+00
0.000000000000000000e+00
0.000000000000000000e+00
0.000000000000000000e+00
0.000000000000000000e+00
0.000000000000000000e+00
0.000000000000000000e+00
0.000000000000000000e+00
0.000000000000000000e+00
0.000000000000000000e+00
0.000000000000000000e+00
0.000000000000000000e+00
0.000000000000000000e+00
0.000000000000000000e+00
0.000000000000000000e+00
0.000000000000000000e+00
0.000000000000000000e+00
0.000000000000000000e+00
0.000000000000000000e+00
0.000000000000000000e+00
0.000000000000000000e+00
0.000000000000000000e+00
0.000000000000000000e+00
0.000000000000000000e+00
0.000000000000000000e+00
0.000000000000000000e+00
0.000000000000000000e+00
0.000000000000000000e+00
0.000000000000000000e+00
0.000000000000000000e+00
0.000000000000000000e+00
0.000000000000000000e+00
0.000000000000000000e+00
0.000000000000000000e+00
0.000000000000000000e+00
0.000000000000000000e+00
0.000000000000000000e+00
0.000000000000000000e+00
0.000000000000000000e+00
0.000000000000000000e+00
0.000000000000000000e+00
0.000000000000000000e+00
0.000000000000000000e+00
0.000000000000000000e+00
0.000000000000000000e+00
0.000000000000000000e+00
0.000000000000000000e+00
0.000000000000000000e+00
0.000000000000000000e+00
0.000000000000000000e+00
0.000000000000000000e+00
0.000000000000000000e+00
0.000000000000000000e+00
0.000000000000000000e+00
0.000000000000000000e+00
0.000000000000000000e+00
0.000000000000000000e+00
0.000000000000000000e+00
0.000000000000000000e+00
0.000000000000000000e+00
0.000000000000000000e+00
0.000000000000000000e+00
0.000000000000000000e+00
0.000000000000000000e+00
0.000000000000000000e+00
0.000000000000000000e+00
0.000000000000000000e+00
0.000000000000000000e+00
0.000000000000000000e+00
0.000000000000000000e+00
0.000000000000000000e+00
0.000000000000000000e+00
0.000000000000000000e+00
0.000000000000000000e+00
0.000000000000000000e+00
0.000000000000000000e+00
0.000000000000000000e+00
0.000000000000000000e+00
0.000000000000000000e+00
0.000000000000000000e+00
0.000000000000000000e+00
0.000000000000000000e+00
0.000000000000000000e+00
0.000000000000000000e+00
0.000000000000000000e+00
0.000000000000000000e+00
0.000000000000000000e+00
0.000000000000000000e+00
0.000000000000000000e+00
0.000000000000000000e+00
0.000000000000000000e+00
0.000000000000000000e+00
0.000000000000000000e+00
0.000000000000000000e+00
0.000000000000000000e+00
0.000000000000000000e+00
0.000000000000000000e+00
0.000000000000000000e+00
0.000000000000000000e+00
0.000000000000000000e+00
0.000000000000000000e+00
0.000000000000000000e+00
0.000000000000000000e+00
0.000000000000000000e+00
0.000000000000000000e+00
0.000000000000000000e+00
0.000000000000000000e+00
0.000000000000000000e+00
0.000000000000000000e+00
0.000000000000000000e+00
0.000000000000000000e+00
0.000000000000000000e+00
0.000000000000000000e+00
0.000000000000000000e+00
0.000000000000000000e+00
0.000000000000000000e+00
0.000000000000000000e+00
0.000000000000000000e+00
0.000000000000000000e+00
0.000000000000000000e+00
0.000000000000000000e+00
0.000000000000000000e+00
0.000000000000000000e+00
0.000000000000000000e+00
0.000000000000000000e+00
0.000000000000000000e+00
0.000000000000000000e+00
0.000000000000000000e+00
0.000000000000000000e+00
0.000000000000000000e+00
0.000000000000000000e+00
0.000000000000000000e+00
0.000000000000000000e+00
0.000000000000000000e+00
0.000000000000000000e+00
0.000000000000000000e+00
0.000000000000000000e+00
0.000000000000000000e+00
0.000000000000000000e+00
0.000000000000000000e+00
0.000000000000000000e+00
0.000000000000000000e+00
0.000000000000000000e+00
0.000000000000000000e+00
0.000000000000000000e+00
0.000000000000000000e+00
0.000000000000000000e+00
0.000000000000000000e+00
0.000000000000000000e+00
0.000000000000000000e+00
0.000000000000000000e+00
0.000000000000000000e+00
0.000000000000000000e+00
0.000000000000000000e+00
0.000000000000000000e+00
0.000000000000000000e+00
0.000000000000000000e+00
0.000000000000000000e+00
0.000000000000000000e+00
0.000000000000000000e+00
0.000000000000000000e+00
0.000000000000000000e+00
0.000000000000000000e+00
0.000000000000000000e+00
0.000000000000000000e+00
0.000000000000000000e+00
0.000000000000000000e+00
0.000000000000000000e+00
0.000000000000000000e+00
0.000000000000000000e+00
0.000000000000000000e+00
0.000000000000000000e+00
0.000000000000000000e+00
0.000000000000000000e+00
0.000000000000000000e+00
0.000000000000000000e+00
0.000000000000000000e+00
0.000000000000000000e+00
0.000000000000000000e+00
0.000000000000000000e+00
0.000000000000000000e+00
0.000000000000000000e+00
0.000000000000000000e+00
0.000000000000000000e+00
0.000000000000000000e+00
0.000000000000000000e+00
0.000000000000000000e+00
0.000000000000000000e+00
0.000000000000000000e+00
0.000000000000000000e+00
0.000000000000000000e+00
0.000000000000000000e+00
0.000000000000000000e+00
0.000000000000000000e+00
0.000000000000000000e+00
0.000000000000000000e+00
0.000000000000000000e+00
0.000000000000000000e+00
0.000000000000000000e+00
0.000000000000000000e+00
0.000000000000000000e+00
0.000000000000000000e+00
0.000000000000000000e+00
0.000000000000000000e+00
0.000000000000000000e+00
0.000000000000000000e+00
0.000000000000000000e+00
0.000000000000000000e+00
0.000000000000000000e+00
0.000000000000000000e+00
0.000000000000000000e+00
0.000000000000000000e+00
0.000000000000000000e+00
0.000000000000000000e+00
0.000000000000000000e+00
0.000000000000000000e+00
0.000000000000000000e+00
0.000000000000000000e+00
0.000000000000000000e+00
0.000000000000000000e+00
0.000000000000000000e+00
0.000000000000000000e+00
0.000000000000000000e+00
0.000000000000000000e+00
0.000000000000000000e+00
0.000000000000000000e+00
0.000000000000000000e+00
0.000000000000000000e+00
0.000000000000000000e+00
0.000000000000000000e+00
0.000000000000000000e+00
0.000000000000000000e+00
0.000000000000000000e+00
0.000000000000000000e+00
0.000000000000000000e+00
0.000000000000000000e+00
0.000000000000000000e+00
0.000000000000000000e+00
0.000000000000000000e+00
0.000000000000000000e+00
0.000000000000000000e+00
0.000000000000000000e+00
0.000000000000000000e+00
0.000000000000000000e+00
0.000000000000000000e+00
0.000000000000000000e+00
0.000000000000000000e+00
0.000000000000000000e+00
0.000000000000000000e+00
0.000000000000000000e+00
0.000000000000000000e+00
0.000000000000000000e+00
0.000000000000000000e+00
0.000000000000000000e+00
0.000000000000000000e+00
0.000000000000000000e+00
0.000000000000000000e+00
0.000000000000000000e+00
0.000000000000000000e+00
0.000000000000000000e+00
0.000000000000000000e+00
0.000000000000000000e+00
0.000000000000000000e+00
0.000000000000000000e+00
0.000000000000000000e+00
0.000000000000000000e+00
0.000000000000000000e+00
0.000000000000000000e+00
0.000000000000000000e+00
0.000000000000000000e+00
0.000000000000000000e+00
0.000000000000000000e+00
0.000000000000000000e+00
0.000000000000000000e+00
0.000000000000000000e+00
0.000000000000000000e+00
0.000000000000000000e+00
0.000000000000000000e+00
0.000000000000000000e+00
0.000000000000000000e+00
0.000000000000000000e+00
0.000000000000000000e+00
0.000000000000000000e+00
0.000000000000000000e+00
0.000000000000000000e+00
0.000000000000000000e+00
0.000000000000000000e+00
0.000000000000000000e+00
0.000000000000000000e+00
0.000000000000000000e+00
0.000000000000000000e+00
0.000000000000000000e+00
0.000000000000000000e+00
0.000000000000000000e+00
0.000000000000000000e+00
0.000000000000000000e+00
0.000000000000000000e+00
0.000000000000000000e+00
0.000000000000000000e+00
0.000000000000000000e+00
0.000000000000000000e+00
0.000000000000000000e+00
0.000000000000000000e+00
0.000000000000000000e+00
0.000000000000000000e+00
0.000000000000000000e+00
0.000000000000000000e+00
0.000000000000000000e+00
0.000000000000000000e+00
0.000000000000000000e+00
0.000000000000000000e+00
0.000000000000000000e+00
0.000000000000000000e+00
0.000000000000000000e+00
0.000000000000000000e+00
0.000000000000000000e+00
0.000000000000000000e+00
0.000000000000000000e+00
0.000000000000000000e+00
0.000000000000000000e+00
0.000000000000000000e+00
0.000000000000000000e+00
0.000000000000000000e+00
0.000000000000000000e+00
0.000000000000000000e+00
0.000000000000000000e+00
0.000000000000000000e+00
0.000000000000000000e+00
0.000000000000000000e+00
0.000000000000000000e+00
0.000000000000000000e+00
0.000000000000000000e+00
0.000000000000000000e+00
0.000000000000000000e+00
0.000000000000000000e+00
0.000000000000000000e+00
0.000000000000000000e+00
0.000000000000000000e+00
0.000000000000000000e+00
0.000000000000000000e+00
0.000000000000000000e+00
0.000000000000000000e+00
0.000000000000000000e+00
0.000000000000000000e+00
0.000000000000000000e+00
0.000000000000000000e+00
0.000000000000000000e+00
0.000000000000000000e+00
0.000000000000000000e+00
0.000000000000000000e+00
0.000000000000000000e+00
0.000000000000000000e+00
0.000000000000000000e+00
0.000000000000000000e+00
0.000000000000000000e+00
0.000000000000000000e+00
0.000000000000000000e+00
0.000000000000000000e+00
0.000000000000000000e+00
0.000000000000000000e+00
0.000000000000000000e+00
0.000000000000000000e+00
0.000000000000000000e+00
0.000000000000000000e+00
0.000000000000000000e+00
0.000000000000000000e+00
0.000000000000000000e+00
0.000000000000000000e+00
0.000000000000000000e+00
0.000000000000000000e+00
0.000000000000000000e+00
0.000000000000000000e+00
0.000000000000000000e+00
0.000000000000000000e+00
0.000000000000000000e+00
0.000000000000000000e+00
0.000000000000000000e+00
0.000000000000000000e+00
0.000000000000000000e+00
0.000000000000000000e+00
0.000000000000000000e+00
0.000000000000000000e+00
0.000000000000000000e+00
0.000000000000000000e+00
0.000000000000000000e+00
0.000000000000000000e+00
0.000000000000000000e+00
0.000000000000000000e+00
0.000000000000000000e+00
0.000000000000000000e+00
0.000000000000000000e+00
0.000000000000000000e+00
0.000000000000000000e+00
0.000000000000000000e+00
0.000000000000000000e+00
0.000000000000000000e+00
0.000000000000000000e+00
0.000000000000000000e+00
0.000000000000000000e+00
0.000000000000000000e+00
0.000000000000000000e+00
0.000000000000000000e+00
0.000000000000000000e+00
0.000000000000000000e+00
0.000000000000000000e+00
0.000000000000000000e+00
0.000000000000000000e+00
0.000000000000000000e+00
0.000000000000000000e+00
0.000000000000000000e+00
0.000000000000000000e+00
0.000000000000000000e+00
0.000000000000000000e+00
0.000000000000000000e+00
0.000000000000000000e+00
0.000000000000000000e+00
0.000000000000000000e+00
0.000000000000000000e+00
0.000000000000000000e+00
0.000000000000000000e+00
0.000000000000000000e+00
0.000000000000000000e+00
0.000000000000000000e+00
0.000000000000000000e+00
0.000000000000000000e+00
0.000000000000000000e+00
0.000000000000000000e+00
0.000000000000000000e+00
0.000000000000000000e+00
0.000000000000000000e+00
0.000000000000000000e+00
0.000000000000000000e+00
0.000000000000000000e+00
0.000000000000000000e+00
0.000000000000000000e+00
0.000000000000000000e+00
0.000000000000000000e+00
0.000000000000000000e+00
0.000000000000000000e+00
0.000000000000000000e+00
0.000000000000000000e+00
0.000000000000000000e+00
0.000000000000000000e+00
0.000000000000000000e+00
0.000000000000000000e+00
0.000000000000000000e+00
0.000000000000000000e+00
0.000000000000000000e+00
0.000000000000000000e+00
0.000000000000000000e+00
0.000000000000000000e+00
0.000000000000000000e+00
0.000000000000000000e+00
0.000000000000000000e+00
0.000000000000000000e+00
0.000000000000000000e+00
0.000000000000000000e+00
0.000000000000000000e+00
0.000000000000000000e+00
0.000000000000000000e+00
0.000000000000000000e+00
0.000000000000000000e+00
0.000000000000000000e+00
0.000000000000000000e+00
0.000000000000000000e+00
0.000000000000000000e+00
0.000000000000000000e+00
0.000000000000000000e+00
0.000000000000000000e+00
0.000000000000000000e+00
0.000000000000000000e+00
0.000000000000000000e+00
0.000000000000000000e+00
0.000000000000000000e+00
0.000000000000000000e+00
0.000000000000000000e+00
0.000000000000000000e+00
0.000000000000000000e+00
0.000000000000000000e+00
0.000000000000000000e+00
0.000000000000000000e+00
0.000000000000000000e+00
0.000000000000000000e+00
0.000000000000000000e+00
0.000000000000000000e+00
0.000000000000000000e+00
0.000000000000000000e+00
0.000000000000000000e+00
0.000000000000000000e+00
0.000000000000000000e+00
0.000000000000000000e+00
0.000000000000000000e+00
0.000000000000000000e+00
0.000000000000000000e+00
0.000000000000000000e+00
0.000000000000000000e+00
0.000000000000000000e+00
0.000000000000000000e+00
0.000000000000000000e+00
0.000000000000000000e+00
0.000000000000000000e+00
0.000000000000000000e+00
0.000000000000000000e+00
0.000000000000000000e+00
0.000000000000000000e+00
0.000000000000000000e+00
0.000000000000000000e+00
0.000000000000000000e+00
0.000000000000000000e+00
0.000000000000000000e+00
0.000000000000000000e+00
0.000000000000000000e+00
0.000000000000000000e+00
0.000000000000000000e+00
0.000000000000000000e+00
0.000000000000000000e+00
0.000000000000000000e+00
0.000000000000000000e+00
0.000000000000000000e+00
0.000000000000000000e+00
0.000000000000000000e+00
0.000000000000000000e+00
0.000000000000000000e+00
0.000000000000000000e+00
0.000000000000000000e+00
0.000000000000000000e+00
0.000000000000000000e+00
0.000000000000000000e+00
0.000000000000000000e+00
0.000000000000000000e+00
0.000000000000000000e+00
0.000000000000000000e+00
0.000000000000000000e+00
0.000000000000000000e+00
0.000000000000000000e+00
0.000000000000000000e+00
0.000000000000000000e+00
0.000000000000000000e+00
0.000000000000000000e+00
0.000000000000000000e+00
0.000000000000000000e+00
0.000000000000000000e+00
0.000000000000000000e+00
0.000000000000000000e+00
0.000000000000000000e+00
0.000000000000000000e+00
0.000000000000000000e+00
0.000000000000000000e+00
0.000000000000000000e+00
0.000000000000000000e+00
0.000000000000000000e+00
0.000000000000000000e+00
0.000000000000000000e+00
0.000000000000000000e+00
0.000000000000000000e+00
0.000000000000000000e+00
0.000000000000000000e+00
0.000000000000000000e+00
0.000000000000000000e+00
0.000000000000000000e+00
0.000000000000000000e+00
0.000000000000000000e+00
0.000000000000000000e+00
0.000000000000000000e+00
0.000000000000000000e+00
0.000000000000000000e+00
0.000000000000000000e+00
0.000000000000000000e+00
0.000000000000000000e+00
0.000000000000000000e+00
0.000000000000000000e+00
0.000000000000000000e+00
0.000000000000000000e+00
0.000000000000000000e+00
0.000000000000000000e+00
0.000000000000000000e+00
0.000000000000000000e+00
0.000000000000000000e+00
0.000000000000000000e+00
0.000000000000000000e+00
0.000000000000000000e+00
0.000000000000000000e+00
0.000000000000000000e+00
0.000000000000000000e+00
0.000000000000000000e+00
0.000000000000000000e+00
0.000000000000000000e+00
0.000000000000000000e+00
0.000000000000000000e+00
0.000000000000000000e+00
0.000000000000000000e+00
0.000000000000000000e+00
0.000000000000000000e+00
0.000000000000000000e+00
0.000000000000000000e+00
0.000000000000000000e+00
0.000000000000000000e+00
0.000000000000000000e+00
0.000000000000000000e+00
0.000000000000000000e+00
0.000000000000000000e+00
0.000000000000000000e+00
0.000000000000000000e+00
0.000000000000000000e+00
0.000000000000000000e+00
0.000000000000000000e+00
0.000000000000000000e+00
0.000000000000000000e+00
0.000000000000000000e+00
0.000000000000000000e+00
0.000000000000000000e+00
0.000000000000000000e+00
0.000000000000000000e+00
0.000000000000000000e+00
0.000000000000000000e+00
0.000000000000000000e+00
0.000000000000000000e+00
0.000000000000000000e+00
0.000000000000000000e+00
0.000000000000000000e+00
0.000000000000000000e+00
0.000000000000000000e+00
0.000000000000000000e+00
0.000000000000000000e+00
0.000000000000000000e+00
0.000000000000000000e+00
0.000000000000000000e+00
0.000000000000000000e+00
0.000000000000000000e+00
0.000000000000000000e+00
0.000000000000000000e+00
0.000000000000000000e+00
0.000000000000000000e+00
0.000000000000000000e+00
0.000000000000000000e+00
0.000000000000000000e+00
0.000000000000000000e+00
0.000000000000000000e+00
0.000000000000000000e+00
0.000000000000000000e+00
0.000000000000000000e+00
0.000000000000000000e+00
0.000000000000000000e+00
0.000000000000000000e+00
0.000000000000000000e+00
0.000000000000000000e+00
