1.334479712866554050e-04
2.587206743947309670e-04
3.771923954972536972e-04
4.898325438406265532e-04
6.085231172466472067e-04
8.346855969770170230e-04
9.576272337801016799e-04
1.077953524807822834e-03
1.195788984004002775e-03
1.311235422938481551e-03
1.424378020868098064e-03
1.535288128908105648e-03
1.644026172204183459e-03
1.750644064669641155e-03
1.855186782011564216e-03
1.957694793322614906e-03
2.058204918032932335e-03
1.926205497756965264e-03
2.037034935266357049e-03
2.140221376929995339e-03
2.240478415327006034e-03
2.338148845659995551e-03
2.307124213769503208e-03
2.405970768568150859e-03
2.501827765604684554e-03
2.595080972420758109e-03
2.685998412110951906e-03
2.774770014239869888e-03
2.861532533576819411e-03
2.946386173823901077e-03
3.029406634993615528e-03
3.110653268700371964e-03
3.190173408774530425e-03
2.818111449271328787e-03
2.908850831283555597e-03
2.996496412817188822e-03
3.081508668370847113e-03
3.164203782047955021e-03
3.244802466369690452e-03
3.323460794190057337e-03
3.400291030488214548e-03
3.475376559098804219e-03
3.548780933065208074e-03
3.620554707678896606e-03
3.690740181652986136e-03
3.185546309812570167e-03
3.270541738736972275e-03
3.352374393607472983e-03
3.431554487275154542e-03
3.508430614486247792e-03
3.583243986240620699e-03
3.656163724713658043e-03
3.727310597608776439e-03
3.796772897511066242e-03
3.864617398041227895e-03
3.930896767081534272e-03
3.995654443189763927e-03
4.058928134710339947e-03
4.120751975238236275e-03
4.181157963066603478e-03
3.476640546640442139e-03
3.557132348208806583e-03
3.634412233143217031e-03
3.709027072585229217e-03
3.781348556515186279e-03
3.542408774319069295e-03
3.621897865169565554e-03
3.698161859471000602e-03
3.771756252748930532e-03
3.843058506934787441e-03
3.912328626220088444e-03
3.979747952904462427e-03
4.045444942439259915e-03
4.109512837692693918e-03
4.172021613030374443e-03
4.233025906380831135e-03
3.654380706834962998e-03
3.732147793954763808e-03
3.671653704771382296e-03
3.749168447988573526e-03
3.687803232490107375e-03
3.765071227688578537e-03
3.839089421484273221e-03
3.910430940165419804e-03
3.979484700245060000e-03
4.046518077439246672e-03
4.111717321972385361e-03
4.175213928216145974e-03
4.237103285666515493e-03
4.297456571630386968e-03
4.356329309029152892e-03
4.413766886373673634e-03
4.469808304220178156e-03
4.524488592960188016e-03
4.577840466765400324e-03
4.768007406488048404e-03
4.840678638647015648e-03
4.911754685459545841e-03
4.968655883371552763e-03
5.039410567705049880e-03
5.108489199689299730e-03
5.176245020832629350e-03
5.242904365222076160e-03
5.308610324541334843e-03
5.373450636643880077e-03
5.437476584479451931e-03
5.500715874721403588e-03
5.412142239109116182e-03
5.478691162524556256e-03
5.543397156447274661e-03
5.606682188493493368e-03
5.668815625092745586e-03
5.729967278123438215e-03
5.790241276947941801e-03
5.849698872455093811e-03
5.731368970399558158e-03
5.789310473678705403e-03
5.852305354777863691e-03
5.913326535881980282e-03
5.972849800248768853e-03
6.031178462182737281e-03
5.959236264758234133e-03
6.020628937515619047e-03
6.034043281721259387e-03
6.094733185676452260e-03
6.153373495473899932e-03
6.210471529164955304e-03
6.266350383484847568e-03
6.321213362887404159e-03
6.375185276435320174e-03
6.428340022642170526e-03
6.480718952917034238e-03
6.532343305756173335e-03
6.583222270180838324e-03
6.633358535155352981e-03
6.682751594318542092e-03
6.731400085224320019e-03
6.779302977315516780e-03
6.826460356284157899e-03
6.872873760930545833e-03
6.918546335263662563e-03
6.452964406766877395e-03
6.509766404949780469e-03
6.564394734250402104e-03
6.617407143005549740e-03
6.669158637432894346e-03
6.719872521554691794e-03
6.769685999311651770e-03
6.818680630778273070e-03
6.866902553873988589e-03
6.914375916712470205e-03
6.619095019746085162e-03
6.674349079107025177e-03
6.727385488263010541e-03
6.778780119919450980e-03
6.828899700854563007e-03
6.877974716283478951e-03
6.926146976483196598e-03
6.973500838646186882e-03
7.020084190300422342e-03
7.065922521468717687e-03
7.111027512667286027e-03
6.764462878108929919e-03
6.784535063683570962e-03
6.804121399913759007e-03
6.857654209865249664e-03
6.908921671746759939e-03
6.839514911078404223e-03
6.892709110629249153e-03
6.943631871733730795e-03
6.992881869270725116e-03
7.040840188317626716e-03
7.087746532393169284e-03
7.133748114923138366e-03
7.178932723476283938e-03
7.223350577688613001e-03
7.267028424318997502e-03
7.309979055278332562e-03
7.352207685386157043e-03
7.393715967181915642e-03
7.434504374155888329e-03
7.474573760469740979e-03
7.513926170047206983e-03
7.552565056622870254e-03
6.992928241227459700e-03
7.044724370629779943e-03
7.094211029624488199e-03
7.142001954220205708e-03
7.188487950332902998e-03
7.233914366531157998e-03
7.278432610452216164e-03
7.322132980072606698e-03
7.365067137856395885e-03
7.407262714089270748e-03
7.448733289868105130e-03
7.489484775576654360e-03
7.529519098281649454e-03
7.568837188380577764e-03
7.607440342218132340e-03
7.645330735015872479e-03
7.682512446163900811e-03
7.718991042391165798e-03
7.754773643273166032e-03
7.789868866943696658e-03
7.824286526626682975e-03
7.858037412850456954e-03
7.891133228782383491e-03
7.923586180386077427e-03
7.955409008333674120e-03
7.986614767995062897e-03
8.017216613410713469e-03
8.047227819552194017e-03
7.183379566793199333e-03
7.233482478885310159e-03
7.281223532175860533e-03
7.190495423941965607e-03
7.240523221220443451e-03
7.288186994957354670e-03
7.334121497843429545e-03
7.378731084103678367e-03
7.422270036846501454e-03
7.464895128837150187e-03
7.506700252320602611e-03
7.206893278147478814e-03
7.256740132865936374e-03
7.304225494244713859e-03
7.349983849113042936e-03
7.394419295347187844e-03
7.437785987042298298e-03
7.480240581071187674e-03
7.521876889724568582e-03
7.562748586931414274e-03
7.602884590912099491e-03
7.642299597601430114e-03
7.681000091746072872e-03
7.718988792744729648e-03
7.756267093951455839e-03
7.792836786463075253e-03
7.828700728526219454e-03
7.863863391074390335e-03
7.251902826927224786e-03
7.301336774689277422e-03
7.348400201444564746e-03
7.393731325534899992e-03
7.437736537714053318e-03
7.480671460181979697e-03
7.522693691622438575e-03
7.563897539264846301e-03
7.604337055972080345e-03
7.644041637259677176e-03
7.683026014551721725e-03
7.721296849754396077e-03
7.758856958176589894e-03
7.795707848632272771e-03
7.831851404309577921e-03
7.867290633804644925e-03
7.902030118497202493e-03
7.936076056695830563e-03
7.969436255996501656e-03
8.002119936142070358e-03
8.034137555020927010e-03
8.065500581465847446e-03
8.096221279398780821e-03
8.126312523351358896e-03
8.155787611619518332e-03
7.318468805557184174e-03
7.367327509730888478e-03
7.413796055548533062e-03
7.458519956478028116e-03
7.501910046763309893e-03
7.544224861144775696e-03
7.585623792404457694e-03
7.314126257115277641e-03
7.363001346306011739e-03
7.409489784085107611e-03
7.454236313826603962e-03
7.497651272712412690e-03
7.539992956855956149e-03
7.581420402465376303e-03
7.622029008159151957e-03
7.661873589957414986e-03
7.700984012169059291e-03
7.739375248587540904e-03
7.777054231530612649e-03
7.814023897296051499e-03
7.850285926921841614e-03
7.885842410834063496e-03
7.322700032854695222e-03
7.371484185744432184e-03
7.417882702071137112e-03
7.462540249476451795e-03
7.505867034381067705e-03
7.548121196669237837e-03
7.589461904842886852e-03
7.629984344738167078e-03
7.669743377483159014e-03
7.319420466148284128e-03
7.368219336311032479e-03
7.414635295112832758e-03
7.317629267016581562e-03
7.319185007962555715e-03
7.367976628743096688e-03
7.414385003174724272e-03
7.459054568833244081e-03
7.502395399747828833e-03
7.544665553903739594e-03
7.586024147672819525e-03
7.626566308775029404e-03
7.666346863723315190e-03
7.705395554528535369e-03
7.743727314930894459e-03
7.781348860228698601e-03
7.818263113108247370e-03
7.854471726137915444e-03
7.889976555988442719e-03
7.924780701831290325e-03
7.958888763326421936e-03
7.992307013059271256e-03
8.025043308416468513e-03
8.057106939778834256e-03
8.088508434514196654e-03
7.345849238755449220e-03
7.394424621040388522e-03
7.440609177075951063e-03
7.485049680403006202e-03
7.528157654944018021e-03
7.570192006835086210e-03
7.611312468381166603e-03
7.651614434684056269e-03
7.691153031460091528e-03
7.729958221277101124e-03
7.339099435895206185e-03
7.339753017130683233e-03
7.388372057026419866e-03
7.434600706316647073e-03
7.479086042953791806e-03
7.522239752341335073e-03
7.564320991489816709e-03
7.605489314447486278e-03
7.645840288629247340e-03
7.685429084465179340e-03
7.724285549906776370e-03
7.762424846026376099e-03
7.799853807233613108e-03
7.836575378147138740e-03
7.872591316858020688e-03
7.907903582292810304e-03
7.942515333857008697e-03
7.976431249811941071e-03
7.347275236710684373e-03
7.395826466407413001e-03
7.441988219665770891e-03
7.343390499079577131e-03
7.391972516629072981e-03
7.438164818650161263e-03
7.482614227352808733e-03
7.525732294775031896e-03
7.337673052799408360e-03
7.386290838093444687e-03
7.432523399299830955e-03
7.334821674445725879e-03
7.383458300929754067e-03
7.333884164707552000e-03
7.382523685706513482e-03
7.428780042485510181e-03
7.473298175371572913e-03
7.516488400425886882e-03
7.558608991359125513e-03
7.599818930155665536e-03
7.640213405968570258e-03
7.679847332022543202e-03
7.718750405729647712e-03
7.756937584721807638e-03
7.794415625467527448e-03
7.831187374943064314e-03
7.867254501908079942e-03
7.902618880022617420e-03
7.937283585579697417e-03
7.971253214688597821e-03
8.004534073303596481e-03
7.346607060257085570e-03
7.346968673897975345e-03
7.347616809633144772e-03
7.396153511150535889e-03
7.442299941917531261e-03
7.486703355237942295e-03
7.529775587282611267e-03
7.571775808931921654e-03
7.612863701653111576e-03
7.653135014593810681e-03
7.340582613678235842e-03
7.389165367988219379e-03
7.435364229864474539e-03
7.479824216644314835e-03
7.522955722129877169e-03
7.565016967539463406e-03
7.606167102567513993e-03
7.646501390798396240e-03
7.686074669163758463e-03
7.724916686677078988e-03
7.335791640316476417e-03
7.384415425716745786e-03
7.430657021938591802e-03
7.333064401361318561e-03
7.381710820960196186e-03
7.427974700833094197e-03
7.472500733521912457e-03
7.515699061130458151e-03
7.557827844077253006e-03
7.599046000155931617e-03
7.639448672438636095e-03
7.679090705657017589e-03
7.718001817363788139e-03
7.329960262549428326e-03
7.331063355521974349e-03
7.379728808475719860e-03
7.426011238766256489e-03
7.328963982819277322e-03
7.377637624786471081e-03
7.423931313902623445e-03
7.468488981559316155e-03
7.511720186384848036e-03
7.553882792208899653e-03
7.595135514233369682e-03
7.635573340901059651e-03
7.675251052891221906e-03
7.714198310917807361e-03
7.752429977800749140e-03
7.789952767546518692e-03
7.826769528024460007e-03
7.862881873869187466e-03
7.898291637383966779e-03
7.933001853503336004e-03
7.967017111028523030e-03
8.000343674614924724e-03
8.032989352577459344e-03
8.064963414188787080e-03
8.096276357381426009e-03
8.126939686051076750e-03
8.156965721906361474e-03
8.186367393372863746e-03
8.215158035611517390e-03
8.243351264199139453e-03
8.270960848820101824e-03
8.298000591185893463e-03
8.324484239360170623e-03
8.350425422649172466e-03
8.375837575734757304e-03
8.400733913764129104e-03
8.425127384946049999e-03
8.449030667349912913e-03
8.472456129881910519e-03
8.495415827796554478e-03
8.517921496103041806e-03
7.422225982303127037e-03
7.470186017318383893e-03
7.415667921588906669e-03
7.463680863885873741e-03
7.509273388241637960e-03
7.553102656500494498e-03
7.595586748375069037e-03
7.636988766203032380e-03
7.677471026053454481e-03
7.397662361695433314e-03
7.445794279574684087e-03
7.491518411079766543e-03
7.535487818331869717e-03
7.578118027692920013e-03
7.385558236041723026e-03
7.433777581403809565e-03
7.479595167473195375e-03
7.523662140253499324e-03
7.566392796019508031e-03
7.375063317104180866e-03
7.423358994754321143e-03
7.469258352147650770e-03
7.513410816239127384e-03
7.556229572689659828e-03
7.597974612023094057e-03
7.638806225712950655e-03
7.678820511179844377e-03
7.718072719239305567e-03
7.756593037854660373e-03
7.794396605514746293e-03
7.831490393211860621e-03
7.867877516659651377e-03
7.903559764622673442e-03
7.366942105031739838e-03
7.415306071611067751e-03
7.461277497146551890e-03
7.505504391832013532e-03
7.548398951210444179e-03
7.590220625735922232e-03
7.357488484284160218e-03
7.405928141847746213e-03
7.451978117510524476e-03
7.496285564561945038e-03
7.539262141505719168e-03
7.581166944040131951e-03
7.622159647113222261e-03
7.662335969489039549e-03
7.701750848288949763e-03
7.740434279617331922e-03
7.778401309132289103e-03
7.815658835531575852e-03
7.852209869086140479e-03
7.888056099049469208e-03
7.923199549585317053e-03
7.355810598880796469e-03
7.404271550250434222e-03
7.450343155529100779e-03
7.494672203401050309e-03
7.537670190731712329e-03
7.579596055605142962e-03
7.620609352157890065e-03
7.660805736451864467e-03
7.700240218371306837e-03
7.738942653326082860e-03
7.776928173350407605e-03
7.814203657394996547e-03
7.850772146354519435e-03
7.886635358691048564e-03
7.921795344062525571e-03
7.956255276550069921e-03
7.990019942569063713e-03
8.023095721084489915e-03
8.055490599344903788e-03
8.087214002432127971e-03
8.118276571010085360e-03
8.148689972365535938e-03
8.178466671581672773e-03
8.207619709780664130e-03
8.236162555313536471e-03
8.264108953561105989e-03
7.387007744182202094e-03
7.435238518898760161e-03
7.481064865208062256e-03
7.525138322124163073e-03
7.567873414096801254e-03
7.609530988969357562e-03
7.650271894889011139e-03
7.690192606807037118e-03
7.729348639333933485e-03
7.767770423221416476e-03
7.805473263030856049e-03
7.842464324482146393e-03
7.878746827291694191e-03
7.914322748200700725e-03
7.949194337529896098e-03
7.375951756108679522e-03
7.424263700868503381e-03
7.470176244255941241e-03
7.514339425936372198e-03
7.557166740524051511e-03
7.598918480000363754e-03
7.639755052147450230e-03
7.679772701670887700e-03
7.719026759984595580e-03
7.363320502325246958e-03
7.411727369662228677e-03
7.457740351437443412e-03
7.502007778997035921e-03
7.544942061748859292e-03
7.586802778752563432e-03
7.627749913631507762e-03
7.667879373192056092e-03
7.707246300275557085e-03
7.745880748970147313e-03
7.783797874108465582e-03
7.821004647000218482e-03
7.857504164243613032e-03
7.893298157661057801e-03
7.928388732319621365e-03
7.962779126279720746e-03
7.996474153408473368e-03
8.029480231286712302e-03
8.061805393913205886e-03
8.093459103800566129e-03
8.124452041773465652e-03
8.154795925294102896e-03
8.184503235280585903e-03
8.213587055700403983e-03
8.242060899480051911e-03
8.269938540297250631e-03
8.297233889251961342e-03
8.323960884086479411e-03
8.350133406956438201e-03
8.375765194046190867e-03
8.400869791119517163e-03
8.425460523635970589e-03
8.449550442102181369e-03
8.473152305526710990e-03
8.496278563664250161e-03
8.518941346004541351e-03
8.541152455373131336e-03
8.562923365517166943e-03
8.584265218303896439e-03
8.605188846349814610e-03
8.625704735431753353e-03
8.645823057863212882e-03
8.665553698372963076e-03
8.684906227108716431e-03
8.703889928981953239e-03
8.722513810961483177e-03
8.740786559421821755e-03
8.758716658053739695e-03
8.776312288526403813e-03
8.793581406141982859e-03
8.810531717890743297e-03
8.827170699130668791e-03
8.843505600544449008e-03
9.029093810482729729e-03
9.069458282630667861e-03
9.108100747520586279e-03
9.145678173474731942e-03
9.182588840137659303e-03
9.219065058640663751e-03
9.255232901323566519e-03
9.291151533959920647e-03
9.326839151680211756e-03
9.362289973350090833e-03
9.397485222134177932e-03
9.432400340781972592e-03
9.467009256853483115e-03
9.501287034746343577e-03
9.535211298527475343e-03
9.568762958584239517e-03
9.601926359434116362e-03
9.634689202897143631e-03
9.667042328725353184e-03
9.698979321939431644e-03
9.730496242470854096e-03
9.761591213983907001e-03
9.792264139943947232e-03
9.822516271533137874e-03
9.852350171782505925e-03
9.881769242798313022e-03
9.910777681604416092e-03
9.939380240550634363e-03
9.967582184267980219e-03
9.995389073605890837e-03
1.002280674759807588e-02
1.004984110334809257e-02
1.007649824785456297e-02
1.010278432956788867e-02
9.580882092564397753e-03
9.617511557893683102e-03
9.652239975567439290e-03
9.685799624695141247e-03
9.718633846678486829e-03
9.751001206213588332e-03
9.783042540798758679e-03
9.814824837253896192e-03
9.846370053667705818e-03
9.877673933008949622e-03
9.908718185538440901e-03
9.939478208930581024e-03
9.969927873498736839e-03
1.000004233971200918e-02
1.002979947988551224e-02
1.005918076282712355e-02
1.008817130937388756e-02
9.745500404674305173e-03
9.781030505310654016e-03
9.814619333800577577e-03
9.847016376605699853e-03
9.878675332782941784e-03
9.788649886308774598e-03
9.806676014385114909e-03
9.841799191212570116e-03
9.874967165711090802e-03
9.834709817123072836e-03
9.869638796092308416e-03
9.902609824656811305e-03
9.934379887127694347e-03
9.965407255778680265e-03
9.995959281581706310e-03
1.002618173771530410e-02
1.005614425337562033e-02
1.008587008015789793e-02
9.894287571104613127e-03
9.928813051358304637e-03
9.961370596477005582e-03
9.992721642047359271e-03
1.002332704429970654e-02
1.005345569839425669e-02
1.008325423645178159e-02
1.011279270028974699e-02
1.014209451679634090e-02
1.017115595417417140e-02
1.019995885830930586e-02
9.957156559710645879e-03
9.991261795661362730e-03
1.002338596586236155e-02
1.005429612186357728e-02
9.981172363978250278e-03
1.001511871473247280e-02
1.004707877938530378e-02
1.007782191780244585e-02
1.010781382948173698e-02
1.013732623803100495e-02
1.016650735577292151e-02
1.019542811891249387e-02
1.022411238739036506e-02
1.025255661618953117e-02
1.002704371495338927e-02
1.006068041810388725e-02
1.009232304789497645e-02
1.012274436449089356e-02
1.015241210160396958e-02
1.018159912994081630e-02
1.021045434915989793e-02
1.005587489422932884e-02
1.008931941869406837e-02
1.012076442513262786e-02
1.015098504617791171e-02
1.018045048017835255e-02
1.020943446710865544e-02
1.023808638090051119e-02
1.008200671688151522e-02
1.011527588600589188e-02
1.014654111928703882e-02
1.017657949571126701e-02
1.020586140042630333e-02
1.023466126754739303e-02
1.026312886501004606e-02
1.010566410325207561e-02
1.013877466698268406e-02
1.016987722193386616e-02
1.011917251632631944e-02
1.015219444876135600e-02
1.018320521295144367e-02
1.021298507458096548e-02
1.024200636036321985e-02
1.027054465096590916e-02
1.029875041041399507e-02
1.032669572285161048e-02
1.014181854445443849e-02
1.017468549903215516e-02
1.020553869269390235e-02
1.023515957083955853e-02
1.026402112130324860e-02
1.015626524260507257e-02
1.018903673156200222e-02
1.021979153831545188e-02
1.024931239394964201e-02
1.027807310014717743e-02
1.030635010455650639e-02
1.033429430721445608e-02
1.036197805501472627e-02
1.038942584829597761e-02
1.017701857986049938e-02
1.020965055424327694e-02
1.018659714790835433e-02
1.021916957230490329e-02
1.024971802146431438e-02
1.027902833361775230e-02
1.030757616837279719e-02
1.033563908928748602e-02
1.036336868120543361e-02
1.039083766817242016e-02
1.041807078257379719e-02
1.044506482048196405e-02
1.047180175389153013e-02
1.049825685480025930e-02
1.021021635235389718e-02
1.024262819496484997e-02
1.027301238121297762e-02
1.030215626611697202e-02
1.033053639942422587e-02
1.035843083072545898e-02
1.022014905000887854e-02
1.022851502640480074e-02
1.023681138334801843e-02
1.026905062825356381e-02
1.029925566318276586e-02
1.032821670664836947e-02
1.035641208374934313e-02
1.038412094186854338e-02
1.041149575683992905e-02
1.043860973923486576e-02
1.046548785454212357e-02
1.049212706899257941e-02
1.051850932225334607e-02
1.054460990971424136e-02
1.057040248516485405e-02
1.059586204160928302e-02
1.062096654267335842e-02
1.064569764603289295e-02
1.067004088932945773e-02
1.069398557332323571e-02
1.026714987446498105e-02
1.029918799877427467e-02
1.032918384502811218e-02
1.035793073956219751e-02
1.027171220800051840e-02
1.030372438202496049e-02
1.033369264690994771e-02
1.036241105454432758e-02
1.039036021645870118e-02
1.041782058755574489e-02
1.044494538810653364e-02
1.047180821411714501e-02
1.049843423629978449e-02
1.052482045450797189e-02
1.055094890943305240e-02
1.057679489929605129e-02
1.028084332593290351e-02
1.031279302420406302e-02
1.034269850973428863e-02
1.037135397230800650e-02
1.039924007618051906e-02
1.042663728654837085e-02
1.045369880809387739e-02
1.048049821349027536e-02
1.050706063125306233e-02
1.053338309124834948e-02
1.055944758894105870e-02
1.058522942782947132e-02
1.061070229519672607e-02
1.063584123134631194e-02
1.066062426137637242e-02
1.068503315753189034e-02
1.029530517269648324e-02
1.032716329208035674e-02
1.035697194456595104e-02
1.038552736677885759e-02
1.041331143153866566e-02
1.044060534062829851e-02
1.046756269337113625e-02
1.049425728321310737e-02
1.052071435294182553e-02
1.054693098108814078e-02
1.057288920564379564e-02
1.059856434739559101e-02
1.062393009388466411e-02
1.064896150548074946e-02
1.067363664736382424e-02
1.069793729988673114e-02
1.072184914608652513e-02
1.074536163807378840e-02
1.031024916745922407e-02
1.034201353812404765e-02
1.037172272895776209e-02
1.040017519636189311e-02
1.042785414434562082e-02
1.045504155711872267e-02
1.048189148056249270e-02
1.050847795615557356e-02
1.053482634862339118e-02
1.056093380340647307e-02
1.058678239002023604e-02
1.061234744842914912e-02
1.063760267323947580e-02
1.066252316104262729e-02
1.068708699689416806e-02
1.071127598953912526e-02
1.073507586209052414e-02
1.075847612493560645e-02
1.078146970522643466e-02
1.080405260500057196e-02
1.082622345165614418e-02
1.084798307208909192e-02
1.086933411117559957e-02
1.089028068509069816e-02
1.091082807832978625e-02
1.093098249097411434e-02
1.095075079779788026e-02
1.034526013665679721e-02
1.037680461508564723e-02
1.040627915191104022e-02
1.043448791045274542e-02
1.046191751653386889e-02
1.048885196264591653e-02
1.051544643597884972e-02
1.054177560223637337e-02
1.056786516932011789e-02
1.059371245056717897e-02
1.061929959429045410e-02
1.064460197595847209e-02
1.033922417754969993e-02
1.037080865093683961e-02
1.040032785514851017e-02
1.034010202914046987e-02
1.037168297279771750e-02
1.034314598168334549e-02
1.034842791602384217e-02
1.037995099865484348e-02
1.040940916825227290e-02
1.043760495866669080e-02
1.046502412386013728e-02
1.049195021055257179e-02
1.051853820057590920e-02
1.054486267029875433e-02
1.057094929085715743e-02
1.034415065638416044e-02
1.037569079970559159e-02
1.040517267408254572e-02
1.043339624920445151e-02
1.046084568379222757e-02
1.048780353820262697e-02
1.034194142750669877e-02
1.037349486927801462e-02
1.040299168167431454e-02
1.043123124651350146e-02
1.045869738268741765e-02
1.048567246041306501e-02
1.051231075876132674e-02
1.053868644451418611e-02
1.033929563165163039e-02
1.034487121442813698e-02
1.037640721760633294e-02
1.040588523517915580e-02
1.043410529050101468e-02
1.046155163331994285e-02
1.048850692231751390e-02
1.051512563691149767e-02
1.054148206531226213e-02
1.056760172280095215e-02
1.059348181438213125e-02
1.061910439973803681e-02
1.064444479051077086e-02
1.066947665331030408e-02
1.069417501720633552e-02
1.071851791887844241e-02
1.074248709180510193e-02
1.076606818545386077e-02
1.078925065365849562e-02
1.081202739465540567e-02
1.083439436253877397e-02
1.085635014684667964e-02
1.087789553188855951e-02
1.089903313238822953e-02
1.091976703881695175e-02
1.094010251405568360e-02
1.096004573312586716e-02
1.036977997888466167e-02
1.040115457003478946e-02
1.043045908190353907e-02
1.045849803653798628e-02
1.036704450532051694e-02
1.039844156277623319e-02
1.042776910438857757e-02
1.045583150127877420e-02
1.048311557924056989e-02
1.050990548564021895e-02
1.053635653371013704e-02
1.056254346239710734e-02
1.058849202009376489e-02
1.035970680942733570e-02
1.039114659517682317e-02
1.042052280890409799e-02
1.044863752811465638e-02
1.047597617496574124e-02
1.050282205075547641e-02
1.052932997216492542e-02
1.055557438341599326e-02
1.058158087653886074e-02
1.060734669170789249e-02
1.063285391049366251e-02
1.065807787229475743e-02
1.068299228145864858e-02
1.070757221891041264e-02
1.035548427319794504e-02
1.038695062109071254e-02
1.041635493814793353e-02
1.044449865606626553e-02
1.047186683082010523e-02
1.049874251257341441e-02
1.052528037184735123e-02
1.055155477668373760e-02
1.035047687020799502e-02
1.038197570965133411e-02
1.041141479873921444e-02
1.043959472614487682e-02
1.046700002576569748e-02
1.049391347869660200e-02
1.052048960242383223e-02
1.054680268516050394e-02
1.034648675184303597e-02
1.035183406186468424e-02
1.038332677043261355e-02
1.041275871319795321e-02
1.044093098969904598e-02
1.046832849730320800e-02
1.049523427626391191e-02
1.052180302780044568e-02
1.054810915453736030e-02
1.057417823850169934e-02
1.060000751754664600e-02
1.062557906614249384e-02
1.065086820607651433e-02
1.067584861204140360e-02
1.070049532376350469e-02
1.035047179626693604e-02
1.035565606519614663e-02
1.038712272320872938e-02
1.041652714852630765e-02
1.044467103301051011e-02
1.035517614666672977e-02
