1.334479061101671751e-04
2.586053726230976013e-04
3.767659675446473084e-04
4.984928117381698560e-04
1.905788220605034134e-04
3.124158805359161231e-04
1.902676861552834292e-04
3.121222845369733736e-04
4.274608368673800309e-04
1.904761690813251370e-04
3.123190133730290594e-04
1.902675003231200782e-04
3.121221091837694654e-04
1.902671223872418201e-04
3.121217525594717729e-04
1.902671217025073786e-04
3.121217519133490776e-04
4.274603316490663946e-04
5.476494373673025185e-04
6.622640796131268283e-04
7.717404255591058925e-04
8.969135138018082248e-04
1.019259926765144451e-03
1.138925179754899600e-03
1.256026260479986036e-03
1.370662437273138627e-03
1.482918813815275105e-03
1.592868946633244336e-03
1.700577271473615064e-03
1.921316506212866987e-04
3.138812891352264073e-04
1.902704894161869997e-04
1.900346384456475359e-04
3.119023798699373956e-04
1.902667003019410002e-04
3.121213542753304283e-04
4.274599544709012291e-04
5.476490715463309131e-04
6.622637255089255720e-04
7.717400832872336981e-04
8.969131753442978342e-04
1.911733343738902509e-04
3.129768942910509549e-04
4.282714975198712005e-04
1.904776367250712811e-04
3.123203982904267811e-04
4.276487582477034310e-04
5.478321899659926390e-04
6.624409786788457892e-04
7.719114134317877360e-04
1.910140548183510687e-04
3.128265840778828911e-04
1.902684733524210908e-04
3.121230273445990038e-04
4.274615414550440146e-04
1.904761703586977132e-04
3.123190145783993898e-04
1.902675003254323833e-04
1.900346322758292175e-04
1.900341500878052249e-04
3.119019190590577068e-04
4.272518116643152599e-04
5.474471955734256778e-04
6.620683149732500957e-04
7.715512020802766519e-04
8.967263988928535689e-04
1.019075181367580822e-03
1.138742993814559823e-03
1.914770973460434541e-04
1.900371286744849094e-04
3.119047296319955561e-04
1.902667048170533510e-04
3.121213585358371977e-04
1.902671209459637065e-04
3.121217511994670533e-04
1.902671216998963759e-04
3.121217519108857160e-04
4.274603316467301016e-04
5.476494373650368612e-04
6.622640796109338125e-04
1.908461147381859072e-04
3.126681038330745123e-04
4.279785815257930426e-04
1.904771068843666589e-04
3.123198983151041904e-04
4.276482839906451641e-04
5.478317299916984169e-04
6.624405334386791137e-04
7.719109830705091126e-04
8.970821704880421960e-04
1.019426447478721971e-03
1.139089344161984532e-03
1.914775666020035797e-04
3.132639953039575097e-04
4.285438811786509137e-04
5.487003500151650193e-04
1.906664334962333016e-04
1.900354562621307981e-04
3.119031515556294136e-04
4.272529807272419655e-04
1.904757920896205732e-04
3.123186576311745739e-04
1.902674996406723818e-04
1.900346322744154721e-04
3.119023740468068978e-04
4.272522432349217143e-04
5.474476141505825542e-04
6.620687201449971604e-04
7.715515937140282306e-04
8.967267861626208219e-04
1.019075563733275267e-03
1.913289058079796978e-04
1.900368229966252574e-04
3.119044411965260911e-04
4.272542039935336121e-04
1.904757943089036801e-04
3.123186597253636539e-04
4.276471091129013520e-04
5.478305904966267658e-04
6.624394304444525608e-04
7.719099169357562578e-04
8.970811162366087565e-04
1.019425406580174061e-03
1.913293976421689589e-04
3.131241714689572708e-04
1.902690429964432831e-04
1.900346354600484361e-04
3.119023770527468500e-04
4.272522460861531181e-04
5.474476169159685646e-04
6.620687228218204417e-04
7.715515963014103621e-04
8.967267887211723913e-04
1.019075566259433152e-03
1.138743373374208074e-03
1.255847141878729941e-03
1.370486098274278225e-03
1.917537013774606863e-04
1.900376981770661791e-04
1.900341564306797198e-04
3.119019250441474093e-04
1.902666994279789646e-04
3.121213534506496641e-04
4.274599536886527227e-04
5.476490707876366989e-04
6.622637247745314726e-04
7.717400825773814907e-04
1.910137893062242170e-04
3.128263335188806882e-04
4.281286760372828536e-04
5.482976534755905872e-04
6.628915315751173452e-04
7.723469094964800080e-04
8.975132377595915938e-04
1.019852049266234016e-03
1.139509051487349895e-03
1.256601499824944656e-03
1.371228749513370582e-03
1.917546535834608245e-04
1.900377001373155790e-04
3.119052688603135863e-04
4.272549890595940037e-04
5.474502773055951515e-04
6.620712980093473128e-04
7.715540854441896258e-04
8.967292501273321217e-04
1.019077996496293645e-03
1.138745769943091523e-03
1.255849503017748836e-03
1.370488422772873785e-03
1.482747603750440455e-03
1.592700579323246121e-03
1.700411768331828045e-03
1.921314495562895274e-04
1.900384757240705549e-04
3.119060006985878127e-04
4.272556832320762495e-04
1.904757969925624224e-04
3.123186622577538043e-04
4.276471115150264546e-04
5.478305928264101590e-04
1.906649626506929946e-04
3.124971667021348570e-04
4.278164345693084066e-04
5.479948166232944838e-04
6.625983960824031235e-04
7.720635703898077844e-04
8.972330570980391806e-04
1.019575423040345805e-03
1.139236256536786673e-03
1.914777658694690908e-04
3.132641833571694011e-04
1.902693107908210476e-04
3.121238175604923210e-04
4.274622910117051658e-04
5.476513377316021437e-04
6.622659191111745277e-04
7.717422035906141599e-04
8.969152720184684876e-04
1.019261662715395403e-03
1.138926891654162788e-03
1.256027947069964824e-03
1.370664097689454136e-03
1.482920447471447250e-03
1.592870553163737608e-03
1.700578850674174664e-03
1.806103012002438848e-03
1.909494698356469520e-03
2.010801257034023834e-03
2.110066462287884474e-03
2.207331657815629535e-03
2.302635855357897717e-03
2.396016463763078665e-03
2.487509413195792846e-03
2.577149938177201224e-03
2.664972182750793058e-03
2.751009603165854508e-03
1.932822946272379683e-04
3.149673064794374045e-04
4.301597741403720854e-04
5.502675279775991494e-04
6.647982678465989316e-04
1.908504077990280298e-04
1.900358361528957482e-04
3.119035100178198998e-04
4.272533207402630135e-04
5.474486592150588091e-04
6.620697317400784081e-04
7.715525715086948627e-04
8.967277530616908545e-04
1.019076518388309328e-03
1.913289071505506903e-04
3.131237085865971707e-04
4.284108029096327683e-04
5.485712812996649613e-04
6.631563927134403579e-04
7.726029184333569819e-04
8.977663924396089498e-04
1.020101997010076315e-03
1.139755529154484444e-03
1.256844333399198673e-03
1.916196785280250225e-04
3.133981104770821235e-04
1.902695668055929298e-04
3.121240591388036584e-04
4.274625201600193674e-04
5.476515599800282951e-04
1.906646593851573182e-04
3.124968805255609367e-04
4.278161631103308228e-04
5.479945533401611247e-04
1.906652402353792427e-04
3.124974286449802552e-04
4.278166830408643997e-04
5.479950576113417097e-04
6.625986293506539761e-04
7.720637958625468965e-04
8.972332800574768768e-04
1.911738035817131282e-04
3.129773370802106766e-04
4.282719175505829098e-04
1.904776374844085627e-04
3.123203990069621191e-04
4.276487589273790936e-04
5.478321906251991608e-04
6.624409793169374738e-04
7.719114140485553322e-04
1.910140548193059256e-04
3.128265840787840799e-04
4.281289137167401866e-04
5.482978839951403250e-04
6.628917547092109041e-04
7.723471251730214130e-04
1.910147295119398543e-04
1.900361751324073094e-04
3.119038298764577398e-04
4.272536241365710360e-04
1.904757932569128831e-04
3.123186587326698795e-04
4.276471081712716026e-04
5.478305895833558963e-04
6.624394295604372606e-04
7.719099160812792869e-04
8.970811153916572606e-04
1.019425405745923857e-03
1.913293976409969092e-04
1.900368240751733968e-04
3.119044422142368549e-04
1.902667042647771087e-04
1.900346306326429252e-04
3.119023724976418047e-04
4.272522417654883611e-04
5.474476127253887154e-04
6.620687187654477994e-04
7.715515923805736165e-04
8.967267848440234638e-04
1.019075562431377008e-03
1.913289058061480737e-04
1.900368229966373733e-04
3.119044411965375837e-04
4.272542039935439120e-04
1.904757943089038427e-04
3.123186597253641960e-04
1.902674996446899471e-04
3.121221085435963837e-04
4.274606699294633072e-04
5.476497654617522391e-04
6.622643971991348842e-04
1.908461152504710543e-04
3.126681043165017754e-04
1.902681697163343311e-04
1.900346336575819213e-04
1.900341500906636155e-04
3.119019190617549849e-04
4.272518116668730555e-04
5.474471955759067660e-04
6.620683149756510615e-04
1.908457988539198971e-04
3.126678057435323672e-04
4.279782987630024300e-04
5.481518056541384316e-04
6.627503560688776524e-04
1.908468985768030216e-04
3.126688435157273685e-04
4.279792831765080567e-04
5.481527604152305585e-04
6.627512802426052153e-04
7.722113453239140730e-04
8.973791847865118451e-04
1.911740173297611168e-04
3.129775387932187355e-04
4.282721088959645065e-04
5.484367655676235286e-04
6.630261867913728874e-04
7.724770643265333955e-04
8.976419415291073036e-04
1.019979122664389998e-03
1.139634364766889049e-03
1.914783055877969278e-04
3.132646927015815346e-04
1.902693117646856726e-04
3.121238184794417536e-04
4.274622918833719996e-04
5.476513385770224486e-04
1.906646590100177828e-04
3.124968801715604706e-04
4.278161627745358459e-04
5.479945530144802361e-04
6.625981409180130722e-04
7.720633237526642418e-04
8.972328132101159773e-04
1.019575182241571872e-03
1.139236019073036621e-03
1.914777655474368949e-04
1.900371300500772848e-04
3.119047309299944281e-04
4.272544788151594092e-04
5.474497824233149224e-04
1.906643173677034634e-04
3.124965577807468811e-04
4.278158569637669395e-04
5.479942564141632297e-04
6.625978538189657369e-04
1.908466528779680733e-04
3.126686116578316927e-04
4.279790632399427860e-04
5.481525471035768446e-04
6.627510737647476172e-04
7.722111457466878000e-04
8.973789874342121952e-04
1.019719504962039724e-03
1.913298108242320126e-04
3.131245613934601131e-04
4.284116118930582102e-04
5.485720659091213600e-04
6.631571521825819051e-04
7.726036525177125674e-04
1.910151263805659244e-04
3.128275952918900603e-04
4.281298729468100729e-04
5.482988143291322438e-04
1.906657549696078177e-04
3.124979143740651928e-04
4.278171437897185627e-04
1.904768146543583734e-04
3.123196225571574398e-04
4.276480224174394147e-04
5.478314762960485342e-04
1.906649641465656749e-04
3.124971681137149113e-04
4.278164359082924518e-04
5.479948179219505449e-04
6.625983973394567210e-04
7.720635716048512582e-04
8.972330582995388009e-04
1.911738032567989604e-04
3.129773367735906044e-04
4.282719172597225293e-04
5.484365797045354790e-04
1.906659878668446597e-04
1.900354553420204561e-04
3.119031506874201548e-04
4.272529799037163645e-04
5.474483286402114738e-04
6.620694117522753349e-04
7.715522622126420090e-04
8.967274472121356454e-04
1.019076216411787849e-03
1.138744014519496844e-03
1.255847773545603046e-03
1.370486720138875151e-03
1.482745928556062276e-03
1.592698931943443454e-03
1.700410148976132067e-03
1.921314475888736054e-04
3.138810975169650016e-04
4.291292899303828607e-04
5.492681165029394573e-04
6.638308969830091551e-04
7.732548756778389633e-04
8.984110785598409255e-04
1.020738514373811323e-03
1.140383222916514913e-03
1.257462705821040709e-03
1.372076586723900218e-03
1.484310059705277584e-03
1.594237089006240397e-03
1.701922137460088044e-03
1.807422983031214741e-03
1.910791368805588942e-03
2.012074706106883448e-03
2.111316925968552069e-03
2.208559197114271216e-03
2.303840671078735258e-03
2.397198782750110078e-03
2.488669564156965712e-03
1.929972872087494951e-04
3.146982947923890415e-04
4.299045561418180861e-04
1.904806123523051533e-04
3.123232061830861052e-04
4.276514216900964994e-04
1.904765144909295930e-04
3.123193393129824178e-04
4.276477537430982303e-04
5.478312157131184088e-04
1.906649637053527992e-04
1.900354532275771243e-04
3.119031486922464887e-04
4.272529780112296004e-04
5.474483268047030575e-04
6.620694099755501921e-04
7.715522604952843077e-04
8.967274455139146545e-04
1.019076214735075477e-03
1.138744012866013938e-03
1.255847771916564128e-03
1.370486718535115275e-03
1.482745926978145876e-03
1.592698930391724197e-03
1.700410147450805761e-03
1.805937236716345391e-03
1.922493487848303312e-04
3.139923712161956119e-04
4.292348514993845287e-04
5.493704960054398255e-04
6.639299949467403986e-04
7.733506605667030218e-04
8.985057948733125334e-04
1.911756653386147674e-04
1.900365072198350702e-04
3.119041432317872170e-04
4.272539213642865120e-04
5.474492417558512146e-04
6.620702956243171896e-04
7.715531165518670249e-04
8.967282920314261245e-04
1.019077050532958854e-03
1.138744837084933615e-03
1.255848583950579028e-03
1.370487517967893714e-03
1.917537031986972886e-04
3.135245952558961442e-04
4.287910941222930028e-04
5.489401135291533491e-04
6.635134061058416783e-04
7.729479983352190295e-04
8.981076241316622447e-04
1.020438905296424878e-03
1.140087767352706031e-03
1.257171619401739604e-03
1.916200740667967344e-04
3.133984837814509316e-04
1.902695675153464477e-04
1.900346365428030361e-04
3.119023780744266611e-04
4.272522470552486901e-04
5.474476178558890151e-04
6.620687237316385610e-04
7.715515971808287535e-04
8.967267895907900287e-04
1.019075567118031718e-03
1.138743374220912291e-03
1.255847142712921164e-03
1.370486099095522773e-03
1.482745317521428794e-03
1.918839799039339614e-04
3.136475444863335302e-04
4.289077289608859761e-04
5.490532333658410587e-04
1.906670858443184659e-04
1.900354577407492682e-04
3.119031529508431650e-04
4.272529820506475434e-04
5.474483307225043623e-04
6.620694137678785141e-04
7.715522641608961755e-04
8.967274491386811571e-04
1.019076218313938811e-03
1.138744016395296706e-03
1.255847775393671402e-03
1.370486721958264192e-03
1.482745930346129719e-03
1.592698933703783374e-03
1.700410150706518951e-03
1.805937239915555168e-03
1.922493487886696537e-04
3.139923712198196661e-04
1.902707012727350108e-04
1.900346388829295282e-04
3.119023802825530295e-04
4.272522491497281194e-04
5.474476198873087524e-04
1.906643137012116029e-04
3.124965543208609660e-04
1.902678408695463960e-04
3.121224305269989976e-04
4.274609753457231896e-04
5.476500616816302926e-04
6.622646839314695914e-04
7.717410096842525821e-04
8.969140914173174672e-04
1.019260497065617097e-03
1.138925742154060262e-03
1.256026814564455965e-03
1.370662982758948578e-03
1.482919350509749991e-03
1.592869474416295757e-03
1.700577790278142180e-03
1.921316512515143125e-04
3.138812897300242185e-04
1.902704894173220238e-04
3.121249297252846563e-04
4.274633459520045618e-04
5.476523609065607479e-04
6.622669095151032101e-04
7.717431609003247211e-04
1.910137940777365039e-04
3.128263380216705393e-04
4.281286803086005281e-04
1.904773784662965367e-04
3.123201545888477362e-04
1.902675025123951253e-04
3.121221112495929434e-04
4.274606724962275455e-04
5.476497679512295049e-04
6.622643996088771034e-04
7.717407348622524641e-04
8.969138196580042806e-04
1.019260228747919175e-03
1.138925477553810349e-03
1.256026553876141063e-03
1.370662726116174271e-03
1.482919098003163605e-03
1.592869226102398969e-03
1.700577546188509342e-03
1.806101730157252429e-03
1.909493439137112695e-03
2.010800020363699529e-03
2.110065248037538369e-03
2.207330465824827032e-03
2.302634685431371401e-03
2.396015315680791874e-03
2.487508286718085725e-03
2.577148833045377931e-03
1.930932282767615913e-04
3.147888504536896039e-04
1.902722177116686363e-04
3.121265605629189180e-04
4.274648928779138700e-04
1.904761764345565234e-04
3.123190203117801197e-04
1.902675003364312349e-04
1.900346322758518774e-04
3.119023740481629637e-04
1.902667002907543106e-04
3.121213542647737144e-04
4.274599544608868331e-04
5.476490715366172206e-04
6.622637254995243465e-04
7.717400832781476502e-04
8.969131753353153276e-04
1.911733343738765628e-04
3.129768942910389202e-04
4.282714975198600874e-04
5.484361726095806190e-04
6.630256128312311033e-04
7.724765095495305213e-04
8.976413929374872560e-04
1.019978581022389650e-03
1.139633830627500297e-03
1.256724395106173335e-03
1.371349737512554071e-03
1.483595036920566310e-03
1.593533941275689396e-03
1.701230953075585223e-03
1.806743796279946471e-03
1.910124171837897017e-03
2.011419458123312257e-03
2.110673559799994964e-03
2.207927626254694090e-03
2.303220791931060146e-03
2.396590478582534805e-03
2.488072707714344186e-03
2.577702557440573593e-03
1.930938641809962968e-04
3.147894506664776580e-04
1.902722188526900771e-04
1.900346420152624087e-04
3.119023832381995535e-04
4.272522519532544649e-04
5.474476226064275194e-04
6.620687283300350943e-04
7.715516016255796359e-04
8.967267939860142307e-04
1.019075571457601871e-03
1.138743378500362132e-03
1.255847146929103906e-03
1.370486103246279334e-03
1.482745321605292250e-03
1.918839799090581177e-04
3.136475444911699935e-04
1.902700432873436593e-04
3.121245087521636020e-04
1.902671269944858226e-04
3.121217569069164319e-04
4.274603363856982713e-04
5.476494419613103098e-04
6.622640840599933144e-04
7.717404298573808446e-04
8.969135180521827996e-04
1.019259930961690340e-03
1.138925183893304280e-03
1.914773446155868366e-04
3.132637858103630001e-04
1.902693100307110551e-04
1.900346360113056368e-04
3.119023775729091053e-04
4.272522465795440365e-04
1.904757907577037373e-04
3.123186563743337511e-04
4.276471059342444158e-04
5.478305874136992978e-04
1.906649626415282607e-04
3.124971666934862847e-04
4.278164345611040861e-04
5.479948166153378493e-04
6.625983960746997586e-04
7.720635703823621344e-04
8.972330570906772310e-04
1.019575423033074061e-03
1.913296084349550171e-04
3.131243703964486664e-04
4.284114307108592462e-04
5.485718901857885568e-04
1.906662165224676600e-04
3.124983499185669160e-04
4.278175569349141347e-04
5.479959051852801525e-04
6.625994497734469376e-04
7.720645888679005539e-04
8.972340642233321735e-04
1.911738047306488111e-04
1.900365033829486139e-04
3.119041396113297134e-04
4.272539179301646016e-04
5.474492384251231601e-04
1.906643164453794787e-04
3.124965569103954014e-04
4.278158561381764755e-04
5.479942556134387256e-04
6.625978530438916131e-04
7.720630454989068584e-04
8.972325380580000419e-04
1.019574910574608641e-03
1.139235751168621172e-03
1.256332240518068548e-03
1.916190046396317197e-04
3.133974745042170953e-04
4.286705029928111668e-04
1.904783888827358293e-04
3.123211080433322090e-04
4.276494314767199110e-04
5.478328429367161374e-04
6.624416107460085043e-04
7.719120243865175771e-04
8.970832002040140824e-04
1.019427464157887089e-03
1.139090346765102030e-03
1.256188985460397409e-03
1.370822637301297511e-03
1.483076432221344925e-03
1.918843952636488728e-04
3.136479364868404005e-04
1.902700440357378716e-04
3.121245094583567897e-04
4.274629473091652826e-04
5.476519742672738634e-04
6.622665352593969232e-04
7.717427991503264919e-04
8.969158609411001775e-04
1.019262244179784411e-03
1.913291683044999862e-04
3.131239550404607270e-04
4.284110366988924754e-04
1.904778889609110265e-04
3.123206363085722845e-04
4.276489840224217964e-04
5.478324089412584018e-04
6.624411906397849326e-04
7.719116183094852255e-04
8.970827986465242402e-04
1.019427067681096455e-03
1.139089955774930801e-03
1.256188600247638799e-03
1.370822258063887156e-03
1.483076059093683995e-03
1.593023581152716063e-03
1.700729275525599080e-03
1.806250826205928238e-03
1.909639903574864321e-03
2.010943862103128747e-03
2.110206482073403219e-03
2.207469110808376461e-03
2.302770764067770416e-03
2.396148853559276499e-03
2.487639311710657108e-03
1.929961048325644433e-04
3.146971787909348694e-04
4.299034973733268576e-04
5.500189808240230115e-04
6.645576903654734201e-04
7.739573680332222008e-04
8.991056545639041419e-04
1.021424287252084909e-03
1.141059493495203726e-03
1.914802343114565793e-04
3.132665128820885029e-04
1.902693152448408829e-04
3.121238217633527114e-04
4.274622949983146025e-04
5.476513415981705589e-04
6.622659228538999498e-04
7.717422072082779456e-04
8.969152755958155650e-04
1.019261666247437467e-03
1.138926895137267218e-03
1.256027950501572904e-03
1.370664101067808590e-03
1.482920450795350469e-03
1.592870556432451033e-03
1.700578853887280877e-03
1.806103015159778473e-03
1.909494701458084188e-03
2.010801260080094608e-03
2.110066465278729458e-03
2.207331660751647717e-03
2.302635858239567880e-03
1.927950404594566127e-04
3.145074057900391061e-04
1.902716823864371732e-04
3.121260554240821257e-04
4.274644137300370045e-04
5.476533965326604901e-04
6.622679119713542487e-04
1.908461209199277119e-04
3.126681096665806622e-04
4.279785870593591610e-04
1.904771068943792659e-04
3.123198983245519282e-04
1.902675020207860660e-04
3.121221107857058766e-04
4.274606720562074006e-04
5.476497675244576058e-04
6.622643991957743916e-04
7.717407344629533808e-04
1.910137903166748378e-04
3.128263344724252232e-04
1.902684728744324027e-04
3.121230268935634190e-04
4.274615410272156689e-04
5.476506103298982775e-04
1.906646577760923861e-04
3.124968790071664228e-04
4.278161616700248862e-04
5.479945519432356891e-04
6.625981398810833070e-04
7.720633227503889391e-04
8.972328122190125106e-04
1.911738028962485579e-04
1.900365033791660222e-04
3.119041396077598151e-04
4.272539179267780419e-04
5.474492384218382444e-04
6.620702923970804609e-04
7.715531134324628759e-04
8.967282889467826897e-04
1.019077047487377922e-03
1.138744834081547013e-03
1.255848580991592240e-03
1.370487515054827875e-03
1.482746710661162794e-03
1.592699701062635182e-03
1.920097333249694716e-04
3.137662266424437896e-04
4.290203167806568366e-04
5.491624279304834324e-04
6.637285957775587285e-04
1.908484720327801589e-04
3.126703283344677139e-04
4.279806916511158348e-04
5.481541264638228363e-04
6.627526025274946535e-04
7.722126234171008052e-04
8.973804486312476339e-04
1.911740191808000515e-04
3.129775405400361072e-04
4.282721105529995300e-04
5.484367671747385773e-04
6.630261883469962475e-04
7.724770658301632984e-04
8.976419430159733809e-04
1.911744020987523891e-04
3.129779018978856206e-04
4.282724533378174216e-04
5.484370996329614211e-04
6.630265101535194085e-04
7.724773768811302914e-04
8.976422505989331340e-04
1.911744025490062370e-04
3.129779023227864036e-04
4.282724537408788491e-04
5.484371000238792964e-04
6.630265105319137729e-04
1.908473432371051446e-04
3.126692631270225689e-04
4.279796812128543442e-04
5.481531464619504319e-04
6.627516539216637232e-04
7.722117065143551274e-04
8.973795419503305480e-04
1.019720052453880216e-03
1.139378882835418621e-03
1.914779592706960902e-04
1.900371304488854144e-04
3.119047313063073412e-04
4.272544791721041347e-04
5.474497827695132528e-04
6.620708193113748839e-04
7.715536227409628724e-04
8.967287925800322690e-04
1.019077544743010209e-03
1.138745324448305497e-03
1.255849064108974060e-03
1.370487990675137288e-03
1.482747178616383374e-03
1.592700161248026061e-03
1.700411357368622738e-03
1.921314490569952366e-04
3.138810989025515256e-04
4.291292912448369944e-04
5.492681177777715851e-04
6.638308982169816063e-04
7.732548768705576302e-04
8.984110797392518780e-04
1.911755269674883073e-04
3.129789634312421715e-04
1.902687651180052500e-04
3.121233026577375017e-04
4.274618026024009547e-04
5.476508640287950204e-04
6.622654605804730553e-04
7.717417603816497306e-04
8.969148337487451318e-04
1.019261229996014026e-03
1.138926464929961024e-03
1.256027526654597808e-03
1.370663683798387751e-03
1.482920040250865342e-03
1.592870152704757179e-03
1.700578457027713750e-03
1.921316520614604168e-04
3.138812904944360813e-04
4.291294730008204136e-04
5.492682940550778136e-04
6.638310688442713558e-04
7.732550417934861342e-04
1.910160656057007650e-04
3.128284816697444754e-04
4.281307137905094825e-04
5.482996298075616020e-04
6.628934445617452832e-04
7.723487585268103313e-04
8.975150661610008197e-04
1.911742163374089613e-04
3.129777265957875334e-04
4.282722870458768091e-04
5.484369383506638995e-04
6.630263540385806153e-04
7.724772259839321259e-04
8.976421013841363655e-04
1.911744023305790184e-04
3.129779021166585913e-04
4.282724535453469447e-04
5.484370998342382418e-04
6.630265103483490210e-04
7.724773770694489446e-04
8.976422507851530971e-04
1.019979428002745943e-03
1.139634665875816121e-03
1.256725218002816089e-03
1.371350547636927689e-03
1.483595833986704228e-03
1.593534725105496446e-03
1.701231723569567858e-03
1.806744553399967880e-03
1.922503173250912634e-04
3.139932853186316636e-04
4.292357186803600483e-04
5.493713370453107104e-04
6.639308090285776049e-04
7.733514474315944087e-04
1.910162143285758175e-04
3.128286220169365140e-04
4.281308469229801335e-04
1.904773823791192935e-04
1.900350656237829300e-04
3.119027829521134852e-04
4.272526310948531695e-04
5.474479903330699499e-04
6.620690842798086567e-04
1.908458000955423433e-04
1.900358265903855678e-04
3.119035009947037154e-04
1.902667024562094901e-04
1.900346306289107761e-04
3.119023724941212918e-04
4.272522417621488558e-04
5.474476127221493361e-04
1.906643136890630091e-04
3.124965543093965038e-04
4.278158536709427014e-04
1.904768123185154557e-04
3.123196203529790310e-04
4.276480203266426949e-04
5.478314742682178313e-04
6.624402859066574325e-04
7.719107438104285063e-04
8.970819338947961163e-04
1.019426213882105962e-03
1.139089113800541937e-03
1.256187770722283058e-03
1.370821441412461202e-03
1.483075255604547442e-03
1.593022791005544629e-03
1.700728498820773841e-03
1.806250062981983257e-03
1.909639153823010187e-03
2.010943125777587843e-03
2.110205759097299755e-03
2.207468401086133247e-03
2.302770067483075542e-03
2.396148169981073776e-03
2.487638640996216524e-03
2.577276717234717671e-03
1.930933751189275950e-04
3.147889890540297932e-04
1.902722179751519091e-04
3.121265608115439318e-04
4.274648931137464366e-04
5.476538614816045276e-04
1.906646632847422917e-04
3.124968842054052349e-04
4.278161666009266018e-04
1.904768128850967157e-04
3.123196208876228121e-04
1.902675014885600558e-04
3.121221102834914498e-04
4.274606715798350410e-04
5.476497670624295121e-04
