1.426879599763971988e-02
1.654621351454502870e-02
1.428222781215877923e-02
1.427710773747989381e-02
1.427709784675173718e-02
1.655247598148235771e-02
1.428224184941164626e-02
1.427710776449217511e-02
1.427709784680366960e-02
1.655247598152153818e-02
1.826337233006541244e-02
1.428686375299339888e-02
1.427711669109594551e-02
1.427709786395710626e-02
1.427709782777995123e-02
1.427709782771036801e-02
1.427709782771024137e-02
1.427709782771023270e-02
1.427709782771023617e-02
1.427709782771023790e-02
1.427709782771023443e-02
1.427709782771023096e-02
1.427709782771023443e-02
1.427709782771023443e-02
1.427709782771023964e-02
1.655247596711826794e-02
1.428224184937943245e-02
1.655635645663869684e-02
1.428225054975438939e-02
1.655636301987781570e-02
1.826630586731656930e-02
1.428687143689447679e-02
1.655984888937777483e-02
1.826893664920882857e-02
1.428687832899876511e-02
1.427711671923893172e-02
1.655249021806587742e-02
1.428224188132943759e-02
1.427710776455359647e-02
1.427709784680378929e-02
1.655247598152165614e-02
1.428224184941172779e-02
1.427710776449218032e-02
1.427709784680367654e-02
1.655247598152156940e-02
1.428224184941172432e-02
1.655635645666309400e-02
1.826630091407893328e-02
1.980262302457233559e-02
2.099889745474884523e-02
2.193175341333294601e-02
1.434073155104530727e-02
1.433096566164711316e-02
1.432873409149764028e-02
1.432665271275748720e-02
1.432470712662378166e-02
1.432287906169986066e-02
1.432116849252793034e-02
1.431956615162547318e-02
1.431805852959170018e-02
1.431664235967288618e-02
1.666648893437241985e-02
1.431740627467107015e-02
1.431338357187877941e-02
1.665796261760806377e-02
1.845625203432092049e-02
1.983842629757133838e-02
2.090158943417677953e-02
1.431900955196828418e-02
1.665577877596067374e-02
1.431139750222910206e-02
1.664729241457751224e-02
1.431011459563556569e-02
1.430636415972374141e-02
1.430563299431670751e-02
1.430494523142454739e-02
1.430429574632659240e-02
1.430368416611378125e-02
1.430310718426199001e-02
1.430256412220607884e-02
1.430204994019762012e-02
1.430156673196015214e-02
1.662705377854961294e-02
1.430397757138426006e-02
1.430044595570811525e-02
1.430004199273540201e-02
1.662306771977211176e-02
1.430261668936332574e-02
1.429913138259474026e-02
1.429879932879036392e-02
1.661981310721424854e-02
1.430149914793589841e-02
1.662100301612466288e-02
1.430108268925997170e-02
1.661988796124607565e-02
1.430069555317116207e-02
1.429727267284725510e-02
1.429704536880825431e-02
1.429683022426718117e-02
1.429662902869196020e-02
1.429643820181056985e-02
1.429625556640146643e-02
1.429608534329592472e-02
1.661271391494089159e-02
1.429906839538494512e-02
1.429569930154568798e-02
1.661169192997120556e-02
1.837647089158083238e-02
1.430142633737042403e-02
1.429529670208663783e-02
1.429516971396815536e-02
1.429505496854472507e-02
1.429495267483620047e-02
1.429484790715944073e-02
1.429475080376213861e-02
1.429466330908536059e-02
1.429457834367484081e-02
1.429449561689504281e-02
1.429441499429299003e-02
1.429434315907020768e-02
1.429427407385412165e-02
1.429420802639779810e-02
1.660779660838431968e-02
1.429738229666621500e-02
1.429407001922951975e-02
1.429400901128639705e-02
1.429395561496188231e-02
1.429390871735217346e-02
1.660701554708955002e-02
1.429711245159327217e-02
1.660933982016492283e-02
1.429706073194917174e-02
1.429375606086235283e-02
1.660660155988329112e-02
1.429696912493679146e-02
1.429367166765972003e-02
1.660638080108605905e-02
1.429689703579407195e-02
1.429359738093066018e-02
1.660618813857078074e-02
1.429683079306691591e-02
1.429353265505276319e-02
1.429350247501390454e-02
1.429347799713429762e-02
1.429345514409920831e-02
1.429343179966965915e-02
1.429341392658770894e-02
1.429338918304965712e-02
1.429337056368684168e-02
1.429335277142080966e-02
1.429333289269830824e-02
1.660551009838576869e-02
1.429659721050207007e-02
1.429330993760939694e-02
1.660543615978583507e-02
1.429657134044668744e-02
1.429328436379829516e-02
1.660536756815447074e-02
1.836555707967552076e-02
1.429936695265109602e-02
1.429326117692442284e-02
1.660530265665655786e-02
1.836544342114864933e-02
1.970817797113371198e-02
1.430173489925643145e-02
1.661172085500987189e-02
1.429651970384048822e-02
1.429322357712741777e-02
1.429320700274035356e-02
1.429320116888563481e-02
1.660515623472889543e-02
1.429647457484426072e-02
1.429318820426762199e-02
1.429317808888365578e-02
1.429316981963681468e-02
1.429316272933090978e-02
1.429315363068310585e-02
1.429314921780689210e-02
1.429314275504818196e-02
1.429313886312796010e-02
1.429313014714999122e-02
1.429312597117899687e-02
1.660496166121851191e-02
1.836485936745516426e-02
1.429923570324326265e-02
1.429313291125223519e-02
1.660496436690175881e-02
1.836485793890196491e-02
1.429923455457495114e-02
1.429313099722103776e-02
1.660496073975170281e-02
1.429640565596952510e-02
1.660745777038074092e-02
1.836676481467522729e-02
1.429923922556996033e-02
1.429313205906192728e-02
1.660496350143468927e-02
1.836485697924315763e-02
1.429923488782647648e-02
1.429313075594725209e-02
1.660496036980739498e-02
1.836485168793867279e-02
1.429923450864622157e-02
1.429313037980386482e-02
1.429311664654804755e-02
1.660493860574022498e-02
1.836482012418251195e-02
1.429922870912099693e-02
1.429312445802823246e-02
1.429311206404778982e-02
1.429311034260796580e-02
1.660491672309825917e-02
1.836478025047482213e-02
1.429922092409612391e-02
1.660957880906074532e-02
1.836835465914915880e-02
1.429923179821200943e-02
1.429312449468893992e-02
1.429310972151388859e-02
1.429310452034138028e-02
1.660490766368865126e-02
1.429638910265905449e-02
1.429310891283010893e-02
1.429310238761472354e-02
1.429309653006852372e-02
1.429309544540141065e-02
1.660487840036379767e-02
1.429637982976824859e-02
1.429310014066080201e-02
1.429309342745629756e-02
1.429308872267828073e-02
1.429308365897783741e-02
1.429308081485677895e-02
1.660484509741665810e-02
1.429636942824919627e-02
1.429308748480039894e-02
1.429308051492479345e-02
1.429307775282236299e-02
1.429307477934838901e-02
1.660482965462194843e-02
1.429636295472915680e-02
1.429308258893286811e-02
1.660484196972433768e-02
1.429636498262552673e-02
1.660735153859132368e-02
1.429637537729608159e-02
1.660736972893887137e-02
1.836660950667131156e-02
1.429920906977979328e-02
1.429310371430872993e-02
1.660488714330243115e-02
1.836472442070238159e-02
1.970714654510196881e-02
2.073178091303708170e-02
1.430365856631374798e-02
1.661291530275584363e-02
1.837084615817336300e-02
1.429921716091825563e-02
1.429310260533887995e-02
1.429309161409857316e-02
1.429308942812971932e-02
1.429308446650531458e-02
1.660485507447711714e-02
1.836467632637204042e-02
1.970708137551534928e-02
1.430159752895064119e-02
1.429309794363068688e-02
1.429308392427182384e-02
1.429308105926118885e-02
1.429307826589813236e-02
1.429307569073079778e-02
1.429307282932894448e-02
1.429307048359631897e-02
1.660481803845538507e-02
1.429635883041751633e-02
1.660733333232962752e-02
1.429636728184455370e-02
1.429308448056917924e-02
1.429307757901210861e-02
1.429307460992362312e-02
1.660482919161697726e-02
1.429636267242603322e-02
1.429308244355109378e-02
1.429307573353231706e-02
1.660483141424922565e-02
1.836463518962570818e-02
1.429919223647162750e-02
1.660950445694636679e-02
1.429637996134178538e-02
1.429309393031259409e-02
1.429308372870619591e-02
1.429308087592488438e-02
1.660484526277162393e-02
1.429636710966273629e-02
1.660735738212548718e-02
1.836659187586928491e-02
1.970855239168606970e-02
1.430160361469373642e-02
1.429309996674622309e-02
1.660487472364505224e-02
1.429637497573953489e-02
1.429309434710719466e-02
1.429308886993708137e-02
1.429308381751018091e-02
1.429308096583668114e-02
1.660484550634125020e-02
1.429636908934061798e-02
1.429308761216617832e-02
1.660485549038878683e-02
1.836467396097727148e-02
1.970707633983153143e-02
1.430159609626779210e-02
1.429309766862741499e-02
1.660486832745896105e-02
1.429637476043531773e-02
1.429309361246006334e-02
1.660486885472487253e-02
1.429637473206317629e-02
1.429309280773709973e-02
1.429308553216892055e-02
1.429308341218308437e-02
1.429308057284622673e-02
1.429307781181192970e-02
1.660483706890483399e-02
1.429636515274395302e-02
1.429308495410713115e-02
1.429307802655272602e-02
1.429307545421639423e-02
1.429307260579182164e-02
1.429307026896575739e-02
1.429306803019394362e-02
1.660481149009805646e-02
1.429635696841246965e-02
1.429307639590964192e-02
1.429306992093709767e-02
1.429306769223276201e-02
1.429306556788379964e-02
1.660480496273373033e-02
1.429635594588835046e-02
1.429307430979819167e-02
1.660482028101676819e-02
1.429635878446290816e-02
1.429307817683475937e-02
1.429307164237256754e-02
1.429306934040724952e-02
1.429306714217702841e-02
1.429306504294267435e-02
1.429306304113075327e-02
1.429306069398623806e-02
1.660479296197352531e-02
1.429635113056812804e-02
1.429307052485390486e-02
1.429306428011873666e-02
1.429306186766458008e-02
1.429305999637078828e-02
1.429305821179031183e-02
1.429305695735608520e-02
1.429305534355655716e-02
1.429305380713848279e-02
1.660477422865439673e-02
1.429634425526620303e-02
1.660729364977414288e-02
1.429635465281608835e-02
1.429307118534941905e-02
1.660481193212535664e-02
1.429635388464953541e-02
1.429307551767911889e-02
1.429306907479142158e-02
1.429306688328705298e-02
1.660480844476955667e-02
1.429635760677434517e-02
1.429307542737730773e-02
1.429306898267506884e-02
1.429306679525447002e-02
1.429306471194891071e-02
1.429306272568924528e-02
1.429306039369852496e-02
1.429305859013439185e-02
1.429305687074576905e-02
1.429305568486404811e-02
1.660477909213391515e-02
1.429634597637817472e-02
1.429306587087054818e-02
1.429305938857179485e-02
1.429305762638253922e-02
1.660478495516065287e-02
1.429634879079719895e-02
1.429306790621205116e-02
1.429306133557205725e-02
1.660479463498407832e-02
1.836457209326660539e-02
1.429918171495291913e-02
1.660947344225987762e-02
1.429636681459654085e-02
1.429308062792891514e-02
1.429307356739338564e-02
1.429307118785212022e-02
1.429306890988481585e-02
1.429306673074244582e-02
1.660480804041366415e-02
1.429635473598903951e-02
1.429307529348720213e-02
1.429306885787580417e-02
1.429306667601321079e-02
1.429306459820142532e-02
1.429306261729648177e-02
1.429306029049503927e-02
1.429305849169402488e-02
1.429305677688107352e-02
1.429305559586920710e-02
1.429305404789732621e-02
1.429305257404731716e-02
1.429305117122925926e-02
1.660476743490472279e-02
1.836452493090650825e-02
1.970686303590689359e-02
2.073141773220428877e-02
1.430362442830888751e-02
1.429306725873912172e-02
1.429305224928731702e-02
1.660477017712324796e-02
1.429634174040383086e-02
1.429306247157992316e-02
1.660478981937915308e-02
1.836456071341430532e-02
1.429917892760377944e-02
1.429307541686972681e-02
1.429306553701478570e-02
1.660480486255753313e-02
1.429635700991271213e-02
1.429307427587982703e-02
1.429306787329233559e-02
1.660481106288993688e-02
1.429635803374055582e-02
1.429307626216368664e-02
1.660482554875454195e-02
1.429636038814139677e-02
1.429308028842674397e-02
1.429307325071347418e-02
1.429307088340213069e-02
1.429306861830650574e-02
1.429306645217940860e-02
1.660480730238265978e-02
1.429635523585382276e-02
1.429307505637142373e-02
1.660482229966395509e-02
1.836461656920865618e-02
1.429918971145639241e-02
1.660949487858801032e-02
1.429637354124106349e-02
1.429308748869829136e-02
1.429308051303574550e-02
1.429307775105054593e-02
1.429307477767153764e-02
1.660482965003723735e-02
1.429636295204822494e-02
1.429308258749438509e-02
1.429307587406625224e-02
1.429307299769042722e-02
1.429307064529997118e-02
1.660481847191050409e-02
1.836461300892775622e-02
1.429919116985231727e-02
1.429308553736210845e-02
1.660484301414241401e-02
1.429636490894215309e-02
1.429308498262545947e-02
1.660484829186038847e-02
1.836466141701760882e-02
1.429919979111353087e-02
1.429309635704243200e-02
1.429308308678008468e-02
1.429308014118410922e-02
1.429307751187557270e-02
1.429307455141753079e-02
1.660482903185862835e-02
1.836463136016974751e-02
1.970701682036825678e-02
1.430158882022731365e-02
1.429308998278487793e-02
1.429307655319859288e-02
1.660483361633209587e-02
1.836463901115923184e-02
1.429919324672388782e-02
1.429309019968822737e-02
1.429307961892513010e-02
1.660484202074334614e-02
1.429636763141992409e-02
1.429308653853774910e-02
1.429307950813701183e-02
1.660484172282505194e-02
1.429636652577280509e-02
1.429308644043786498e-02
1.429307942033064029e-02
1.429307680504719909e-02
1.429307388278623289e-02
1.429307149629875824e-02
1.660482075735668361e-02
1.429635997059345784e-02
1.429307976959507884e-02
1.429307275763188126e-02
1.660482414797194439e-02
1.429636100437063802e-02
1.429308084937829133e-02
1.429307378537767771e-02
1.429307139754692167e-02
1.660482049175121544e-02
1.429635984877327716e-02
1.429307968455153371e-02
1.429307267680188058e-02
1.429307033210732575e-02
1.660481763259444993e-02
1.429635891597615983e-02
1.429307876784530543e-02
1.429307180489103844e-02
1.429306949559601587e-02
1.429306729052863371e-02
1.429306518450291878e-02
1.660480394985720115e-02
1.429635552395413546e-02
1.429307398171323316e-02
1.429306759300425639e-02
1.429306546812616693e-02
1.429306344639813195e-02
1.429306107967252652e-02
1.429305924451527293e-02
1.429305749474705199e-02
1.660478461294774555e-02
1.836455481484165417e-02
1.429917733165078642e-02
1.429307478736070204e-02
1.429306493394740668e-02
1.429306292784151070e-02
1.429306058613628513e-02
1.429305877369731713e-02
1.429305704578010677e-02
1.429305585084194793e-02
1.429305429054456358e-02
1.660477547868718581e-02
1.836453876091077853e-02
1.970688381102849579e-02
1.430157184591695357e-02
1.429307335599297284e-02
1.429306019079875853e-02
1.660479161831803635e-02
1.836456688071000376e-02
1.429918019622413404e-02
1.429307697017297846e-02
1.660482055426013709e-02
1.429635791840139745e-02
1.660733041315804598e-02
1.429636786796961018e-02
1.429308338049360867e-02
1.660484414954892587e-02
1.429636555982478213e-02
1.429308621032590772e-02
1.429307920592642021e-02
1.660484088729130905e-02
1.429636615440879090e-02
1.429308617388100333e-02
1.429307917093084780e-02
1.429307656278065372e-02
1.429307365369486549e-02
1.429307127588813273e-02
1.429306899422719442e-02
1.429306681133359069e-02
1.429306472729426417e-02
1.429306274031260163e-02
1.429306040762108251e-02
1.660479221171699826e-02
1.836456791468744909e-02
1.429918092335640163e-02
1.660947130774555539e-02
1.836816815626291996e-02
1.429919769751303998e-02
1.429308638119593071e-02
1.429307611831169729e-02
1.660483244582772536e-02
1.836463697901738815e-02
1.429919222775675493e-02
1.429308984327593707e-02
1.660485456455192133e-02
1.836466969557718626e-02
1.429919894163540761e-02
1.429309583943265925e-02
1.429308412170291268e-02
1.429308125355413343e-02
1.429307844709758017e-02
1.660483880873377810e-02
1.836464806223310139e-02
1.970704070323802889e-02
2.073164619448828253e-02
2.151311431802666735e-02
1.430542763042667344e-02
1.429307967250349753e-02
1.429306151730341985e-02
1.429305964290002694e-02
1.429305787464782949e-02
1.429305663726519390e-02
1.660478156498645941e-02
1.429634742091838440e-02
1.429306668086441183e-02
1.429306016629489778e-02
1.429305836812735930e-02
1.660478688571147277e-02
1.429634916377023335e-02
1.660730582057829904e-02
1.836650112055357095e-02
1.429918799365533476e-02
1.429308208616175864e-02
1.429307156450123836e-02
1.660482092080313443e-02
1.429635974839878372e-02
1.660733592340368422e-02
1.836655399530805893e-02
1.970849757058946647e-02
1.430159411725917540e-02
1.429309261524030171e-02
1.429307904961087984e-02
1.429307643701978846e-02
1.429307353477709056e-02
1.429307116151795620e-02
1.429306888466572341e-02
1.660481376514882576e-02
1.429635883705566643e-02
1.660733052859541398e-02
1.836654350265008381e-02
1.429919560514583861e-02
1.429308961321833736e-02
1.429307906293384930e-02
1.429307645362110600e-02
1.429307355047779171e-02
1.660482630666904741e-02
1.836462661695613049e-02
1.429918899403031900e-02
1.429308805339718491e-02
1.429307759847188962e-02
1.429307462410191708e-02
1.429307221028479694e-02
1.429306989001268360e-02
1.429306766768304558e-02
1.429306554445673207e-02
1.429306351916944176e-02
1.429306114891462642e-02
1.660479415502284090e-02
1.429635012982685346e-02
1.429307091199193656e-02
1.429306465242728523e-02
1.429306266390236065e-02
1.429306033486434438e-02
1.660479202118938721e-02
1.429634888708983947e-02
1.660730895313460714e-02
1.429635916166525390e-02
1.429307651701650604e-02
1.660482624015049286e-02
1.836462341388504782e-02
1.429918740479388037e-02
1.429308705011744438e-02
1.429307665047497081e-02
1.660483388770803148e-02
1.429636373858659409e-02
1.429308392882403835e-02
1.660484543389275508e-02
1.836465644693730317e-02
1.429919562745503997e-02
1.660951397083437406e-02
1.836824338939737136e-02
1.970982137669195083e-02
2.073380888203438244e-02
1.430365722089053590e-02
1.429309528301675285e-02
1.429308025198124457e-02
1.429307760523932692e-02
1.660483650490041097e-02
1.429636444477752968e-02
1.660734959369531555e-02
1.429637336232518485e-02
1.660736678110307993e-02
1.429637930043667002e-02
1.429309488078262837e-02
1.429308933804652147e-02
1.429308401632641869e-02
1.429308116148558100e-02
1.429307836126062978e-02
1.429307578300838613e-02
1.429307291654602005e-02
1.429307056736148392e-02
1.429306831575406604e-02
1.429306616320599917e-02
1.429306410911840124e-02
1.429306171010796996e-02
1.660479562875434231e-02
1.429635102215871811e-02
1.660731293141859410e-02
1.429636175207542152e-02
1.429307756535812268e-02
1.660482908485524586e-02
1.836462836149740582e-02
1.970701087199053930e-02
2.073160664595484828e-02
1.430364192948939406e-02
1.429308470215922416e-02
1.429306905137939752e-02
1.429306684976564684e-02
1.429306476393724969e-02
1.429306277523188090e-02
1.429306044086624955e-02
1.660479229878800492e-02
1.429634903324067917e-02
1.429307030596161168e-02
1.429306407305249403e-02
1.429306167074640560e-02
1.660479552530266453e-02
1.429635141108965418e-02
1.429307135919714172e-02
1.660481240356874444e-02
1.429635337809852767e-02
1.660732339251505194e-02
1.429636562197494215e-02
1.429308182952747884e-02
1.429307471601803242e-02
1.429307229389511699e-02
1.660482290643568518e-02
1.429636053818500278e-02
1.429308045632792824e-02
1.429307341050928271e-02
1.660482591654088499e-02
1.429636145636317343e-02
1.660734052308560429e-02
1.429637169836422278e-02
1.429308677903048767e-02
1.429307973091296403e-02
1.429307710711581574e-02
1.429307416848173660e-02
1.429307177132215639e-02
1.660482149758798348e-02
1.429636016614104291e-02
1.429308000625825574e-02
1.429307298273830781e-02
1.660482475712674391e-02
1.836462391852677206e-02
1.970700610457369259e-02
1.430158754247790737e-02
1.429308857716806054e-02
1.660484538349484007e-02
1.429636503901634235e-02
1.660735053093032390e-02
1.429637365182698759e-02
1.429309301961763715e-02
1.429308290123132257e-02
1.429307996910422589e-02
1.660484301210465863e-02
1.429636796360870578e-02
1.429308685644453333e-02
1.429307980537269235e-02
1.429307717960490165e-02
1.429307423705151667e-02
1.429307183735679943e-02
1.429306953234471891e-02
1.429306732566891155e-02
1.429306521803659462e-02
1.660480403841751995e-02
1.429635748694507713e-02
1.429307401184765937e-02
1.660481948157638277e-02
1.429635844312914482e-02
1.429307792425186206e-02
1.660483007424770271e-02
1.429636185984869100e-02
1.429308172715607235e-02
1.660483959583626198e-02
1.836464634490190748e-02
1.429919230221414657e-02
1.429309115989256355e-02
1.429308054966188339e-02
1.429307778103258361e-02
1.429307480604140486e-02
1.660482972761035889e-02
1.836463257208086758e-02
1.429919214551036641e-02
1.429308911363023210e-02
1.429307859525521390e-02
1.429307600019531603e-02
1.429307312182361012e-02
1.429307076456741606e-02
1.429306850453345920e-02
1.429306634350406384e-02
1.660480701459049468e-02
1.429635495243915602e-02
1.429307496414613556e-02
1.429306854110431145e-02
1.429306637339670949e-02
1.429306430956373691e-02
1.429306234226867395e-02
1.429306002859256387e-02
1.429305824188979203e-02
1.429305698593855145e-02
1.429305537075693626e-02
1.429305383302446192e-02
1.660477429556160220e-02
1.836453672538608875e-02
1.429917804752919852e-02
1.429307143410668383e-02
1.429306127400910634e-02
1.429305942045833687e-02
1.660478963092219123e-02
1.836456346332808118e-02
1.429918022258978676e-02
1.429307635598328803e-02
1.429306644208730610e-02
1.429306436569132734e-02
1.429306239573535815e-02
1.660479660642187952e-02
1.836457517752803498e-02
1.429918211782464470e-02
1.429307841666283170e-02
1.429306843013747330e-02
1.429306626308345443e-02
1.429306420435328892e-02
1.429306180067706038e-02
1.660479586680470646e-02
1.429635117505429973e-02
1.660731320321905818e-02
1.836651469117131508e-02
1.970844110764733217e-02
1.430158912652367345e-02
1.429308581376329684e-02
1.660483776136890272e-02
1.836463823828497072e-02
1.429919168717102944e-02
1.660950285815674179e-02
1.429637848343240022e-02
1.429309333439362541e-02
1.660486522181887914e-02
1.836468868203864485e-02
1.429920534262744090e-02
1.429310093516315307e-02
1.429308939018698182e-02
1.429308432337488520e-02
1.429308145804106256e-02
1.660484684137163852e-02
1.429636764275312236e-02
1.429308802729705938e-02
1.429308104647081246e-02
1.429307824912565313e-02
1.660483826571046775e-02
1.429636631628245814e-02
1.429308533974754311e-02
1.429307838658970022e-02
1.660483863233159010e-02
1.836464775078232997e-02
1.429919794290365059e-02
1.429309222311545870e-02
1.429308119847669083e-02
1.429307838613247568e-02
1.660483864140581411e-02
1.429636644806875009e-02
1.429308546007492658e-02
1.660484958671384903e-02
1.429636772390844961e-02
1.429308789729668086e-02
1.429308091918376176e-02
1.429307813034993123e-02
1.429307555961451502e-02
1.660483095479717633e-02
1.429636326040568430e-02
1.429308289502677874e-02
1.660484281726406358e-02
1.429636524641633190e-02
1.429308578552501360e-02
1.429307880806063649e-02
1.660483979049231368e-02
1.429636540512787581e-02
1.660735250203314653e-02
1.429637679706372878e-02
1.429309277022994609e-02
1.429308360220402606e-02
1.660485268281868335e-02
1.429637133569148892e-02
1.429309157387669005e-02
1.429308281444407851e-02
1.429307989586641077e-02
1.660484280856768316e-02
1.429636791299228153e-02
1.429308679175955894e-02
1.429307974485650307e-02
1.429307712069124991e-02
1.660483518450980508e-02
1.836464174934503146e-02
1.429919422292002043e-02
1.429309067959881260e-02
1.660485686764141822e-02
1.429636930948874861e-02
1.429308990004799461e-02
1.660486068515226732e-02
1.429637270429390435e-02
1.660736950334855064e-02
1.429638062738300755e-02
1.429309429360367881e-02
1.429308921271404964e-02
1.429308536455627630e-02
1.429308237827812793e-02
1.429307949358765706e-02
1.429307688130377826e-02
1.660483453359540285e-02
1.429636502011038743e-02
1.660734872995693265e-02
1.429637414109088608e-02
1.429308946746682060e-02
1.429308214752895295e-02
1.429307927371684626e-02
1.660484108492084679e-02
1.429636568482943459e-02
1.429308623740653365e-02
1.429307923114302853e-02
1.429307662124775988e-02
1.429307370897908887e-02
1.429307132906775663e-02
1.429306904517670812e-02
1.660481419314866966e-02
1.429635679178823011e-02
1.429307725480559628e-02
1.429307075129540583e-02
1.660481874608874323e-02
1.429635925020312191e-02
1.660733411503897278e-02
1.429636798082882174e-02
1.429308468748723138e-02
1.660484748225111995e-02
1.836466000559258682e-02
1.429919829329921906e-02
1.429309591383170173e-02
1.660486636812122385e-02
1.836468844915630297e-02
1.429920174899012957e-02
1.429309923853325399e-02
1.429308934557706016e-02
1.660486382093215654e-02
1.429637364335040010e-02
1.429309523121893334e-02
1.660487167844641038e-02
1.429637561345762156e-02
1.660737809024509862e-02
1.836662698469823315e-02
1.429921241823207956e-02
1.429310567598177095e-02
1.660489556162045299e-02
1.429638227834138450e-02
1.660739777501078415e-02
1.836666179670785187e-02
1.429921863932525836e-02
1.429311197998246047e-02
1.429310101467802692e-02
1.429309665178011071e-02
1.660488624653062156e-02
1.836472980070243816e-02
1.970715795324080172e-02
1.430160679297293701e-02
1.429310799535648061e-02
1.429309283818430698e-02
1.429308971891567193e-02
1.429308559801234675e-02
1.660485912730740379e-02
1.429637474886191056e-02
1.429309365240589644e-02
1.429308497015512221e-02
1.429308197139390196e-02
1.429307911544871502e-02
1.429307651396524194e-02
1.660483353646296026e-02
1.429636340243312619e-02
1.429308381773517454e-02
1.429307695919840998e-02
1.660483473496692647e-02
1.429636508234496950e-02
1.660734890773237979e-02
1.836657600396991025e-02
1.429920234256970915e-02
1.660952444213955811e-02
1.429638543215438345e-02
1.429309762725208301e-02
1.429308968771481753e-02
1.429308621535000171e-02
1.660485892526860144e-02
1.836468268341307983e-02
1.970709034668868126e-02
1.430159661080436517e-02
1.429309943847239389e-02
1.429308501189088289e-02
1.429308200540750640e-02
1.429307914707177336e-02
1.429307654466223376e-02
1.660483361971241273e-02
1.429636470146683144e-02
1.660734788149247076e-02
1.429637118720276760e-02
1.429308939724769842e-02
1.429308189344237479e-02
1.660484801340045280e-02
