2.009999999560275974e+00
2.009599051963094407e+00
2.011383854289906736e+00
2.010252421215307006e+00
2.013414515036268337e+00
2.012012033934259314e+00
2.009912305337040461e+00
2.014082557393765072e+00
2.011502806221584727e+00
2.017187509919807997e+00
2.014171997347346199e+00
2.020553944495829590e+00
2.017152778535603375e+00
2.013357742833162156e+00
2.009182094540948427e+00
2.004636181440859755e+00
2.020124081278565686e+00
2.015109646774591923e+00
2.009801670306097687e+00
2.004202471159537424e+00
1.998314490884427697e+00
1.992140675849766396e+00
2.006099072695541885e+00
1.999355395883315234e+00
1.992348758044212076e+00
1.985082773386062760e+00
1.977562833134712150e+00
1.969796371153219150e+00
1.961405194154099529e+00
1.952749808130536557e+00
1.943310335858795534e+00
1.933482963642576546e+00
1.923267928281676475e+00
1.912668350975779363e+00
1.901690594754565033e+00
1.890344601474903019e+00
1.923928468728271390e+00
1.912714074739732872e+00
1.939960852931378099e+00
1.965064314476510754e+00
1.953545366979855036e+00
1.980352453678875246e+00
1.969218401210593328e+00
1.957335803376488714e+00
1.945163689520693850e+00
1.973950191996995729e+00
2.000817886098913423e+00
1.989244976134664444e+00
1.977459961064466976e+00
2.004424144047818768e+00
2.031108326103401751e+00
2.055785055366786462e+00
2.044710100661142782e+00
2.033250594668383648e+00
2.021035371958298743e+00
2.008497204128000035e+00
2.033546807707483417e+00
2.021349878321619276e+00
2.008773297009815550e+00
1.995884617281091344e+00
1.982101814771539239e+00
1.967943877770720551e+00
1.953449275191802670e+00
1.985894181262408686e+00
2.017048164403042687e+00
2.045513200270924425e+00
2.032731910964857391e+00
2.060396022260210902e+00
2.048081726316074214e+00
2.034901415465198760e+00
2.021321933886892630e+00
2.007417948815925168e+00
2.035470022628988573e+00
2.064496979892625816e+00
2.051883742442271341e+00
2.038375807278066443e+00
2.024451473918905453e+00
2.052014489285475918e+00
2.038571050519917272e+00
2.067443418235742847e+00
2.054575934419191174e+00
2.040787922631066120e+00
2.068426954237645443e+00
2.055441885292219162e+00
2.041524355079113118e+00
2.069390270364933393e+00
2.056300265470599520e+00
2.083772920577859455e+00
2.070860366477810022e+00
2.097339863827915707e+00
2.084628211364850436e+00
2.071347544259946272e+00
2.057576462995533984e+00
2.042902571180444493e+00
2.069758213077623310e+00
2.098102545704675581e+00
2.085221226200240530e+00
2.111055513713638643e+00
2.136202583769899466e+00
2.124215349595398372e+00
2.111538450448006365e+00
2.098239101289481212e+00
2.084385363801976698e+00
2.115476550092192820e+00
2.101410520246282054e+00
2.086874383931273336e+00
2.071928723316191601e+00
2.056148019913094593e+00
2.040032578625475601e+00
2.022981519065640832e+00
2.005541615750234818e+00
1.987768806411059686e+00
1.969722481636293265e+00
1.951464932590745383e+00
1.933060638855012670e+00
1.975098498257355839e+00
1.958515276165121000e+00
1.996176175330891533e+00
1.979789242798764892e+00
1.962944388224467485e+00
1.945736088821546916e+00
1.928255999414067334e+00
1.910592691478368188e+00
1.892831189464640129e+00
1.875052402262229911e+00
1.857332529300975033e+00
1.896511933509019476e+00
1.878561682424587431e+00
1.920723147723192525e+00
1.902537454842136544e+00
1.944806000049059014e+00
1.926845121450595055e+00
1.908664310569483158e+00
1.890339891587164756e+00
1.871947721192963154e+00
1.915130135317446802e+00
1.896527228951577770e+00
1.940512636250636413e+00
1.922215057965557028e+00
1.903681304167948340e+00
1.946755555417390315e+00
1.995280346552983808e+00
1.979038047262097644e+00
1.962363084115812617e+00
1.945347120221607717e+00
1.928077980850793738e+00
1.910639610132210731e+00
1.893111851238368448e+00
1.875570143844170090e+00
1.914001168348131277e+00
1.961000560495872902e+00
1.998862512501175859e+00
1.982653703754468477e+00
1.965999357679951265e+00
1.948990697034963082e+00
1.987663667827357594e+00
1.971364342442636808e+00
2.008144522020480771e+00
1.992011153218319786e+00
1.975390651141787357e+00
1.958373205299923203e+00
1.941046004316837603e+00
1.923493267779380123e+00
1.905796059627438588e+00
1.888031974512403455e+00
1.870274761334570046e+00
1.852593935688830795e+00
1.892575279061649907e+00
1.874651797051922308e+00
1.856814466483349024e+00
1.838635193328338246e+00
1.820584982873778346e+00
1.802116529508041243e+00
1.783683031067952340e+00
1.765307808237911003e+00
1.747013042997633825e+00
1.728819915525982243e+00
1.779719801379989752e+00
1.761870785302011244e+00
1.743998694120389104e+00
1.726145307963473208e+00
1.708349643234690962e+00
1.690648122541515974e+00
1.673074802496545832e+00
1.655661640362044329e+00
1.710796269169079675e+00
1.694336199158275269e+00
1.677994568213966087e+00
1.725629795173942771e+00
1.708918094070477789e+00
1.692274667876561445e+00
1.675732320993658986e+00
1.659322524732429471e+00
1.643075165905734103e+00
1.627018377753425282e+00
1.681293566613057289e+00
1.665927102401776105e+00
1.710222323127149613e+00
1.752785398912008574e+00
1.736392161715019311e+00
1.719885212747656489e+00
1.703302758071344236e+00
1.750465401194694515e+00
1.734038607121571429e+00
1.717502011614807866e+00
1.700894987515568335e+00
1.748337918690832771e+00
1.731885998940603910e+00
1.776721388051919481e+00
1.760779629051576034e+00
1.802983121336205308e+00
1.787131630477996280e+00
1.770782081763607296e+00
1.754010826295971270e+00
1.736892433680833348e+00
1.782472591679599594e+00
1.824528895997157063e+00
1.809492075207083106e+00
1.848329825648314273e+00
1.886114587165265144e+00
1.920500209323245056e+00
1.907096810084483840e+00
1.937840128188293987e+00
1.924764744279283013e+00
1.960130841797162571e+00
1.989569628862118300e+00
2.013169867820363113e+00
2.003196020957005441e+00
1.992644888247776969e+00
1.980968227113663938e+00
1.968669443206503722e+00
1.955793388521481546e+00
1.989466025851138076e+00
1.976494408661318092e+00
1.963000613576846964e+00
1.949022789207118134e+00
1.934603112155832916e+00
1.919787829964843429e+00
1.961074140541153810e+00
1.992340336467657069e+00
2.022832796370037656e+00
2.009945208892749857e+00
2.039239207002747634e+00
2.026743962541836197e+00
2.013779253585538331e+00
1.999786389736779357e+00
1.985275799007339970e+00
1.970296460260014149e+00
1.954899600441239338e+00
1.990728476921479917e+00
1.975754205056513335e+00
1.960377072091979089e+00
1.944649287873239540e+00
1.928625115315714567e+00
1.912360728544651778e+00
1.895913882674436612e+00
1.879343429572465141e+00
1.917220232728258145e+00
1.900401839832261519e+00
1.883468227432932629e+00
1.923506081844902793e+00
1.972153611279787722e+00
1.956338873984920346e+00
1.940245036785696042e+00
1.978193322051061243e+00
1.962304998692740332e+00
1.946125413114006664e+00
1.929715043288530385e+00
1.913134212990890815e+00
1.896442769280838325e+00
1.879699659005484413e+00
1.924375353357167029e+00
1.908288183242017322e+00
1.946397953849300366e+00
1.930393318970811567e+00
1.914249844413412172e+00
1.898028173532136931e+00
1.881785907042865080e+00
1.865577393833175224e+00
1.849453513116325887e+00
1.833461480185286874e+00
1.817227336017900319e+00
1.801156923315557545e+00
1.837761397184284107e+00
1.821708650485544201e+00
1.862646050525634145e+00
1.902773751105078404e+00
1.886186796925455766e+00
1.869513398392437908e+00
1.909416877257775313e+00
1.955698693030213153e+00
1.992589716281995660e+00
2.031029846356481539e+00
2.062769252998318148e+00
2.048819927550354247e+00
2.034378780007795484e+00
2.018922993885922779e+00
2.002962341879463981e+00
2.036738063203518134e+00
2.022162760980187546e+00
2.054440677338952081e+00
2.085618315006225743e+00
2.072121152258349142e+00
2.057638838236438339e+00
2.042661115652594006e+00
2.027280950384105829e+00
2.056963929829797699e+00
2.042386273149729092e+00
2.027329584849779653e+00
2.058773914103482650e+00
2.044178180170643788e+00
2.029093269521045517e+00
2.060434904238010123e+00
2.045829471903843011e+00
2.030725454590633472e+00
2.014547248383593114e+00
1.997870722580759040e+00
1.980772605817813448e+00
1.963329629094984874e+00
2.001808044788516039e+00
1.985488234554320774e+00
1.968695300501099643e+00
2.006445375775913753e+00
1.990184436931875744e+00
2.025822451995232143e+00
2.009844190710923684e+00
2.044673274220868198e+00
2.029751293147278979e+00
2.061730433024421050e+00
2.047082067307209208e+00
2.078173220873013705e+00
2.064289735955413985e+00
2.093100809127894646e+00
2.079507260894661425e+00
2.065335263531416832e+00
2.092927729771141721e+00
2.120838364036246926e+00
2.146277161975548076e+00
2.134095099376568161e+00
2.121171915144357545e+00
2.149987816266424989e+00
2.136808616808233197e+00
2.165017608372180380e+00
2.199923421639347509e+00
2.187851379531280394e+00
2.212611314287714848e+00
2.201029067866711042e+00
2.188483645660903143e+00
2.175492462429999385e+00
2.202448844641658354e+00
2.226299660089235299e+00
2.214366382300191116e+00
2.237323175953306986e+00
2.260003802912626369e+00
2.249086599967069056e+00
2.269510367463783318e+00
2.258565429414334247e+00
2.247141549627845958e+00
2.234828790970946333e+00
2.255838487960946104e+00
2.277461603615590136e+00
2.266224271489654996e+00
2.286366767614951723e+00
2.306342101555126423e+00
2.295507204983506355e+00
2.284107685395910359e+00
2.272199760722639184e+00
2.259839570670020947e+00
2.284582546742699893e+00
2.271907909600116238e+00
2.258860702530111730e+00
2.245003647521929047e+00
2.230830114055840863e+00
2.258742917037315667e+00
2.244359208638758041e+00
2.272096879516595891e+00
2.257524577141007072e+00
2.285462952122258251e+00
2.271163053474870352e+00
2.256156480831104982e+00
2.284324657415940152e+00
2.269624011985575507e+00
2.254235432029196406e+00
2.283039607388676284e+00
2.267520343069249211e+00
2.251794330995956273e+00
2.281156431635171344e+00
2.265308220670743999e+00
2.294842550608636955e+00
2.279343095555819598e+00
2.307613739753648030e+00
2.291997847450047310e+00
2.276217221516220413e+00
2.259798866537289452e+00
2.242620186869693111e+00
2.225179122373387219e+00
2.258847042687490703e+00
2.241455328051147333e+00
2.223821020886888267e+00
2.205979635354539337e+00
2.187970591255378405e+00
2.169836754627035624e+00
2.210065528099571797e+00
2.242614699333996153e+00
2.224645538290258795e+00
2.206494645736415183e+00
2.242132246867774015e+00
2.224025203013543894e+00
2.205750640582988975e+00
2.187349169661464643e+00
2.168864374940867368e+00
2.150342231172104768e+00
2.193493828311217531e+00
2.175311483988056516e+00
2.157129024136970052e+00
2.194957046752942009e+00
2.228551696862051568e+00
2.210118326896879370e+00
2.244856603975364795e+00
2.226352254496301253e+00
2.207716148003814993e+00
2.188989377701464623e+00
2.170215439388187395e+00
2.211170589290385458e+00
2.192626782784599104e+00
2.174061866158635947e+00
2.155520940591983514e+00
2.137049604509289047e+00
2.118693233812002141e+00
2.100496289432357333e+00
2.134048831838554428e+00
2.115938935335631044e+00
2.097871226580907855e+00
2.134042260604317232e+00
2.115689828453781729e+00
2.097363576705063792e+00
2.079125940357816393e+00
2.061036153907590762e+00
2.042663930496167790e+00
2.024495934084997728e+00
2.005929964284548284e+00
2.041432913481121325e+00
2.079256829044497046e+00
2.061082338038497941e+00
2.098566160476601272e+00
2.080638838922393319e+00
2.062305983123879916e+00
2.100172511923477092e+00
2.082129488752889834e+00
2.063654782455776271e+00
2.045226943666905495e+00
2.084136679204056986e+00
2.065547223636108320e+00
2.046992456226135015e+00
2.027889284256187974e+00
2.008741251552098817e+00
1.989584566671435795e+00
1.970456024134117134e+00
2.017057344818851572e+00
2.057720788988839367e+00
2.096804444092704500e+00
2.078041090518200296e+00
2.059254450049705643e+00
2.040508589763972314e+00
2.021161216740880118e+00
2.001771892398172437e+00
1.982381734201891677e+00
1.963032626442141160e+00
2.010714559033401905e+00
2.051461723737703746e+00
2.031881623204224940e+00
2.073817991850641196e+00
2.054909645708920429e+00
2.094625179228520206e+00
2.075663042806380698e+00
2.056675272492622497e+00
2.096888267450662369e+00
2.077869093084644625e+00
2.117732616145036495e+00
2.099505160096871936e+00
2.080632323049442789e+00
2.061626099017477731e+00
2.041911999646643050e+00
2.022027824718922062e+00
2.002032506232464648e+00
1.981984818646461921e+00
1.961943026739515705e+00
1.941964463423828890e+00
1.922105052589533125e+00
1.901727776157930760e+00
1.882340503938042975e+00
1.926100394207220345e+00
1.906714162004291335e+00
1.952308012468860543e+00
1.932581073916159964e+00
1.912839566964088744e+00
1.958797536906025760e+00
2.014134409038263129e+00
2.054664042231817422e+00
2.094241077549474195e+00
2.131803052366192386e+00
2.168289028950100672e+00
2.201593118903888424e+00
2.241648906978808142e+00
2.226817962766971970e+00
2.211389451180059140e+00
2.195437090405382374e+00
2.179034327666122373e+00
2.211631397787461317e+00
2.240371823612183455e+00
2.268042951668543417e+00
2.254058934141801807e+00
2.279698384286147128e+00
2.265886195214844356e+00
2.251535862856119508e+00
2.236742946659926456e+00
2.220901412853599766e+00
2.204606803265408033e+00
2.238634410696558330e+00
2.222082204567533914e+00
2.205136065800612499e+00
2.187858070461725646e+00
2.170311997034434448e+00
2.152562825089228138e+00
2.194675292058140492e+00
2.177221561295433538e+00
2.212022529165170948e+00
2.194390419691772731e+00
2.228796196232019078e+00
2.211030256065956490e+00
2.193067195912686618e+00
2.174959014991114437e+00
2.213437552054304813e+00
2.195417636447530185e+00
2.230232608248009285e+00
2.212096617637027585e+00
2.193810296217345801e+00
2.175422561655329545e+00
2.214245889115785904e+00
2.195954604627723850e+00
2.177587473566752863e+00
2.214902200321245296e+00
2.196507183364984517e+00
2.178049488352304941e+00
2.159577629180881697e+00
2.141140633784264224e+00
2.122787283338728681e+00
2.104565382573000853e+00
2.138003407797404609e+00
2.119896690348037183e+00
2.101805599437860828e+00
2.083794207181594693e+00
2.065922590436538808e+00
2.102259935006125069e+00
2.083872627118871446e+00
2.065678687642182432e+00
2.047250734764053171e+00
2.080442498582605548e+00
2.062812666059372635e+00
2.044835393197286688e+00
2.026993342303349710e+00
2.008685900363009758e+00
2.048527323243209519e+00
2.030529497085551860e+00
2.012042249050230769e+00
1.993576543993899497e+00
1.975160673057683169e+00
1.956822456511284614e+00
1.938589146615699477e+00
1.982584388115236962e+00
2.021382245196991612e+00
2.060106249503040665e+00
2.042474013315338954e+00
2.024214126538882219e+00
2.005827059900561871e+00
1.987355643724524112e+00
1.968842657121067541e+00
1.950330511401140665e+00
1.995820250484372949e+00
2.035073157599226246e+00
2.073918090333729314e+00
2.056066868454575758e+00
2.094089003636839585e+00
2.076620229171326937e+00
2.058582665865276606e+00
2.040495942415038400e+00
2.078096542248113909e+00
2.115601694992039317e+00
2.152154384606487447e+00
2.135407844541362454e+00
2.168733905961426345e+00
2.152109915756579284e+00
2.134982748307795219e+00
2.117442937242614676e+00
2.099581230058318315e+00
2.080996688290023933e+00
2.116724599461248246e+00
2.098421594314704652e+00
2.136599343258640982e+00
2.118598881905846110e+00
2.100359318431697986e+00
2.081462887134831075e+00
2.062421934186061012e+00
2.042646564776593898e+00
2.022683705926405118e+00
2.002592458433777534e+00
1.982432871380382045e+00
1.962265388277786293e+00
1.942150210137171706e+00
1.922146600681164275e+00
1.901616216782807900e+00
1.882081939847020990e+00
1.862822149695025464e+00
1.843448736961448953e+00
1.824381531446179538e+00
1.805666528185192243e+00
1.847890521839957945e+00
1.893225565425438406e+00
1.874571341833070726e+00
1.856034812761096386e+00
1.901234421078017656e+00
1.882426777888938307e+00
1.863689918966834558e+00
1.844583308365377983e+00
1.891312814805579556e+00
1.936217041746686185e+00
1.917587313317603570e+00
1.898769153657372755e+00
1.879845016249859446e+00
1.924738062392115090e+00
1.968541468718099985e+00
1.950495808464681957e+00
1.998487272896985800e+00
1.982002535102503016e+00
1.965080915906594061e+00
1.947818324406961121e+00
1.930306476068828880e+00
1.912632765754356035e+00
1.894879979984554152e+00
1.877125948510352638e+00
1.859443197026649841e+00
1.841458361967356794e+00
1.823617898284994654e+00
1.865528273308983742e+00
1.847380467375656199e+00
1.829363793747628586e+00
1.874686450158572715e+00
1.918556276979983766e+00
1.900479745913188578e+00
1.942989356626004804e+00
1.924839757556065845e+00
1.906484760190038985e+00
1.948971095003656506e+00
1.930701598407865482e+00
1.912187641673821936e+00
1.893506709060277959e+00
1.874736513178062891e+00
1.855447597591941555e+00
1.901141554960597668e+00
1.882188545275153002e+00
1.862752263090723392e+00
1.843321211799535897e+00
1.891686570309068172e+00
1.937142094419024074e+00
1.918494414359138034e+00
1.899610698939907083e+00
1.880573935312099376e+00
1.860949796300358727e+00
1.841272857138508412e+00
1.820931002400694387e+00
1.800484378458407031e+00
1.779991179548988889e+00
1.759509351403903077e+00
1.739096117534588704e+00
1.718807463108151357e+00
1.698082058472655920e+00
1.678277528111567385e+00
1.735597017324409519e+00
1.782402805769230936e+00
1.764856704287806277e+00
1.810493823914464784e+00
1.793246207965499162e+00
1.775474243755281289e+00
1.757280054463420838e+00
1.738762922401900113e+00
1.720019039841017339e+00
1.773333090163422110e+00
1.755851388463932405e+00
1.801810398755071541e+00
1.844821592506388663e+00
1.828964884858760742e+00
1.868463195564029400e+00
1.853028833723313618e+00
1.890712606389448158e+00
1.925225527501395417e+00
1.911599851407731476e+00
1.897244845474424180e+00
1.882247822158004791e+00
1.866698783236514947e+00
1.850190387209077469e+00
1.833252479112330358e+00
1.874517745650765121e+00
1.915005853392362400e+00
1.951940868630793524e+00
1.995099102934278168e+00
1.981713158553423781e+00
2.012386579757106109e+00
2.041174878329280240e+00
2.029348016182697556e+00
2.017005811324748432e+00
2.003618578691751750e+00
2.033834102148202483e+00
2.021220649699935645e+00
2.008144173354645456e+00
2.037857464280723896e+00
2.024943467141011588e+00
2.011568562212691091e+00
2.041311696087531491e+00
2.070099801821085883e+00
2.057818389030542594e+00
2.044588970845844234e+00
2.030875624018869896e+00
2.058421113235867850e+00
2.045195921150039897e+00
2.073752907347552910e+00
2.061127883814924733e+00
2.047539803088468613e+00
2.033462215135830586e+00
2.061281260834233020e+00
2.047761185745233803e+00
2.076678027546691840e+00
2.063802321023535669e+00
2.049949259169992377e+00
2.077539610957632732e+00
2.104714387071888737e+00
2.129676459695718282e+00
2.117881330499486126e+00
2.140331567523120260e+00
2.128764873483144360e+00
2.150340009742131464e+00
2.139004754208202019e+00
2.126946997524061356e+00
2.114223777869544296e+00
2.100893029573709825e+00
2.130414385605712724e+00
2.116883377553748780e+00
2.145826881440378031e+00
2.132135254963513304e+00
2.160519391300933290e+00
2.146699807489083955e+00
2.132386719816414367e+00
2.117614040997794156e+00
2.102421772571312797e+00
2.086856221500796860e+00
2.070498589164391223e+00
2.053817827396011708e+00
2.036229583163124524e+00
2.018250973677760740e+00
1.999932599363989372e+00
2.042690865903479924e+00
2.024494450600474504e+00
2.005968682993995333e+00
2.048006626008092024e+00
2.029639596001272750e+00
2.069834504944002784e+00
2.052251371449860695e+00
2.033855320010135692e+00
2.073790220644611715e+00
2.110528023197937753e+00
2.093436449835822888e+00
2.075685265301789872e+00
2.112607489021709029e+00
2.095334861323973286e+00
2.077411743790080756e+00
2.059314378807648005e+00
2.098057346883670959e+00
2.079995020616997703e+00
2.061763650760386035e+00
2.042774322787313857e+00
2.023540857758427514e+00
2.066332029858505059e+00
2.104753826947105555e+00
2.086940324014546100e+00
2.068503743639767745e+00
2.049962786038700635e+00
2.030668514224265309e+00
2.011192591125144702e+00
1.991585093076037039e+00
2.037053549728432777e+00
2.077625829593659823e+00
2.115919214112599533e+00
2.097863231508062754e+00
2.079202124104607918e+00
2.060426462432802364e+00
2.040929404954914705e+00
2.021244277521428323e+00
2.001419312946260298e+00
1.981506346044282774e+00
1.961560028277727241e+00
1.941636945815271131e+00
1.921794653146116527e+00
1.902090668639177640e+00
1.882581477653712421e+00
1.863321588822947517e+00
1.901009980998527915e+00
1.882328239452896623e+00
1.926637223341427507e+00
1.976215182624698974e+00
2.017466495404071303e+00
2.052645355655070780e+00
2.085041104482870278e+00
2.070934791053017587e+00
2.099901278903754775e+00
2.086127554624146452e+00
2.071742436476938121e+00
2.099372250217636182e+00
2.127388225676952072e+00
2.114350130759475643e+00
2.100607390272727582e+00
2.086242485988901052e+00
2.071339906928903574e+00
2.055474749550282976e+00
2.039189357933256730e+00
2.021870632003005319e+00
2.004110345875868227e+00
1.985982681128265925e+00
2.029518963471315995e+00
2.011412387736646767e+00
1.992968435132298710e+00
1.974255562351931781e+00
2.019679845438977939e+00
2.001148364588524409e+00
1.982380455564084487e+00
2.026113787400291244e+00
2.065704477653051097e+00
2.047918344479459751e+00
2.029319360696822727e+00
2.010465625477584339e+00
2.052683869361407787e+00
2.033801684111258723e+00
2.014651747660158421e+00
1.995285489348009200e+00
1.975758338933214064e+00
1.956128956914165995e+00
2.006706652637034072e+00
1.987509861379883613e+00
2.030320151801455530e+00
2.070691457816253411e+00
2.052253180153679413e+00
2.091474744466170321e+00
2.073023772151392219e+00
2.111746296150801339e+00
2.147921402488727427e+00
2.130539375669265656e+00
2.112835573246063969e+00
2.094882693209364266e+00
2.076248828862575557e+00
2.113645071118146923e+00
2.095443643322358884e+00
2.076633374075726568e+00
2.115405629165250989e+00
2.097121604424961205e+00
2.134909596216686634e+00
2.117022332196349055e+00
2.152967084596354219e+00
2.187691878740036788e+00
2.219376015298009541e+00
2.256794360709142744e+00
2.282229226093282382e+00
2.269305695789963551e+00
2.255386495203078656e+00
2.240996488817581955e+00
2.225564644800741121e+00
2.256585501561469975e+00
2.241539000177579233e+00
2.225525988501509733e+00
2.209107522435262982e+00
2.242221502139941869e+00
2.225621570583920406e+00
2.208657792514945761e+00
2.242708057211892925e+00
2.273496053825929231e+00
2.257368745956589429e+00
2.240415768203115388e+00
2.223147651384400625e+00
2.257360735109560590e+00
2.240108590877899708e+00
2.222571660346852607e+00
2.204793853145289972e+00
2.186822392618434918e+00
2.224772696295892249e+00
2.206894215871072262e+00
2.188851432273536624e+00
2.170693462732634416e+00
2.209378298993909251e+00
2.191317142236171911e+00
2.173168285079052353e+00
2.210316503246346098e+00
2.192137539614980923e+00
2.173885726446126654e+00
2.155609667108765226e+00
2.137358666815739383e+00
2.119181945601193107e+00
2.101127876110376214e+00
2.083243267655068731e+00
2.065572725030683898e+00
2.093991422187061691e+00
2.128494340623229508e+00
2.162386605875482370e+00
2.145596883201569050e+00
2.128449472533458842e+00
2.111038902369477999e+00
2.143404620535771077e+00
2.125878371599406957e+00
2.108169573559889542e+00
2.142995490952613213e+00
2.177651483528862286e+00
2.215480364279074799e+00
2.199980826850579607e+00
2.183995564558522506e+00
2.167610778663082716e+00
2.150909599247135429e+00
2.133972197515659364e+00
2.116875679581393221e+00
2.099693845273270298e+00
2.082496880018267937e+00
2.065351016541214779e+00
2.096828887163997290e+00
2.079521862109044772e+00
2.062309477769440402e+00
2.044766105559574054e+00
2.027357363652688260e+00
2.010132379754431486e+00
2.048408477780990111e+00
2.030777485127279292e+00
2.012702676035269977e+00
2.052088099730893678e+00
2.034259281199564562e+00
2.072437153583547520e+00
2.109578565762941338e+00
2.091705862891991341e+00
2.073848442327610897e+00
2.110866935878878525e+00
2.092858702828287232e+00
2.129878151416092713e+00
2.112120302227751711e+00
2.094191112375880071e+00
2.130474326751271796e+00
2.112602758586990870e+00
2.094549430105670851e+00
2.075910605593594305e+00
2.057184868119006804e+00
2.037813125347943455e+00
2.018310530865964125e+00
1.998729011343118644e+00
2.042229219003475649e+00
2.082560947854247502e+00
2.063635913959457113e+00
2.044730138926607488e+00
2.085353160728342647e+00
2.066368334629417269e+00
2.047390183938470276e+00
2.027786309040235491e+00
2.070379605553072100e+00
2.051353660571384463e+00
2.031694345016791026e+00
2.073812439759208370e+00
2.113525774983417538e+00
2.095259349662196957e+00
2.132737736886029190e+00
2.114534050529945919e+00
2.096117535293875012e+00
2.133446671167101183e+00
2.169996999462147524e+00
2.152568107716386958e+00
2.134650948013159244e+00
2.169145255676285355e+00
2.202960826943319184e+00
2.186071009995641745e+00
2.168567853286613278e+00
2.200752932199057987e+00
2.242102712305733991e+00
2.226884451429965051e+00
2.211060994911832722e+00
2.194714555568981762e+00
2.177926400239581284e+00
2.160777089254196426e+00
2.143346406540049820e+00
2.125713058859336702e+00
2.107954213446149971e+00
2.137993922298522698e+00
2.120554608982704980e+00
2.102964824376339692e+00
2.137489665299764585e+00
2.119903731945394831e+00
2.155007445543501099e+00
2.137840581961085284e+00
2.120303476882004823e+00
2.102494512793410930e+00
2.084508841726409045e+00
