6.806696415636115383e+00
6.803428152241266957e+00
6.800218440717235246e+00
6.796774108305058348e+00
6.793268026507591983e+00
6.789970515768237291e+00
6.786518130950506489e+00
6.783134112851436193e+00
6.780238111280097790e+00
6.777352168832396551e+00
6.773812357577380538e+00
6.771206959661320468e+00
6.768756565938322645e+00
6.765483474497845151e+00
6.762335445968925107e+00
6.760091071863620904e+00
6.758088233981133008e+00
6.756214414691089409e+00
6.754431522297151602e+00
6.753253586190573365e+00
6.752196012910932410e+00
6.750020856721913098e+00
6.748042616829518892e+00
6.747272739061282110e+00
6.746733465985585099e+00
6.745291698668788527e+00
6.744948783814020743e+00
6.743499730534040282e+00
6.742192199341286774e+00
6.740995844508990587e+00
6.741051155872792577e+00
6.740070879210804833e+00
6.740402753667145141e+00
6.739591691372007531e+00
6.740315710562285290e+00
6.739221289867323605e+00
6.739392005595250090e+00
6.738418290998655635e+00
6.738854228911237421e+00
6.739110759574689524e+00
6.738367726632947807e+00
6.738868561016869485e+00
6.737904545268034617e+00
6.736943688124961582e+00
6.737494079901604316e+00
6.736556412351653478e+00
6.735694108515569489e+00
6.736196984909616603e+00
6.736755633308284530e+00
6.736997334285891981e+00
6.735963577193396112e+00
6.734924542024407046e+00
6.734184504395629212e+00
6.734378136645008617e+00
6.733394151286609564e+00
6.732587904715658489e+00
6.731744251002134583e+00
6.732021163212475123e+00
6.733186126067428390e+00
6.732068338152713771e+00
6.732276461566416792e+00
6.731236704233530155e+00
6.731610382924461788e+00
6.730628905860849720e+00
6.731048016599889827e+00
6.730297799400602798e+00
6.729278042043796759e+00
6.728265907285238434e+00
6.727260578382426637e+00
6.726485144051646436e+00
6.725527156533819273e+00
6.724744748273327133e+00
6.725297462644310720e+00
6.724587163782675958e+00
6.723738534902500064e+00
6.722833674640996904e+00
6.721944094984442231e+00
6.722842213412168810e+00
6.721884584883229152e+00
6.721051223562226618e+00
6.721699405784216985e+00
6.720995736167628465e+00
6.720427807432995948e+00
6.719709576400063611e+00
6.718943433187252623e+00
6.718195485704210768e+00
6.719317235602251692e+00
6.718492420880043170e+00
6.719452980014489540e+00
6.718745739345130197e+00
6.719640272066798481e+00
6.719147022622640186e+00
6.720051379745515696e+00
6.721205490958768181e+00
6.722953088687238399e+00
6.722236056020722827e+00
6.721561589402367254e+00
6.722535644202871197e+00
6.723418132256369972e+00
6.724282218159452817e+00
6.725126824010088100e+00
6.724699793544385074e+00
6.724093528135092868e+00
6.723406358259286897e+00
6.724639004632987138e+00
6.723850434330637782e+00
6.723059545094995038e+00
6.722362739835588741e+00
6.723087444384038491e+00
6.722392275307107923e+00
6.723304638933748301e+00
6.724266682737975565e+00
6.723471847728734296e+00
6.724801462628725801e+00
6.723884622906878050e+00
6.722992988636206313e+00
6.723652282552630588e+00
6.722862706425503987e+00
6.722165620915231621e+00
6.721583133898157314e+00
6.722693076938519141e+00
6.722364819716471374e+00
6.723685629520844032e+00
6.722993667039640187e+00
6.722342771483895696e+00
6.721729060820923252e+00
6.722790356893047381e+00
6.722326674097622856e+00
6.721962080206364654e+00
6.721715296863973066e+00
6.721607582437139072e+00
6.722773318638797235e+00
6.722333377315025338e+00
6.721898079599496256e+00
6.721705569497774313e+00
6.722884966079180735e+00
6.722497804184880188e+00
6.723754739705977812e+00
6.723498979804365838e+00
6.723368343115813772e+00
6.724497408028160983e+00
6.726485863682166944e+00
6.728093302809962317e+00
6.727645761797537816e+00
6.727220337885676749e+00
6.728418970666056431e+00
6.729470368707299421e+00
6.729172482535283883e+00
6.730443347234112750e+00
6.730303694192355302e+00
6.730297354928479692e+00
6.730237453194744646e+00
6.731832532075975983e+00
6.733713211709193125e+00
6.733304006562131683e+00
6.732915651595947182e+00
6.732664220274529043e+00
6.732471924431357557e+00
6.733789213209694147e+00
6.735565652721612118e+00
6.736872536335478223e+00
6.736760391759870181e+00
6.736389406091021215e+00
6.736031391750192832e+00
6.735794665886734478e+00
6.736756949904312286e+00
6.737746660011399769e+00
6.737327517627629270e+00
6.736921317665375497e+00
6.736527210198870463e+00
6.737493975470273178e+00
6.736562539753129464e+00
6.737051829434124173e+00
6.735794922611336943e+00
6.734411749139080250e+00
6.734225180814126688e+00
6.733942992659495808e+00
6.733491025198949487e+00
6.731467685445618798e+00
6.731145639761386690e+00
6.728789781978848694e+00
6.726333955336325943e+00
6.725513132217007417e+00
6.724382020738882915e+00
6.723049463740967013e+00
6.721826339853959276e+00
6.718932832963432134e+00
6.717665251459550291e+00
6.714671566212760290e+00
6.713390077812974255e+00
6.709809673534535612e+00
6.706144468064897168e+00
6.702398729081160411e+00
6.698576346023015660e+00
6.697210814891024100e+00
6.695362579260971003e+00
6.691333888188593981e+00
6.687244296490280959e+00
6.685451912741926073e+00
6.681261096445933134e+00
6.677016226351114803e+00
6.672719495517399402e+00
6.671046681028959924e+00
6.669387525339127265e+00
6.664976339794366211e+00
6.660520367697195354e+00
6.656021686409929750e+00
6.651482429061410961e+00
6.650025253997481123e+00
6.648584071487035452e+00
6.647159039026211858e+00
6.642513852630724358e+00
6.641157688354538458e+00
6.636459964288486724e+00
6.635221264076261782e+00
6.633944970167459765e+00
6.632259028172449611e+00
6.631006800151962643e+00
6.625801501322180265e+00
6.624991375018688622e+00
6.619722491624465910e+00
6.614451909506611216e+00
6.612436205265789901e+00
6.611091001163817538e+00
6.609381994021004125e+00
6.608117285889671066e+00
6.602166321590695830e+00
6.596139108704084819e+00
6.594354309156143401e+00
6.592597567624614463e+00
6.590866412197515345e+00
6.584633733623160623e+00
6.582972205873698357e+00
6.576615900830836026e+00
6.575021393978449424e+00
6.573445271355865316e+00
6.566924241201256507e+00
6.565412692926943627e+00
6.558772464609004871e+00
6.552057005182864380e+00
6.550659582718508567e+00
6.549276362979910004e+00
6.542412967708805205e+00
6.541095038296270481e+00
6.534128551395053108e+00
6.532876957272378604e+00
6.525814448878185736e+00
6.524630268968213187e+00
6.523457553678376541e+00
6.522296074976753566e+00
6.515084569705058115e+00
6.513992052317894910e+00
6.512909954350423192e+00
6.511838109469887392e+00
6.504496339230706248e+00
6.496617159644435979e+00
6.488721932678567228e+00
6.480815806427166592e+00
6.472212058586023886e+00
6.463527238762247329e+00
6.463203690475561203e+00
6.454475642650293388e+00
6.445672684571571942e+00
6.436799204524927376e+00
6.427860096313197324e+00
6.426356080353277989e+00
6.417303938939150854e+00
6.408196137643645152e+00
6.406838520907692569e+00
6.405504250838624181e+00
6.396243092935831598e+00
6.386939223212327654e+00
6.377600671343563121e+00
6.376469133688829949e+00
6.375354531129883817e+00
6.365893617054012132e+00
6.364858335703724279e+00
6.363837291240972860e+00
6.362829715630048177e+00
6.361834935090387333e+00
6.352179405765414621e+00
6.342520118828281817e+00
6.341671815884983410e+00
6.331979903377613184e+00
6.331212278292930762e+00
6.330454449940689621e+00
6.320184524038246821e+00
6.309961901150808572e+00
6.309798591421939662e+00
6.309197128954281197e+00
6.308603526616526125e+00
6.307318311867201821e+00
6.306729099884336165e+00
6.295565792251456294e+00
6.284392640698230004e+00
6.282762263936641389e+00
6.271539405169863635e+00
6.260317282216892210e+00
6.249103778118927366e+00
6.247775074274970031e+00
6.246487337992802757e+00
6.245235754378380300e+00
6.233874006655337752e+00
6.232727797744659348e+00
6.221329803397491531e+00
6.220283258147567551e+00
6.208858622980908848e+00
6.197473871675028612e+00
6.186139323563487835e+00
6.174865209769047958e+00
6.163661625323365811e+00
6.163016501765697264e+00
6.162385901137882982e+00
6.151161864032736126e+00
6.140030032558509099e+00
6.129000305882383870e+00
6.117543926666380472e+00
6.106225174510626630e+00
6.094359994571937555e+00
6.093766882135567720e+00
6.093255542838856620e+00
6.092790579405468421e+00
6.080902868695363672e+00
6.069079426593858351e+00
6.068065528971994915e+00
6.056230373961706270e+00
6.044468221074305703e+00
6.042030571104975323e+00
6.041173569732579907e+00
6.029410007769611113e+00
6.028654852972652911e+00
6.027922644591752643e+00
6.027211335781701429e+00
6.026519154361656305e+00
6.025844561301381574e+00
6.013788611185275634e+00
6.013205020688710434e+00
6.001166945849017331e+00
6.000673876729890388e+00
5.988664081032059272e+00
5.976761000128191448e+00
5.964972154823282580e+00
5.964727673866187629e+00
5.952995741562672194e+00
5.941394237643625509e+00
5.941322026345833507e+00
5.929796874363311154e+00
5.917876087160386156e+00
5.917949020420719464e+00
5.918049592162213379e+00
5.906172357728720179e+00
5.893757363743190147e+00
5.881435169968474597e+00
5.880748395561822939e+00
5.868596488349673734e+00
5.856542507871973946e+00
5.855892624042198236e+00
5.843853433517004703e+00
5.843330813167158411e+00
5.831305036884092630e+00
5.830899507638735990e+00
5.818888457007771464e+00
5.806982663407384671e+00
5.806764995728761924e+00
5.806572419961431031e+00
5.806402656014053143e+00
5.806253714034324886e+00
5.806123850761309768e+00
5.806011533524613633e+00
5.805915409818571682e+00
5.793524748877093344e+00
5.781254821608825978e+00
5.769111813235428876e+00
5.769269248076638767e+00
5.757181693291387958e+00
5.757431845480160071e+00
5.745409991537677286e+00
5.745752163070966922e+00
5.746102706536712290e+00
5.746461068757922952e+00
5.746826743346096222e+00
5.747199261246484170e+00
5.747578186551235646e+00
5.747963112895081217e+00
5.735058770114474846e+00
5.735508027193184866e+00
5.735983848282566910e+00
5.736463953260354742e+00
5.723534402891266026e+00
5.710089337351120342e+00
5.696751501524451200e+00
5.683524027641130516e+00
5.670410107092344276e+00
5.667234073063695199e+00
5.666968418769627647e+00
5.666751272751024970e+00
5.666576994862103867e+00
5.653458695759987940e+00
5.653412248440966792e+00
5.640308162897931687e+00
5.640381775298177303e+00
5.627296716007461619e+00
5.627484600018837213e+00
5.614425140661630564e+00
5.601483933030318774e+00
5.588668035260587530e+00
5.575984538005312352e+00
5.576545474769496913e+00
5.577121110294502415e+00
5.577710182317274779e+00
5.564920348601793521e+00
5.565609958257117462e+00
5.566309744631849910e+00
5.553511737635970391e+00
5.540874906188486548e+00
5.539766008974223332e+00
5.540589790797548986e+00
5.527622518385138406e+00
5.528518747871815187e+00
5.529442108675317158e+00
5.516509454439423088e+00
5.503053560753698115e+00
5.503711906793280484e+00
5.504455608682976120e+00
5.505243800438932134e+00
5.491747817567154577e+00
5.491872912275146845e+00
5.492784251544759577e+00
5.479417935328029010e+00
5.466153830279509407e+00
5.452997114310090154e+00
5.439953005589845070e+00
5.440444479742641448e+00
5.427410391034529269e+00
5.428020757286259546e+00
5.415002020213810496e+00
5.402110892529582209e+00
5.402918825457940777e+00
5.403751997799502327e+00
5.390785706866311422e+00
5.391726283528210928e+00
5.392687049207928851e+00
5.379658412835789605e+00
5.366778698437523865e+00
5.365661631192416792e+00
5.366738593209957386e+00
5.367828502400455726e+00
5.368930306966994692e+00
5.370043034976078822e+00
5.357089165602025638e+00
5.344284145932792107e+00
5.345596298248592504e+00
5.346915453293133780e+00
5.334103322692340221e+00
5.320920186808044683e+00
5.307924947890421130e+00
5.308354600808268486e+00
5.294817407621698280e+00
5.296929111999528317e+00
5.283373893971113233e+00
5.269934483083147825e+00
5.256614618734653632e+00
5.257337088677894954e+00
5.244041919794656614e+00
5.230870025771589660e+00
5.231878450269965342e+00
5.232945259007904859e+00
5.234063729624188532e+00
5.235228064060798658e+00
5.236433244700223533e+00
5.237674913895180140e+00
5.238949273345784086e+00
5.240252999870961936e+00
5.241583174760799935e+00
5.227573690073799462e+00
5.213685503193248749e+00
5.215226223840286224e+00
5.201362692609128757e+00
5.187637766301279818e+00
5.174060439065815586e+00
5.175897327918824509e+00
5.162372824451460396e+00
5.162061808610173053e+00
5.163912513840615226e+00
5.150580366456632753e+00
5.137405219388502253e+00
5.123860663931467663e+00
5.110500169198179066e+00
5.111575469205256184e+00
5.097665893099017076e+00
5.100413416331759819e+00
5.102687741267146748e+00
5.104961272264984196e+00
5.090848415051644871e+00
5.076844076749165602e+00
5.078114657834614576e+00
5.079476109729387900e+00
5.065369821672488726e+00
5.051373997305086405e+00
5.037495124563053039e+00
5.039258206453800071e+00
5.041077118590112427e+00
5.027087639393706731e+00
5.013223636838597841e+00
5.015292095360690539e+00
5.001441853997859788e+00
4.987731242058976555e+00
4.974168460234032807e+00
4.974378044685680678e+00
4.961068053640745212e+00
4.947903048827307693e+00
4.950413700777808401e+00
4.937292324372053010e+00
4.939918012043179374e+00
4.942556827924308394e+00
4.945207196987755793e+00
4.947867678595891050e+00
4.934470461743913461e+00
4.920718984545588093e+00
4.907153262551330108e+00
4.893785545737630471e+00
4.879893486450134432e+00
4.881275935806286270e+00
4.884023521492782294e+00
4.886814145871223758e+00
4.872855590016015981e+00
4.859003725378488348e+00
4.861294731561701887e+00
4.847405381859411833e+00
4.849851824945509371e+00
4.852352806364804927e+00
4.854903018602890086e+00
4.857497745716162996e+00
4.860132778762950245e+00
4.862804344382642974e+00
4.865509044691307849e+00
4.868243806576209032e+00
4.853324029710422316e+00
4.856185548011353603e+00
4.841234915897363322e+00
4.844220384857996109e+00
4.847226207073044968e+00
4.850250447447426616e+00
4.835020865267926737e+00
4.838165569656690757e+00
4.822927585070670098e+00
4.807818936246476937e+00
4.811184294228765701e+00
4.796091579922484804e+00
4.781153027228506325e+00
4.784730958200542617e+00
4.788315354241412969e+00
4.773292176425618649e+00
4.774424319617543766e+00
4.777972296251278728e+00
4.763161978570972011e+00
4.766820840911854873e+00
4.752066547564421484e+00
4.736941079222463102e+00
4.722010490175778230e+00
4.706568803568499604e+00
4.691237652641682132e+00
4.694188551729803649e+00
4.697944008951624895e+00
4.682727146350649683e+00
4.667634133442497557e+00
4.670891498565199917e+00
4.674225554581783904e+00
4.677627446825091795e+00
4.681089388118212291e+00
4.684604499706872538e+00
4.688166677608937682e+00
4.672300450864827148e+00
4.656546397457162811e+00
4.640916919130092744e+00
4.644847173292664166e+00
4.629206363845886685e+00
4.633275029159751313e+00
4.637370837937757173e+00
4.621583160176438554e+00
4.625810341243918877e+00
4.630057400827257474e+00
4.634321860928273473e+00
4.618260541777782002e+00
4.622650517476245113e+00
4.606607374513585818e+00
4.590734135693557150e+00
4.575046568281962323e+00
4.579765345152368106e+00
4.564134011319597839e+00
4.548716511521677219e+00
4.532984023210651969e+00
4.536037596943751637e+00
4.540920489271766947e+00
4.545798620568152870e+00
4.530123973418908712e+00
4.535579591432309599e+00
4.540551094143593147e+00
4.545514129337861142e+00
4.550467821611944075e+00
4.555411275154175321e+00
4.539308925288781715e+00
4.544834140003968237e+00
4.549866691942754393e+00
4.533713748338171534e+00
4.517067245635091766e+00
4.523260721037086540e+00
4.528495117544621529e+00
4.511681264143859948e+00
4.518310885137402977e+00
4.501550848801532112e+00
4.484939381922282031e+00
4.468490685879313418e+00
4.452218291362998848e+00
4.455347848496265861e+00
4.439200554571256951e+00
4.423244217172633164e+00
4.407490357535701619e+00
4.412404863533798682e+00
4.396692584875723675e+00
4.381198124073187650e+00
4.365932315021875176e+00
4.350905421556063857e+00
4.354317535260291194e+00
4.339581513788453471e+00
4.344970640455221300e+00
4.330291953547806827e+00
4.315850317604803976e+00
4.319791185238766928e+00
4.325324492799401455e+00
4.330881121666547706e+00
4.316278553717436850e+00
4.301381755320387690e+00
4.307121652223599106e+00
4.292311520381388412e+00
4.277070348980806180e+00
4.261984775880984344e+00
4.247060157928696178e+00
4.232301523877841198e+00
4.237507422241821864e+00
4.242835626219584100e+00
4.227824038751197833e+00
4.212975968831235818e+00
4.198297419750727677e+00
4.183794291448810654e+00
4.187622790208751056e+00
4.173316103967761315e+00
4.179161310139843266e+00
4.185066510317871469e+00
4.170528135686014437e+00
4.156148741548280512e+00
4.160477317918116036e+00
4.166567624357019994e+00
4.172693687567550214e+00
4.158033059944228782e+00
4.143537197459527199e+00
4.149925382717799316e+00
4.156336878064822216e+00
4.141650771409323362e+00
4.148196180135209410e+00
4.154756661861163103e+00
4.139889488959171970e+00
4.125204743446667877e+00
4.132001893133926629e+00
4.138806468895164237e+00
4.145615964032099754e+00
4.152427889480162726e+00
4.159239771841750866e+00
4.166049156945278220e+00
4.150518059643424351e+00
4.135165733938144683e+00
4.142215562826102371e+00
4.149257691881862442e+00
4.156290059598545028e+00
4.163310603625881789e+00
4.147495283474005312e+00
4.154630593821180717e+00
4.161750051909677950e+00
4.168851731322432030e+00
4.175933709166937291e+00
4.182994066446319437e+00
4.166610364998629912e+00
4.150396939622732262e+00
4.133820183686321315e+00
4.141239916088196082e+00
4.124719853929446067e+00
4.107700083865822194e+00
4.116323049624998731e+00
4.099209465568264044e+00
4.108293240402827173e+00
4.091199805932432376e+00
4.074236779002735176e+00
4.057419959182491986e+00
4.040764735188814072e+00
4.024286025180386694e+00
4.031500999998654855e+00
4.038845654415245789e+00
4.022132744131808657e+00
4.029718204819753069e+00
4.037395131868236398e+00
4.045150251544582076e+00
4.027993948337437402e+00
4.011006672235311932e+00
3.994205863467367390e+00
3.977608676715196356e+00
3.983627596907901136e+00
3.967302743151676747e+00
3.951177110015433591e+00
3.935269806255149661e+00
3.941881701624363021e+00
3.926114619544728956e+00
3.934579702896331632e+00
3.943060538115479741e+00
3.951551717564555588e+00
3.935405183940296592e+00
3.918966986632406613e+00
3.927670867479351458e+00
3.936411526176804454e+00
3.945664045104741557e+00
3.928856824285282379e+00
3.912277199584580423e+00
3.895949602527862154e+00
3.905219630641967310e+00
3.888103104378535679e+00
3.898527718182917656e+00
3.907687208409501789e+00
3.890395486289741189e+00
3.873247377704206684e+00
3.856257494920674933e+00
3.864695990954751803e+00
3.873295937894619012e+00
3.882032172886045185e+00
3.864517598292978473e+00
3.847149145516598256e+00
3.856293307099996071e+00
3.838853919385732727e+00
3.821579947353533235e+00
3.831089738214947804e+00
3.840669335061722922e+00
3.823104721422865726e+00
3.832881731264208280e+00
3.842704004289705377e+00
3.824859574943371143e+00
3.834863441555177666e+00
3.816965982365140508e+00
3.827140720609800706e+00
3.837332891952094371e+00
3.847534845128750103e+00
3.857739203491006297e+00
3.867938858525340695e+00
3.878126965941177229e+00
3.859205582479645180e+00
3.840405265573940241e+00
3.821750369296204486e+00
3.803265618705064632e+00
3.814115621019132707e+00
3.795615527054950533e+00
3.777321905159169990e+00
3.785822557494510132e+00
3.796616234911016630e+00
3.778480246013478983e+00
3.789397751072890674e+00
3.800264301594974192e+00
3.781958160685293890e+00
3.792947583443160298e+00
3.774646612725780059e+00
3.785751834134665206e+00
3.767463796727704928e+00
3.778677992704785993e+00
3.760410308187072115e+00
3.771726545292417576e+00
3.782983807291574685e+00
3.794176644301729961e+00
3.775582542968289435e+00
3.786885350517377624e+00
3.768312697431897451e+00
3.749393290430582670e+00
3.730700590281603723e+00
3.711519893194056952e+00
3.692486564654455794e+00
3.673624941899505281e+00
3.654958550426421926e+00
3.664734616713620774e+00
3.646121128072965512e+00
3.657504871201092467e+00
3.669017302598255981e+00
3.680630716681589920e+00
3.661450976282775827e+00
3.642444194822933135e+00
3.623634294426717695e+00
3.605044786803202506e+00
3.614298881363179117e+00
3.626270658151242721e+00
3.638252138011760728e+00
3.650225381868407393e+00
3.631366388093553610e+00
3.612640754304433433e+00
3.625009271147513257e+00
3.606240109539421201e+00
3.587642023437844774e+00
3.569246122718214842e+00
3.582121696361145080e+00
3.563709577860624478e+00
3.545537620088093256e+00
3.556506793528696253e+00
3.569414088146041664e+00
3.551157519069106705e+00
3.564181262334485734e+00
3.545933503093724237e+00
3.527403440652439048e+00
3.540651910680478576e+00
3.522146096272845028e+00
3.503918073093348351e+00
3.485253263853441030e+00
3.466775103609880837e+00
3.480921868296930732e+00
3.494378010791738376e+00
3.507878900150111612e+00
3.522082678590197968e+00
3.503035500839512206e+00
3.484146177584671822e+00
3.498618073264454953e+00
3.512381171812384739e+00
3.493274121345109950e+00
3.474330805469986405e+00
3.489928146967336886e+00
3.471097637947103465e+00
3.485960545748356676e+00
3.499975157020185357e+00
3.480921786372142446e+00
3.462050642032400649e+00
3.477972667368110393e+00
3.459224906466467075e+00
3.440692434822045787e+00
3.456879463965806032e+00
3.471110673085657350e+00
3.452428318159042053e+00
3.433972237261104787e+00
3.415762492007445861e+00
3.397817977426170533e+00
3.380156334151517061e+00
3.362793862922432986e+00
3.345745484922060253e+00
3.356102645197734713e+00
3.369651423993269113e+00
3.352469919796622122e+00
3.366238655689591130e+00
3.348959311621154900e+00
3.331952242870487524e+00
3.346009499903966677e+00
3.328914416723273373e+00
3.343153539217037729e+00
3.357470000733538296e+00
3.339943979502174365e+00
3.354428722754072112e+00
3.336830052206182895e+00
3.351472235843484970e+00
3.333806950808308134e+00
3.348596529373180530e+00
3.363402449405340722e+00
3.345364174140069924e+00
3.360310806884277746e+00
3.342217608549429730e+00
3.357296323122586745e+00
3.372352474968152158e+00
3.387366925559939457e+00
3.368682267477207226e+00
3.383830630725461308e+00
3.365098570453679994e+00
3.346581168952180274e+00
3.362024933341386301e+00
3.377406160962792114e+00
3.358597165067404688e+00
3.374091225276405925e+00
3.355249047213006541e+00
3.370849375231325773e+00
3.386360128679130721e+00
3.401764687947405719e+00
3.382453285093707684e+00
3.397974900466306014e+00
3.378630726480760238e+00
3.394262935699055905e+00
3.409765022843519233e+00
3.390207000247742908e+00
3.405823151781981473e+00
3.421290873041766822e+00
3.401540713708488539e+00
3.417126391090090642e+00
3.432546433635148997e+00
3.447787902540347726e+00
3.462838831059425804e+00
3.442706238975765221e+00
3.422620978001882364e+00
3.402623345823047263e+00
3.418430463071591152e+00
3.398410752595776074e+00
3.378528435985580280e+00
3.394697312174637105e+00
3.374808748640460987e+00
3.391057269064846835e+00
3.371165903318398716e+00
3.387489566416570508e+00
3.403639092934980681e+00
3.383580165116891081e+00
3.363690569410090259e+00
3.380163208378617501e+00
3.360280566420748904e+00
3.376815039313906475e+00
3.393179146191322548e+00
3.373123369265120353e+00
3.352708506304462155e+00
3.332500275313187377e+00
3.349864359147482151e+00
3.329673578027824377e+00
3.347121401648941674e+00
3.363901382831102627e+00
3.343531452550511318e+00
3.323393181069478342e+00
3.302751585483872709e+00
3.282265704208730650e+00
3.300106822720132893e+00
3.317145469976049199e+00
3.334863085110081560e+00
3.314123368086135724e+00
3.331171789098343439e+00
3.310358668811719252e+00
3.328319651493041320e+00
3.307529911700367364e+00
3.286879879096885393e+00
3.266402666161609680e+00
3.246130778672688511e+00
3.263407799114171670e+00
3.280791240729994840e+00
3.260044920662573453e+00
3.277690033186379637e+00
3.295354247239656420e+00
3.274204190691802907e+00
3.253204378775472083e+00
3.271330144478177271e+00
3.250223029905861871e+00
3.229298826087603214e+00
3.208593256119210757e+00
3.224132721663136802e+00
3.203786652531196655e+00
3.222182435854884730e+00
3.201764957338008255e+00
3.181545078523547510e+00
3.200308285656872531e+00
3.218968454461876849e+00
3.237489886817065177e+00
3.216735723560403937e+00
3.196132629681095239e+00
3.175724784360082431e+00
3.155555795667568386e+00
3.135668197126069145e+00
3.153008591692005869e+00
3.172139219907502028e+00
3.152084641836443879e+00
3.171288685436920662e+00
3.151208183876197388e+00
3.170479811715077645e+00
3.189600435243301835e+00
3.169237845016195099e+00
3.149105744520995565e+00
3.128689566434623703e+00
3.148270363019824547e+00
3.127843542123800447e+00
3.107701511065594335e+00
3.128489540606238073e+00
3.148184272371467696e+00
3.127715569578025878e+00
3.147933842989661279e+00
3.127444395857687187e+00
3.147699221354166799e+00
3.167831198354106981e+00
3.187209858057812983e+00
3.166734303253973870e+00
3.186166406453762701e+00
3.205381443562065780e+00
3.184687645316340632e+00
3.203965656550596730e+00
3.183251781682481685e+00
3.202588798813097437e+00
3.181856832965450632e+00
3.161308569002405644e+00
3.140432355195254210e+00
3.160314953853823994e+00
3.139440723955983614e+00
3.159876331308720587e+00
3.180133488160710620e+00
3.199600123318158129e+00
3.218807928673869778e+00
3.237733160902688923e+00
3.216682613040196870e+00
3.195729198804104776e+00
3.215075238886198949e+00
3.194106756694518712e+00
3.173287033398083601e+00
3.152121613671458267e+00
3.172624963808024834e+00
3.151455701262831255e+00
3.130498651398776033e+00
3.151209503133899137e+00
3.130254245680938574e+00
3.108822711655517601e+00
3.130290509301861590e+00
3.151258105143965427e+00
3.130306074635003544e+00
3.151059585282731224e+00
3.171632291779812540e+00
3.150463588603679810e+00
3.129508789267386959e+00
3.150239802908938902e+00
3.170835316530346670e+00
3.149664301876263561e+00
3.170230748236975149e+00
3.149057360081084056e+00
3.169640748603891556e+00
3.189432150201080063e+00
3.168603658681782953e+00
3.188424719791703499e+00
3.167592873178949997e+00
3.146407830958569019e+00
3.125446921213695273e+00
3.146283607249100278e+00
3.125327715228844117e+00
3.146207113651110721e+00
3.166910198329324189e+00
3.186765873752040790e+00
3.165938394074335971e+00
3.185820164434353341e+00
3.205436765288732559e+00
3.184435176057746286e+00
3.163601530999618827e+00
3.142411750969669182e+00
3.120743690687691529e+00
3.142383380901725864e+00
3.121435701299684062e+00
3.142400551776243223e+00
3.121458451361236452e+00
3.100021726182964787e+00
3.078748250227898442e+00
3.101947427787906886e+00
3.122571417440778596e+00
3.101025135458069126e+00
3.123004472635027451e+00
3.101465234961718220e+00
3.080074103609317326e+00
3.058870202262739646e+00
3.084289330287956599e+00
3.063264491124466637e+00
3.042474202763353563e+00
3.021955052186410473e+00
3.001741580088961303e+00
2.981865896855231401e+00
2.997391759188416049e+00
2.977885911606398484e+00
2.958685638932862627e+00
2.978670149857808536e+00
2.959340700175725924e+00
2.940330972811080024e+00
2.921669758669261263e+00
2.942202242169289050e+00
2.923399365502119984e+00
2.904958358636784421e+00
2.886424280216934868e+00
2.903836509889160755e+00
2.885695618288325992e+00
2.906529896315621198e+00
2.926889673135487424e+00
2.908716977322157948e+00
2.929228821544795913e+00
2.949653594463247153e+00
2.969925266399272790e+00
2.989980529655595465e+00
2.970928269458982474e+00
2.951980346620731055e+00
2.972507873478163809e+00
2.992762366810167052e+00
3.012689136618295738e+00
2.993395502493964244e+00
2.974130412106625876e+00
2.994589490875313231e+00
3.014674898255925051e+00
2.995270815174638113e+00
2.975878177678802583e+00
2.996499121876242011e+00
2.977054001643319125e+00
2.997729521577482625e+00
3.017976456717390121e+00
2.998438935699062835e+00
2.978889924797382793e+00
2.999681131862479866e+00
3.020013364702405667e+00
3.039849191732286293e+00
3.059157276514559154e+00
3.039650512429172835e+00
3.020012048277436634e+00
3.039992947841335003e+00
3.059419374289638505e+00
3.078854232946621305e+00
3.059792637723802944e+00
3.078350015629751191e+00
3.059240545429271041e+00
3.077874599261121169e+00
3.097030076555010503e+00
3.078593732437649333e+00
3.096173986165501546e+00
3.114116227963610317e+00
3.095931947737589951e+00
3.077195938695933108e+00
3.057990588817524280e+00
3.038398133511809096e+00
3.054610480072120104e+00
3.034673621155998813e+00
3.014584161068928569e+00
2.994395501357848488e+00
3.015705469662205651e+00
2.995514446253267238e+00
2.975277199525652616e+00
2.955053598663428094e+00
2.977387126316458410e+00
2.957165402490936401e+00
2.979439354705781362e+00
2.959219031441597370e+00
2.938507691945813516e+00
2.917879257245241220e+00
2.941466750815156850e+00
2.920842316971949515e+00
2.899610514191788280e+00
2.878401447820901904e+00
2.904498066918781873e+00
2.883252438190033295e+00
2.862064216734327093e+00
2.888969781326844011e+00
2.867877993573116679e+00
2.893154697777504225e+00
2.916588847114724992e+00
2.895376964091340266e+00
2.874189479683273429e+00
2.853076609054212120e+00
2.881466658793623736e+00
2.860539349308360624e+00
2.839737742852649571e+00
2.819110541494768807e+00
2.848250719908009376e+00
2.827785069041506727e+00
2.853345920244418910e+00
2.876981601669006849e+00
2.856226955269461243e+00
2.881361718462377208e+00
2.904681208636391343e+00
2.883738749375126531e+00
2.908372757833530553e+00
2.931952746715337454e+00
2.954920050701483447e+00
2.934529757769159808e+00
2.914243179347050905e+00
2.937451541470798677e+00
2.917150005808039293e+00
2.940350882207131811e+00
2.963141037020084578e+00
2.943248351610029179e+00
2.965427450001559162e+00
2.987128054163949997e+00
2.967149858598123302e+00
2.988831458373834238e+00
2.968838611876313038e+00
2.990500567465040671e+00
3.011625542465525385e+00
3.032178062211952962e+00
3.052130225881138692e+00
3.032300429766976890e+00
3.052289430745163568e+00
3.032434447299235281e+00
3.012436419865615722e+00
3.033084641606514698e+00
3.053110983779252496e+00
3.033221273117442607e+00
3.053276589452541767e+00
3.033365822459227701e+00
3.053447504875604679e+00
3.073450982180414570e+00
3.092258356808020636e+00
3.111165493793459635e+00
3.092836044283118202e+00
3.110060847086601576e+00
3.127667462518248342e+00
3.144599513128232271e+00
3.126943584184306069e+00
3.142779416567618611e+00
3.162069601000369268e+00
3.177552741848463924e+00
3.196732263873983459e+00
3.181753284416038774e+00
3.194486652770285318e+00
3.208145690866123445e+00
3.221289783440472565e+00
3.206806880199490006e+00
3.191753204557737700e+00
3.176206268808277944e+00
3.160243177799288095e+00
3.143940997725501063e+00
3.126833643881946845e+00
3.144408900142019458e+00
3.162141530770899767e+00
3.145277575844783069e+00
3.162546839108285823e+00
3.145461926666361929e+00
3.127675935508374305e+00
3.145452906785955793e+00
3.163407886250298784e+00
3.145962028195696814e+00
3.163449218393577400e+00
3.180559023677183905e+00
3.162950439557255855e+00
3.180152774772206925e+00
3.196964132451932006e+00
3.213372751468570154e+00
3.229370021578924721e+00
3.244950124965122917e+00
3.227421750448079774e+00
3.209649218124206005e+00
3.225932393450690050e+00
3.208024857353886095e+00
3.189930565983356558e+00
3.206860815702779810e+00
3.188658801926218089e+00
3.205687748746275378e+00
3.222296536453776561e+00
3.204051027589074341e+00
3.185652131796942843e+00
3.202882404307703545e+00
3.184398380054530353e+00
3.165821151115870702e+00
3.147204169211597513e+00
3.165418927617047462e+00
3.146747836809007381e+00
3.127519669691432913e+00
3.107606562870580458e+00
3.087625458341623386e+00
3.108821824512992382e+00
3.088789958911449141e+00
3.109580291725221990e+00
3.089527106906421405e+00
3.110301515768432612e+00
3.130090684775876042e+00
3.110075319065217947e+00
3.090009313602097407e+00
3.069939366733818176e+00
3.049912846233119978e+00
3.029977095218624239e+00
3.010178779672625371e+00
2.990563258140086056e+00
2.971173997219808349e+00
2.989100145222531424e+00
3.009148177906299182e+00
2.989429600946798882e+00
2.969912964966876512e+00
2.950638495707082143e+00
2.971417494368003176e+00
2.992240076539427474e+00
2.972465917762582510e+00
2.952913591536207694e+00
2.933623275067003267e+00
2.955048974089091729e+00
2.976465745168953791e+00
2.997811256133252833e+00
2.977701456226023780e+00
2.957786748135414090e+00
2.938109710222056581e+00
2.918711739213127654e+00
2.940820440944136749e+00
2.921308998939065482e+00
2.943522179992966947e+00
2.965647697682176176e+00
2.945665368225479863e+00
2.925938267323068054e+00
2.948349401571367157e+00
2.928524343267590258e+00
2.908436493558772984e+00
2.931079731741010885e+00
2.910906718946301819e+00
2.891025935235287392e+00
2.914870273585779437e+00
2.937658929371621319e+00
2.917309096077892683e+00
2.897234358539831689e+00
2.876751417590587945e+00
2.897441592937296750e+00
2.877275152522615009e+00
2.901008277491825549e+00
2.923857178449870364e+00
2.904189936356034174e+00
2.884035176416638091e+00
2.863975530033753714e+00
2.888858945734924077e+00
2.911972561909771606e+00
2.934064818144622944e+00
2.956335465987944389e+00
2.936877581548667848e+00
2.958600637756594320e+00
2.939102926668306637e+00
2.960828624368478046e+00
2.941293162015008011e+00
2.963019019779729035e+00
2.943447764707416869e+00
2.923463243592649530e+00
2.946083783503956166e+00
2.926066582381374737e+00
2.906186563737365613e+00
2.929075551134635358e+00
2.909160777221245997e+00
2.932066652750725755e+00
2.954629840357038351e+00
2.976208199320338643e+00
2.997328912964978276e+00
2.977570593242935715e+00
2.998702570540757506e+00
2.978916868632290882e+00
3.000057425162603764e+00
2.980245943738553116e+00
2.960449648152474911e+00
2.940724140871112446e+00
2.962766788562100739e+00
2.984352715047258631e+00
2.964518009859380410e+00
2.986091705223182124e+00
2.966236011583423426e+00
2.946431238678667519e+00
2.926175008349433782e+00
2.948574081740398256e+00
2.928308724614849812e+00
2.908163505755342104e+00
2.931889238333353909e+00
2.954773741993419023e+00
2.934473689825940923e+00
2.957262466084017660e+00
2.936947177466808778e+00
2.916723057760659543e+00
2.895925228422342457e+00
2.875161992340371508e+00
2.854479392656790626e+00
2.881762265413820412e+00
2.861102190405413026e+00
2.840559051471807539e+00
2.867316232580837898e+00
2.846836830656181316e+00
2.871903529559047819e+00
2.851397144073585466e+00
2.831034828840823803e+00
2.810860809952482331e+00
2.836945670056674640e+00
2.859957565609320795e+00
2.882785205879367485e+00
2.905927533813252861e+00
2.885807168472033002e+00
2.865624654655922754e+00
2.845441339767183386e+00
2.825315932591592638e+00
2.846693344582015062e+00
2.873489620166500558e+00
2.899181601209057657e+00
2.879146295777875064e+00
2.902716786375418412e+00
2.925655926846241428e+00
2.906310775858136797e+00
2.886296559784743643e+00
2.909042670902552530e+00
2.888978513302102868e+00
2.913039794040734876e+00
2.935075651585507650e+00
2.957227268086338956e+00
2.978377158227999644e+00
2.999052303308653578e+00
3.019220168575777130e+00
3.038854749923854737e+00
3.019924193608173546e+00
3.000789803566980662e+00
2.981512070800988567e+00
2.962153723584472598e+00
2.942779031566062908e+00
2.964916214241931858e+00
2.945426454324458376e+00
2.967496986015144333e+00
2.989076656699292123e+00
3.010123101811465585e+00
3.030601966084468302e+00
3.010955153087973901e+00
2.991207053570252850e+00
3.012241544226882173e+00
2.992446777955279913e+00
2.972605200441905904e+00
2.952773885488800154e+00
2.974784378194781365e+00
2.996273212659609442e+00
2.976378895516457401e+00
2.997842886845873078e+00
3.018742195844092091e+00
3.039046955387045390e+00
3.058734583083595915e+00
3.039057776372433128e+00
3.019214633054167596e+00
2.999255594596846652e+00
3.020221180245325154e+00
3.040574881520773598e+00
3.060295609885713919e+00
3.079952183021342105e+00
3.060779086389304737e+00
3.079537332370214653e+00
3.098769265311089427e+00
3.080307378675177787e+00
3.097952553852081792e+00
3.115922399584757585e+00
3.097743219079090782e+00
3.114729718286437521e+00
3.132111689260586918e+00
3.148820389702420286e+00
3.167649412714391932e+00
3.182822979181470835e+00
3.201387505271485967e+00
3.186551040987907868e+00
3.171203399922061017e+00
3.187429659826723327e+00
3.203239181157538251e+00
3.187462639051263480e+00
3.203372651229911661e+00
3.218866694280669183e+00
3.233943520093421231e+00
3.248604141460969430e+00
3.262851451696956673e+00
3.276689891704773316e+00
3.260965363024760588e+00
3.274993217595382866e+00
3.258971082072679160e+00
3.273187953165112685e+00
3.286990121870216441e+00
3.300383657801560844e+00
3.313375518168387046e+00
3.325973358312896977e+00
3.338698477147348243e+00
3.353091791033768754e+00
3.364445436975155967e+00
3.380134062650065108e+00
3.390394237005107669e+00
3.377771482824669214e+00
3.364693596262430919e+00
3.373727075328292635e+00
3.360651782727005266e+00
3.347162493050679366e+00
3.333320041293503788e+00
3.342264791061696716e+00
3.328131517719110199e+00
3.339736387773573512e+00
3.325497442282854266e+00
3.310518685683945250e+00
3.295352252151777961e+00
3.279329785782735485e+00
3.292046365958773535e+00
3.275689880526165165e+00
3.259157749909207702e+00
3.242483402606750165e+00
3.225702237037316067e+00
3.239450287673241835e+00
3.222501637498129234e+00
3.236651676452802828e+00
3.250727701231271194e+00
3.264681126075949180e+00
3.278469404301561863e+00
3.292586743898060053e+00
3.275785521321581406e+00
3.289309594893676358e+00
3.272337747675771791e+00
3.255054701575668563e+00
3.268586022027941684e+00
3.250899204187535751e+00
3.265773294641031388e+00
3.247948353475623495e+00
3.263034430523098273e+00
3.245079149698775645e+00
3.226957756129214872e+00
3.208710326478843911e+00
3.190379875142141941e+00
3.207095452614899145e+00
3.223491806371944879e+00
3.205062427725012153e+00
3.221599142563794427e+00
3.237786114998356890e+00
3.253605840783250436e+00
3.269043794913019330e+00
3.250685623295581639e+00
3.232142402924463198e+00
3.213455695208567331e+00
3.230104910272566521e+00
3.211343695980258595e+00
3.192489193647770396e+00
3.209734462827203316e+00
3.226593340896935391e+00
3.207704255105335633e+00
3.224669444518482475e+00
3.205719145005108572e+00
3.222785186334556240e+00
3.239440261447148028e+00
3.220487793541523480e+00
3.201419884028270157e+00
3.218691312467688359e+00
3.235545009368751224e+00
3.251967365182665937e+00
3.232986938759412787e+00
3.213859947576476195e+00
3.230931838748945850e+00
3.247565565854039438e+00
3.263750395510861324e+00
3.280058870889773548e+00
3.261598628233673303e+00
3.277085837322449624e+00
3.292521432188220132e+00
3.308239175346924021e+00
3.322785486851347336e+00
3.336864113794579367e+00
3.319794459782055451e+00
3.332879350891393866e+00
3.346674552096037480e+00
3.329767799546421880e+00
3.312230472299563910e+00
3.294132084650138736e+00
3.275542643755805727e+00
3.256533331163260936e+00
3.237176839836009012e+00
3.217547442768376342e+00
3.197720792896628694e+00
3.211190753346884197e+00
3.228864257476440791e+00
3.246046004919638239e+00
3.226450154449001850e+00
3.206719652658010400e+00
3.186908671149680572e+00
3.167074612549547918e+00
3.146708112922410816e+00
3.126401428958526463e+00
3.146497854605186273e+00
3.126211535568577116e+00
3.146327590729685930e+00
3.126059519639249551e+00
3.146151060006030065e+00
3.165335727882691241e+00
3.184620036216447847e+00
3.202915680866059933e+00
3.220759332331229796e+00
3.201021482409900365e+00
3.218921929898735268e+00
3.236354150038846189e+00
3.216680698466880539e+00
3.234186737977801762e+00
3.214489458694165247e+00
3.232065881346739999e+00
3.212346689442131975e+00
3.229990290707783540e+00
3.247152977300678423e+00
3.227516523105432800e+00
3.207751527747247255e+00
3.187912337946547048e+00
3.168056348044037129e+00
3.147680686237668723e+00
3.167393242818512977e+00
3.147029733711473654e+00
3.166737810103561035e+00
3.185479434796505860e+00
3.203790609042915793e+00
3.183961257790130173e+00
3.164130219393747279e+00
3.143787673222677270e+00
3.123526278645668786e+00
3.102627275161748521e+00
3.081758312247435239e+00
3.060970362787742260e+00
3.040313886438979374e+00
3.063679558876330145e+00
3.043314669950243356e+00
3.064657488165010601e+00
3.084872294549545479e+00
3.064339735352645810e+00
3.085526213625511271e+00
3.065024548271033211e+00
3.044654444175122432e+00
3.024461127156756302e+00
3.004488045952006914e+00
3.024785302792835751e+00
3.004628299696106009e+00
3.025251410196023283e+00
3.004924462279772612e+00
3.025833473945303886e+00
3.005349597072065837e+00
3.026510499550189692e+00
3.047633788950231182e+00
3.068643162859078455e+00
3.089468073300462247e+00
3.110044432430905115e+00
3.130315051955850691e+00
3.150229843296667109e+00
3.128751204533892771e+00
3.107148642748880807e+00
3.127789229614624134e+00
3.148016702112315102e+00
3.167796402824208268e+00
3.146212082223094342e+00
3.166150672165276347e+00
3.144472944822671590e+00
3.164559895690531643e+00
3.142795199118023408e+00
3.120836949630355406e+00
3.141694208781609987e+00
3.119666997895624405e+00
3.140633922657591892e+00
3.118542612410763137e+00
3.139611815503687176e+00
3.117460868550192110e+00
3.095154129484398275e+00
3.116940465043898989e+00
3.138167541994486331e+00
3.158818647736334473e+00
3.136717861409235919e+00
3.114409055459114395e+00
3.091940238703298593e+00
3.069363761413153924e+00
3.046735915704518849e+00
3.069942496145487532e+00
3.092595893547698260e+00
3.114672157964319954e+00
3.136153130975825931e+00
3.157025783457219514e+00
3.177281599481164953e+00
3.155233991285237405e+00
3.175597579645577095e+00
3.153489535416816203e+00
3.173955594176023798e+00
3.196823362417898551e+00
3.175326348543642041e+00
3.194998786442047045e+00
3.214027521817932609e+00
3.192716149767270029e+00
3.211858934853017544e+00
3.190482762035211639e+00
3.168793858092626703e+00
3.188793423906675084e+00
3.167059439341691984e+00
3.145046719443436611e+00
3.122215735488673261e+00
3.143752760708089511e+00
3.165172739970173232e+00
3.142587106921418627e+00
3.119733669457850578e+00
3.096665375332136705e+00
3.119992076654567459e+00
3.141652831892536302e+00
3.118793969786376241e+00
3.140977844981004186e+00
3.118109674823122734e+00
3.095031312694679571e+00
3.071801701546608587e+00
3.048484887315129122e+00
3.071904111193515696e+00
3.048653622078834946e+00
3.072138403026853037e+00
3.048941111586242592e+00
3.025726713820645841e+00
3.049832353804522889e+00
3.026669178735157839e+00
3.003556605091751486e+00
2.980565650370561759e+00
2.957188816358000238e+00
2.933282853963142145e+00
2.957914081061568279e+00
2.934281187782784794e+00
2.960893491134672040e+00
2.986358107719597754e+00
3.010735215632053485e+00
3.034592456637455804e+00
3.058448156992486400e+00
3.036168963506020280e+00
3.059099525444968215e+00
3.036839869046324747e+00
3.059747457185249875e+00
3.037505235659959446e+00
3.015173503088527607e+00
3.037781165120387428e+00
3.061523236995623343e+00
3.039319325082264545e+00
3.017020543787776621e+00
2.994708670129230477e+00
2.972465088608577055e+00
2.995649816025108159e+00
3.019699238357934856e+00
3.043225015249849452e+00
3.066757286744473454e+00
3.089187171350909811e+00
3.111018478626080608e+00
3.089110872828345844e+00
3.066975154273219761e+00
3.044683715173610583e+00
3.066710638129401367e+00
3.089168241865608344e+00
3.067123578836236319e+00
3.089159344662188111e+00
3.111016833427360684e+00
3.132256202729317707e+00
3.110504055559414116e+00
3.131308023091009307e+00
3.109530634817619266e+00
3.130386017340066385e+00
3.151096041344245702e+00
3.171172745741285937e+00
3.193638175025470094e+00
3.172938425163374987e+00
3.151854624360640234e+00
3.129876889485343927e+00
3.151073525224060479e+00
3.172144968526370512e+00
3.191990050850926242e+00
3.211171756396959509e+00
3.229700652939309968e+00
3.208900505205554587e+00
3.187735551072919726e+00
3.166235578250637950e+00
3.144434504523810237e+00
3.165238457247234738e+00
3.185349186700956903e+00
3.163716343194272085e+00
3.141259698225743247e+00
3.118522317515115549e+00
3.140649969406819064e+00
3.162148332169275378e+00
3.182368168062735592e+00
3.160618765040431821e+00
3.138048629948880119e+00
3.159614116878874057e+00
3.137015738614188365e+00
3.158621304053469192e+00
3.178980815477320920e+00
3.157140366992948532e+00
3.177563571809589593e+00
3.155688813347218069e+00
3.132991346842580960e+00
3.154218119125567821e+00
3.175286877840981514e+00
3.153363545570094129e+00
3.130616403977668050e+00
3.107617686200169427e+00
3.084423516908076479e+00
3.061095772372398827e+00
3.086051458677269377e+00
3.108782758018024062e+00
3.085607444105468833e+00
3.108870080916761314e+00
3.085707603718018888e+00
3.062411887158464463e+00
3.039049476008437889e+00
3.064639218655685671e+00
3.087910209759829883e+00
3.110488069869360217e+00
3.087390449338440312e+00
3.110507187398331208e+00
3.087418073192176760e+00
3.110522867253020962e+00
3.132384596681407452e+00
3.109508337737188821e+00
3.131901400582661754e+00
3.109019341393434388e+00
3.131429720407519657e+00
3.108542176252504952e+00
3.085469304608872587e+00
3.109095102345495132e+00
3.130995808512638590e+00
3.152207890515593913e+00
3.173244520313586836e+00
3.151352126746167048e+00
3.171899822781202527e+00
3.149976978238859804e+00
3.170587596166800193e+00
3.148636008280952581e+00
3.125870203043875861e+00
3.102873718779225243e+00
3.079703423094307002e+00
3.103537490613607730e+00
3.125663862067556753e+00
3.102682989034897698e+00
3.125339641567361770e+00
3.102359086378298159e+00
3.125021142251099171e+00
3.146461842850019064e+00
3.123708467987383219e+00
3.145670999895270992e+00
3.122903881340466370e+00
3.144899114345534041e+00
3.166235721848572826e+00
3.144226358597996818e+00
3.121402293061543709e+00
3.142940155791491108e+00
3.120123245024363889e+00
3.097091725734050449e+00
3.073903514523016689e+00
3.050621675081708783e+00
3.027313708971387740e+00
3.051265873538563600e+00
3.074649097890698179e+00
3.097436811322706873e+00
3.074398550531196594e+00
3.097246139921804087e+00
3.074230255044868798e+00
3.097120981396325856e+00
3.074122336413303458e+00
3.097044015045287590e+00
3.074058627617955342e+00
3.097002395617681536e+00
3.074027169331694953e+00
3.096986592487891876e+00
3.119303470056985272e+00
3.140966241468468478e+00
3.118309372631498100e+00
3.095457618916242382e+00
3.072465973711935749e+00
3.095526196685861375e+00
3.072540092149634638e+00
3.049474173986248093e+00
3.026392361297703282e+00
3.050604808124337541e+00
3.027545014452792227e+00
3.004534243003992522e+00
3.029185374551778942e+00
3.006198845619814541e+00
3.030779551385198278e+00
3.054800715686016410e+00
3.031809017425937114e+00
3.008857031743325638e+00
3.033331486456234405e+00
3.010397984624278767e+00
3.034811972201921559e+00
3.011895204149609651e+00
3.036252127926756028e+00
3.013350516563634063e+00
2.990545190958492583e+00
2.967904465435073025e+00
2.990251281428845331e+00
2.967842740851445615e+00
2.945061470591983532e+00
2.970061778433019661e+00
2.995205800538450980e+00
2.972854886216146131e+00
2.997336354824536642e+00
2.975007337889352232e+00
2.999412289395242848e+00
2.977102773222739973e+00
3.001434916362011318e+00
2.979142838093516765e+00
2.956478759956592040e+00
2.934019780704731239e+00
2.911066037727428668e+00
2.888261274650727906e+00
2.916074662699746689e+00
2.893246212569040576e+00
2.920034816901685648e+00
2.897226537747980668e+00
2.874587473259992532e+00
2.852166559266012147e+00
2.878345274422963840e+00
2.856717345621224702e+00
2.835281138649561772e+00
2.814088006962772504e+00
2.793186501533449828e+00
2.814591218571777187e+00
2.793728911237912893e+00
2.817920885434961775e+00
2.796906653826534139e+00
2.776170312965231979e+00
2.800974432335718411e+00
2.780082214941401286e+00
2.759483622905418265e+00
2.784789833991092145e+00
2.764032432868493316e+00
2.789575440113812199e+00
2.768668837395005689e+00
2.794404644618816658e+00
2.773358909190633881e+00
2.752578962877607172e+00
2.732107776908273333e+00
2.758412558126986713e+00
2.737789286605148309e+00
2.764207145400906729e+00
2.743441551170666681e+00
2.722985287838999735e+00
2.749674115500281069e+00
2.776221630879352809e+00
2.802533873344633442e+00
2.781190352270465738e+00
2.807549778612716374e+00
2.833548104605243978e+00
2.811884522452362756e+00
2.790342554643285400e+00
2.768970855019575072e+00
2.795778421925826152e+00
2.774318611838245907e+00
2.801120588262020927e+00
2.827500145108016838e+00
2.805755310912246614e+00
2.832125309499088583e+00
2.810317236813768993e+00
2.836669672535165443e+00
2.814803971513219594e+00
2.841131882157389210e+00
2.819213723858109866e+00
2.845511062099855604e+00
2.823545208002362195e+00
2.849806732706546608e+00
2.876003795969527932e+00
2.901055192299838659e+00
2.879423986080506648e+00
2.904049785203199008e+00
2.928394344166701302e+00
2.952020191458269771e+00
2.977940196198783251e+00
2.957227983554714168e+00
2.979306324042701792e+00
3.005633348990254028e+00
3.025936312309664533e+00
3.045655948250673539e+00
3.064777421242445232e+00
3.045824185284277341e+00
3.064373968836307416e+00
3.082925330400659636e+00
3.064120420438678494e+00
3.083927191033768889e+00
3.065265024364170809e+00
3.084156137292040523e+00
3.103504671082693456e+00
3.121449109831798019e+00
3.103643544060795012e+00
3.085237909234549658e+00
3.101992339131003806e+00
3.119974621086231359e+00
3.101965155963312348e+00
3.118896691414597022e+00
3.100800498906157721e+00
3.117793373854425010e+00
3.135185470487071857e+00
3.117369756021464156e+00
3.098921954422396041e+00
3.115110771907524168e+00
3.096793051650816864e+00
3.077892201451800869e+00
3.095076726492624886e+00
3.113421834690508039e+00
3.095015027925626327e+00
3.076027463728426614e+00
3.092615124080240641e+00
3.073284475999689569e+00
3.091997144355510319e+00
3.111191665699331033e+00
3.128946661882916036e+00
3.145986739727256065e+00
3.128260125682011950e+00
3.144180670090679808e+00
3.126384468776358894e+00
3.142418250960906878e+00
3.161889309953416660e+00
3.177498727452144234e+00
3.160882883812055955e+00
3.175245849398200093e+00
3.158545978540948429e+00
3.141135796339443065e+00
3.123077107574148581e+00
3.142058914850623275e+00
3.160404510101123332e+00
3.178134065020462806e+00
3.160114489948938399e+00
3.141541906120745686e+00
3.121938068759482654e+00
3.141843291431929863e+00
3.121992837034095913e+00
3.101678409462227837e+00
3.122414441070584523e+00
3.142565055805887742e+00
3.122312590209541217e+00
3.142527747047480613e+00
3.122100044621336501e+00
3.142421951955363113e+00
3.121835271275941182e+00
3.100862191766082798e+00
3.121994587896210760e+00
3.100903031520495290e+00
3.122150395407417012e+00
3.142231513651382091e+00
3.162151858968042628e+00
3.180900364181447948e+00
3.199032258549778795e+00
3.179308299396522486e+00
3.197593593537505718e+00
3.177722334948429150e+00
3.157465617293349069e+00
3.176653005609253011e+00
3.156278113550094577e+00
