1.392919488091549061e-04
2.503181300732462526e-04
3.388341203358148689e-04
4.324663521907642937e-04
4.929348507721300395e-04
5.398542263993705900e-04
5.775688771276937025e-04
6.070349670303493541e-04
6.297697939769467644e-04
6.469849364948414977e-04
6.917424461468036018e-04
7.328234568393681607e-04
7.674039698447242220e-04
7.964533444340313444e-04
8.207916629351879418e-04
8.411041733149233557e-04
8.579764275620003306e-04
8.719061740178718186e-04
8.833176727669861091e-04
8.925731989525838121e-04
8.979877400289238212e-04
9.041154333801100507e-04
9.067786948642924186e-04
9.106121358198045017e-04
9.133913315495189016e-04
9.152697790038621982e-04
9.142498718632889295e-04
9.149791080567869434e-04
9.151186058479695868e-04
9.147573442328005592e-04
9.139720045400755470e-04
9.128287431884331803e-04
9.113846459931523088e-04
9.096889755712095045e-04
9.077842425979764512e-04
9.148415664099277542e-04
9.128023190583054846e-04
9.106434534827423941e-04
9.177166446523257227e-04
9.156500564773504148e-04
9.135220916987564976e-04
9.113479061381616437e-04
9.091405345114590870e-04
9.069111741299839147e-04
9.046694302605475489e-04
9.181414390311343947e-04
8.988683663851702909e-04
9.119514149346946057e-04
8.921679257242394771e-04
8.902994253128052602e-04
8.884204381547496868e-04
8.865367516477059336e-04
8.846521949534561424e-04
8.818739737106436136e-04
8.799870887492573356e-04
8.781148471772450654e-04
8.762600611265988076e-04
8.744256784768758822e-04
8.726139458404621064e-04
8.708254096158957657e-04
8.690649513549864470e-04
8.673316943131695062e-04
8.656266237993564443e-04
8.639505062408386850e-04
8.623039180303152060e-04
8.606889287846887764e-04
8.591016860367788445e-04
8.575448795783399735e-04
8.560185445604856285e-04
8.545226261055704131e-04
8.530573266377427339e-04
8.516216167283626034e-04
8.502157856325629967e-04
8.488395066902899811e-04
8.474924404721863227e-04
8.461742146646349105e-04
8.448844296242255828e-04
8.642836135053131533e-04
8.851129955460929023e-04
9.017515610745698408e-04
9.157664516889292474e-04
9.275528071756060844e-04
9.374442759485431551e-04
9.457231660564223950e-04
9.504242026876046079e-04
9.578173016842141986e-04
9.628865410987110136e-04
9.670656392349418059e-04
9.704848476692111642e-04
9.732551248178429289e-04
9.754711483506914305e-04
9.772137633281387584e-04
9.772877259429158837e-04
9.772288899556106322e-04
9.768938681411684904e-04
9.763308539902274636e-04
9.755806123268132577e-04
9.746776473104089072e-04
9.736511854242787612e-04
9.725258813818308179e-04
9.713225436797415756e-04
9.700587106914373287e-04
9.687491403929645922e-04
9.674062269109857427e-04
9.660403550004102941e-04
9.646602018253797560e-04
9.632729939653365131e-04
9.618847263494338141e-04
9.605003487979474298e-04
9.585719446664074574e-04
9.574421051068031157e-04
9.562966710784983606e-04
9.551421998691933231e-04
9.539837166262874358e-04
9.528254152432665556e-04
9.516707797050607707e-04
9.505226881685893648e-04
9.493835023023947063e-04
9.482551439630689579e-04
9.471391609909354803e-04
9.460367836548249851e-04
9.449489730595752235e-04
9.438764626446789286e-04
9.428197937436886287e-04
9.417793460378430298e-04
9.407553636204883619e-04
9.397479772885338443e-04
9.387572235910041345e-04
9.377830610906929187e-04
9.361951513069072337e-04
9.355097559348013589e-04
9.348109753978589478e-04
9.341024076183845979e-04
9.333870363236043211e-04
9.326673996431948188e-04
9.319456513227674169e-04
9.312236137049131803e-04
9.305028235930548012e-04
9.297845719466870740e-04
9.290699382301515884e-04
9.283598201276845345e-04
9.276549592426296424e-04
9.269559633165684728e-04
9.262633254328563135e-04
9.249290953546648181e-04
9.245142493840296811e-04
9.240770194442931088e-04
9.236213780841399630e-04
9.231506651431695696e-04
9.226677598967191786e-04
9.221751425363018933e-04
9.216749475011815030e-04
9.211690097556151551e-04
9.206589049418243634e-04
9.201459842160635005e-04
9.196314044687371129e-04
9.191161545371592063e-04
9.186010779394088426e-04
9.180868925881453552e-04
9.175742078828578400e-04
9.170635395265738874e-04
9.256682667385743041e-04
9.252459193690541891e-04
9.248260971319116836e-04
9.302172411461166399e-04
9.145536962752395284e-04
9.142832195570946199e-04
9.139924331311161240e-04
9.136843946749339043e-04
9.133617604439924018e-04
9.130268375020029114e-04
9.218522104622498643e-04
9.215792826908328263e-04
9.212987653436185325e-04
9.266238132368020183e-04
9.110155875613635407e-04
9.108686233919248941e-04
9.106946559927438277e-04
9.104973474703117672e-04
9.102798889095442287e-04
9.191635941563959262e-04
9.189934783343677764e-04
9.188100106390385260e-04
9.239212615310595780e-04
9.085112249740491313e-04
9.069171509712702388e-04
9.071221930567876851e-04
9.072704009306962547e-04
9.073688750161607421e-04
9.074237237621038269e-04
9.074402824042231879e-04
9.074232126568567260e-04
9.073765894768962177e-04
9.073039765979374303e-04
9.072084922894206593e-04
9.070928666067860826e-04
9.069594912345075406e-04
9.053221447207157341e-04
9.054514621000499990e-04
9.055388672951032508e-04
9.055894161807063721e-04
9.056074385007156693e-04
9.055967241725086832e-04
9.055605926886666152e-04
9.055019535073435735e-04
9.054233586238728208e-04
9.053270483376837235e-04
9.052149910969062557e-04
9.050889181885909875e-04
9.035017450895552887e-04
9.036440493348412220e-04
9.037466992078383062e-04
9.038143734389011844e-04
9.038510752276279498e-04
9.038603125874051071e-04
9.019787673263317089e-04
9.022427828255487814e-04
9.024578967242691220e-04
9.026297680234616214e-04
9.027632607477387248e-04
9.028626392203072636e-04
9.029316448079680252e-04
9.029735627331356455e-04
9.029912802621925918e-04
9.029873373856528961e-04
9.029639709611458030e-04
9.029231531646003889e-04
9.028666249855972362e-04
9.027959254077177597e-04
9.118528726700462486e-04
9.118325888602187316e-04
9.163781868532028599e-04
9.012921979016058453e-04
9.014196665368662655e-04
9.015148995224991999e-04
9.015813888953340535e-04
9.016222049974063468e-04
9.016400496887341321e-04
9.016373028427468114e-04
9.016160629112178427e-04
9.107543344396745776e-04
9.107756306604388634e-04
9.107829712305479802e-04
9.154623789424385424e-04
9.002215092986235508e-04
9.003725827141153279e-04
9.004901837047596218e-04
9.005779270763721121e-04
9.006389912350000514e-04
9.006761732248365956e-04
9.006919368228395858e-04
9.098824486116443471e-04
9.099353876108943985e-04
9.144959626657453823e-04
8.993956918805184712e-04
8.995862548345769051e-04
8.997409248656935803e-04
8.998635487900863861e-04
8.999575097476200398e-04
9.000257856316644768e-04
9.000710001481458276e-04
9.092342928699219742e-04
9.093137874863706270e-04
9.093759953061307261e-04
9.094225149057715658e-04
9.094547634282708739e-04
9.094739991508841515e-04
9.094813411781162106e-04
9.094777866288048527e-04
9.094642256374897227e-04
9.094414544494137378e-04
9.094101868529103506e-04
9.093710641618115700e-04
9.093246639333448086e-04
9.092715075833187081e-04
9.092120670396617536e-04
9.091467705573680206e-04
9.090760078021162477e-04
9.090001342961130529e-04
9.089194753076905615e-04
9.088343292557775560e-04
9.078287779511744638e-04
9.077294938416219155e-04
9.076265262865652449e-04
9.075200925362446021e-04
9.074103946473852881e-04
9.072976210357614965e-04
9.071819478382503379e-04
9.070635401117711164e-04
9.069425528897344206e-04
9.068191321139917362e-04
9.066934154579552301e-04
9.065655330545633987e-04
9.064356081409885536e-04
9.063037576305006671e-04
9.061700926205195229e-04
9.060347188447675712e-04
9.058977370764227004e-04
9.057592434882676471e-04
9.056193299750856440e-04
9.054780844428939003e-04
9.053355910689952395e-04
9.051919305363507334e-04
9.050471802453201580e-04
9.049014145054327463e-04
9.047547047095210078e-04
9.046071194922553722e-04
9.044587248748603512e-04
9.043095843975821431e-04
9.041597592412545844e-04
9.040093083391919585e-04
9.038582884804349663e-04
9.037067544052843331e-04
9.035547588939296746e-04
9.034023528488891938e-04
9.032495853718834102e-04
9.030965038357031266e-04
9.029431539515452151e-04
9.027895798322665977e-04
9.026358240519135592e-04
9.024819277018840706e-04
9.023279304440091344e-04
9.021738705608211683e-04
9.020197850032483835e-04
9.018657094359358454e-04
9.017116782803947682e-04
9.111772972519925455e-04
9.211828693973238714e-04
9.289851085301630571e-04
9.357142970616310782e-04
9.415236550463998173e-04
9.465439535548550790e-04
9.508869510584626317e-04
9.546482361262910443e-04
9.579096278140168718e-04
9.607412065776218526e-04
9.632030355966602090e-04
9.653466219769490670e-04
9.672161588655361951e-04
9.688495826378178003e-04
9.642391126266919169e-04
9.666820987491892307e-04
9.614103484599437329e-04
9.636951314989358535e-04
9.649190479229334799e-04
9.660157982795497490e-04
9.599486976211065717e-04
9.619604946867173559e-04
9.630064478014097517e-04
9.639581631927606311e-04
9.573621820906112658e-04
9.601623835262948969e-04
9.611638405528048898e-04
9.620867753830275506e-04
9.629403404457661077e-04
9.637325207026139692e-04
9.644702859585790140e-04
9.651597231762608928e-04
9.648338523695281594e-04
9.654338449119392656e-04
9.659996275455252478e-04
9.665347607272834797e-04
9.670423645369736207e-04
9.675251755253869808e-04
9.679855961272762141e-04
9.684257376172209636e-04
9.688474574575613087e-04
9.692523917752954559e-04
9.696419836075125323e-04
9.700175074705618761e-04
9.630709461308799204e-04
9.645734962508557657e-04
9.651765342494501160e-04
9.657455848618639671e-04
9.662841731737759716e-04
9.667953556198205945e-04
9.597177157619491816e-04
9.622251238254604482e-04
9.629477102795852778e-04
9.636280230900412828e-04
9.570688361309691956e-04
9.502530490815010947e-04
9.525157131217075425e-04
9.542580688774529325e-04
9.554713983082809437e-04
9.566015502887164615e-04
9.576575170561794437e-04
9.586471121703727880e-04
9.595772059745480507e-04
9.514263236340241014e-04
9.523545289148778068e-04
9.532370848936665402e-04
9.540781989420666189e-04
9.548815898013232129e-04
9.556505480293046081e-04
9.563879888543014513e-04
9.570964983905491533e-04
9.577783740507007362e-04
9.584356598857815372e-04
9.590701774914372557e-04
9.596835530390851422e-04
9.602772409204073708e-04
9.608525444321712157e-04
9.614106338746480820e-04
9.544202734583505680e-04
9.552590807108766449e-04
9.560567198511462977e-04
9.568171210882194183e-04
9.575436699132977309e-04
9.582393592083435696e-04
9.589068377365916147e-04
9.595484525486224457e-04
9.601662860830742583e-04
9.607621886251621352e-04
9.613378067038025419e-04
9.618946079359719931e-04
9.624339027636381015e-04
9.629568634730599269e-04
9.634645408376484596e-04
9.639578786829082133e-04
9.644377266346499744e-04
9.649048512789401783e-04
9.653599459335952858e-04
9.658036392059365493e-04
9.662365024895836711e-04
9.656845133784189511e-04
9.660898142842314594e-04
9.587909824152771130e-04
9.611792768202589293e-04
9.543869392664053146e-04
9.553241120395632993e-04
9.562055494213038192e-04
9.570371035783795891e-04
9.578238353131897191e-04
9.585701963492508290e-04
9.592801055515559573e-04
9.599570155287034294e-04
9.606039708443504192e-04
9.612236588929812817e-04
9.618184543630096993e-04
9.549363414873803446e-04
9.557974556850102167e-04
9.486818898636897261e-04
9.589512209623744701e-04
9.598801883071540276e-04
9.517787822427529066e-04
9.526995136133119225e-04
9.535734723933185671e-04
9.544051067130033096e-04
9.551983413803886774e-04
9.559566428205059111e-04
9.566830758674512662e-04
9.573803534301131637e-04
9.580508799251709253e-04
9.586967892595065844e-04
9.593199780464868251e-04
9.599221346550673587e-04
9.605047646157297177e-04
9.610692128416603629e-04
9.616166830661253533e-04
9.621482548466969318e-04
9.626648984429288973e-04
9.557576041349189616e-04
9.486133370593140051e-04
9.588992248711504908e-04
9.598152909351029792e-04
9.516712240998128876e-04
9.525822344887376666e-04
9.534477879984193990e-04
9.542721741204488947e-04
9.550591788526148658e-04
9.558121470931809542e-04
9.565340372194276134e-04
9.572274688276843045e-04
9.500086501303354330e-04
9.522252899635324716e-04
9.538019700882506124e-04
9.548590050470659148e-04
9.558548829717436945e-04
9.567958055461659892e-04
9.576871455590144208e-04
9.585336418864153505e-04
9.603374101355763434e-04
9.529871369713063421e-04
9.539923375467124472e-04
9.549467121408417676e-04
9.558545352401172151e-04
9.578816477137456478e-04
9.492336023718615486e-04
9.503101971575803010e-04
9.522859979581921926e-04
9.532507809358394283e-04
9.541718171380313617e-04
9.550528221956155897e-04
9.558971032200314121e-04
9.567076068904244168e-04
9.574869618512993601e-04
9.582375160771405701e-04
9.589613697913349595e-04
9.596604044606050739e-04
9.603363083270615840e-04
9.619621834357778688e-04
9.627867415594852391e-04
9.708150759064349813e-04
9.776662786186850630e-04
9.834787757599754415e-04
9.884112824736462737e-04
9.925977946905828811e-04
9.971435734725004208e-04
1.000151518287641442e-03
1.002703305155990508e-03
1.004867624820225507e-03
1.006702687519140521e-03
1.008257850768527492e-03
1.009574988293639912e-03
1.010689642636949676e-03
1.011631996652615937e-03
1.012427693125224305e-03
1.013098526849704525e-03
1.013663029474125114e-03
1.014136964073592126e-03
1.014533743661455954e-03
1.014864785549752287e-03
1.015139811560392645e-03
1.015367102494875960e-03
1.015553713938014595e-03
1.015705659355912093e-03
1.015828065513322718e-03
1.015925304450547659e-03
1.016001105600273851e-03
1.016058651069719210e-03
1.016100656646017541e-03
1.016129440688826090e-03
1.016146982741864989e-03
1.016154973414584413e-03
1.016154856848284615e-03
1.016147866880780931e-03
1.016135057854398180e-03
1.016117330868831006e-03
1.016095456159163890e-03
1.016070092176625268e-03
1.016041801862672695e-03
1.016011066533230789e-03
1.015978297727376887e-03
1.015943847321708294e-03
1.015908016166611064e-03
1.015871061462422396e-03
1.014650679675938982e-03
1.014839867263151504e-03
1.014997784255207338e-03
1.015128681023629974e-03
1.015236175445007353e-03
1.015323408206095712e-03
1.015393105773509594e-03
1.015447635023563732e-03
1.015489050652722530e-03
1.015519136325922006e-03
1.015539440392403516e-03
1.015551306888240685e-03
1.015555902449078590e-03
1.014372091780948440e-03
1.014592794833728056e-03
1.014778167542566877e-03
1.013722276988869228e-03
1.012834175268343025e-03
1.013379224789905672e-03
1.013845083746195723e-03
1.014242305458649745e-03
1.014579983784086792e-03
1.014866015664592138e-03
1.015107258907066478e-03
1.015309669073749359e-03
1.015478418280014571e-03
1.015617998305210976e-03
1.015732310098956155e-03
1.015824741486240487e-03
1.015898234633633808e-03
1.015955344630579092e-03
1.015998290359526731e-03
1.016028998672749298e-03
1.016049142758640184e-03
1.016060175463376954e-03
1.016063358232476661e-03
1.016059786248949773e-03
1.016050410268594167e-03
1.016036055586935988e-03
1.016017438515016101e-03
1.015995180691541162e-03
1.015969821515758879e-03
1.015941828947996639e-03
1.015911608892318711e-03
1.015879513347516970e-03
1.015845847488212449e-03
1.015810875816533249e-03
1.014756371757680967e-03
1.014712265075158083e-03
1.014667490547096779e-03
1.014622196876428101e-03
1.014576512671763004e-03
1.014530549089731615e-03
1.014484402131161662e-03
1.014438154635894035e-03
1.014391878015770887e-03
1.014345633760165271e-03
1.014299474743894560e-03
1.014253446363442418e-03
1.014207587524019929e-03
1.012181074316836557e-03
1.013262468339274714e-03
1.013412146264907297e-03
1.013535657199481337e-03
1.011685305524233748e-03
1.013795118444141925e-03
1.014065831381847889e-03
1.014294912973466144e-03
1.014487895261714486e-03
1.014649582284532503e-03
1.014784145878368325e-03
1.014895208901728631e-03
1.013795109595971465e-03
1.014097519262609085e-03
1.014353743120646788e-03
1.014569984982269246e-03
1.014751561153669473e-03
1.014903088566711199e-03
1.015028576827769861e-03
1.015131508112103887e-03
1.015214906527233665e-03
1.015281398338609316e-03
1.015333264265236854e-03
1.015372484892460882e-03
1.015400780110021573e-03
1.015419643363226669e-03
1.014406414696057907e-03
1.014402866182574853e-03
1.014393332010135899e-03
1.014378660091567151e-03
1.014359586427001194e-03
1.014336749801655240e-03
1.014310704553885107e-03
1.014281931666517278e-03
1.014250848401796043e-03
1.014217816671291773e-03
1.014183150306957951e-03
1.014147121377639675e-03
1.014109965676420573e-03
1.014071887487651581e-03
1.012043636616335399e-03
1.013141669182146716e-03
1.013296406073089335e-03
1.013424380023055958e-03
1.013529213534885513e-03
1.013614007711553539e-03
1.013681455480033898e-03
1.013733895300299561e-03
1.013773357788967655e-03
1.013801606202314630e-03
1.011842634277829254e-03
1.013975977345184243e-03
1.014182575223400787e-03
1.013334899336727334e-03
1.011526559245175998e-03
1.013648070078382139e-03
1.013947360339660306e-03
1.014201132569139425e-03
1.014415432468275015e-03
1.014595510025165410e-03
1.014745924260694512e-03
1.014870634207366926e-03
1.014973077880836289e-03
1.015056240835669624e-03
1.015122715684316093e-03
1.014153885965519541e-03
1.012252615776555991e-03
1.014279356863168231e-03
1.013284327605584517e-03
1.013700747923823326e-03
1.014055484575071943e-03
1.014356786479962214e-03
1.014611745845474039e-03
1.014826521437541939e-03
1.015006461558712846e-03
1.015156210763312316e-03
1.015279802484297120e-03
1.015380739440769437e-03
1.015462063444981002e-03
1.014330664727982646e-03
1.014611221446510550e-03
1.014847943814069361e-03
1.015046733594650438e-03
1.015212643975730092e-03
1.015350063315329258e-03
1.015462802631385362e-03
1.015554171541416598e-03
1.015627044195233260e-03
1.015683916524019086e-03
1.015726955952970427e-03
1.015758044572315525e-03
1.015778816629556245e-03
1.015790691091492982e-03
1.015794899925532950e-03
1.015792512663954211e-03
1.015784457740336348e-03
1.015771541022840842e-03
1.015754461913003946e-03
1.015733827330123464e-03
1.014692680996467315e-03
1.014659190665272853e-03
1.014623566590524151e-03
1.012652832409613847e-03
1.014637132328972957e-03
1.014801541165992515e-03
1.014938221148943293e-03
1.015050878332162190e-03
1.015142731014394978e-03
1.015216573856755509e-03
1.015274833617358773e-03
1.015319617542222858e-03
1.015352755382803365e-03
1.014354707866894738e-03
1.014361828472847699e-03
1.014361515843566946e-03
1.014354808902504087e-03
1.014342609508985492e-03
1.014325700470383252e-03
1.014304761187085529e-03
1.014280381241155615e-03
1.014253072199239976e-03
1.014223277864567370e-03
1.014191383182027348e-03
1.014157721973365329e-03
1.014122583656307860e-03
1.014086219081134291e-03
1.014048845600678487e-03
1.014010651474464304e-03
1.013971799694473631e-03
1.013932431308494720e-03
1.011887279098394078e-03
1.013004197928031461e-03
1.013157982445798532e-03
1.013285301804497896e-03
1.013389740017302601e-03
1.013474362622542556e-03
1.013541831667044008e-03
1.013594458799422973e-03
1.013634251358746336e-03
1.013662952393031870e-03
1.013682075409058896e-03
1.013692934548638845e-03
1.013696670794489744e-03
1.013694274728997244e-03
1.013686606300006265e-03
1.013674411987784815e-03
1.013658339715270201e-03
1.013638951798592498e-03
1.011592872773556945e-03
1.012745280645283279e-03
1.012912275063297587e-03
1.013051250790630723e-03
1.011176858720709039e-03
1.013398734639066366e-03
1.012663286232125476e-03
1.012893630028181271e-03
1.013087162130046990e-03
1.013248783795926396e-03
1.013382751197444698e-03
1.013492760360314377e-03
1.013582020889015195e-03
1.013653319969054717e-03
1.013709077933569111e-03
1.013751396509612488e-03
1.013782100711248333e-03
1.013802775218084233e-03
1.013814795966767142e-03
1.013819357586575589e-03
1.013817497226768847e-03
1.013810115250953284e-03
1.013797993210973193e-03
1.013781809458376686e-03
1.013762152704306748e-03
1.013739533797655430e-03
1.013714395955816290e-03
1.013687123651452020e-03
1.013658050331961652e-03
1.013627465125051339e-03
1.013595618663640230e-03
1.013562728145808809e-03
1.013528981730284174e-03
1.013494542354738143e-03
1.013459551052702792e-03
1.013424129834958939e-03
1.013388384192579926e-03
1.013352405271313603e-03
1.013316271760461573e-03
1.013280051533723119e-03
1.013243803074591028e-03
1.013207576714556879e-03
1.013171415708724815e-03
1.013135357170151822e-03
1.013099432881479954e-03
1.013063669999957669e-03
1.013028091669841008e-03
1.012992717554344170e-03
1.012957564297683761e-03
1.010809388459487550e-03
1.012056035239068067e-03
1.012212178662234277e-03
1.010274864087762738e-03
1.011594308063949125e-03
1.011878143700187943e-03
1.012118896198255583e-03
1.012322337210249919e-03
1.012493425965759353e-03
1.012636469021285053e-03
1.012755206208366954e-03
1.012852885228805906e-03
1.010899084567998870e-03
1.012140085347195372e-03
1.012385038485204801e-03
1.012591694374015503e-03
1.012765195009259931e-03
1.012909956703940450e-03
1.013029814533123818e-03
1.013128098852963434e-03
1.011204592302985443e-03
1.012410072247782889e-03
1.012655548294331487e-03
1.012862310004868137e-03
1.013035553982447609e-03
1.013179747861830526e-03
1.013298771233989148e-03
1.013395993063111395e-03
1.013474338883298262e-03
1.013536349136755525e-03
1.013584229825134717e-03
1.013619896489838853e-03
1.013645012402152306e-03
1.013661021727241653e-03
1.013669178324829757e-03
1.013670570761644263e-03
1.013666144034691165e-03
1.013656718438499596e-03
1.013643005952286676e-03
1.013625624473393771e-03
1.013605110180335446e-03
1.013581928271444031e-03
1.013556482292704347e-03
1.013529122240249165e-03
1.013500151598557136e-03
1.013469833454232845e-03
1.013438395806826736e-03
1.013406036182184968e-03
1.013372925639953806e-03
1.011277871779709498e-03
1.012466455691234373e-03
1.012624048489056900e-03
1.012755262851305340e-03
1.012863674744768653e-03
1.012952335118940967e-03
1.013023893341543583e-03
1.013080650044798558e-03
1.013124602997840691e-03
1.013157486937209294e-03
1.013180808153174182e-03
1.013195874523856047e-03
1.011154811531956221e-03
1.009496664554294107e-03
1.008949669803249627e-03
1.008351809273780146e-03
1.007712103676564963e-03
1.007038246540482287e-03
1.006336838992440662e-03
1.005613538655863439e-03
1.004873188383544969e-03
1.004119927571229393e-03
1.003429999123146323e-03
1.002963127417966747e-03
1.002684745555086415e-03
1.002695595280000268e-03
1.002616770058958233e-03
1.002461119672500922e-03
1.002239709938609240e-03
1.001962120051165745e-03
1.001636640654018527e-03
1.001270445470479149e-03
1.000869740053800727e-03
1.000439890728288756e-03
1.000551515149230696e-03
1.000351914585841323e-03
1.000101832113460369e-03
9.998085998451462439e-04
1.000099490082406901e-03
1.000011496922328241e-03
9.998631977022269090e-04
9.996630597570194555e-04
9.994183601548846125e-04
9.991354077754149507e-04
9.995851266853910105e-04
9.995101361603498172e-04
9.993777317613588337e-04
9.991958636117017137e-04
9.989713627871590115e-04
9.987101550959522327e-04
9.992787155068793680e-04
9.982142353929547834e-04
9.991137560398997801e-04
9.989540199303180608e-04
9.987520265257706156e-04
9.985135578622853642e-04
9.982436321721536044e-04
9.979466049191800577e-04
9.986443921911932874e-04
9.975470849382325495e-04
9.974310702833661616e-04
9.982623638160772854e-04
9.980514722155626756e-04
9.977727055236844649e-04
9.977262083986505447e-04
9.976733961550975777e-04
9.975703552053006434e-04
9.974237532980854710e-04
9.972393891109095337e-04
9.980179600705980231e-04
9.977594087534360189e-04
9.974765734913368462e-04
9.971727524142380648e-04
9.968508108853992716e-04
9.965132386239646412e-04
9.961621992767308396e-04
9.957995734397103327e-04
9.954269959968088926e-04
9.950458885276671980e-04
9.946574874367790104e-04
9.957212493928867432e-04
9.955718194973543073e-04
9.953852049198301261e-04
9.951664552550773622e-04
9.949198877611999808e-04
9.946492524088800490e-04
9.943578068787523646e-04
9.940483816102516253e-04
9.937234362367864532e-04
9.933851085514580279e-04
9.930352569946839653e-04
9.926754975228225739e-04
9.923072356024936758e-04
9.919316939761674799e-04
9.915499367588506002e-04
9.911628903513007918e-04
9.925531252028504427e-04
9.924018204658287007e-04
9.922149073997509842e-04
9.919972344174983209e-04
9.917529444738212418e-04
9.914856360450456912e-04
9.911984351526300675e-04
9.908940578247506063e-04
9.905748642803319064e-04
9.902429059360491701e-04
9.898999661896532715e-04
9.895475958056991744e-04
9.891871436196264869e-04
9.888197831808055206e-04
9.904275481299412796e-04
9.902896102951669333e-04
9.918431648957431752e-04
9.918851872099969293e-04
9.918669377349126088e-04
9.917964985016861947e-04
9.932520064745277519e-04
9.923536224115331924e-04
9.933782107387405334e-04
9.933499262830766414e-04
9.932710959247290951e-04
9.931484278625280805e-04
9.929877475913604246e-04
9.927941146022796742e-04
9.925719236694337255e-04
9.923249927057248548e-04
9.920566389764807255e-04
9.917697452201024080e-04
9.914668170170532792e-04
9.911500325691495212e-04
9.908212858959631730e-04
9.904822243209220750e-04
9.901342810035304934e-04
9.897787031735412813e-04
9.894165766357980452e-04
9.890488470389831917e-04
9.886763383361101779e-04
9.882997688078923402e-04
9.879197649710004699e-04
9.875368736505542571e-04
9.871515724593023147e-04
9.867642788938186301e-04
9.863753582303037663e-04
9.859851303784090103e-04
9.855938758305917476e-04
9.852018408263588448e-04
9.848092418349848817e-04
