5.000000000000002220e-01
1.518816307544770296e-02
8.231594617003417172e-03
6.332269075174041216e-03
3.602227461917867617e-03
6.720700793033745901e-03
3.561920286513703925e-03
2.480553500229492735e-03
4.081855498428965320e-03
3.702137204534207155e-03
3.835136678579963761e-03
7.931272497419818504e-03
1.207836447742954497e-02
7.016419685278310961e-03
4.993761215268656406e-03
6.603700364750706743e-03
8.499496457453819881e-04
2.329875437610688920e-03
2.168630379532554640e-03
3.310495247109339172e-03
4.814042877468739309e-03
3.350621529893039845e-03
2.226035694026429982e-03
5.943028200092951435e-02
2.534022559957059550e-02
4.523374945603459937e-04
8.142438902315774288e-03
2.171181503626938656e-03
1.272305662657610865e-02
3.950147747776971952e-04
1.658470125292229036e-01
5.664708861492293371e-03
1.416574414225500386e-02
4.416567242861850246e-04
4.522810787374323231e-03
3.328737588790250186e-04
5.527168492499818370e-02
4.102773443492893114e-03
3.102197677139707701e-04
1.044134027343416281e-02
3.664516003652727900e-03
9.303363293435293682e-04
5.020622291529388409e-02
2.714797168985140247e-03
8.110874193136983958e-04
6.319385826484806221e-03
3.453567815145240638e-03
2.546052160472514654e-04
2.500788315892347427e-04
1.101259507711941643e-01
3.568493097464853908e-02
2.488423878839168477e-02
5.744089765118812196e-02
2.632803347704247739e-03
2.243913132696103124e-04
3.892347296579657528e-03
2.170906246879969925e-04
2.138409270047950280e-04
2.426839642507263510e-04
8.428920915282718876e-03
2.504633349076134177e-02
7.234720525263362142e-04
1.142219710103628376e-02
2.596861823715557031e-04
1.969526976585789864e-04
8.907459038278130181e-03
2.672640714279903885e-04
1.864314891380476971e-04
7.610245895060405857e-03
1.796364723861533595e-04
3.228326622728117015e-03
9.809072726757999544e-04
1.046190377920732349e-02
1.663577072151879027e-02
2.103739950628332259e-02
3.481832638263008227e-03
2.196066225613248560e-02
3.572937970891164002e-04
1.786607349063137938e-03
1.584901828896604021e-04
1.566695382103873500e-04
4.374319129119105809e-03
1.628980753026138114e-03
8.267690805232871332e-04
9.874604265181223701e-04
7.520575184235070605e-03
1.946770956143139067e-02
1.883040528253875773e-02
4.576175137134081902e-03
8.689096290333445105e-03
1.457169609614975762e-04
1.577964770940714484e-04
8.843144180792325603e-04
1.570342943091687605e-03
5.959230568380912037e-03
1.549976836843297784e-03
1.324501168259006997e-04
1.532461137132344045e-03
1.317546934786000511e-04
2.712681867424465796e-03
