2.315712905859339054e-05
2.519541469760722569e-05
1.308310157493842432e-03
2.939413810537900402e-05
1.350530685024047808e-04
1.434313810187694488e-04
4.093255226597250311e-05
9.037494957615219192e-04
9.362222400927823615e-04
2.417059216003220891e-04
2.408580397353106265e-04
9.499425680580232071e-04
1.231937383976524681e-04
1.143880075189936097e-04
4.191403905675229052e-04
2.215033666017536193e-03
1.153268843616125786e-03
2.500255943672927399e-03
2.368210230000206314e-03
7.497889167966923125e-04
7.931083318495464607e-03
2.545624990833970664e-03
4.741446819099615138e-04
8.713948782395527712e-03
7.068592686930424279e-04
6.560695070346388939e-04
2.318335394601490733e-03
9.341470995218786877e-03
1.178473907171768672e-03
3.908815419765165715e-03
3.214595696660868529e-03
2.939745628999996304e-03
3.193981618637627487e-03
5.526232305570527928e-03
4.866557905635258280e-03
2.861350400448242279e-02
1.228934421651947315e-02
9.917659468458796604e-03
1.550597574918468821e-02
4.815745119100370807e-03
2.558668618251283555e-02
1.046477389137560020e-02
1.434498703572378506e-02
6.346407214819192039e-03
2.364534180541161615e-02
1.707794622639988158e-02
2.879880188131893337e-02
5.376186657368271782e-02
1.996049995266478347e-02
2.284632276857444244e-02
1.968149322975762949e-01
7.618524541545829143e-02
1.183686212160019180e-01
1.375926208078174229e-01
3.849816157431643626e-01
4.736402968603719010e-01
4.525623128971300035e-01
3.953150798785248776e-01
5.031623906843869509e-01
4.990933602336328212e-01
4.855646212665513106e-01
4.654911599261367661e-01
4.366235788628562431e-01
2.571125320455809882e-01
4.305770137816979370e-01
1.548695705011137180e-01
1.125068269065175042e-01
5.792714576176169472e-02
8.732804464625092133e-02
9.556814244267959613e-02
6.060806251494871288e-02
6.128015671373298473e-02
3.509687723082382388e-02
6.774686025138063061e-02
2.013973393954967064e-02
2.044477762584812064e-02
3.047867681655121869e-02
5.188986375736145268e-02
1.429755578550220667e-02
1.796368948760003817e-02
9.311772953219752541e-03
2.908127407818260346e-02
1.784142247901284589e-02
1.865902315305953754e-02
1.031369437191098117e-02
3.593905324802985912e-02
1.187168353728111983e-02
1.052131168091752222e-02
1.721362683205074004e-02
6.381397697391237231e-03
1.665663118512828236e-02
7.163275806728662369e-03
5.158413865179333271e-03
8.879354577488476202e-03
1.118135609716476055e-02
1.049290490596639126e-02
8.296718971647479290e-03
4.704606532603954061e-03
6.215611722261885075e-03
1.170524031084174514e-02
