5.000000000000002220e-01
1.465559060259436289e-02
6.563689794288779002e-03
4.735604380991311445e-03
2.883187718429828378e-03
2.047674676188096163e-03
6.308065649826427763e-03
1.488841069985190465e-03
1.306321103078322615e-03
2.443764732207510514e-03
1.115601177253850839e-03
1.201269293643725472e-03
1.233720530960535520e-03
9.301620277363948893e-04
7.778650375106207831e-04
9.771042655559840102e-04
6.820524300084487108e-04
6.447499194843804701e-04
6.254476917579522045e-03
2.210080050545815914e-03
5.567806884655498610e-04
5.306759115927556919e-04
1.483701538422338212e-03
2.553919973888573933e-03
2.930392293292729492e-03
1.335271468539567241e-03
5.253179929320170478e-03
4.216209747923549541e-04
4.078623690797812153e-04
3.950149930327060419e-04
3.829966433545889805e-04
4.904840478663934815e-04
3.621670110173141129e-04
2.640036622414122531e-03
3.418086180174194442e-04
3.328565679627640316e-04
3.244408063562984686e-04
1.043965711134776410e-02
3.089037349933306496e-04
3.195031537728063985e-04
2.948188302664649227e-04
2.882611612163205094e-04
2.954623258581776514e-04
9.771061515685037363e-03
3.153431707422962166e-04
2.648741898202000436e-04
2.689569674131993444e-04
2.546110394838014472e-04
2.497770567723454687e-04
4.511807566781885805e-03
2.472210733889438445e-04
2.376828900511910258e-04
1.059765282761017348e-03
2.282448903209073089e-04
3.256726531949432246e-04
4.031805521423760899e-04
2.170869186919536077e-04
2.136086702078074427e-04
2.272202697777218189e-04
2.045071330276611483e-03
2.039240264741704251e-04
2.008011128165966585e-04
2.002903692286002175e-04
1.949953242773342049e-04
3.109767160607778639e-03
1.894857299322586853e-04
1.907640425036957450e-04
1.938947239818043138e-04
3.801562160010255563e-03
5.387814984887061981e-03
7.899161781928287773e-03
1.747874704760015330e-04
9.215096013788828463e-03
3.870128702737518807e-04
1.814045429728854304e-03
9.250554258373483874e-04
1.642212988077387911e-04
3.463965649005894439e-03
1.603539651606365128e-04
4.677929200900356188e-03
5.716681572911804302e-03
2.560888291079008866e-03
1.531551031419402535e-04
1.514579643388113566e-04
1.497991702105654706e-04
1.720208273958496656e-04
1.648845983802948089e-03
1.450384304728055706e-04
1.435219457524436687e-04
1.420334021555559405e-04
1.432532809293331601e-04
2.662050050223400098e-04
1.377577253129714835e-04
2.434624626717506700e-03
1.350505290746080206e-04
1.337724027055954795e-04
1.341090626034324880e-04
1.314287536919325435e-04
1.299504666899108248e-04
1.287359097854819427e-04
