1.267077151958171007e-02
1.475906174304386469e-02
1.639514842634048203e-02
1.378649096724258137e-02
1.563472905672573868e-02
1.378445234373923411e-02
1.563312953945442466e-02
1.708189395691291773e-02
1.843011333986363173e-02
1.952285254024615363e-02
1.379480202919810064e-02
1.564124961453318766e-02
1.708826802820684332e-02
1.378820910642207173e-02
1.563607710132444359e-02
1.708420778531100429e-02
1.843199654440551630e-02
1.952438764266924143e-02
2.041109902013228325e-02
1.379779659098179928e-02
1.564359903170598615e-02
1.709011217605514374e-02
1.843680212513290964e-02
1.379158211871799739e-02
1.563872352887047887e-02
1.708628516692268368e-02
1.843368731622125820e-02
1.952576588788137654e-02
2.041222367615067382e-02
2.112067605014389393e-02
2.168870258080912716e-02
2.214579596915867282e-02
2.251257579166256878e-02
1.380854737638038260e-02
1.378032726736819549e-02
1.562989290160004749e-02
1.707935311844806583e-02
1.842804538653209506e-02
1.952116684603447810e-02
1.379479647010012529e-02
1.564124525309034536e-02
1.708826460474381290e-02
1.843529838025604814e-02
1.952707916325970364e-02
2.041329531842576983e-02
2.112154805656745946e-02
2.168941114113012367e-02
2.214637073731169289e-02
2.251304086542832081e-02
2.280609343436061295e-02
2.303905526093207382e-02
1.381325226535268062e-02
1.565572413519190562e-02
1.378450102987677402e-02
1.563316773899829995e-02
1.708192394387375232e-02
1.843013774591778856e-02
1.379156258973614213e-02
1.563870820687798466e-02
1.378446154365026849e-02
1.563313675778138165e-02
1.708189962336107218e-02
1.843011795172263406e-02
1.952285629961584765e-02
2.040984943802387833e-02
2.111874409632378755e-02
2.168713272762990210e-02
2.214452359220214772e-02
2.251154622676885403e-02
1.380854022266882891e-02
1.565202758873935826e-02
1.709672842745195431e-02
1.844218717388617507e-02
1.953269468420868252e-02
1.379483464172510249e-02
1.564127520099424865e-02
1.708828811199165562e-02
1.843531751285263157e-02
1.952709475941906067e-02
2.041330804501467061e-02
2.112155841229161266e-02
1.380064473024924382e-02
1.564583353074285726e-02
1.709186607321255130e-02
1.378821860284925455e-02
1.563608455210626497e-02
1.378445547652886946e-02
1.378027719633492625e-02
1.562985361438729015e-02
1.378444108997816178e-02
1.563312070965894654e-02
1.708188702544755772e-02
1.843010769842126292e-02
1.379156250186653471e-02
1.563870813793745082e-02
1.378446154349073985e-02
1.378027720888176481e-02
1.562985362423195690e-02
1.707932228439489053e-02
1.842802029119924509e-02
1.379155640225838801e-02
1.378029191301057520e-02
1.378026856853774643e-02
1.562984684476100353e-02
1.707931696228083898e-02
1.842801595961770719e-02
1.379155638960766379e-02
1.563870334239830448e-02
1.708626932132177936e-02
1.843367441952064797e-02
1.952575537502136693e-02
1.379481162077309496e-02
1.564125713969338055e-02
1.378446744367067649e-02
1.563314138698632810e-02
1.708190325732610038e-02
1.843012090936632305e-02
1.952285871054721192e-02
2.040985140535135980e-02
2.111874569717426056e-02
2.168713402844736973e-02
1.380340341306273387e-02
1.564799780656219927e-02
1.709356556288503526e-02
1.843961286815576361e-02
1.953059618421076893e-02
1.379482766551734518e-02
1.378029870600518993e-02
1.562987049151239385e-02
1.707933552577859879e-02
1.378818560083017002e-02
1.563605865911855963e-02
1.708419330856539298e-02
1.843198476187288271e-02
1.952437803806720065e-02
2.041109118273169709e-02
2.111975452483145707e-02
2.168795377742142177e-02
1.380340752448250448e-02
1.564800103206869311e-02
1.709356809454075712e-02
1.843961492870259400e-02
1.953059786390472577e-02
1.379482767109705722e-02
1.378029870601679002e-02
1.562987049152148034e-02
1.707933552578570074e-02
1.842803106815094072e-02
1.952115517441726719e-02
1.379479643163015676e-02
1.564124522290835997e-02
1.708826458105286092e-02
1.843529836097398608e-02
1.952707914754172810e-02
2.041329530559982119e-02
2.112154804613088771e-02
1.380064468540126085e-02
1.564583349555785305e-02
1.709186604559555581e-02
1.843822961238987188e-02
1.952946859859610099e-02
2.041524512040496578e-02
2.112313462338499120e-02
2.169070021036205442e-02
2.214741638516655800e-02
2.251388616230457287e-02
2.280677511363747925e-02
2.303960256027065209e-02
2.322336407339427658e-02
2.336701692959252188e-02
2.347787928972022362e-02
2.356192229957004142e-02
1.382172897377016534e-02
1.566237375016808070e-02
1.378451652758926060e-02
1.563317989862790525e-02
1.708193348928116473e-02
1.378819242643879520e-02
1.563606401440975624e-02
1.378445542904558827e-02
1.563313196021158882e-02
1.708189585722801745e-02
1.843011488650888111e-02
1.952285380099830561e-02
2.040984739914416396e-02
2.111874243724993355e-02
1.380063257391700784e-02
1.564582399362662510e-02
1.709185858746109510e-02
1.843822354214606427e-02
1.952946365033577866e-02
2.041524108257092296e-02
2.112313133778546959e-02
2.169069754064762226e-02
2.214741421961214859e-02
1.380605200493716794e-02
1.565007556838957439e-02
1.378448789468700308e-02
1.563315743302180066e-02
1.708191585359774070e-02
1.843013116133185650e-02
1.952286706746551165e-02
1.379480207714468137e-02
1.378029865286805808e-02
1.562987044981938370e-02
1.707933549304821441e-02
1.842803104150644508e-02
1.952115515269796722e-02
2.040846129837771764e-02
1.379778669562737280e-02
1.564359126832962077e-02
1.709010608241980089e-02
1.843679716548827369e-02
1.952830091739960611e-02
2.041429228065240811e-02
2.112235929292038961e-02
2.169007021316544243e-02
2.214690535635413862e-02
2.251347344634295131e-02
1.380855362693473622e-02
1.565203810438715523e-02
1.709673668070204808e-02
1.844219389136482479e-02
1.953270016011892860e-02
2.041788211568454012e-02
2.112528034578121938e-02
2.169244370183267059e-02
2.214883041931383842e-02
2.251503027074768654e-02
1.380856381056683180e-02
1.565204609208233066e-02
1.709674294876779160e-02
1.844219899309212582e-02
1.953270431891316813e-02
2.041788550930330112e-02
2.112528310706523332e-02
2.169244594536091572e-02
1.380343015791171690e-02
1.564801878852872113e-02
1.709358203133900383e-02
1.843962627204049493e-02
1.953060711064275035e-02
1.379482770181370173e-02
1.564126975622301755e-02
1.708828383818475002e-02
1.843531403439249358e-02
1.952709192391159296e-02
2.041330573121826267e-02
2.112155652953750032e-02
1.380064472210366065e-02
1.564583352435233027e-02
1.378447804856875250e-02
1.563314970767679807e-02
1.378444869616704191e-02
1.563312667753873064e-02
1.708189171028463155e-02
1.843011151135785786e-02
1.379156251301679598e-02
1.563870814668575152e-02
1.708627309250242143e-02
1.843367748887645569e-02
1.379157295243953023e-02
1.563871633721844803e-02
1.708627952175427456e-02
1.843368272163074806e-02
1.952576214256005957e-02
2.041222061994446904e-02
1.379780080697527375e-02
1.378030488316311919e-02
1.378026859537148305e-02
1.562984686581555399e-02
1.707931697880937447e-02
1.842801597306990488e-02
1.379155638964695528e-02
1.378029191298439995e-02
1.378026856853768918e-02
1.562984684476098618e-02
1.378444107436345087e-02
1.563312069740752791e-02
1.708188701583006688e-02
1.843010769059370141e-02
1.952284793522810966e-02
2.040984261265733207e-02
2.111873854239751380e-02
2.168712821462566789e-02
2.214451993135168814e-02
1.380603495802915949e-02
1.565006219492886749e-02
1.378448786361858962e-02
1.563315740864525127e-02
1.708191583446198175e-02
1.378819238002066024e-02
1.378028493250622530e-02
1.562985968441701901e-02
1.707932704184478984e-02
1.378818557855158652e-02
1.563605864163904874e-02
1.708419329484436172e-02
1.843198475070538175e-02
1.952437802896386104e-02
2.041109117530326422e-02
2.111975451878689986e-02
2.168795377250975001e-02
2.214518854526309824e-02
2.251208427587664609e-02
2.280532196203226628e-02
2.303843582538498552e-02
2.322243269475725985e-02
2.336627904776313394e-02
2.347730053358663624e-02
2.356147442687650528e-02
2.362369280615194897e-02
1.382368450610601575e-02
1.566390772802564793e-02
1.710605199954531863e-02
1.844977589771679485e-02
1.953888085986965617e-02
2.042292567787585764e-02
1.379783994898539992e-02
1.564363304583453462e-02
1.709013887240927454e-02
1.843682385350061542e-02
1.379158218269445867e-02
1.378029196651480055e-02
1.378026856864843393e-02
1.562984684484786460e-02
1.707931696234903790e-02
1.842801595967320794e-02
1.952114285875378510e-02
2.040845126650569358e-02
2.111760637510304642e-02
2.168620823403405451e-02
2.214377365660195884e-02
1.380603057847792740e-02
1.565005875912914290e-02
1.378448785563677996e-02
1.563315740238271911e-02
1.378444871393544671e-02
1.563312669147995382e-02
1.708189172122859950e-02
1.843011152026508004e-02
1.952285105699533632e-02
2.040984516002912474e-02
2.111874061524079971e-02
2.168712989897471702e-02
2.214452129765888747e-02
2.251154437005636541e-02
2.280488652900003119e-02
2.303808619546492131e-02
1.381324268984244520e-02
1.565571662344953860e-02
1.709962372476443032e-02
1.844454372051308744e-02
1.953461568322384379e-02
2.041944521238364674e-02
2.112655222676208117e-02
2.169347714340328845e-02
2.214966863511590861e-02
1.380606536792974674e-02
1.565008605178210346e-02
1.709520458804288448e-02
1.844094689415359117e-02
1.953168364241724547e-02
1.379483127892957954e-02
1.564127256268216248e-02
1.708828604108074412e-02
1.843531582733399024e-02
1.379157775671507359e-02
1.563872010654302272e-02
1.378446157118434247e-02
1.563313677938481597e-02
1.708189964031993358e-02
1.843011796552523548e-02
1.952285631086700043e-02
2.040984944720485375e-02
2.111874410379454073e-02
2.168713273370045935e-02
2.214452359712649337e-02
2.251154623075354161e-02
2.280488802969076259e-02
2.303808740048791590e-02
2.322215453287398979e-02
2.336605865155002779e-02
1.381761493919402700e-02
1.565914651847883504e-02
1.710231554020582093e-02
1.378824692052403079e-02
1.563610677117944353e-02
1.708423107647900896e-02
1.843201550091785879e-02
1.379156808406227334e-02
1.378029193725547295e-02
1.562986518055094545e-02
1.707933135649517334e-02
1.842802767483349771e-02
1.952115240835727850e-02
2.040845905899266871e-02
2.111761271602173584e-02
2.168621338657848729e-02
2.214377783629421087e-02
2.251094276391597468e-02
1.380853604228944771e-02
1.565202430923117241e-02
1.378449242326337462e-02
1.563316098617968664e-02
1.708191864285595052e-02
1.843013343147814620e-02
1.952286891798160964e-02
2.040985973464977399e-02
2.111875247487729132e-02
1.380063261716817785e-02
1.564582402755883284e-02
1.709185861409472096e-02
1.843822356382340821e-02
1.952946366800646996e-02
2.041524109699048919e-02
2.112313134951876448e-02
2.169069755018151677e-02
2.214741422734564300e-02
2.251388441637769758e-02
2.280677370566974727e-02
1.381095299075976376e-02
1.378033228732626278e-02
1.562989684040666516e-02
1.378444118968360534e-02
1.563312078788868520e-02
1.708188708685855206e-02
1.378819230443841144e-02
1.563606391868972711e-02
1.378445542882428092e-02
1.563313196003797076e-02
1.708189585709172370e-02
1.843011488639796289e-02
1.952285380090786407e-02
2.040984739907030637e-02
2.111874243718970395e-02
2.168713137945224925e-02
2.214452249858994345e-02
2.251154534183307659e-02
2.280488731275805148e-02
2.303808682480610465e-02
2.322215407325906034e-02
1.381546566259796507e-02
1.378034172543630628e-02
1.562990424582470783e-02
1.707936202404235215e-02
1.842805263465038118e-02
1.952117275433258928e-02
1.379479648957421950e-02
1.564124526836896054e-02
1.708826461673654956e-02
1.843529839001696938e-02
1.952707917121648817e-02
2.041329532491858306e-02
1.379780485154246186e-02
1.564360551250823864e-02
1.709011726297080327e-02
1.378821398484595534e-02
1.563608092887684708e-02
1.708421078985895847e-02
1.378819841710260570e-02
1.378028494501562159e-02
1.378026855412181097e-02
1.562984683344984665e-02
1.707931695340123013e-02
1.842801595239070694e-02
1.952114285281745382e-02
2.040845126166162052e-02
2.111760637116140080e-02
2.168620823083116864e-02
2.214377365400379410e-02
2.251093937959386393e-02
2.280439858340888026e-02
2.303769437639089507e-02
2.322184073919536171e-02
2.336580999476277343e-02
2.347693254976727928e-02
2.356118957250919257e-02
2.362347632825313043e-02
2.366779793708639543e-02
2.369744136246495006e-02
2.371509716491436090e-02
2.372297295384591387e-02
1.383106344617593755e-02
1.566969579615446959e-02
1.378453363944611050e-02
1.563319332472650619e-02
1.708194402887512620e-02
1.843015409287823356e-02
1.952288576018009619e-02
1.379480213884042537e-02
1.564124970055412456e-02
1.708826809572793967e-02
1.843530122157503379e-02
1.952708147939400882e-02
2.041329720840958512e-02
2.112154959446197605e-02
1.380064469209987647e-02
1.564583350081316312e-02
1.709186604972045068e-02
1.843822961574715161e-02
1.952946860133286319e-02
2.041524512263821062e-02
2.112313462520216956e-02
1.380065155412548393e-02
1.564583888433921863e-02
1.709187027528853708e-02
1.843823305497571327e-02
1.952947140487736044e-02
2.041524741036089899e-02
1.379781220885420087e-02
1.564361128466839473e-02
1.709012179365815634e-02
1.843680995295499461e-02
1.952831134128501719e-02
2.041430078664025968e-02
2.112236621428746630e-02
1.380064822542359688e-02
1.564583627284311593e-02
1.709186822550665119e-02
1.843823138663948369e-02
1.952947004490531574e-02
2.041524630060901485e-02
2.112313558372102759e-02
2.169070099068329954e-02
2.214741701812861924e-02
2.251388667444412933e-02
2.280677552664214791e-02
2.303960289185374988e-02
2.322336433807035971e-02
2.336701713926073523e-02
2.347787945415113001e-02
2.356192242679214233e-02
1.382172897666679445e-02
1.566237375244026661e-02
1.710484820357096453e-02
1.844879608329001025e-02
1.953808212920472506e-02
2.042227389692269357e-02
1.379783747066460828e-02
1.564363110147710609e-02
1.709013734624579769e-02
1.843682261134733935e-02
1.952832165995635125e-02
2.041430920674030744e-02
2.112237306560587474e-02
1.380064825523891897e-02
1.378031080859112856e-02
1.562987998755884303e-02
1.707934298049377728e-02
1.842803713541628363e-02
1.952116012014382118e-02
2.040846535181915083e-02
2.111761783663334766e-02
2.168621754751759445e-02
2.214378121160592502e-02
2.251094549522805049e-02
2.280440351593293613e-02
2.303769833725582972e-02
2.322184390164771378e-02
2.336581250082686925e-02
2.347693451605563711e-02
2.356119109483667540e-02
2.362347748541342163e-02
2.366779879400579198e-02
1.382559189020222609e-02
1.566540391266269677e-02
1.710722611577017785e-02
1.845073155766495387e-02
1.953965990174517595e-02
2.042356139300518028e-02
2.112990010206712566e-02
2.169619733910545245e-02
2.215187488860436912e-02
2.251749340576788758e-02
2.280968380755096780e-02
2.304193506085005019e-02
2.322522553393725070e-02
2.336849113013685780e-02
2.347903500499099946e-02
2.356281604402399310e-02
2.362471127423965839e-02
2.366871341756382127e-02
2.369809156856290955e-02
2.371552930134067719e-02
2.372322592799289837e-02
2.372298549435677972e-02
2.371629086864142366e-02
2.370435758459086065e-02
2.368818384292912041e-02
2.366859662838539588e-02
2.364626651539718932e-02
1.384101339769738988e-02
1.567750010253040130e-02
1.711671776847736859e-02
1.845845729656842016e-02
1.954595788388276134e-02
2.042870070874921312e-02
1.379786198840227997e-02
1.564365033677581063e-02
1.709015244439893513e-02
1.843683489982209447e-02
1.952833167708199757e-02
1.379482015219709624e-02
1.564126383310151733e-02
1.378446745917358794e-02
1.563314139915004605e-02
1.378444867698130211e-02
1.563312666248540400e-02
1.708189169846761543e-02
1.843011150174012416e-02
1.952285104189464479e-02
1.379480202425288279e-02
1.564124961065335717e-02
1.708826802516136625e-02
1.843530116414075076e-02
1.952708143257582060e-02
2.041329717020563123e-02
2.112154956337510339e-02
2.168941236549962528e-02
2.214637173048397689e-02
2.251304166904389420e-02
2.280609408244320402e-02
2.303905578127406206e-02
1.381325227050580681e-02
1.565572413923446010e-02
1.709962962329754366e-02
1.844454852147821636e-02
1.379160608733386723e-02
1.563874233827980062e-02
1.378446162246666634e-02
1.563313681962132801e-02
1.378444866640643994e-02
1.563312665418829794e-02
1.378444864293293555e-02
1.378027718220382024e-02
1.562985360329961770e-02
1.707932226796236505e-02
1.842802027782511690e-02
1.379155640221932377e-02
1.378029191301049020e-02
1.562986516152760352e-02
1.707933134156121996e-02
1.842802766267899808e-02
1.952115239844951292e-02
1.379479642248056248e-02
1.564124521572995974e-02
1.708826457541819804e-02
1.843529835638789416e-02
1.952707914380332963e-02
2.041329530254918506e-02
1.379780485145820634e-02
1.564360551244211098e-02
1.709011726291891423e-02
1.843680626536038647e-02
1.952830833528971036e-02
2.041429833371996225e-02
2.112236421833329006e-02
1.380064821677944031e-02
1.564583626606147471e-02
1.709186822018367302e-02
1.378821860852135622e-02
1.563608455655651416e-02
1.708421363751080196e-02
1.843200130747442433e-02
1.952439152531348573e-02
1.379480711158530618e-02
1.564125360196787565e-02
1.708827115809630204e-02
1.843530371404282150e-02
1.379157772116734390e-02
1.563872007865307889e-02
1.708628245863571052e-02
1.843368511195225476e-02
1.952576409105187191e-02
2.041222220992625416e-02
2.112067485706046674e-02
2.168870161135098146e-02
2.214579518275275674e-02
2.251257515533804099e-02
2.280571785220657580e-02
2.303875370120172031e-02
2.322268646488469257e-02
1.381547202143521696e-02
1.565746548473997968e-02
1.710099626175516294e-02
1.844566086472619257e-02
1.953552635511558375e-02
2.042018833635460620e-02
1.379782955360188586e-02
1.564362489017437005e-02
1.709013247087473250e-02
1.378821402515796081e-02
1.563608096050514429e-02
1.708421081468653943e-02
1.843199900999538052e-02
1.952438965250961195e-02
2.041110066017154737e-02
1.379779659714501332e-02
1.378030487441058403e-02
1.562987533142554814e-02
1.707933932527298457e-02
1.842803416049165061e-02
1.379155644276500170e-02
1.563870338410433894e-02
1.708626935405948080e-02
1.843367444616582015e-02
1.952575539674140243e-02
2.041221511531306904e-02
1.379780078626809126e-02
1.564360232310742227e-02
1.709011475954422266e-02
1.843680422784934811e-02
1.952830667438366571e-02
2.041429697840513313e-02
2.112236311550656775e-02
2.169007331922357534e-02
2.214690787587129950e-02
1.380604901339482597e-02
1.565007322149645011e-02
1.709519451794776213e-02
1.844093869794121571e-02
1.953167696110000642e-02
2.041704717106152325e-02
1.379781900575410836e-02
1.564361661715848659e-02
1.709012597923908680e-02
1.843681335962338991e-02
1.952831411827930796e-02
2.041430305269357343e-02
2.112236805818683283e-02
2.169007733541861507e-02
2.214691113365689981e-02
2.251347812092191480e-02
2.280644606178361400e-02
2.303933838240638382e-02
2.322315320518868187e-02
2.336684989043941868e-02
2.347774829484323630e-02
2.356182095219200995e-02
2.362395606078906626e-02
2.366815298136878271e-02
2.369769383647914521e-02
2.371526532697006140e-02
2.372307184747253495e-02
2.372292163757031003e-02
2.371630098900347899e-02
2.370442831219431862e-02
2.368830671754641390e-02
1.383782932373901244e-02
1.378038864106625322e-02
1.562994105719600277e-02
1.707939092218568183e-02
1.378818574630256109e-02
1.563605877325449645e-02
1.708419339815975269e-02
1.843198483479313241e-02
1.952437809750859690e-02
2.041109123123616143e-02
2.111975456430023948e-02
1.380063693788297942e-02
1.564582741732804122e-02
1.709186127474916425e-02
1.378821859017216774e-02
1.378028498681643441e-02
1.562985972703045262e-02
1.707932707529780797e-02
1.842802419043687231e-02
1.952114956805413998e-02
2.040845674130221596e-02
2.111761083006584439e-02
2.168621185407626842e-02
2.214377659314387473e-02
1.380603059569995156e-02
1.565005877263997078e-02
1.709518317748352431e-02
1.844092946775528763e-02
1.953166943691730939e-02
2.041704103122857217e-02
2.112459595817835559e-02
2.169188761156509715e-02
2.214837937318417035e-02
1.380605771706695621e-02
1.565008004960895260e-02
1.378448790509757306e-02
1.563315744119000289e-02
1.708191586000981990e-02
1.843013116655051187e-02
1.952286707171953239e-02
2.040985822809418190e-02
2.111875124896536379e-02
1.380063261188579568e-02
1.564582402341457845e-02
1.378447802653259488e-02
1.563314969038708327e-02
1.378444869612711725e-02
1.378027718231308006e-02
1.562985360338535121e-02
1.707932226802964110e-02
1.842802027787985089e-02
1.952114637873648625e-02
2.040845413881543086e-02
2.111760871236493045e-02
2.168621013326135077e-02
1.380339878669288589e-02
1.564799417706490975e-02
1.709356271414235601e-02
1.843961054952782119e-02
1.379159037272965210e-02
1.563873000477819866e-02
1.708629025025877254e-02
1.843369145353772331e-02
1.952576926045168637e-02
2.041222642818977737e-02
1.379780082882479941e-02
1.564360235649517664e-02
1.378447287590228894e-02
1.563314564916013644e-02
1.708190660316837028e-02
1.843012363251014113e-02
1.952286093032550712e-02
2.040985321669740865e-02
2.111874717109986366e-02
2.168713522612848374e-02
2.214452561892948576e-02
2.251154786676825420e-02
2.280488934917027088e-02
2.303808846000200347e-02
2.322215537877249728e-02
2.336605932183002596e-02
1.381761494894830251e-02
1.565914652613062744e-02
1.710231554621089584e-02
1.844673466899467151e-02
1.953640169924101069e-02
2.042090263312138637e-02
2.112773811371445459e-02
2.169444070227096247e-02
2.215045015706747222e-02
1.380607001651593460e-02
1.565008969864109534e-02
1.378448792751380859e-02
1.563315745877796523e-02
1.708191587381652568e-02
1.843013117778767584e-02
1.379156257052840430e-02
1.563870819180801161e-02
1.378446154361539014e-02
1.563313675775403547e-02
1.708189962333960671e-02
1.843011795170514111e-02
1.952285629960151189e-02
1.379480204160564959e-02
1.564124962426766824e-02
1.708826803584775553e-02
1.378820910644223095e-02
1.563607710134024345e-02
1.708420778532339368e-02
1.843199654441558810e-02
1.952438764267750912e-02
2.041109902013899663e-02
2.111976090223805988e-02
2.168795895951390260e-02
2.214519275290539879e-02
2.251208768056218307e-02
2.280532470789495628e-02
2.303843803016039637e-02
2.322243445491301711e-02
2.336628044238277593e-02
2.347730162760501907e-02
2.356147527364877564e-02
2.362369344955578612e-02
1.382368452473912643e-02
1.378035892419410963e-02
1.378026870717736357e-02
1.562984695354178305e-02
1.707931704767744197e-02
1.842801602912055164e-02
1.379155638981065420e-02
1.563870334255760761e-02
1.708626932144685640e-02
1.843367441962242767e-02
1.379157294344287611e-02
1.378029194734035900e-02
1.378026856860876601e-02
1.562984684481672631e-02
1.707931696232463381e-02
1.842801595965331066e-02
1.379155638960776961e-02
1.563870334239837387e-02
1.708626932132190426e-02
1.843367441952073818e-02
1.952575537502146408e-02
1.379481162077309496e-02
1.564125713969333892e-02
1.708827393499164765e-02
1.843530597416354749e-02
1.952708535352194741e-02
1.379481602302875740e-02
1.564126059352411238e-02
1.708827664603479804e-02
1.843530818068700450e-02
1.952708715219532432e-02
2.041330183746009608e-02
2.112155336115637341e-02
2.168941545141925623e-02
1.380341486984200221e-02
1.378031656684260836e-02
1.562988450565273510e-02
1.707934652734888203e-02
1.378818562972018019e-02
1.563605868178532393e-02
1.708419332635836493e-02
1.843198477635448265e-02
1.379156799415746752e-02
1.563871244706367680e-02
1.708627646813311654e-02
1.378820385664869877e-02
1.563607298241546928e-02
1.378445544977960346e-02
1.563313197647965905e-02
1.708189586999858678e-02
1.843011489690265375e-02
1.952285380947083732e-02
2.040984740605771008e-02
2.111874244287555505e-02
1.380063257394125061e-02
1.564582399364558563e-02
1.709185858747595127e-02
1.843822354215814488e-02
1.952946365034562842e-02
1.379482390624583131e-02
1.564126677837520546e-02
1.708828150075917401e-02
1.843531213195705523e-02
1.952709037311921997e-02
1.379481603965692846e-02
1.564126060656991987e-02
1.708827665627497133e-02
1.378820912918190048e-02
1.563607711918150317e-02
1.708420779932840611e-02
1.843199655581414034e-02
1.952438765196903500e-02
2.041109902772101498e-02
2.111976090840758657e-02
1.380063696526416354e-02
1.378031078509527572e-02
1.562987996912331215e-02
1.707934296602130544e-02
1.378818562036814369e-02
1.563605867444782874e-02
1.708419332059855217e-02
1.843198477166660409e-02
1.379156799414373372e-02
1.563871244705290764e-02
1.708627646812469272e-02
1.843368023628812538e-02
1.952576011661101563e-02
2.041221896675694120e-02
2.112067221805690245e-02
1.380064089954190047e-02
1.564583052540379285e-02
1.709186371430025664e-02
1.843822771492735491e-02
1.952946705184796863e-02
2.041524385824181748e-02
1.379781219545119647e-02
1.564361127415310818e-02
1.709012178540448776e-02
1.843680994623735428e-02
1.952831133580903988e-02
1.379482008459755049e-02
1.564126378006566037e-02
1.708827914727224784e-02
1.843531021644916751e-02
1.952708881167060373e-02
2.041330319160507278e-02
2.112155446303459749e-02
2.168941634675979405e-02
2.214637495996417058e-02
2.251304428214568124e-02
2.280609618980109637e-02
2.303905747326001272e-02
2.322292896474575236e-02
2.336667223994907949e-02
2.347760895854134749e-02
2.356171312998248807e-02
1.382172421548339379e-02
1.566237001761447423e-02
1.710484527262541923e-02
1.844879369768771468e-02
1.953808018449795791e-02
2.042227231000215068e-02
2.112885259784009692e-02
2.169534623457711198e-02
1.380344486876517243e-02
1.564803032953821990e-02
1.709359108971395327e-02
1.843963364476779512e-02
