1.334479061101671751e-04
2.586053726230976013e-04
3.767659675446473084e-04
1.903811038478901859e-04
3.122293071351311521e-04
1.902673281887373214e-04
3.121219467559405744e-04
4.274605164663372028e-04
5.476496166195482691e-04
6.622642531241548563e-04
1.908461150180716139e-04
3.126681040971934799e-04
4.279785817763318901e-04
1.904771068848203975e-04
3.123198983155325587e-04
4.276482839910519026e-04
5.478317299920930665e-04
6.624405334390606444e-04
7.719109830708782835e-04
1.910140541516444157e-04
3.128265834487235146e-04
4.281289131190678843e-04
5.482978834154725008e-04
1.906657533957051341e-04
3.124979128888517648e-04
4.278171423808862562e-04
5.479955031168756490e-04
6.625990605848884954e-04
7.720642126855080259e-04
8.972336922341822953e-04
1.019576050131674322e-03
1.139236874942990523e-03
1.256333347676500973e-03
1.916190060971065669e-04
1.900374208765230556e-04
3.119050053517841907e-04
4.272547391131641310e-04
5.474500348844140406e-04
6.620710633519949527e-04
1.908458032896584303e-04
3.126678099293918713e-04
4.279783027336385871e-04
5.481518095051709887e-04
6.627503597965374348e-04
7.722104556397801998e-04
8.973783050207486756e-04
1.019718831192973144e-03
1.139377678489950649e-03
1.256472069309034871e-03
1.371101327761216826e-03
1.483350630881517633e-03
1.918847391227561578e-04
3.136482610078418888e-04
1.902700446553093230e-04
3.121245100429900971e-04
4.274629478637172924e-04
5.476519748051272623e-04
1.906646600880253662e-04
3.124968811888226999e-04
1.902678414962580234e-04
3.121224311183702963e-04
4.274609759066657039e-04
5.476500622256835933e-04
6.622646844580970527e-04
7.717410101932831168e-04
8.969140919206736130e-04
1.019260497562601061e-03
1.138925742644158676e-03
1.256026815047309956e-03
1.916186024997138643e-04
3.133970949902438420e-04
4.286701429744083276e-04
5.488228072403915272e-04
6.633998590157776272e-04
1.908479438025164840e-04
3.126698298608782144e-04
4.279802188072558480e-04
5.481536678629560276e-04
6.627521586186984302e-04
7.722121943440561328e-04
8.973800243416048261e-04
1.911740185593821496e-04
3.129775399536062225e-04
4.282721099967106825e-04
1.904776378323151350e-04
3.123203993352587538e-04
1.902675029819075208e-04
1.900346322813127869e-04
3.119023740533154176e-04
1.902667002907645834e-04
3.121213542647834180e-04
4.274599544608962656e-04
5.476490715366260026e-04
1.906646551687820766e-04
3.124968765467772713e-04
1.902678414873574825e-04
1.900346329800708955e-04
3.119023747126581153e-04
4.272522438665035780e-04
5.474476147631469154e-04
1.906643136925241890e-04
1.900354518855256272e-04
1.900341517834587979e-04
3.119019206590639129e-04
4.272518131819724079e-04
5.474471970453899383e-04
1.906643129842967941e-04
3.124965536443446144e-04
4.278158530400928911e-04
5.479942526086632607e-04
6.625978501353709665e-04
1.908466528720316599e-04
3.126686116522294032e-04
1.902681706883858990e-04
3.121227417475750548e-04
4.274612705529458974e-04
5.476503479998767483e-04
6.622649610793074739e-04
7.717412775712398062e-04
8.969143563189031602e-04
1.019260758612438190e-03
1.913291662160764765e-04
3.131239530695923800e-04
4.284110348293019470e-04
5.485715062318002704e-04
6.631566104383435686e-04
1.908475526001175856e-04
1.900358302047798606e-04
3.119035044052197799e-04
4.272533154165300768e-04
1.904757926968243136e-04
3.123186582041520575e-04
4.276471076699386864e-04
5.478305890971216880e-04
6.624394290897777249e-04
7.719099156263492479e-04
8.970811149417965173e-04
1.019425405301764391e-03
1.913293976403726798e-04
3.131241714672617954e-04
4.284112420041040546e-04
5.485717071646038692e-04
6.631568049328960849e-04
1.908475529130081681e-04
1.900358302054258553e-04
3.119035044058291557e-04
4.272533154171080649e-04
5.474486540521707884e-04
6.620697267425367481e-04
1.908458011324453557e-04
3.126678078937008111e-04
4.279783008026167841e-04
5.481518076323164696e-04
6.627503579836822303e-04
7.722104538875091285e-04
8.973783032880104822e-04
1.911740160387053670e-04
3.129775375748555430e-04
4.282721077402227715e-04
5.484367644466987780e-04
6.630261857063590811e-04
7.724770632777828994e-04
8.976419404920513373e-04
1.019979121640468816e-03
1.139634363757149448e-03
1.256724920351888529e-03
1.371350254605874057e-03
1.483595545678960664e-03
1.593534441585480388e-03
1.701231444873268529e-03
1.806744279541183272e-03
1.910124646568294154e-03
1.923650003128964429e-04
3.141015230240440576e-04
1.902709093740092335e-04
3.121253260010220325e-04
4.274637218380905449e-04
1.904761743115666157e-04
3.123190183084573190e-04
1.902675003325881989e-04
3.121221091927041044e-04
4.274606705451715295e-04
5.476497660589200621e-04
6.622643977771760799e-04
7.717407330917566049e-04
8.969138179072386240e-04
1.911733353160947901e-04
3.129768951802055902e-04
4.282714983633251963e-04
5.484361734276350106e-04
6.630256136230738232e-04
7.724765103149080830e-04
8.976413936943335560e-04
1.019978581769644989e-03
1.139633831364401722e-03
1.914783048649246178e-04
3.132646920193907399e-04
1.902693117633810793e-04
3.121238184782102625e-04
4.274622918822035549e-04
5.476513385758895658e-04
6.622659199284195624e-04
1.908461177066988481e-04
1.900358272454314367e-04
3.119035016127999472e-04
4.272533127678290483e-04
5.474486514826548992e-04
6.620697242553128881e-04
7.715525642740161862e-04
1.910134985593267120e-04
3.128260591462900687e-04
4.281284157692775180e-04
5.482974010479517912e-04
6.628912872348288916e-04
7.723466733224944748e-04
8.975130042186966377e-04
1.019851818683791987e-03
1.139508824098780983e-03
1.256601275798798715e-03
1.916193587415049228e-04
3.133978086829643239e-04
4.286708200048583136e-04
5.488234638694636063e-04
6.634004946031525672e-04
7.728388611732524760e-04
8.979997041422657818e-04
1.020332352744271823e-03
1.139982691860570024e-03
1.257068097983096103e-03
1.916199379691782892e-04
3.133983553411851300e-04
4.286713385984742804e-04
5.488239668166179077e-04
6.634009814186298199e-04
7.728393317047815804e-04
8.980001694186142639e-04
1.020332812119183630e-03
1.913306716486976229e-04
3.131253737631425958e-04
4.284123825173196624e-04
5.485728133151093712e-04
6.631578756402996830e-04
1.908475546354905679e-04
3.126694626167316089e-04
4.279798704455038596e-04
5.481533299945438517e-04
6.627518315744787081e-04
7.722118782298900393e-04
8.973797117515445445e-04
1.911740181015602995e-04
3.129775395215625530e-04
1.902687623924246652e-04
3.121233000858501371e-04
1.902671246738164227e-04
3.121217547171076592e-04
4.274603343085623904e-04
5.476494399467194503e-04
1.906646557930126700e-04
3.124968771358328768e-04
4.278161598949307629e-04
5.479945502216030870e-04
1.906652402301009942e-04
3.124974286399995389e-04
4.278166830361398803e-04
5.479950576067584619e-04
6.625986293462179629e-04
7.720637958582586601e-04
1.910142908672604373e-04
1.900361742278087833e-04
1.900341532778758555e-04
3.119019220691846310e-04
4.272518145195171747e-04
5.474471983426646175e-04
1.906643129864960982e-04
1.900354518840677547e-04
1.900341517834563314e-04
3.119019206590624492e-04
1.902666994195525453e-04
3.121213534426984506e-04
4.274599536811101992e-04
5.476490707803209363e-04
6.622637247674497893e-04
7.717400825705344287e-04
8.969131746355858822e-04
1.019259591894187099e-03
1.138924849523462353e-03
1.914773441618647615e-04
3.132637853821755125e-04
1.902693100298924011e-04
3.121238168424717344e-04
4.274622903306294730e-04
1.904761717163570595e-04
1.900350631249282912e-04
3.119027805942125556e-04
4.272526288583074769e-04
1.904757914512481345e-04
3.123186570287852875e-04
4.276471065550317458e-04
5.478305880157903745e-04
6.624394280430816835e-04
7.719099146146314117e-04
8.970811139413564436e-04
1.019425404313990292e-03
1.139088315444446728e-03
1.256186984170296539e-03
1.370820667067467261e-03
1.483074493739963218e-03
1.593022041791749459e-03
1.700727762352949833e-03
1.806249339296656965e-03
1.909638442911859709e-03
2.010942427597204110e-03
1.924760931724203998e-04
3.142063737476733063e-04
4.294378706579964522e-04
5.495673947365359302e-04
6.641205821365047226e-04
7.735348756982182413e-04
1.910164971937988157e-04
3.128288889519379064e-04
4.281311001358612976e-04
5.483000045144146043e-04
1.906657569773802111e-04
1.900354548653068439e-04
1.900341517896237883e-04
3.119019206648817417e-04
4.272518131874915390e-04
5.474471970507426444e-04
6.620683164032549733e-04
7.715512034625000891e-04
8.967264002596753722e-04
1.019075182717095723e-03
1.138742995145378308e-03
1.914770973478498975e-04
3.132635524582246607e-04
1.902693095845401500e-04
3.121238164222320450e-04
1.902671256651962254e-04
3.121217556525840192e-04
4.274603351959057034e-04
5.476494408073442812e-04
6.622640829429882799e-04
7.717404287777009878e-04
8.969135169845357438e-04
1.019259929907565670e-03
1.138925182853784464e-03
1.256026263533057503e-03
1.370662440278831544e-03
1.482918816772524568e-03
1.918841975789945821e-04
3.136477499196734658e-04
4.289079238446760712e-04
5.490534223759962421e-04
6.636230837082920464e-04
7.730540095965022108e-04
8.982124530176526997e-04
1.020542405859894454e-03
1.140189833123710214e-03
1.914790579638820539e-04
3.132654027359976171e-04
4.285452162994008189e-04
5.487016449065944528e-04
6.632825792257393766e-04
1.908477552279432910e-04
3.126696519092425825e-04
4.279800500052615472e-04
5.481535041456097072e-04
1.906655091925719687e-04
3.124976824464990107e-04
1.902678430325214088e-04
3.121224325680057384e-04
4.274609772817131322e-04
5.476500635593278344e-04
6.622646857490278481e-04
7.717410114410771941e-04
8.969140931545649658e-04
1.019260498780865049e-03
1.138925743845543154e-03
1.256026816230930649e-03
1.370662984399561571e-03
1.482919352123920160e-03
1.592869476003666617e-03
1.700577791838508599e-03
1.921316512534100671e-04
3.138812897318136942e-04
4.291294722773492175e-04
1.904792170418240650e-04
3.123218895216891156e-04
4.276501727565067590e-04
5.478335618921765160e-04
1.906649676799541005e-04
1.900354532357833692e-04
3.119031486999892643e-04
4.272529780185743112e-04
5.474483268118270247e-04
6.620694099824457179e-04
7.715522605019482479e-04
8.967274455205048690e-04
1.019076214741580257e-03
1.138744012872428078e-03
1.255847771922883943e-03
1.916183666521835568e-04
3.133968724124135434e-04
1.902695644394908510e-04
3.121240569061247729e-04
4.274625180422199962e-04
5.476515579259969794e-04
6.622661322530163774e-04
7.717424096103489605e-04
8.969154757422622901e-04
1.911733377470059482e-04
3.129768974742447893e-04
4.282715005394551865e-04
5.484361755382089875e-04
6.630256156660294716e-04
7.724765122895838228e-04
8.976413956469917518e-04
1.019978583697567654e-03
1.139633833265621355e-03
1.256724397705281980e-03
1.371349740071319337e-03
1.917548086008175501e-04
1.900377004564393483e-04
3.119052691614362656e-04
1.902667058537618576e-04
3.121213595140862550e-04
4.274599594401044464e-04
1.904761674905994847e-04
3.123190118719671436e-04
1.902675003202401391e-04
3.121221091810524005e-04
4.274606705341196604e-04
5.476497660482015310e-04
6.622643977668006988e-04
7.717407330817280600e-04
8.969138178973213183e-04
1.019260227009533048e-03
1.138925475839509555e-03
1.256026552187187615e-03
1.370662724453426641e-03
1.482919096367214416e-03
1.592869224493614032e-03
1.920099423438888860e-04
1.900382261016940477e-04
3.119057651566399417e-04
4.272554598128487950e-04
5.474507338856683799e-04
6.620717399668926348e-04
1.908458043816726589e-04
3.126678109598894444e-04
4.279783037111519590e-04
5.481518104532411700e-04
6.627503607142349934e-04
7.722104565268066547e-04
1.910145179584391711e-04
3.128270211348459402e-04
4.281293283052212454e-04
1.904773796382141344e-04
3.123201556947079313e-04
4.276485281308781508e-04
1.904765092466678082e-04
1.900350638216050569e-04
1.900341509806113447e-04
3.119019199015030152e-04
4.272518124634021850e-04
5.474471963484533977e-04
6.620683157234554406e-04
7.715512028054119899e-04
8.967263996099081313e-04
1.019075182075557685e-03
1.138742994512727258e-03
1.255846768618175749e-03
1.370485730806019278e-03
1.482744955167266494e-03
1.592697974716582093e-03
1.700409208032947588e-03
1.805936313602487901e-03
1.909330942298055871e-03
2.010640433335771950e-03
2.109908554171459338e-03
2.207176644424045306e-03
2.302483711302180484e-03
2.395867160431875125e-03
1.928962669768497710e-04
3.146029484675499769e-04
1.902718641655596352e-04
3.121262269528779043e-04
4.274645764331424960e-04
5.476535543365993516e-04
6.622680647210211135e-04
1.908461211663167213e-04
3.126681098990891192e-04
4.279785872799124458e-04
5.481520854803728811e-04
6.627506269304150616e-04
7.722107138458622578e-04
8.973785603483021549e-04
1.911740164152002093e-04
3.129775379301519018e-04
4.282721080772572625e-04
5.484367647735809625e-04
6.630261860227710169e-04
7.724770635836201776e-04
8.976419407944789082e-04
1.911744020955003247e-04
3.129779018948157022e-04
4.282724533349046040e-04
5.484370996301363155e-04
6.630265101507846169e-04
7.724773768784858139e-04
1.910149310526095055e-04
3.128274109643973378e-04
4.281296980949612528e-04
5.482986447445641759e-04
6.628924910855036375e-04
7.723478369382569221e-04
8.975141548613545066e-04
1.911742150055524613e-04
3.129777253389200934e-04
4.282722858536090076e-04
5.484369371943132766e-04
6.630263529192781564e-04
7.724772249020384366e-04
8.976421003143033412e-04
1.019979279438075828e-03
1.139634519369005531e-03
1.256725073662552390e-03
1.371350405536984332e-03
1.483595694177242911e-03
1.593534587617756286e-03
1.701231588420998872e-03
1.806744420597262415e-03
1.910124785134364447e-03
1.923650004773884523e-04
3.141015231792920509e-04
4.293384009830621584e-04
5.494709239224712270e-04
6.640272037748549310e-04
7.734446194075304511e-04
1.910163580306599852e-04
3.128287576260977299e-04
4.281309755609849499e-04
5.482998836923071856e-04
6.628936903123800774e-04
7.723489960639480772e-04
8.975153010498080090e-04
1.911742166813230404e-04
1.900365042324626765e-04
3.119041404129239644e-04
4.272539186905028458e-04
5.474492391625670118e-04
6.620702931140868847e-04
7.715531141255106001e-04
8.967282896321060156e-04
1.019077048164020909e-03
1.138744834748816421e-03
1.255848581648999962e-03
1.370487515702033037e-03
1.482746711297939233e-03
1.592699701688837398e-03
1.700410905627141494e-03
1.805937981734203560e-03
1.909332580986292409e-03
2.010642042680393926e-03
2.109910134340361749e-03
1.925845651425940293e-04
3.143087518917283630e-04
4.295349955355573903e-04
5.496615911997038920e-04
6.642117588776451321e-04
7.736230038516373007e-04
8.987750217664388979e-04
1.021097845793894447e-03
1.140737572742455850e-03
1.257811815281107554e-03
1.372420276722198821e-03
1.484648208020204882e-03
1.594569621137836585e-03
1.702249011248503511e-03
1.807744182357113368e-03
1.911106897462877107e-03
2.012384583461477357e-03
2.111621183839878374e-03
2.208857876477820711e-03
2.304133820977902290e-03
2.397486458434553661e-03
2.488951826098402889e-03
2.578565015996300749e-03
2.666360272917341501e-03
2.752370965106298775e-03
2.836630273717159322e-03
2.919170685441706443e-03
1.934652055342425713e-04
3.151399559854676331e-04
4.303235736662858408e-04
5.504263861807363878e-04
6.649520315857976836e-04
7.743385214605822461e-04
1.910177347654851403e-04
3.128300568269671753e-04
4.281322079749132377e-04
5.483010789802306205e-04
6.628948473049345747e-04
1.908471312804598484e-04
3.126690631105079874e-04
1.902681715533733426e-04
3.121227425637858690e-04
1.902671236033558894e-04
3.121217537070103800e-04
4.274603333504372097e-04
5.476494390174441304e-04
6.622640812104161863e-04
1.908461147407657392e-04
3.126681038355090341e-04
4.279785815281026643e-04
5.481520799018181189e-04
6.627506215305772582e-04
7.722107086264904481e-04
8.973785551871176326e-04
1.019719078190389587e-03
1.139377922066255825e-03
1.256472309283661846e-03
1.371101564011299257e-03
1.483350863323653051e-03
1.918847394141920328e-04
3.136482612828871207e-04
4.289084089480422394e-04
5.490538928587428624e-04
1.906670869589359787e-04
3.124991713565190257e-04
1.902678458938181390e-04
3.121224352679554314e-04
1.902671230133362655e-04
3.121217531502612345e-04
1.902671217036419962e-04
1.900346314943236877e-04
3.119023733107179736e-04
4.272522425367173619e-04
5.474476134733981172e-04
1.906643136903371093e-04
1.900354518855209109e-04
3.119031474258922255e-04
4.272529768100519882e-04
5.474483256396905266e-04
6.620694088478488526e-04
1.908458006193792036e-04
3.126678074095373748e-04
4.279783003433464128e-04
5.481518071868789459e-04
6.627503575525149756e-04
7.722104534707544985e-04
1.910145179537086615e-04
3.128270211303810330e-04
4.281293283009855928e-04
5.482982860903545461e-04
6.628921439219747020e-04
7.723475013775756839e-04
8.975138230418278984e-04
1.911742145197070479e-04
3.129777248804308898e-04
4.282722854186857514e-04
1.904776381494447041e-04
3.123203996345131901e-04
4.276487595226496712e-04
5.478321912025421302e-04
6.624409798757874236e-04
1.908464000158554771e-04
3.126683730401940537e-04
4.279788368912017119e-04
5.481523275728942581e-04
1.906655072024650505e-04
3.124976805685347010e-04
4.278169220084099126e-04
5.479952893816191590e-04
6.625988536964151285e-04
7.720640127109721805e-04
8.972334944887289283e-04
1.019575854890919552e-03
1.139236682406292132e-03
1.256333157986616296e-03
1.370964572343536837e-03
1.483216079655864461e-03
1.593161276682150554e-03
1.920103023331347369e-04
3.137667636546546393e-04
4.290208262199550916e-04
5.491629220146726845e-04
6.637290740260805679e-04
7.731564567275381631e-04
1.910159134718031630e-04
3.128283381036327856e-04
4.281305776045940190e-04
1.904773818920680575e-04
3.123201578215192451e-04
4.276485301482892912e-04
5.478319687360406380e-04
6.624407645354450777e-04
7.719112064445611153e-04
1.910140544976904700e-04
1.900361737403555252e-04
3.119038285629279427e-04
4.272536228906459064e-04
5.474489522684789899e-04
1.906643159602133179e-04
3.124965564525683743e-04
4.278158557038952295e-04
5.479942551922381078e-04
6.625978526361842166e-04
7.720630451048247390e-04
1.910142897046118737e-04
3.128268057358151344e-04
4.281291239791268984e-04
5.482980879235340279e-04
6.628919521040841376e-04
7.723473159705952253e-04
8.975136397019432832e-04
1.019852446116852789e-03
1.139509442841058016e-03
1.914781362713921726e-04
3.132645329138503652e-04
4.285443911671085737e-04
5.487008446368647372e-04
6.632818045995322312e-04
7.727241385078751149e-04
1.910153126829471613e-04
3.128277711021137529e-04
4.281300397192341228e-04
5.482989760776583836e-04
6.628928118032381255e-04
7.723481469370053814e-04
8.975144614039355390e-04
1.019853257409673473e-03
1.139510242896379054e-03
1.256602673616436612e-03
1.371229905086512532e-03
1.483477135818654690e-03
1.593417997896521892e-03
1.701116982178148187e-03
1.806631803537205472e-03
1.910014155973165616e-03
2.011311412425550310e-03
2.110567368624582073e-03
2.207823381385730106e-03
2.303118476736670805e-03
2.396490073747870042e-03
2.487974192212838963e-03
2.577605908645864453e-03
2.665419457720591499e-03
2.751448298597201740e-03
1.932827941956652299e-04
1.900408390595751187e-04
3.119082307259442733e-04
4.272577984860371700e-04
1.904758008300593388e-04
3.123186658789421687e-04
4.276471149499444947e-04
5.478305961578815424e-04
6.624394359243625978e-04
7.719099222325381511e-04
8.970811214743525889e-04
1.911735805910574296e-04
3.129771266450019759e-04
4.282717179313066144e-04
1.904776371235342007e-04
1.900350661495850966e-04
3.119027834482558377e-04
4.272526315654609887e-04
5.474479907895087646e-04
6.620690847216309082e-04
7.715519461090686792e-04
8.967271346309149726e-04
1.019075907788847711e-03
1.138743710172148739e-03
1.914770983184128016e-04
3.132635533741667333e-04
4.285434619544403376e-04
5.486999434228356613e-04
6.632809322636184406e-04
7.727232953303554480e-04
8.978854270617192806e-04
1.020219523564554502e-03
1.139871426682000696e-03
1.914786267828692845e-04
3.132649958206649705e-04
1.902693123442472721e-04
3.121238190263217319e-04
4.274622924021130284e-04
5.476513390801432141e-04
6.622659204165221762e-04
7.717422048523446803e-04
8.969152732661391826e-04
1.911733374501124977e-04
3.129768971940669986e-04
1.902687611629054660e-04
3.121232989256624685e-04
1.902671246715883873e-04
1.900346315004089893e-04
3.119023733164600709e-04
4.272522425421652068e-04
5.474476134786819765e-04
6.620687194946151769e-04
7.715515930853776702e-04
8.967267855409767011e-04
1.019075563119503864e-03
1.913289058071161578e-04
3.131237073187834088e-04
4.284108017069684438e-04
5.485712801332365707e-04
1.906662154919339016e-04
3.124983489461036494e-04
4.278175560124639759e-04
5.479959042906102891e-04
6.625994489074373082e-04
7.720645880308315331e-04
1.910142920940491003e-04
3.128268079906840063e-04
1.902684737812087657e-04
3.121230277492075878e-04
4.274615418388341822e-04
5.476506111170788196e-04
6.622652157692006727e-04
7.717415237507093025e-04
8.969145997548837353e-04
1.019260998965496176e-03
1.138926237100292916e-03
1.256027302193241622e-03
1.370663462820378205e-03
1.482919822834256537e-03
1.592869938898198350e-03
1.700578246858383677e-03
1.921316518061536548e-04
3.138812902534833158e-04
4.291294727722371480e-04
5.492682938333844902e-04
6.638310686296823755e-04
7.732550415860704523e-04
8.984112426172695919e-04
1.020738676352114056e-03
1.140383382649129635e-03
1.914793199462313069e-04
3.132656499747132287e-04
1.902693135949804317e-04
3.121238202065274589e-04
4.274622935215938386e-04
5.476513401659146608e-04
1.906646590127101279e-04
3.124968801741004852e-04
1.902678414943119619e-04
3.121224311165343625e-04
4.274609759049248546e-04
5.476500622239954905e-04
6.622646844564622926e-04
1.908461157138304669e-04
3.126681047537583974e-04
4.279785823991376793e-04
1.904771068859471817e-04
3.123198983165955105e-04
4.276482839920602106e-04
5.478317299930701495e-04
6.624405334400068276e-04
7.719109830717912901e-04
8.970821704893086525e-04
1.019426447479974008e-03
1.139089344163221390e-03
1.256187997678929026e-03
1.370821664846821625e-03
1.483075475437729916e-03
1.593023007188394463e-03
1.700728711325826458e-03
1.806250271798692840e-03
1.909639358953783232e-03
2.010943327234949920e-03
1.924760942315869076e-04
1.900391839752117208e-04
1.900341595045348822e-04
3.119019279446145479e-04
4.272518200925531852e-04
5.474472037479115056e-04
1.906643129956604255e-04
3.124965536550678618e-04
4.278158530502660143e-04
5.479942526185296089e-04
1.906652397264332215e-04
1.900354537974354937e-04
1.900341517874144283e-04
3.119019206627967125e-04
4.272518131855125990e-04
5.474471970488225224e-04
1.906643129843025133e-04
3.124965536443494933e-04
4.278158530400984205e-04
5.479942526086696575e-04
6.625978501353768212e-04
1.908466528720320664e-04
3.126686116522294574e-04
4.279790632346279185e-04
5.481525470984231979e-04
6.627510737597600704e-04
1.908468997327037006e-04
3.126688446065125455e-04
4.279792842112084853e-04
5.481527614187631020e-04
6.627512812139867192e-04
7.722113462628305523e-04
8.973791857149643640e-04
1.019719700731090434e-03
1.913298110991640537e-04
1.900368249276493371e-04
3.119044430186269381e-04
4.272542057218557958e-04
1.904757943120392199e-04
3.123186597283220079e-04
4.276471091157065625e-04
5.478305904993475712e-04
1.906649626467529768e-04
3.124971666984165857e-04
4.278164345657807380e-04
1.904768133702649906e-04
3.123196213454444183e-04
1.902675014894383951e-04
3.121221102843201598e-04
4.274606715806205455e-04
5.476497670631912725e-04
6.622643987492810719e-04
7.717407340313799840e-04
8.969138188363899112e-04
1.911733353174567107e-04
3.129768951814908035e-04
4.282714983645449238e-04
5.484361734288186341e-04
6.630256136242197165e-04
1.908473417935644908e-04
3.126692617648010354e-04
4.279796799206728132e-04
5.481531452086919757e-04
6.627516527085555503e-04
1.908469006651453245e-04
3.126688454864267426e-04
4.279792850458809857e-04
1.904771081573231712e-04
3.123198995163080946e-04
4.276482851300594649e-04
5.478317310967969599e-04
6.624405345083781305e-04
7.719109841044613333e-04
8.970821715104699981e-04
1.911735821300081185e-04
1.900365029239069279e-04
3.119041391781802661e-04
4.272539175193086820e-04
1.904757937891752412e-04
3.123186592349306559e-04
4.276471086476952448e-04
5.478305900454320202e-04
1.906649626459844672e-04
3.124971666976917423e-04
4.278164345650936249e-04
5.479948166192071500e-04
6.625983960784442676e-04
7.720635703859800086e-04
8.972330570942563992e-04
1.911738032550332558e-04
3.129773367719245109e-04
4.282719172581412746e-04
5.484365797030031761e-04
6.630260068817047780e-04
7.724768904298831692e-04
1.910149303000632597e-04
3.128274102542327175e-04
4.281296974213042133e-04
5.482986440912006364e-04
6.628924904530741988e-04
1.908471274897340585e-04
3.126690595333246787e-04
4.279794880872315912e-04
5.481529591536472325e-04
6.627514726141001426e-04
7.722115312662171860e-04
8.973793686558935879e-04
1.019719881354634334e-03
1.139378714106033773e-03
1.256473089611819622e-03
1.371102332228310529e-03
1.483351619158327413e-03
1.593294565498517244e-03
1.700995649724167330e-03
1.806512577044486548e-03
1.909897034067031558e-03
1.923647301025591561e-04
3.141012679979448608e-04
4.293381588983279009e-04
5.494706891360766907e-04
6.640269765146345230e-04
7.734443997456047579e-04
8.985984882540964599e-04
1.020923548890773080e-03
1.913314997175795873e-04
3.131261552211057138e-04
4.284131238183888028e-04
5.485735322813578866e-04
