1.311341343239229784e-04
2.485975171173408424e-04
3.344401634084760168e-04
4.257235259417602256e-04
5.053085723536855992e-04
5.742416236531564270e-04
5.871649388860659437e-04
6.259583175563005093e-04
6.567591549770668020e-04
7.062201875270373262e-04
7.487172340717481844e-04
8.010266828788628699e-04
8.429740426779436680e-04
8.794535653682446089e-04
9.002360150843505488e-04
9.322771654496396845e-04
9.574398721933811366e-04
9.793977226699450596e-04
9.985715977060137701e-04
1.004122637877288187e-03
1.008364986330720966e-03
1.018057774038697016e-03
1.025658923240491257e-03
1.025727242179097021e-03
1.031155228626293857e-03
1.034919297446784897e-03
1.037161645704650324e-03
1.034191328034547936e-03
1.030851430043048644e-03
1.032472042612632814e-03
1.032756043694708784e-03
1.041284316091694879e-03
1.040160659467294834e-03
1.038010677101816256e-03
1.041871512474104805e-03
1.031500955389267997e-03
1.027288349780754607e-03
1.023125789774370848e-03
1.018120477951061286e-03
1.025052682875010699e-03
1.029186292982976281e-03
1.030968130549064126e-03
1.041775682909193163e-03
1.049354383400022623e-03
1.056238743115313350e-03
1.053258036503414066e-03
1.049204776620048197e-03
1.058583265586748434e-03
1.065122543127812417e-03
1.070991536916369091e-03
1.064320192689157491e-03
1.071715816354440421e-03
1.064091280689112009e-03
1.071698909621087055e-03
1.063307395639132881e-03
1.071150455764713393e-03
1.076839166773632455e-03
1.081876866685543056e-03
1.072527163966981037e-03
1.063207491953937047e-03
1.053815538913228109e-03
1.058903050057898943e-03
1.062775357799367135e-03
1.053721008554161370e-03
1.057603583323749822e-03
1.048740144407209977e-03
1.039679105970838175e-03
1.030330565839522247e-03
1.030425351903834158e-03
1.037965193822670872e-03
1.038024222438126316e-03
1.038558382468334103e-03
1.028408227115776459e-03
1.034510563196029730e-03
1.034818496190403718e-03
1.032043390484439337e-03
1.036549061598337649e-03
1.031449170931273080e-03
1.034046186779325784e-03
1.035333270095317683e-03
1.028409248429596867e-03
1.021054427511959182e-03
1.013187910352790141e-03
1.014813288323045386e-03
1.016822994957883785e-03
1.018034574408819030e-03
1.006771414319715310e-03
1.014131309289696648e-03
1.018793328709983103e-03
1.012967204628864451e-03
1.015567437247086617e-03
1.008908357084434921e-03
1.011065285018409709e-03
1.013550940282471891e-03
1.015252799715763788e-03
1.016879733971873777e-03
9.971164110417543840e-04
1.003426705589605160e-03
1.005113595886532579e-03
1.002205237041102395e-03
1.003988628167206548e-03
1.005704156163083826e-03
1.007256263900671491e-03
9.874804725782736041e-04
9.898390292779643378e-04
9.920734394611950818e-04
9.940815164704564205e-04
1.017371947295373207e-03
1.019049905726054873e-03
1.034034779123045242e-03
1.043412059008836301e-03
1.044237542080045074e-03
1.052356506318580763e-03
1.056224360425179207e-03
1.057792622169149857e-03
1.058624156898915715e-03
1.059138666635360028e-03
1.059251497599082367e-03
1.058881957214140215e-03
1.061288693686942165e-03
1.062138532088947136e-03
1.061375335259969995e-03
1.060048602338952220e-03
1.061814813285444315e-03
1.062118661083324934e-03
1.061078366486361679e-03
1.060197699531938804e-03
1.058720186698401938e-03
1.056563542049373866e-03
1.053652478134208415e-03
1.056936485913305759e-03
1.058587472582232184e-03
1.055958797526889651e-03
1.052552938984050238e-03
1.048300100965897808e-03
1.053116941488883374e-03
1.056127960301474645e-03
1.052345174788712687e-03
1.055346443424270367e-03
1.051473168613727832e-03
1.054478642503789724e-03
1.055774384115346944e-03
1.052669032021919405e-03
1.054102782142611648e-03
1.051023719692581243e-03
1.052576182184059234e-03
1.049522157141195237e-03
1.045600925703449920e-03
1.049028516247010878e-03
1.050622950640351348e-03
1.047582738698086885e-03
1.049272541831923694e-03
1.049259953734894965e-03
1.047698784754432346e-03
1.053910852865514673e-03
1.059150381627151343e-03
1.061526542210476957e-03
1.061483225279137793e-03
1.059359447220784012e-03
1.042142711640207074e-03
1.042886354567739782e-03
1.041940200051713573e-03
1.048863368852319920e-03
1.054441038816956739e-03
1.046814117034649627e-03
1.044262027283304967e-03
1.051558344797932356e-03
1.042176621385968198e-03
1.037606583902059027e-03
1.045879096359799689e-03
1.051018932205725507e-03
1.038629718356130988e-03
1.034627996484347931e-03
1.042990783849316334e-03
1.048177535040014426e-03
1.036314256223935283e-03
1.032718746199048692e-03
1.041077779912176352e-03
1.046230943718530395e-03
1.048681063084553949e-03
1.048810891037404731e-03
1.027994327642433323e-03
1.027175921803555108e-03
1.028622842194398725e-03
1.027730699077833302e-03
1.029061429048367098e-03
1.028114919813822876e-03
1.026097008719911415e-03
1.029179280486578699e-03
1.030201314246033612e-03
1.029151061061956340e-03
1.030134650464030553e-03
1.038730884424690463e-03
1.044283248514547282e-03
1.038047080084176545e-03
1.043628065588359400e-03
1.046013371961153652e-03
1.028952512256404691e-03
1.037701175545443881e-03
1.043284015449772980e-03
1.045659138293377182e-03
1.028559251363682760e-03
1.027494533702167420e-03
1.028592020664966314e-03
1.037360810853510396e-03
1.042973549283691004e-03
1.036756499854407220e-03
1.035431604041127515e-03
1.031527891974001786e-03
1.027354685272227706e-03
1.037356033249405094e-03
1.025589497116967093e-03
1.020638835516854415e-03
9.691560511892085682e-04
9.674093469456935494e-04
9.696283166684629843e-04
9.646127697891097343e-04
9.587309590949717134e-04
9.747073710517409860e-04
9.563223098248428743e-04
9.503618125167536844e-04
9.681419137359389623e-04
9.782733305374979697e-04
9.895729948229061053e-04
9.971356767935974155e-04
1.001510415617669564e-03
1.003133612435711973e-03
1.011985305565542455e-03
1.011113352590469090e-03
1.019202153223980464e-03
1.025777269319280488e-03
1.023277433195419377e-03
1.029388879985741615e-03
1.025805910878484261e-03
1.031575034977375233e-03
1.027227005412485262e-03
1.021843299169017177e-03
1.015423967888498622e-03
1.023564010388069989e-03
1.030013918346132842e-03
1.023775922889803196e-03
1.016651345611356517e-03
1.024419340357654758e-03
1.017071020080487654e-03
1.018244597630862513e-03
1.017978530710759088e-03
1.019002080499240926e-03
1.020371588861402517e-03
1.021143450839683258e-03
1.022359450999271811e-03
1.022074681902041763e-03
1.020225375531514126e-03
1.026815447643069463e-03
1.019020575495298156e-03
1.025649622752991758e-03
1.017917298568849242e-03
1.024581370501063743e-03
1.029574779274383201e-03
1.022799372209795121e-03
1.015209519914615256e-03
1.022046846460004715e-03
1.027185623755413760e-03
1.020528204901030318e-03
1.013022705289699831e-03
1.020000543273048800e-03
1.012495661698989847e-03
1.013991342074577542e-03
1.014775657426664418e-03
1.016023781164687853e-03
1.023237524809433949e-03
1.024646502561883535e-03
1.023263345728005203e-03
1.024681685827886178e-03
1.023219121308295782e-03
1.024652916922851476e-03
1.025322188993463193e-03
1.016893753063740757e-03
1.023752940405990228e-03
1.020588813851179598e-03
1.025251074219421001e-03
1.028355034501595919e-03
1.030019592398295856e-03
1.030361090654297908e-03
1.029491682448627340e-03
1.026854484831109292e-03
1.026531366701173131e-03
1.024049890670597788e-03
1.020739260525582552e-03
1.016521826955205749e-03
1.019969592890287990e-03
1.015692758328800259e-03
1.019297756677081408e-03
1.014954623730842786e-03
1.009621355789211937e-03
1.003250136798556008e-03
1.010417829262861937e-03
1.003887954212616439e-03
1.006387793652017883e-03
1.014801071299661992e-03
1.017182307417274735e-03
1.018682011683696900e-03
1.020013897754052908e-03
1.021107574221312040e-03
1.038305421165191048e-03
1.039107654836355765e-03
1.039581079739269366e-03
1.039650132569791552e-03
1.056404042451174240e-03
1.064644078803646558e-03
1.064446376540726475e-03
1.072216399401947464e-03
1.071757526178113672e-03
1.077957928275755355e-03
1.080753267431278130e-03
1.081970520421944495e-03
1.081567003034116870e-03
1.080808100628192136e-03
1.085029022914344625e-03
1.084436329786313746e-03
1.083432149775928480e-03
1.088208267092432386e-03
1.087325957601899566e-03
1.085992324326797657e-03
1.084140055430869894e-03
1.081704730649491386e-03
1.078625438731042104e-03
1.047554563398816769e-03
1.047799510995666220e-03
1.046608446884147179e-03
1.046437360037868330e-03
1.045378217532205592e-03
1.042667922175910880e-03
1.038367063809404267e-03
1.032539150708332819e-03
1.034648308309526988e-03
1.043691282918493774e-03
1.049448208254497982e-03
1.026568487603129586e-03
1.029535023651976253e-03
1.022591502690655373e-03
1.014268890225456313e-03
1.027212255812664024e-03
1.011425428198333819e-03
1.024423266734668424e-03
1.009132504737564936e-03
1.022144250544641895e-03
1.007276903091203473e-03
1.020272911395095263e-03
1.029397977028343467e-03
1.011569017759889185e-03
1.005163917048226526e-03
1.018046867638118351e-03
1.003987652330804847e-03
9.962305823601410888e-04
9.869914216754428239e-04
9.764121138672085922e-04
9.955331414891930263e-04
9.748630090553269843e-04
9.194337738367592021e-04
9.172996309915461234e-04
9.076176795886188803e-04
9.282910973933393038e-04
9.056805601157359806e-04
8.954131042365314755e-04
8.839461153894085689e-04
9.094189874440577808e-04
9.291645914744601316e-04
9.439408375909839758e-04
9.543817954181851165e-04
9.610200394723661691e-04
9.690071142930095464e-04
9.753073835580120844e-04
9.800235431358570413e-04
9.840876346980075018e-04
9.884086068761440379e-04
9.905824444129808590e-04
9.946458911459057136e-04
9.953836537282564987e-04
9.992898255194518353e-04
1.001672445475787444e-03
1.001995238250935789e-03
1.004398632769758345e-03
1.003974040379457949e-03
1.002165919736828538e-03
1.006167907364906820e-03
1.008588264431819473e-03
1.007053164850826507e-03
1.004281585279652314e-03
1.000251038374702899e-03
1.006055298400739071e-03
1.001645503628829622e-03
1.007397412783981195e-03
1.002682017924775995e-03
1.005935043875626992e-03
1.004246288829195024e-03
1.007263859756564331e-03
1.010381487256890084e-03
1.009955704636956520e-03
1.012838816543942984e-03
1.011464578686881296e-03
1.014164110201400864e-03
1.012654670165852051e-03
1.009581286399214954e-03
1.011917820610117383e-03
1.009634720077304997e-03
1.011942765122099408e-03
1.014447176108824707e-03
1.013627926639138919e-03
1.016034392170115253e-03
1.014347638799906279e-03
1.011106059418826310e-03
1.013233558230860077e-03
1.010824141304390508e-03
1.015899425490759608e-03
1.009782305853514041e-03
1.015036547701626867e-03
1.008927284663992856e-03
1.011223862233904831e-03
1.018048255768706258e-03
1.014460149070623698e-03
1.008287377879088335e-03
1.010610874081464220e-03
1.013144474821367014e-03
1.014736452003192494e-03
1.005419957232839235e-03
1.006669704208986013e-03
1.006807765721809932e-03
1.015302527983434795e-03
1.020979907599804757e-03
1.017075780260800078e-03
1.010599888454632176e-03
1.015939661650876657e-03
1.019608179164691302e-03
1.014229051662364229e-03
1.018179012365043584e-03
1.012841003737707411e-03
1.006488566039030795e-03
1.012503807096275981e-03
1.006107682588372769e-03
1.008534258286753480e-03
1.010141556317201931e-03
1.010703634417260211e-03
1.012167362941457502e-03
1.013511167188501034e-03
1.004338711757976144e-03
1.005541577981762698e-03
1.006623418632925744e-03
9.982140894429490131e-04
9.994115966559711205e-04
9.999574603418420055e-04
1.001000961742307257e-03
1.001964009587141130e-03
1.002755876777912999e-03
1.003282009254312466e-03
1.003445771849467965e-03
1.003150431139197656e-03
1.002301314854996388e-03
9.910913050036364302e-04
1.001471449704042106e-03
1.002838912605826015e-03
1.010601081251281822e-03
1.011248141957457039e-03
1.017105658297652203e-03
1.017180601679379187e-03
1.021655950721224839e-03
1.021278194932679403e-03
1.019739871873206419e-03
1.016999326006207691e-03
1.013027646795831849e-03
1.017059620724253526e-03
1.018336503122941423e-03
1.021884211523715023e-03
1.025469825666607557e-03
1.031923753769515683e-03
1.031710488673176496e-03
1.033699023727267883e-03
1.033887102949161609e-03
1.041048067974696114e-03
1.046034387559167857e-03
1.040440641306410651e-03
1.033822674938995314e-03
1.035516967277922253e-03
1.037422863430855760e-03
1.038439276278601284e-03
1.032352096108291517e-03
1.041336512426895965e-03
1.039455412340266859e-03
1.040604189592483951e-03
1.039513114481176647e-03
1.040654771107971110e-03
1.042045192401065256e-03
1.042610985278811684e-03
1.036196832476613114e-03
1.044272907688337639e-03
1.045432578700141195e-03
1.044742098456805188e-03
1.045876645047603927e-03
1.045097939005027853e-03
1.042589259254680456e-03
1.035106000424943547e-03
1.036222889646011645e-03
1.044627475438166930e-03
1.045828900131448060e-03
1.035974984273994827e-03
1.037069290190531816e-03
1.038441045038612787e-03
1.039248876169364269e-03
1.037394570225016370e-03
1.038429969528469445e-03
1.037405882516276344e-03
1.043177317848005461e-03
1.046794074719671619e-03
1.041312722403925058e-03
1.034820663171896835e-03
1.040715870281402064e-03
1.034367655432056514e-03
1.026948880386768228e-03
1.034942387843364262e-03
1.027610541266113942e-03
1.035400202049431779e-03
1.040841255047457578e-03
1.034825697338059326e-03
1.027740366666409118e-03
1.035289968199158001e-03
1.040496536148788906e-03
1.034724515089496550e-03
1.039891710954321492e-03
1.042898065178978319e-03
1.043929942066000377e-03
1.043168984699443863e-03
1.050058134420692006e-03
1.054591923142159408e-03
1.056059664764488499e-03
1.038290625188550758e-03
1.036599925435273363e-03
1.033903478604231195e-03
1.036017992699989456e-03
1.036200422939429280e-03
1.043972947269138779e-03
1.049007965808848933e-03
1.042338423036864728e-03
1.047465400335137464e-03
1.049427259424973819e-03
1.048703241466475292e-03
1.045664354860986051e-03
1.040597407961668013e-03
1.027922761246810720e-03
1.032225368492282590e-03
1.034356548476012818e-03
1.034521558595378338e-03
1.042467189666477449e-03
1.040344656408655633e-03
1.035733113573106701e-03
1.043790957617035968e-03
1.033421177563674130e-03
1.041598493496871756e-03
1.046466693019102627e-03
1.048545488203046468e-03
1.048231655729818914e-03
1.027034280964399986e-03
1.025869767166621678e-03
1.023582043363126552e-03
1.020098884670261191e-03
1.015362897410142630e-03
1.018388449415464107e-03
1.021491992199938335e-03
1.023342727027268468e-03
1.026095683731052333e-03
1.026680108380045690e-03
1.025407985438236318e-03
1.019107669140347948e-03
1.021335853864831873e-03
1.022725597915250667e-03
1.025541140619680869e-03
1.024536925960179779e-03
1.026397647305369969e-03
1.026066825807444302e-03
1.027859007132142207e-03
1.027345995455496066e-03
1.020098976210939441e-03
1.028419006235918934e-03
1.021300407157468490e-03
1.029321696733153952e-03
1.034852517142509755e-03
1.029174727097147352e-03
1.022373187371887785e-03
1.024235585057944875e-03
1.025292132976544836e-03
1.026231993527898468e-03
1.026987432928074722e-03
1.027482919055178667e-03
1.003976430614669747e-03
1.004796326282491985e-03
1.005549463780997877e-03
9.987542534608715664e-04
1.013580083414282462e-03
1.025705274548822064e-03
1.036208268708128499e-03
1.034169969178088191e-03
1.040131052069249865e-03
1.032935802444755842e-03
1.033985975796469087e-03
1.032941996206612539e-03
1.038731772233822230e-03
1.032081118810181325e-03
1.033388984919085844e-03
1.034952588587454174e-03
1.035542048999612066e-03
1.033515008286624249e-03
1.026134138017784645e-03
1.033597597833966391e-03
1.038655965195345180e-03
1.041505835465286224e-03
1.042343401123975010e-03
1.039047651829534983e-03
1.040132459659423841e-03
1.037080344215821764e-03
1.032997428184863559e-03
1.036350752378485804e-03
1.037631213798390030e-03
1.037036832480300918e-03
1.044492929484725679e-03
1.040737260922464102e-03
1.047199261679572935e-03
1.039233164363186123e-03
1.046534508326021472e-03
1.050436523866224350e-03
1.051466527931521882e-03
1.029456165049899737e-03
1.028361398017135515e-03
1.029105265375390927e-03
1.028036396781895285e-03
1.028806530600845761e-03
1.037400482800882127e-03
1.035729997764276138e-03
1.031491744734417413e-03
1.039986273865007400e-03
1.045115389373329042e-03
1.047407311018217456e-03
1.047265811047334242e-03
1.025509473339995207e-03
1.034639497267716762e-03
1.040330822527123569e-03
1.042719441574348595e-03
1.025739454964137449e-03
1.024658800110011571e-03
1.026022345234319779e-03
1.035077774238892748e-03
1.033839798750206757e-03
1.041254459157543071e-03
1.032868932862449768e-03
1.040307668502645898e-03
1.044283808993590884e-03
1.045324899233911978e-03
1.043841198488740848e-03
1.024449668500918660e-03
1.022087004089904496e-03
1.025494015204825304e-03
1.026743149291188019e-03
1.025491922095986058e-03
1.023119899651473179e-03
1.019551829219772542e-03
1.014727793785462698e-03
1.022003155449387147e-03
1.026774056498262712e-03
1.029265316658858767e-03
1.029697775029182532e-03
1.038147793230744442e-03
1.043801892658990146e-03
1.046151313944992988e-03
1.027913094438905137e-03
1.026773564525098248e-03
1.027500460926108680e-03
1.036217948937591567e-03
1.042056948127176351e-03
1.035340986308729396e-03
1.032685874434021702e-03
1.029517974310937244e-03
1.038219693495647140e-03
1.043507879574128100e-03
1.045916514380083916e-03
1.032265646755825420e-03
1.038199176160834901e-03
1.040774952482685558e-03
1.023617434411021581e-03
1.022650337455211726e-03
1.020528643112283409e-03
1.023916569226336138e-03
1.021728933036974898e-03
1.024906529552146181e-03
1.025941359243614940e-03
1.034899295450886127e-03
1.032338690747811429e-03
1.029246597819847599e-03
1.024861891743802456e-03
1.035234746809398070e-03
1.042039115841250250e-03
1.045845552451574179e-03
1.029352744415243512e-03
1.037023618322159947e-03
1.029151642485191635e-03
1.025932435035277349e-03
1.022328744938760282e-03
1.017493082404802339e-03
9.647230040968090593e-04
9.632047776724844083e-04
9.658919178408324974e-04
9.609601701972185842e-04
9.551407763554657475e-04
9.485307599507107048e-04
9.412285913132939106e-04
9.333270825599919007e-04
9.554065395697064131e-04
9.660733653765004496e-04
9.807650863788550024e-04
9.914250635192549486e-04
9.986580381380035301e-04
1.006345112801141544e-03
1.010073177774483506e-03
1.011542245451602876e-03
1.018614501530999607e-03
1.024245336389398124e-03
1.028530098029797543e-03
1.031560645481024475e-03
1.031079690702336321e-03
1.033747915794830819e-03
1.035232237476946824e-03
1.034142796596146732e-03
1.032227429950707993e-03
1.029459414235758255e-03
1.025806928040449810e-03
1.030462354992074149e-03
1.033651591916365546e-03
1.030132478264400532e-03
1.033234322729478837e-03
1.029524840912741978e-03
1.025052541481763328e-03
1.029464142046685945e-03
1.032377651524104753e-03
1.033918899209776724e-03
1.034206882443132426e-03
1.033353369657018196e-03
1.031457484830882202e-03
1.030903857517375581e-03
1.029118045419989474e-03
1.026707659399614739e-03
1.023581384312750213e-03
1.026071556493302322e-03
1.027167589501033545e-03
1.026995239310595160e-03
1.025261696732025773e-03
1.025332780640347830e-03
1.024219656857152045e-03
1.031774457475459917e-03
1.029493683801290362e-03
1.036550861533824764e-03
1.027299951646333531e-03
1.023501931014122795e-03
1.019876292400328632e-03
1.028795643732427056e-03
1.034687213344501417e-03
1.019793094573079144e-03
1.027397207207252864e-03
1.018798125993641531e-03
1.016233319985403692e-03
1.012815041371760644e-03
1.022788792779120081e-03
1.011656252641240494e-03
1.007842552041404239e-03
9.601368519900228002e-04
9.656050225570724432e-04
9.668692808175964734e-04
9.644968655225187983e-04
9.690371946479333634e-04
9.717402505762432570e-04
9.757174630555498192e-04
9.765164690899796147e-04
9.792708858203551855e-04
9.902852795559630508e-04
9.998262824783723905e-04
9.996000903464124371e-04
1.007245651315994556e-03
1.013596116663225376e-03
1.018737504435842951e-03
1.022752948968472415e-03
1.025722107265359317e-03
1.032588070476221295e-03
1.033056442549161891e-03
1.032776117381152981e-03
1.029379523484765489e-03
1.029526007194161508e-03
1.026131033556006503e-03
1.026656799807149686e-03
1.023247640308581896e-03
1.024114708733952182e-03
1.024129041042930047e-03
1.021235340678089583e-03
1.017785560597661391e-03
1.019343649537747401e-03
1.019965591145765215e-03
1.016992872635963689e-03
1.013402284888000830e-03
1.015547481987743011e-03
1.016691093049029541e-03
1.013555564514321975e-03
1.014993980582505010e-03
1.015480397710392642e-03
1.012858731705318241e-03
1.009571347746509445e-03
1.005545074547590807e-03
1.008860851457893219e-03
1.011059326956199010e-03
1.007444134458118385e-03
1.009886246348825874e-03
1.006123316783367160e-03
1.008800376121350012e-03
1.004879014807275170e-03
1.007784267464806229e-03
1.003695918149767781e-03
9.987797936169336577e-04
9.929844509157551794e-04
9.987866194169294116e-04
1.003285556220452320e-03
1.006574441830231570e-03
1.001874495410627923e-03
1.005417817781894922e-03
1.000568048869506822e-03
9.948564154870524409e-04
1.000034166923560600e-03
9.941092805103004994e-04
9.994368362835185943e-04
1.003497024987776935e-03
9.980941563429576117e-04
9.918100236959857992e-04
9.945203570184155215e-04
1.001410949615260228e-03
1.004011297607585026e-03
1.005743961773328645e-03
9.949752755400113197e-04
9.964809444053478703e-04
9.978684145552265804e-04
9.990595511493464888e-04
9.810607984800155754e-04
9.897174942668362108e-04
9.911061444250769941e-04
9.924071579644755392e-04
9.935319126671169829e-04
1.009933377608415424e-03
1.010012256503648852e-03
1.022922544768815889e-03
1.022108683717125105e-03
1.020864405117240985e-03
1.019109487941654343e-03
1.030461636193469093e-03
1.027756306849159692e-03
1.037408661681846330e-03
1.045020474242136684e-03
1.041496667299090378e-03
1.048268649317929272e-03
1.053442988452999059e-03
1.049600646006876824e-03
1.045157309171381105e-03
1.040044883261245128e-03
1.034203561138618025e-03
1.027582509733002093e-03
1.005406392103717905e-03
1.008586508066523649e-03
1.005913694736386248e-03
1.002117224500135781e-03
9.971655402604385435e-04
1.003661103441907043e-03
1.008198737854217909e-03
1.003816517892295928e-03
1.007582181920732090e-03
1.011370810429827131e-03
1.014112537226759562e-03
1.004315880900701974e-03
1.011847284149293034e-03
1.016526586253207890e-03
1.011382579545113628e-03
1.006185735350659206e-03
1.010317373076106626e-03
1.005053519718471493e-03
1.008414989565126251e-03
1.014293282743966790e-03
1.009194320603018025e-03
1.011716540931042324e-03
1.007442532762650505e-03
1.010236688810388795e-03
1.005939443631509531e-03
1.009493739390828490e-03
1.013062509032957182e-03
1.015591936237761296e-03
1.006188752492364951e-03
1.008596812020606847e-03
1.006979895097531112e-03
1.009271312113310627e-03
1.011323456786765050e-03
1.000617082914316558e-03
1.002584397144486075e-03
1.004322191586975652e-03
9.944982721331793989e-04
9.964092089572355957e-04
9.981232516819166928e-04
9.912776274831609606e-04
1.002319099744866226e-03
1.003232026052361392e-03
1.004074243955339202e-03
9.942744313522387193e-04
9.953843799257156531e-04
9.964332054671705321e-04
9.973193596285747330e-04
1.018525797507819058e-03
1.034895927682147982e-03
1.033823694717918946e-03
1.032382989112740589e-03
1.030484685852594683e-03
1.008215762374889152e-03
1.013340593925514182e-03
1.015278092317452611e-03
1.014400913884352679e-03
1.017563306615663172e-03
1.015888431612270177e-03
1.018944131135201365e-03
1.020937714008999251e-03
1.021802270357462369e-03
1.023113504451038424e-03
1.022050208886808934e-03
1.018811474559405987e-03
1.021484953574015560e-03
1.022980014717867489e-03
1.021593060288380301e-03
1.022961597710987875e-03
1.021438583867575111e-03
1.022703753281074259e-03
1.021097813737379669e-03
1.017412040330750982e-03
1.021540336921906858e-03
1.015248256682091009e-03
1.026680300428663151e-03
1.034432635915094514e-03
1.018121962650559396e-03
1.027585834728985282e-03
1.033500476329287342e-03
1.011912525503651456e-03
1.016792991253262501e-03
1.011102281004519401e-03
1.022557812549254336e-03
1.009658787363804881e-03
1.021136280681684237e-03
1.008475271157083328e-03
1.019954638670692720e-03
1.027632926310236743e-03
1.032053423681730982e-03
1.033648442842423397e-03
1.010202274141500491e-03
1.010833014040444415e-03
1.010788214433639559e-03
1.011359853390371259e-03
1.010481171882281334e-03
1.008112985427997476e-03
1.012408162242703445e-03
1.014025836186606281e-03
1.013162639208715432e-03
1.013615974481952425e-03
1.012651479074652174e-03
1.014025331581874800e-03
1.012930513923454567e-03
1.013458770963665588e-03
1.012569523228441532e-03
1.010217514224983444e-03
1.013716464790950095e-03
1.011353780488766924e-03
1.007514090257732864e-03
1.011679061140822794e-03
1.015779192535758895e-03
1.015937827393045096e-03
1.019773817913210111e-03
1.022464234838227478e-03
1.024777472469047546e-03
1.007618282074326408e-03
1.009592019023179211e-03
1.011286334986182152e-03
1.008616750266439410e-03
1.020806076126139651e-03
1.021451003910911785e-03
1.023541645739975805e-03
1.024046259787721744e-03
1.024442233157253027e-03
1.024652828005976962e-03
1.009531015787232993e-03
1.022104099640391882e-03
1.022314899947525217e-03
1.024457004487078129e-03
1.024582925012486106e-03
1.024653593941662064e-03
1.024584884400755796e-03
1.008876413364838149e-03
1.021925882912567409e-03
1.032377058099827804e-03
