1.401091583908437856e-04
2.456932450561210733e-04
3.310386648392266650e-04
4.281849658722155063e-04
5.054028407362831741e-04
5.716820085250102395e-04
6.344402066336097493e-04
6.891273850737918540e-04
7.297054704788939966e-04
7.730781127386005327e-04
8.091568281566432000e-04
8.335036737755564850e-04
8.582666550738452102e-04
8.791485732454839110e-04
8.966734247085590779e-04
9.112922997002873352e-04
9.233937603567816607e-04
9.333130837709011996e-04
9.413400875504044632e-04
9.477255604918065693e-04
9.526867616963993193e-04
9.564120924481916974e-04
9.562848262165279814e-04
9.554819265255142923e-04
9.574874859078781998e-04
9.586840687238672122e-04
9.591782633412110175e-04
9.590627431040731760e-04
9.584181954864785108e-04
9.573149091589354355e-04
9.558141445781240296e-04
9.517660358363284195e-04
9.502268519925022435e-04
9.577045593889417204e-04
9.599405173470978341e-04
9.517281026517505904e-04
9.501631314917528869e-04
9.483751097676126418e-04
9.510939405872106261e-04
9.418770506980392266e-04
9.401424983810193273e-04
9.430917834085793955e-04
9.431338088861820727e-04
9.414547625007589193e-04
9.538112743204825005e-04
9.358590436053872445e-04
9.487053527338355123e-04
9.304025675184919315e-04
9.290966100407395184e-04
9.427498704531256987e-04
9.237100415257725166e-04
9.215693040497482816e-04
9.201785397755335265e-04
9.341650342261687045e-04
9.139769246577052675e-04
9.127862123837221118e-04
9.114458654772999470e-04
9.108722657671732047e-04
9.092533627400935540e-04
9.075235501310758169e-04
9.236272594661371592e-04
9.360843260470706403e-04
9.461925285475934928e-04
9.543346208553397285e-04
9.655171843137484462e-04
9.747737285888617275e-04
9.823971368016156964e-04
9.886329188573586123e-04
9.936871209251757313e-04
9.977330017446755812e-04
1.000916494166224999e-03
1.003360709037031577e-03
1.005169660992678328e-03
1.004047970345093655e-03
1.005459975754996113e-03
1.006400457171014763e-03
1.006931514546846942e-03
1.007105953493205508e-03
1.006968803880571714e-03
1.004741902546806790e-03
1.002290459535154585e-03
1.002663210274405735e-03
9.999001194095624972e-04
1.000389768789557805e-03
1.000583402205799900e-03
1.000513298603965305e-03
1.000207383848177338e-03
9.996899362648150288e-04
9.989821037075330510e-04
9.962332805314336008e-04
9.932289454296370015e-04
9.934070465616856842e-04
9.933405381995260696e-04
9.902057830776019726e-04
9.904606387132162959e-04
9.904708185317888120e-04
9.902589138315802224e-04
9.898448233009659539e-04
9.892462007775274652e-04
9.864637742117935565e-04
9.862888149688219062e-04
9.859080444149391411e-04
9.853392605386145607e-04
9.827236926290726024e-04
9.825847081527344738e-04
9.797593717775618296e-04
9.765146596019461372e-04
9.728050577088784550e-04
9.742002588612558257e-04
9.752706701784041778e-04
9.713197790925009100e-04
9.726927199146521335e-04
9.737514368115030060e-04
9.696082074511876885e-04
9.649544728625680757e-04
9.597580282333551156e-04
9.633736379070457698e-04
9.667391768772654265e-04
9.701497466723400711e-04
9.646000094786244018e-04
9.681167375364752373e-04
9.622246666587147990e-04
9.649336000737179959e-04
9.672792324414280097e-04
9.692891616807727427e-04
9.723236895091413867e-04
9.662448555990150317e-04
9.682367843552305365e-04
9.699230991474472275e-04
9.624979545039788779e-04
9.639941731979238034e-04
9.652218009792048851e-04
9.596674303939007342e-04
9.613826286000410433e-04
9.628089866251577679e-04
9.639654173670078206e-04
9.587041647365064471e-04
9.622104188516898953e-04
9.647174729426380956e-04
9.681725480255326142e-04
9.707361056740977656e-04
9.562263030467686850e-04
9.590561068377505749e-04
9.534268937921279311e-04
9.562288792758786085e-04
9.589939154594875111e-04
9.532094851167637094e-04
9.559505376844506814e-04
9.586922327872899078e-04
9.527883084461570562e-04
9.554982756503476457e-04
9.578751101771465536e-04
9.608672167714642914e-04
9.635116686688669245e-04
9.566081273497255592e-04
9.593193465962222442e-04
9.533632864316274802e-04
9.558455286671197187e-04
9.585991152914139770e-04
9.611799651289796046e-04
9.635148721763032434e-04
9.734398667852639953e-04
9.813856892662597194e-04
9.876883299119595342e-04
9.880825522530867298e-04
9.931938824850410595e-04
9.971872588902140275e-04
1.000242216113303830e-03
1.002507314186085489e-03
1.001738256087186026e-03
1.003770146230451325e-03
1.005214303088365537e-03
1.006155815466300936e-03
1.006665724265691812e-03
1.006803564705924074e-03
1.006619161301438832e-03
1.006154351607160477e-03
1.005444340738904409e-03
1.004518825223993123e-03
1.003402925799687373e-03
1.002117961793941216e-03
1.002086304785026116e-03
1.001279363987203543e-03
1.000276712271489432e-03
9.990981710149956976e-04
9.992371881006945674e-04
9.989345833443497545e-04
9.988297917071225097e-04
9.981859560128968425e-04
9.984317497738952416e-04
9.983910710295198880e-04
9.975403533265334976e-04
9.978656761787728195e-04
9.979017758527948100e-04
9.976755325711919586e-04
9.972108182919846298e-04
9.965852404935963103e-04
9.965541987441066483e-04
9.955962598729047302e-04
9.959568638692147587e-04
9.946244413977232187e-04
9.953461752916867994e-04
9.936077405977004375e-04
9.946686534264732871e-04
9.925010137737564579e-04
9.938855463192887603e-04
9.949036605183380483e-04
9.955873507028934095e-04
9.959653836325934890e-04
9.940508005867067492e-04
9.948503677273976085e-04
9.925662038776760909e-04
9.937525218749567509e-04
9.910670536542613620e-04
9.877244308399905741e-04
9.899751500529257401e-04
9.918036929583320775e-04
9.932451448031725128e-04
9.943312910497877771e-04
9.950910384718884664e-04
9.923242984049890272e-04
9.935283361599746722e-04
9.943956663023003576e-04
9.949535664042327872e-04
9.952267831253840819e-04
9.929697187924238153e-04
9.937280954948380946e-04
9.941814975093830973e-04
9.943546668939498134e-04
9.923520022830042454e-04
9.897309844122063448e-04
9.911216962473234394e-04
9.921529450995644154e-04
9.928544045509483419e-04
9.932529951933778169e-04
9.910886278915623064e-04
9.919528792747167763e-04
9.924985271104898830e-04
9.927517539437354013e-04
9.927363158495903280e-04
9.924738830388918007e-04
9.919842399089186941e-04
9.912854664992482544e-04
9.903941028769746441e-04
9.893252978672528817e-04
9.880929434582517209e-04
9.867097961232626935e-04
9.851875862177156447e-04
9.860169292400802147e-04
9.850557454583711188e-04
9.839068983154284406e-04
9.825869156596786416e-04
9.811107101924388101e-04
9.825015227031533207e-04
9.815409045049977403e-04
9.803830554592483405e-04
9.817313447457827122e-04
9.825001681484004518e-04
9.824446826982580205e-04
9.827961609382375365e-04
9.824781014493540795e-04
9.834189481663928485e-04
9.839897659629278509e-04
9.842251971503490279e-04
9.841563895553945892e-04
9.838114567050570362e-04
9.832157904032905182e-04
9.836362411623385520e-04
9.834845877604049807e-04
9.830627268814489533e-04
9.823957079325654901e-04
9.815060640478317534e-04
9.804141806054121177e-04
9.791385179550374240e-04
9.868853276661989238e-04
9.943060342325414202e-04
9.784925694265643546e-04
9.798219097815338233e-04
9.805438786620120258e-04
9.806688957610945005e-04
9.804878022267658581e-04
9.810058305770575065e-04
9.808517479450488095e-04
9.816926712278562211e-04
9.821687450339369480e-04
9.817530288589368642e-04
9.825680027092612706e-04
9.830260276055271477e-04
9.831600545356291177e-04
9.829997777813142060e-04
9.825720650081643491e-04
9.819012411180472709e-04
9.810093445003157785e-04
9.817497305216783821e-04
9.813362467367291089e-04
9.806740997897131235e-04
9.797863716294521064e-04
9.786938446837412358e-04
9.864594433556786359e-04
9.853500871949754866e-04
9.840912378970446007e-04
9.826967544100068206e-04
9.811792263958668894e-04
9.785438564648126034e-04
9.767803558235288539e-04
9.749251957505835698e-04
9.407382436231662278e-04
9.398952937473978786e-04
9.389849303683899884e-04
9.380020713770767299e-04
9.453500617928653873e-04
9.490804058937358720e-04
9.563050394404953164e-04
9.626653474803315361e-04
9.682421203986284761e-04
9.731079803976104992e-04
9.773288718388118291e-04
9.809644583700237626e-04
9.840687109281326048e-04
9.866904445349693013e-04
9.888738077697197416e-04
9.906587286049710079e-04
9.873012122298065359e-04
9.891238039066697040e-04
9.905962063793051931e-04
9.917492154207262819e-04
9.926106510766538518e-04
9.887115356096154439e-04
9.898611525145175911e-04
9.854204259057595342e-04
9.802374137026280496e-04
9.742394410320376124e-04
9.769665184726421085e-04
9.703182251153377909e-04
9.733458247454799444e-04
9.759753813919278247e-04
9.782389864184729261e-04
9.801657650167266891e-04
9.737593205809623150e-04
9.761177194404303857e-04
9.691815525289061489e-04
9.719613001048422627e-04
9.644565844242057899e-04
9.676517721424414929e-04
9.704596622399538604e-04
9.729094306382219054e-04
9.750277147624070856e-04
9.768389355499452944e-04
9.783654968613835542e-04
9.796279673834680946e-04
9.806452463755209372e-04
9.750922596524340966e-04
9.687140223303814359e-04
9.614237330655638590e-04
9.645859886066751555e-04
9.673652658369446666e-04
9.598119326113533538e-04
9.630548789307043396e-04
9.659153988005216018e-04
9.684214086058821110e-04
9.610079860507205092e-04
9.640175521486398077e-04
9.666649151811731403e-04
9.689760413738203590e-04
9.709747510037174296e-04
9.641446212056893226e-04
9.666869606295631131e-04
9.592811082479339247e-04
9.623335225735672131e-04
9.650223308653331283e-04
9.673733982704376755e-04
9.694104768149174956e-04
9.625868760607117968e-04
9.651723551204119530e-04
9.674259717158122541e-04
9.693712247892969985e-04
9.627588013326739092e-04
9.652547160317205945e-04
9.580436809451653825e-04
9.610555801923078732e-04
9.637060303694276134e-04
9.562529413770382708e-04
9.594189098224309041e-04
9.513106782458492653e-04
9.549687207133131890e-04
9.582283671006324322e-04
9.611172830702296305e-04
9.636609620031446515e-04
9.658829988419464834e-04
9.678052402686602952e-04
9.694479237424051760e-04
9.708298060092537905e-04
9.719682816907793468e-04
9.728794925613825847e-04
9.735784281189351682e-04
9.689350458976697580e-04
9.633631820217191614e-04
9.654846834940966757e-04
9.672951977206447217e-04
9.688176460393113122e-04
9.700729992625796829e-04
9.710805509837767578e-04
9.718580654722200167e-04
9.724219125476356610e-04
9.685196756003870916e-04
9.636874846969067064e-04
9.656154159011475771e-04
9.601339876044421868e-04
9.625483177866798112e-04
9.646216113994074805e-04
9.663799462633051920e-04
9.609546206311598291e-04
9.632247775213370741e-04
9.571285952865421888e-04
9.598844481545244908e-04
9.622804912819229485e-04
9.643436576089967635e-04
9.660985847503310341e-04
9.675679162947320531e-04
9.623225596137115374e-04
9.643401170630925634e-04
9.660508893132410853e-04
9.674776573735523015e-04
9.623689641584433092e-04
9.643415247521642088e-04
9.585890977011773690e-04
9.517612132537222680e-04
9.550722865939079544e-04
9.579885575939023692e-04
9.508038400920164161e-04
9.542005816649976263e-04
9.462770020404912908e-04
9.501410973471734493e-04
9.535860064105524010e-04
9.566412218050493075e-04
9.593339210557231579e-04
9.616892507969875079e-04
9.547084498629629292e-04
9.576189187228478306e-04
9.601766964593132659e-04
9.624063052838943699e-04
9.643303414737937991e-04
9.659697330276173456e-04
9.673438721424508805e-04
9.684707375530508897e-04
9.693670073599836663e-04
9.700481629503605006e-04
9.705285846050553528e-04
9.708216393702183032e-04
9.709397617501259580e-04
9.708945277541403346e-04
9.706967228040111473e-04
9.703564039796954170e-04
9.683563562638674432e-04
9.654854091622085393e-04
9.616542238149705093e-04
9.634108289408168605e-04
9.588788657082965294e-04
9.610906405520492843e-04
9.558220990434379994e-04
9.584757925066742998e-04
9.524437850117836333e-04
9.555318382801872594e-04
9.582276018334491509e-04
9.517935516599708911e-04
9.549512719284895985e-04
9.577194832700507100e-04
9.509191816221233134e-04
9.541689541882797431e-04
9.570292643897084514e-04
9.595285272563174560e-04
9.616928322863038886e-04
9.553809221698053925e-04
9.580837341521062766e-04
9.604380298992921169e-04
9.624688979584273022e-04
9.641993880217758451e-04
9.656507832620090433e-04
9.603108533678890750e-04
9.623370904824071152e-04
9.640591758529279973e-04
9.584802825466858618e-04
9.518234890756766290e-04
9.549393097880059297e-04
9.475415834429660187e-04
9.389686358676100708e-04
9.434333980484905765e-04
9.340512303588113232e-04
9.389508521475040635e-04
9.383372358350587552e-04
9.437804832824962364e-04
9.481699915789141469e-04
9.433326281916890564e-04
9.425557320735371844e-04
9.414174802116770120e-04
9.384240613847142460e-04
9.370931973171075938e-04
9.334117758813679274e-04
9.386337122140013403e-04
9.371451027881994066e-04
9.332994008411436533e-04
9.384903585468737722e-04
9.432328470320931312e-04
9.475515337292751130e-04
9.514703816004937672e-04
9.500429331309634580e-04
9.461090442007659765e-04
9.501632005647968294e-04
9.447690280891593963e-04
9.485051221877917717e-04
9.474474788488292110e-04
9.519015458745894599e-04
9.466095488652850930e-04
9.455838804823990702e-04
9.502360057305229632e-04
9.489355180877891757e-04
9.472600150382135204e-04
9.451375850954447239e-04
9.572910892996484931e-04
9.674177355816690731e-04
9.758318475403063037e-04
9.827961066228168858e-04
9.885303392775429600e-04
9.932187455798664310e-04
9.970158698944563483e-04
1.000051542955887130e-03
1.002434979718722129e-03
1.004258182100595080e-03
1.002222999681568740e-03
1.004210489569806308e-03
1.001885132495170753e-03
1.004045061389729305e-03
1.001378039914012884e-03
1.003720530070150363e-03
1.005604984913405393e-03
1.002766611784591940e-03
9.993471975201582546e-04
1.002140073847917253e-03
1.004469360446566496e-03
1.000823680138621932e-03
1.003414333947517858e-03
1.005578277994794746e-03
1.007356723747445705e-03
1.008786333495333793e-03
1.009899828417047500e-03
1.006810242234820003e-03
1.008337489020035395e-03
1.004924220961612427e-03
1.006828183066072477e-03
1.003054181523653282e-03
1.005307695856692569e-03
1.007187206492656624e-03
1.008725718490729615e-03
1.009952966694698841e-03
1.010895826334338131e-03
1.011578596592548757e-03
1.012023257228010726e-03
1.009414686119824512e-03
1.010343379703686380e-03
1.007450979889607185e-03
1.008809823491321842e-03
1.009867600506424547e-03
1.006889055387552795e-03
1.008363963546367228e-03
1.005041736062488441e-03
1.001114714457458903e-03
1.003658291219914223e-03
1.005807725518533761e-03
1.007597165048401645e-03
1.009057499212090338e-03
1.010216747485943129e-03
1.011100326510026935e-03
1.011731294683263773e-03
1.012130575774265479e-03
1.012317163002133267e-03
1.012308304992089267e-03
1.012119674954724182e-03
1.011765524376528067e-03
1.010271026075635226e-03
1.010442129798602923e-03
1.010407402598198544e-03
1.008913619092665324e-03
1.006907337304452192e-03
1.007997773709586259e-03
1.008795940920940385e-03
1.006650870492012450e-03
1.003931777566443532e-03
1.000589655156531102e-03
1.003084531964230702e-03
1.005175344105693020e-03
1.006898317604119214e-03
1.003515200093054501e-03
1.005586240484732325e-03
1.001798559259699456e-03
1.004198306084026597e-03
1.006214275724853389e-03
1.007879755803747215e-03
1.009224850414945900e-03
1.010276862640862010e-03
1.011060556174091414e-03
1.011598394779958561e-03
1.011910761101841470e-03
1.012016156253875421e-03
1.011931381595097086e-03
1.011671704021993058e-03
1.011251006054535249e-03
1.010681921925527275e-03
1.009975960815868035e-03
1.009159857506632682e-03
1.008986398222672630e-03
1.008630880218124894e-03
1.007820918226104293e-03
1.007939028320733359e-03
1.007843185246428894e-03
1.007552915607206039e-03
1.006907839015303875e-03
1.007068032841504542e-03
1.007006276232035253e-03
1.006743230490935630e-03
1.006297358148970297e-03
1.005685307258283138e-03
1.004922002974237500e-03
1.004020869883891698e-03
1.004393720802445851e-03
1.003971333665106165e-03
1.004090785336438909e-03
1.004084269979420904e-03
1.003859161575813884e-03
1.003436790451921494e-03
1.002836106965639042e-03
1.003232536511750993e-03
1.003058281330991954e-03
1.003158196090654652e-03
1.002741257899726667e-03
1.001753402937709649e-03
1.003109764327760230e-03
1.004121487259260030e-03
1.002835439545569311e-03
1.004137520668419402e-03
1.002414273854472602e-03
1.003996094462151047e-03
1.001821808340518831e-03
1.003676679378244421e-03
1.001041494944841662e-03
9.977462075846173402e-04
9.937500489472902900e-04
9.890186525890339551e-04
9.930988616027424786e-04
9.966556501673012273e-04
9.997341184160984939e-04
9.948609756458533585e-04
9.892934667325955275e-04
9.933645961583252321e-04
9.969372555460750095e-04
1.000052182246517762e-03
9.944963001897232178e-04
9.979430251510642245e-04
1.000949323049047258e-03
1.003550436422803466e-03
1.005778597026495873e-03
1.000665659516872296e-03
1.003319397683619671e-03
1.005596918862555365e-03
1.007528126029074052e-03
1.009140331294765226e-03
1.004575208990564610e-03
9.994167280129022824e-04
1.002257338492865135e-03
1.004706356418235379e-03
1.006795073753807097e-03
1.008552128669355785e-03
1.010003645224970227e-03
1.005636945903120878e-03
1.007565604166355596e-03
1.009171654274519225e-03
1.010480902471685939e-03
1.011516838549320540e-03
1.007715777385338567e-03
1.009244505252542782e-03
1.010477224418897604e-03
1.011437948726915401e-03
1.012148477318317507e-03
1.008900894080788863e-03
1.010108396738340110e-03
1.006573334277864476e-03
1.008223143883427673e-03
1.009558815971158289e-03
1.005950358167554673e-03
1.007714310127670989e-03
1.003761532980932975e-03
1.005916126631616362e-03
1.007716454782161012e-03
1.003641356542807860e-03
1.005837177865956215e-03
1.007677678606717702e-03
1.009192620900930832e-03
1.005267445482866751e-03
1.007209164815009526e-03
1.008817018841572360e-03
1.004808868854153818e-03
1.006835937391137347e-03
1.002476844274670983e-03
1.004888266679673358e-03
1.000150976258623852e-03
9.947723955647251766e-04
9.982672348221532065e-04
9.924457159899728251e-04
9.859458206818482243e-04
9.904666953246868931e-04
9.944815436815595926e-04
9.980296483366461920e-04
1.001147091729608692e-03
1.003867081294911425e-03
9.979713324425357971e-04
1.001104483930420532e-03
1.003840671030808594e-03
1.006210355773930936e-03
1.008241451403226862e-03
1.009959691846915855e-03
1.011388648433878207e-03
1.012549948610747636e-03
1.013463456985405934e-03
1.014147418241727458e-03
1.010341276459244490e-03
1.011569274336946095e-03
1.012533467471243712e-03
1.013254533234181744e-03
1.009774456380968998e-03
1.011006031386072618e-03
1.011965995902407503e-03
1.012676377966243270e-03
1.013157136767384734e-03
1.010223360606565205e-03
1.011207423344539407e-03
1.011932611943611778e-03
1.012420437854772608e-03
1.012690334965366977e-03
1.012759949314759192e-03
1.012645312402648623e-03
1.012360998678287979e-03
1.011920268457197148e-03
1.010554298186096137e-03
1.010641719315940202e-03
1.010530836388956943e-03
1.010238673687251709e-03
1.009780525786901483e-03
1.009170225339685052e-03
1.008420295630930216e-03
1.007542146648916044e-03
1.006546093189107562e-03
1.005441494434564619e-03
9.723119903968707517e-04
9.675361718188838422e-04
9.683852829916006315e-04
9.630526292236175944e-04
9.645917612549991362e-04
9.586330341693728111e-04
9.607973284227351845e-04
9.626782904178295564e-04
9.564603861302295841e-04
9.491301959348224723e-04
9.406277393001931993e-04
9.448380346394229853e-04
9.486261032943124963e-04
9.520188408712508890e-04
9.550414065078214427e-04
9.577174104175337991e-04
9.501571295556696627e-04
9.414568034054836537e-04
9.455961080505375293e-04
9.493179738786301693e-04
9.526494509306463040e-04
9.556157119315484812e-04
9.582402767163610479e-04
9.505795637920122151e-04
9.537838210559737920e-04
9.454412251338253090e-04
9.491899060450860936e-04
9.525450978241600765e-04
9.439362983923251004e-04
9.478341920068569662e-04
9.513313320550603443e-04
9.544537577072962839e-04
9.572256536721753320e-04
9.596695844750507314e-04
9.618066052378357062e-04
9.636563660220170751e-04
9.652372098557508067e-04
9.665662646017080320e-04
9.676595288670421192e-04
9.623815044408044490e-04
9.560782774966961571e-04
9.586575117225586617e-04
9.516720615655341158e-04
9.547803265305917532e-04
9.470745668728428350e-04
9.506877211023169374e-04
9.422349887899955385e-04
9.463361579708184880e-04
9.500131519866968684e-04
9.412316180079735193e-04
9.454145064089833220e-04
9.491741354689831479e-04
9.525385134381745243e-04
9.555336087718299849e-04
9.581836011978829646e-04
9.605110087341493016e-04
9.625368067552231201e-04
9.557143022130076349e-04
9.583443612671598217e-04
9.606474468352253077e-04
9.536170425031313593e-04
9.564969867058948716e-04
9.590310780590302142e-04
9.517613523355653157e-04
9.548551721148619727e-04
9.575886006381726561e-04
9.500613421214515941e-04
9.413956144940505144e-04
9.408965390485884116e-04
9.460814486265400891e-04
9.451701330898469285e-04
9.438231324584417771e-04
9.320844452084117108e-04
9.374350454357068723e-04
9.423158340678354072e-04
9.409906006313739028e-04
9.371673266619761494e-04
9.420379407876161657e-04
9.464748452179775218e-04
9.505024353303651681e-04
9.491620525663383573e-04
9.452439466806799358e-04
9.493817502505430160e-04
9.531299767599976875e-04
9.477927343280214941e-04
9.512386027792328613e-04
9.543394418384769503e-04
9.571147691237551474e-04
9.595830652055375477e-04
9.513335117558656103e-04
9.544522429807373665e-04
9.455855589080830979e-04
9.493030558618048478e-04
9.526435267432823263e-04
9.556303015794669758e-04
9.470404948957551403e-04
9.506232344491155530e-04
9.413671999714315862e-04
9.455079672606103106e-04
9.447778900752062991e-04
9.495523544833940188e-04
9.484895435118348818e-04
9.447862369864105068e-04
9.435747160834520586e-04
9.397781192018779149e-04
9.384243363355885973e-04
9.345148900454604063e-04
9.396094711619752075e-04
9.442631193146933067e-04
9.485001432335324724e-04
9.523441354456885612e-04
9.510058733835451659e-04
9.470226302798505011e-04
9.510059894475191358e-04
9.455702846789906281e-04
9.492442277643076522e-04
9.482519061014680522e-04
9.526442394648218818e-04
9.513989631305455868e-04
9.497910958370882253e-04
9.477488227714363700e-04
9.452046149697199487e-04
9.572234023901148199e-04
9.673090729048345856e-04
9.757531962295704553e-04
9.828004952157239332e-04
9.792909613234688105e-04
9.752152292736463801e-04
9.705234280060385339e-04
9.779251683479863073e-04
9.842782255255310819e-04
9.897149123949593261e-04
9.845959157899317367e-04
9.788482402103915528e-04
9.847521976511291672e-04
9.784750429105905801e-04
9.842792140166019797e-04
9.893718320525511645e-04
9.938253072809179883e-04
9.874519279029088902e-04
9.920633932924078149e-04
9.961113768359867223e-04
9.996481980068369546e-04
1.002720555200494867e-03
9.967302866780998038e-04
1.000152566496750797e-03
1.003134020024207046e-03
1.005712375158965711e-03
1.007921622013507922e-03
1.009792570221135092e-03
1.011353029783663591e-03
1.012628158381048953e-03
1.013640759794732235e-03
1.009418064060513829e-03
1.010952652122183151e-03
1.006482440652833182e-03
1.008479066464515591e-03
1.010148753841864141e-03
1.011518263971760562e-03
1.007303669282704752e-03
1.009139801625672569e-03
1.010660099522998380e-03
1.006415261361154161e-03
1.008381568557491269e-03
1.010020611824881702e-03
1.011359268195646767e-03
1.012421898299257139e-03
1.013230668560044729e-03
1.013805753666622168e-03
1.014165521885614834e-03
1.014326704421332536e-03
1.014304549963043582e-03
1.014112965513182165e-03
1.012029626334891297e-03
1.009461663969407575e-03
1.010495043793259310e-03
1.007616653950156637e-03
1.009057789158699812e-03
1.005828532251992757e-03
1.002001688219216402e-03
1.004492896824578201e-03
1.006595126927878900e-03
1.002554438478119167e-03
1.004996588829346364e-03
1.007059721667891714e-03
1.008776281792450559e-03
1.010175625012721574e-03
1.011284391991626973e-03
1.012126761160152830e-03
1.012724680215074374e-03
1.009796512347726615e-03
1.010877023358049305e-03
1.011688252894143080e-03
1.012252923044187685e-03
1.009546676871511802e-03
1.010581131294578487e-03
1.011346018714142855e-03
1.008587559072930987e-03
1.005274429165910720e-03
1.007164024067777781e-03
1.008711088235386254e-03
1.009945534219203103e-03
1.010894343686722123e-03
1.007912867584869962e-03
1.009293605868151955e-03
1.010375185784893100e-03
1.011183456142669560e-03
1.011741721628058336e-03
1.012071078782946550e-03
1.009757269248994426e-03
1.006916029663953212e-03
1.008399984284931222e-03
1.009570889620235550e-03
1.006602676584265063e-03
1.008169816942833859e-03
1.009418223022536627e-03
1.006322341219610759e-03
1.007965702024601635e-03
1.009285467115810398e-03
1.010309899116377521e-03
1.011064478648510253e-03
1.008334314918479802e-03
1.005047677951898628e-03
1.001154742083133851e-03
1.003718263159283008e-03
1.005885983313386427e-03
1.001781618364247593e-03
1.004287786891948711e-03
9.997725114331630809e-04
9.946070005900661901e-04
9.981427031878725535e-04
1.001223128002516659e-03
9.958285414937452767e-04
9.992224894147167837e-04
1.002180705412129185e-03
1.004738520639136433e-03
9.994403750925844737e-04
9.935143252882961112e-04
9.972029549489595194e-04
1.000443893635604483e-03
1.003272441499853751e-03
1.005720908467211275e-03
1.000200731737494299e-03
9.940689623925403045e-04
9.976994279972959193e-04
1.000894042594721155e-03
1.003686523626478276e-03
9.977226980641018973e-04
9.911406032061553274e-04
