2.828796837513424325e-02
4.063888996155651245e-02
4.915286051540143641e-02
5.517440695452714011e-02
6.398991662693979121e-01
5.157725706119786757e-01
1.751049073837944503e+00
1.662280376434889684e+00
1.567887712549538071e+00
1.471176918834954828e+00
3.261104416163045805e+00
3.166812690623426629e+00
3.091507165141610614e+00
3.035564738661026496e+00
2.995968375561143926e+00
2.967369111982818719e+00
2.944163546303694368e+00
2.921997053029122604e+00
2.898165479669797762e+00
2.871682496102714754e+00
2.842463234800826299e+00
2.810923119338740950e+00
2.777650733177741582e+00
2.743220068103533471e+00
2.708122508126208139e+00
2.672740463250047327e+00
2.637352142844798131e+00
2.602176455373680142e+00
2.567778111858411982e+00
2.533587471967203353e+00
2.499923000999489275e+00
4.609488008266453996e+00
4.459732939347568426e+00
4.340301414527822033e+00
4.248532690199343875e+00
4.178485734354637771e+00
4.123795441447061449e+00
4.079128799147597739e+00
4.040565598038089234e+00
4.005449149045408497e+00
5.110131663225696563e+00
5.039883788916166729e+00
4.990109336411146401e+00
4.955037288050866628e+00
4.929818865905462033e+00
4.910914721740686772e+00
4.895938079424839273e+00
4.883353996178939838e+00
4.872206268765079784e+00
4.861913121127813042e+00
4.852128319006160595e+00
4.842650614911907070e+00
4.833366450294339423e+00
4.824214312712798325e+00
4.815162541384021999e+00
4.806195473347362856e+00
4.797309078081181788e+00
4.788501713795811909e+00
4.779755168219923078e+00
4.771063631174511599e+00
4.762422270812052716e+00
4.753821797748043032e+00
4.745256071559608380e+00
4.736714121899968433e+00
5.736186813651601213e+00
5.667056273149928991e+00
5.616322870684268054e+00
5.579628541723225865e+00
6.309146132386650230e+00
6.749412671999368563e+00
6.712901084671265117e+00
7.008330997222400605e+00
6.973967269644569811e+00
6.949889266533482157e+00
6.935105016354584428e+00
6.927372943229629598e+00
6.924352080402482734e+00
6.924132867892605958e+00
6.925438961870939103e+00
6.927509437911226975e+00
6.929927460880321632e+00
7.118685632909896199e+00
7.104279953174158280e+00
7.095981341123949626e+00
7.091351347035732999e+00
7.088780945775096320e+00
7.087292020944163440e+00
7.086324909021350038e+00
7.085579746904011600e+00
7.084900852779409952e+00
7.084224724319788002e+00
7.083525291844829042e+00
7.082801286073987512e+00
7.238004108789006352e+00
7.226373627887626938e+00
7.219777135292099857e+00
7.215973444454897745e+00
7.213606577082450677e+00
7.211918082722263534e+00
7.210509156193196212e+00
7.209186227806532621e+00
7.207863663532696030e+00
7.206519823042187411e+00
7.205157715791029815e+00
7.203792800268595364e+00
7.335887274919305590e+00
7.324617153308222939e+00
7.318085129255746502e+00
7.314122926950524572e+00
7.311449009497695606e+00
7.309372582737285740e+00
7.307540778308636575e+00
7.422448116518502559e+00
7.412589695114835564e+00
7.407014788167818331e+00
7.403685548873491840e+00
7.401422453065667817e+00
7.399616586283941366e+00
7.397973438710864436e+00
7.396373161174756738e+00
7.394777461203510427e+00
7.393145776892248833e+00
7.391523285864261439e+00
7.389973376263805349e+00
7.388467813961566932e+00
7.387051699946283634e+00
7.385742468752544809e+00
7.384550622513123663e+00
7.383482215681310912e+00
7.382527910895366752e+00
7.381686542227542169e+00
7.380953743213894747e+00
7.380322423882045513e+00
7.505287851518217757e+00
7.489011708371144493e+00
7.478999722003728756e+00
7.624440146887991432e+00
7.602671046524953624e+00
7.589227285870401296e+00
7.581147632637821765e+00
7.576225992667225739e+00
7.573052775834661077e+00
7.570812360190360302e+00
7.569063322831226515e+00
7.567611653562845042e+00
7.566352937588101568e+00
7.565225801899849500e+00
7.681808595791094874e+00
7.670148960320545939e+00
7.663077039536364765e+00
7.658506014335769052e+00
7.655201484160895298e+00
7.652499994540525208e+00
7.650091867236617382e+00
7.647849531092518305e+00
7.645686078741674940e+00
7.643627054790085751e+00
7.641668891765667659e+00
7.639830460230593978e+00
7.638129158778220962e+00
7.763422207471030845e+00
7.751686919091836714e+00
7.744451355600216580e+00
7.739612698814549496e+00
7.735952425861403192e+00
7.732824197016969769e+00
7.729943467802920409e+00
7.727177164723634029e+00
7.724492053158257043e+00
7.853764832210733182e+00
7.843562575758582511e+00
7.837317963245588714e+00
7.833088260952982829e+00
7.829800952829882199e+00
7.826919861341566254e+00
7.824208717042855810e+00
7.821579113656981441e+00
7.819013877507590138e+00
7.816527504205526000e+00
7.814149752601368348e+00
7.811906209389809952e+00
7.809821294233795896e+00
7.807913165259037669e+00
7.806195669557087768e+00
7.937605838810780412e+00
7.925250309360788670e+00
7.917497344188647368e+00
7.912221782547209870e+00
7.908172383900769375e+00
7.904684229204266721e+00
7.901457008344578092e+00
7.898324836538765936e+00
7.895288374141167687e+00
7.892355560790241142e+00
7.889563501150839819e+00
7.886915100145298396e+00
7.884434004314977429e+00
7.882139452852222838e+00
7.880045200167290709e+00
7.878158912631437971e+00
7.876482606002141118e+00
7.875012975555624628e+00
7.873742284408840497e+00
7.872658590369715270e+00
7.871746883054162147e+00
7.870989684315759405e+00
7.870367884739586373e+00
7.869861528462434030e+00
7.869450544961542171e+00
7.869115254746921195e+00
7.868834008682905612e+00
7.868589423068097055e+00
7.868366188526191962e+00
7.868150181918323050e+00
7.868015030827740119e+00
7.867877436436031324e+00
7.867727898682427501e+00
7.867558634830104758e+00
7.867363283534343665e+00
7.867137327482912390e+00
7.866877010917667334e+00
7.866579515954574831e+00
7.866243482556399158e+00
7.865867705494563822e+00
7.865451739998984060e+00
7.864995627234828923e+00
7.864499690048382341e+00
7.863964629342637735e+00
7.863391235726610695e+00
7.862780528464933916e+00
8.066662058880602615e+00
8.034639017179950216e+00
8.284364457350555710e+00
8.245293000369530390e+00
8.216925810365630412e+00
8.198905051068120287e+00
8.189086539004659215e+00
8.184780662867046530e+00
8.183691177713969367e+00
8.184264425635911167e+00
8.327367872904401835e+00
8.310754995139065571e+00
8.300262718593426570e+00
8.462991520911922194e+00
8.445014599664981247e+00
8.433949550280988916e+00
8.427145741151216285e+00
8.422705252872338733e+00
8.419468627521817794e+00
8.416807258261398417e+00
8.414416718636022807e+00
8.412176522110604182e+00
8.410055059473849681e+00
8.408059578975869641e+00
8.406216665644548058e+00
8.404549556543305044e+00
8.403078838238092985e+00
8.401818756065745575e+00
8.400773970678612201e+00
8.399941659477130784e+00
8.399312441429069409e+00
8.398871435060533130e+00
8.398599636239470811e+00
8.398475039853066093e+00
8.398473845431254858e+00
8.398571540630692667e+00
8.398743851985898345e+00
8.398968212538584055e+00
8.543207859763816359e+00
8.754056221089616230e+00
8.716584982164839346e+00
8.690151827815176588e+00
8.871471935221300953e+00
8.838654260565185439e+00
8.815724583231709488e+00
8.801102312545975082e+00
8.792483607591078609e+00
8.787747778240943219e+00
8.785329057374813289e+00
8.784225253187756266e+00
8.783854023876729755e+00
8.783908805819285348e+00
8.784234617258162459e+00
8.906393094094427809e+00
8.895505871148776222e+00
8.888630154194768096e+00
8.883898671882437981e+00
8.880214593894747210e+00
8.876988073007051838e+00
8.873949259300125902e+00
8.870982531859912257e+00
8.868048599036484347e+00
8.865193625896766960e+00
8.862469090448554354e+00
8.859877196009733780e+00
8.857447727597932641e+00
8.855206411995043325e+00
8.853172136450321972e+00
8.851356661412577154e+00
8.849764757758354250e+00
8.848394756267724759e+00
8.847239204788460043e+00
8.846285593120311930e+00
8.845517306375311861e+00
8.844914570304213797e+00
8.844455448632325911e+00
8.844116879362225347e+00
8.843875566204694394e+00
8.843708810765393835e+00
8.843595145287924453e+00
8.843514770897776600e+00
8.843447742691539659e+00
8.843377783561539474e+00
8.843291717833544396e+00
8.843178514043444238e+00
8.843029200214967744e+00
8.842836484286852539e+00
8.842634776849193301e+00
8.842443964491049968e+00
8.842209215802512290e+00
8.841927670175623533e+00
8.841597565574774720e+00
8.841218056899361244e+00
8.840788920472947510e+00
8.840310504157635307e+00
8.839783645546955171e+00
8.839209209379133014e+00
9.008712035602274071e+00
8.979708422725543926e+00
8.959801602425127243e+00
8.946871104055352575e+00
8.938366130828606870e+00
8.932247778952774553e+00
8.927202213864539715e+00
8.922612412055864084e+00
8.918105071250389315e+00
8.913606561299930675e+00
8.909124522633502963e+00
8.904714456782302889e+00
8.900439013093423668e+00
8.896190908119399054e+00
8.892103575936138427e+00
8.888237919046648727e+00
8.884583361917595568e+00
8.881144229755005171e+00
8.877909834193747685e+00
8.874844644224131329e+00
8.872052451006403828e+00
8.869461415636170187e+00
9.099511587642549415e+00
9.075185379598931235e+00
9.058559953965007239e+00
9.047017310830790748e+00
9.038467301256133624e+00
9.031530960307428302e+00
9.025401823118135880e+00
9.205107677460260263e+00
9.195156757137787906e+00
9.188374403826651715e+00
9.183064295199560689e+00
9.178315541929650934e+00
9.173711919297447892e+00
9.169074612229781707e+00
9.164410548924248445e+00
9.159776761203460183e+00
9.155215544343388245e+00
9.150812967805093123e+00
9.146614340786694441e+00
9.292567244375604218e+00
9.283666101083106525e+00
9.277425820076459217e+00
9.272382789452290552e+00
9.267793065462255342e+00
9.263294904524530082e+00
9.392780104071704272e+00
9.386227199823080625e+00
9.381695577652777729e+00
9.377921506521282424e+00
9.374313961641124848e+00
9.370654793843726793e+00
9.366899055737933466e+00
9.363104684589593774e+00
9.479810206145238283e+00
9.473782488211790920e+00
9.579286588758218812e+00
9.571501789996089471e+00
9.567182901374213344e+00
9.564426829422089327e+00
9.562179142639578799e+00
9.559973018496187080e+00
9.654098256306580694e+00
9.650296022499794901e+00
9.648030481895549570e+00
9.731856787702451328e+00
9.728100606959369401e+00
9.726355876552718271e+00
9.725334899702229308e+00
9.724421146920743553e+00
9.723375923288463341e+00
9.722146804571261569e+00
9.720767774443858755e+00
9.719289720734472837e+00
9.717767005857051998e+00
9.716252116724076515e+00
9.714734773311594296e+00
9.713315400316922421e+00
9.712013258199498011e+00
9.790929006226386733e+00
9.786048170702434490e+00
9.783036732730469254e+00
9.780787569593366371e+00
9.778738269139852335e+00
9.776653931548070275e+00
9.774462572158004292e+00
9.772173460949703738e+00
9.769822047149300914e+00
9.767414864451605894e+00
9.765052194009602005e+00
9.762764022599210278e+00
9.760590409014431756e+00
9.758566644293184211e+00
9.756697329341532665e+00
9.754994180411047822e+00
9.753464689337830507e+00
9.834555655395428531e+00
9.827936238077203512e+00
9.823468766795945939e+00
9.819924812664471148e+00
9.816655013100850979e+00
9.813368092488358840e+00
9.809971695530874669e+00
9.806468714266243225e+00
9.802905155104825852e+00
9.799265500036565157e+00
9.795732516919505528e+00
9.792286637746654421e+00
9.788992513202661172e+00
9.785882307661958990e+00
9.782978730436425963e+00
9.780280470559445050e+00
9.777797193071238624e+00
9.775531148691522176e+00
9.773479119637944024e+00
9.771632918404048240e+00
9.769980282609758149e+00
9.768504875220118677e+00
9.767253022530793416e+00
9.766162595467561047e+00
9.765211593887096697e+00
9.764374858064574170e+00
9.763632436915010260e+00
9.762966594455866343e+00
9.762360433655997483e+00
9.761799703591460542e+00
9.761269097418461271e+00
9.841743536447047802e+00
9.961347892387008685e+00
9.938117460201759457e+00
9.921283993942925150e+00
9.909956032963650685e+00
9.902506815675629070e+00
9.897329459808180019e+00
9.893249870127858614e+00
9.889587219656801764e+00
9.886019693151386178e+00
9.882435650326563348e+00
9.878835219451708838e+00
9.875263525386859698e+00
9.871778280600997491e+00
9.868423073579322136e+00
9.975114616352090735e+00
9.966939916215212136e+00
1.005337566013403183e+01
1.004389819924836935e+01
1.003801659901277432e+01
1.003400690842029874e+01
1.003075913652718754e+01
1.002767845694195614e+01
1.009870505681141850e+01
1.009578045354310305e+01
1.009385401461955212e+01
1.009208784300757777e+01
1.009012269295895869e+01
1.008786737657587018e+01
1.008534688270204072e+01
1.008263220612893996e+01
1.007979654673575354e+01
1.007690784826932706e+01
1.014100322570868329e+01
1.019331354986595883e+01
1.018795870680780169e+01
1.018540333177911705e+01
1.018401826573656521e+01
1.022795763858089657e+01
1.022660068806268185e+01
1.022628040240842928e+01
1.022607314733777706e+01
1.022557880178365508e+01
1.022469776498470928e+01
1.022346167315553167e+01
1.022194769011946214e+01
1.022024529063416587e+01
1.021842435461396903e+01
1.021654576532483460e+01
1.021465766687206056e+01
1.021279777771363939e+01
1.021099527507169036e+01
1.020928526392607871e+01
1.020763944753072927e+01
1.020611586718655950e+01
1.020470927866508326e+01
1.020343415834048706e+01
1.020228739847451749e+01
1.020126401206011479e+01
1.020035497751664266e+01
1.019954964794736973e+01
1.019883674533371654e+01
1.019820216648411382e+01
1.019763356310180136e+01
1.019711815261602617e+01
1.019664378413250994e+01
1.019619918024094929e+01
1.022913646711320723e+01
1.021992433204244044e+01
1.021380902264699664e+01
1.020938056494271962e+01
1.020560449026887362e+01
1.020194768993406598e+01
1.019814706465651533e+01
1.019413465826826837e+01
1.018993601613411570e+01
1.018560991795222037e+01
1.026271462173019344e+01
1.025970366258301603e+01
1.025735544776106956e+01
1.025499045480876958e+01
1.025236917835134953e+01
1.024943195497320225e+01
1.024622872152496278e+01
1.024283915944936041e+01
1.029843665720862056e+01
1.029623097109451102e+01
1.029438043444597461e+01
1.033450482526243697e+01
1.033355243046299421e+01
1.033301314708987917e+01
1.033220071117743366e+01
1.033090971252863532e+01
1.032915995868058445e+01
1.032705091344486270e+01
1.032469910252343048e+01
1.032220617718616928e+01
1.031965225014631926e+01
1.031709871066105677e+01
1.031459149415590382e+01
1.031217004655314717e+01
1.030986075995964946e+01
1.034963513261925350e+01
1.034703642767473575e+01
1.038077223711151831e+01
1.037872258492965116e+01
1.037783281263476276e+01
1.037708354458193938e+01
1.040460781934148038e+01
1.040470534426865434e+01
1.040503528606490313e+01
1.040498053074825435e+01
1.040436137949604500e+01
1.040320894314974787e+01
1.040163041208519523e+01
1.039974189510160407e+01
1.042870903166878627e+01
1.042807978360889720e+01
1.042755061757852886e+01
1.042674744589282732e+01
1.042559068289554070e+01
1.042413501300541689e+01
1.042243420170299473e+01
1.042055927410378935e+01
1.041857459601435032e+01
1.041653365213877969e+01
1.041447852508251160e+01
1.041243956187280162e+01
1.041045028035792264e+01
1.040852893536289692e+01
1.040669234348277428e+01
1.040495107754008863e+01
1.040328948864096859e+01
1.040176106493835917e+01
1.042627311567529880e+01
1.042374102259645419e+01
1.042187515551646015e+01
1.042003063428865772e+01
1.044857553707197084e+01
1.046471060359865035e+01
1.046277680712583091e+01
1.046261642583172069e+01
1.046282485870924184e+01
1.046266577123926389e+01
1.048113457418144634e+01
1.048238119359752751e+01
1.049183896269546068e+01
1.049320269981133436e+01
1.049484958342884511e+01
1.050282416253238260e+01
1.050476379258769910e+01
1.050661458247608593e+01
1.050776123938936912e+01
1.050804991858984216e+01
1.050755020800776407e+01
1.050640815732274547e+01
1.050477707633669233e+01
1.050278079462211522e+01
1.050052723810587274e+01
1.049813908317217326e+01
1.049564599282179422e+01
1.051851794358235281e+01
1.052859317292369035e+01
1.052719881464274643e+01
1.052696250389012533e+01
1.052693720658856691e+01
1.052666755686030164e+01
1.052600794965619180e+01
1.052495798187815268e+01
1.052357442631421236e+01
1.053793436262382244e+01
1.053814405806070376e+01
1.053831829529299213e+01
1.053818839791253126e+01
1.053769956072267888e+01
1.053688431985611196e+01
1.053580582343607652e+01
1.054658115932027762e+01
1.054690681611483249e+01
1.054718247737798009e+01
1.054715579743794152e+01
1.054678046363497934e+01
1.054609185422189022e+01
1.054515284838895894e+01
1.054402294837271015e+01
1.054274890210446891e+01
1.055276875430612193e+01
1.055286584308118414e+01
1.055295405087266580e+01
1.055275292914058838e+01
1.055220048289827695e+01
1.055133086988658242e+01
1.055020236179252535e+01
1.054887485957170234e+01
1.054743135984377744e+01
1.054589311046210476e+01
1.054429732313093560e+01
1.054267560049677499e+01
1.054105127748561443e+01
1.053944469322957112e+01
1.053787379878712827e+01
1.053635132732242496e+01
1.053488799776346418e+01
1.053349124019774585e+01
1.053216561976968535e+01
1.053093402425035841e+01
1.052966444421756798e+01
1.052845996004646878e+01
1.052740832495564760e+01
1.052641016030490739e+01
1.052546524133333072e+01
1.052456636459866601e+01
1.052370606770964301e+01
1.052287695010777036e+01
1.052207187685455381e+01
1.052128416796816701e+01
1.052050771147148289e+01
1.051973703772546465e+01
1.051896733541403250e+01
1.051819446145019121e+01
1.051741466619094822e+01
1.051662553989841520e+01
1.051582435823298844e+01
1.051257270538375899e+01
1.050461960456462762e+01
1.049904908116693747e+01
1.049460214273120506e+01
1.049036506675913571e+01
1.048583933699497095e+01
1.048084104263961613e+01
1.047535989290063618e+01
1.046955174829354362e+01
1.046346861814131124e+01
1.045721908533241518e+01
1.045090007016306721e+01
1.044459381079485993e+01
1.043836796763071106e+01
1.043227661017345120e+01
1.042636178172405081e+01
1.051078881836260592e+01
1.050810518237087265e+01
1.050601308865144112e+01
1.050377397779217681e+01
1.050108138518394973e+01
1.053429726176259784e+01
1.053416134313776631e+01
1.053383989428808043e+01
1.055010154479897366e+01
1.055106571638187773e+01
1.055182344819044538e+01
1.055184177341464924e+01
1.055103409490258315e+01
1.054951714488790948e+01
1.054745945006579433e+01
1.056708263835389339e+01
1.056719601406452291e+01
1.056697080030673241e+01
1.056619695752897137e+01
1.056489462452420014e+01
1.056317073569542586e+01
1.056114137737427328e+01
1.055890447509804986e+01
1.055656721630183448e+01
1.055417280311493400e+01
1.057200385258783371e+01
1.057131900770209398e+01
1.057056563121054005e+01
1.056946984785849608e+01
1.056799134422459474e+01
1.056618564587073905e+01
1.056413378394256064e+01
1.056190849936191256e+01
1.055960673871946831e+01
1.055725747832676120e+01
1.057434681437033852e+01
1.057371406201161435e+01
1.057300179050789879e+01
1.057193243198972965e+01
1.057046761989937522e+01
1.056866548373221093e+01
1.056660938563592111e+01
1.056437277118639706e+01
1.058019620370165192e+01
1.057993411386519433e+01
1.058610047528837228e+01
1.058703108831355344e+01
1.058800252998292102e+01
1.058843153797108627e+01
1.058818278306326910e+01
1.058733156388033514e+01
1.059574877796189263e+01
1.059668240294268493e+01
1.059719448980520440e+01
1.059710867049768268e+01
1.060157177341414503e+01
1.060294524242637237e+01
1.060387939382562372e+01
1.060417899428725619e+01
1.060388061660079728e+01
1.060310542607207118e+01
1.060197809542876435e+01
1.060060376099057144e+01
1.059906123045685611e+01
1.059740610510319669e+01
1.059572256626917230e+01
1.059401883672361500e+01
1.060213215457596192e+01
1.060190376718717431e+01
1.060161679297104875e+01
1.060099305085788401e+01
1.059998106552534480e+01
1.059862434232335460e+01
1.059699419668430131e+01
1.059516054000292407e+01
1.059318251941075495e+01
1.059114166983813199e+01
1.058905489509332654e+01
1.058695468879301416e+01
1.058486637129994001e+01
1.058281371752789823e+01
1.058081329758790368e+01
1.057887834900441959e+01
1.057702125564560980e+01
1.057524880066312178e+01
1.057356560080324037e+01
1.057197339209819553e+01
1.057047157010837601e+01
1.056905721493777328e+01
1.056772554390709473e+01
1.056647043933265451e+01
1.057106269917888319e+01
1.056842469260032047e+01
1.056656545380518075e+01
1.056469424350300557e+01
1.056244693557008318e+01
1.055972143060616553e+01
1.058349028580583528e+01
1.058409158208441703e+01
1.058431334982399541e+01
1.058385399989877662e+01
1.058271050711481287e+01
1.058099880587171704e+01
1.057885953857972972e+01
1.057641916759566669e+01
1.057377404779695595e+01
1.057104067129461988e+01
1.056825344705219116e+01
1.056546248704320057e+01
1.056270187988492815e+01
1.055999998324107736e+01
1.055738123696117903e+01
1.055486132653893350e+01
1.055245302421002229e+01
1.055016519493156757e+01
1.054800303482713453e+01
1.054600461519142662e+01
1.054414110389197567e+01
1.054236115051467948e+01
1.054069805799965032e+01
1.053914435396624327e+01
1.053769125707111343e+01
1.053632928761420473e+01
1.053504847431560876e+01
1.053383882536384952e+01
1.053269059869119673e+01
1.053159443908808335e+01
1.053054148490736708e+01
1.052952386651904071e+01
1.052853448553891802e+01
1.052756665884685816e+01
1.052661461228716355e+01
1.052567317758026988e+01
1.052473829662974758e+01
1.052380616515046441e+01
1.052287370667887600e+01
1.052193814195598875e+01
1.052099733315021801e+01
1.052004945225124466e+01
1.051909300001241476e+01
1.052085798110496739e+01
1.055644204184505952e+01
1.054055640971000329e+01
1.052823482521042386e+01
1.051892169170786140e+01
1.051159648945394665e+01
1.050520154560718922e+01
1.049900423498173296e+01
1.049260476603415881e+01
1.055737150931182988e+01
1.055824693182932172e+01
1.055903871029178021e+01
1.055895486539119155e+01
1.055775252653546303e+01
1.055549492422004576e+01
1.055236358293095833e+01
1.054859797428870039e+01
1.054436052885203168e+01
1.053980616227819311e+01
1.053505750110794992e+01
1.053021360042319543e+01
1.052534944776962256e+01
1.052052773894783755e+01
1.051579731974049814e+01
1.051119788800440524e+01
1.056367133322709506e+01
1.056199191352697397e+01
1.056052894878506798e+01
1.055873837907268253e+01
1.055645307904274333e+01
1.055368810392108259e+01
1.055053038612619609e+01
1.054708145133468200e+01
1.054342584585575970e+01
1.053969021186484589e+01
1.053590437935060820e+01
1.053212085797941810e+01
1.052838116621022735e+01
1.052471917463836704e+01
1.052116219844431022e+01
1.051773207446624880e+01
1.055687643449741664e+01
1.055491162469242994e+01
1.055323803140649730e+01
1.055132338567393901e+01
1.054899741364538102e+01
1.054626486019777332e+01
1.054319977773016070e+01
1.053989144478687123e+01
1.053641760527322724e+01
1.053288915821150518e+01
1.052933318309213462e+01
1.056429741225173657e+01
1.056307558779117350e+01
1.056183932228169731e+01
1.056023922544044247e+01
1.058080482027410163e+01
1.058123156047907720e+01
1.058131734672207003e+01
1.058075222202960219e+01
1.057954534496372823e+01
1.057782058066844932e+01
1.057572182840419295e+01
1.057337303904671977e+01
1.057090136979107164e+01
1.056835993555240094e+01
1.056580574107409376e+01
1.056328327537041822e+01
1.056082114367288050e+01
1.055844410906755648e+01
1.055617215106364704e+01
1.055401621934874967e+01
1.055198465913754546e+01
1.055008195468314725e+01
1.054830906963336368e+01
1.054662345845375526e+01
1.054501813003914101e+01
1.054360617798304212e+01
1.054229583856009889e+01
1.054108281033383854e+01
1.055149916076001126e+01
1.054804081918539538e+01
1.054561721943440666e+01
1.054331322260897430e+01
1.054069701742169762e+01
1.053763335905914467e+01
1.053413588958368940e+01
1.053027904070245313e+01
1.052615039387094953e+01
1.052185009051736841e+01
1.051747215777962019e+01
1.051305356847560546e+01
1.050864638152404851e+01
1.055571024445631600e+01
1.055442196535169863e+01
1.055321382180872014e+01
1.055163710686411527e+01
1.057394547680878638e+01
1.057458327073713811e+01
1.057486541458096774e+01
1.057444756955637644e+01
1.057332349204756561e+01
1.057162019940832742e+01
1.059022180549927405e+01
1.059083193942130663e+01
1.059823487176192636e+01
1.059869146147956620e+01
1.059901774381206963e+01
1.060065912256422571e+01
1.060214886735874451e+01
1.060280291931684715e+01
1.061124092007347564e+01
1.061365536034725032e+01
1.061535496416170155e+01
1.061606957954651520e+01
1.061586399925822555e+01
1.061491875086852943e+01
1.061342594205446055e+01
1.061154815905347881e+01
1.060941053809053791e+01
1.060710512823208518e+01
1.060470293860941204e+01
1.062113234598786526e+01
1.062091326102065736e+01
1.062059579097069140e+01
1.061992735900363627e+01
1.061887025264158879e+01
1.062840266597032901e+01
1.062928073781732685e+01
1.062983795454452896e+01
1.062987821457246440e+01
1.062942018423230017e+01
1.063497883704809333e+01
1.063625869363049326e+01
1.063715062166589398e+01
1.063749034191449638e+01
1.063731494289690183e+01
1.063672368342754559e+01
1.063582028481154573e+01
1.063469173680608826e+01
1.063340482537958742e+01
1.063200951239875458e+01
1.063054533431093773e+01
1.062903340689882548e+01
1.062754119358384486e+01
1.062605574576990364e+01
1.062459202214513176e+01
1.063179934622340994e+01
1.063163157520986246e+01
1.063146601512574030e+01
1.063093279318580464e+01
1.062994387925412632e+01
1.063876623725669823e+01
1.063613113993692849e+01
1.063769376809475986e+01
1.063979552870169876e+01
1.063673379698251154e+01
1.063946981902455846e+01
1.064209575112551676e+01
1.064392720372681289e+01
1.064479943238523774e+01
1.064479901818904217e+01
1.064409650250133410e+01
1.064286312986444294e+01
1.064124117334810649e+01
1.063934166581604757e+01
