1.392660155318923947e-02
1.598651673829622546e-02
2.128251732740929839e-02
2.206527369511965958e-02
2.270818280056309188e-02
2.323349149280101722e-02
2.366638842956264935e-02
2.402396652914500289e-02
3.148658142932932863e-02
3.048416756748584255e-02
3.943588929210110200e-02
3.703529330204325537e-02
3.505193732108103505e-02
3.341518584072049325e-02
3.206491044774625182e-02
4.148930873232836714e-02
3.870712789836171230e-02
3.641355623915937950e-02
4.755456087108172331e-02
6.234646236364399519e-02
5.571080893440591431e-02
5.028375368296284648e-02
4.584616710652165278e-02
4.221749351445026194e-02
3.924816707863475890e-02
3.681749614186390074e-02
3.482697092572922815e-02
3.319619697694822097e-02
3.185956474836751373e-02
3.076354232179217066e-02
2.986441984183703033e-02
2.912652506725808138e-02
2.852069448048881461e-02
3.722697038034909756e-02
3.520509328738938293e-02
3.353626455445608140e-02
3.215967965660671002e-02
3.102469673978757239e-02
3.008924989868798361e-02
2.931845583075678302e-02
2.868345532191266672e-02
2.816039245274943453e-02
3.697442761851949672e-02
4.805318790452287048e-02
4.411811735661019113e-02
4.087034176536674668e-02
5.292611474798433746e-02
6.995967327520875856e-02
9.526010002807409893e-02
1.407563872758995083e-01
2.501734147103505945e-01
1.920294489137614191e-01
4.145473942595261918e-01
3.069274835058287687e-01
2.253159702595064484e-01
1.671830258252901824e-01
4.057284653525006224e-01
2.882235990625503508e-01
2.034382391153277958e-01
1.463920948577989434e-01
1.091687926009578119e-01
8.494811080895066369e-02
1.880061218141402812e-01
1.320906635145664698e-01
9.723234193421884108e-02
2.635484944552892728e-01
1.745572924884217225e-01
1.198761080971916804e-01
8.720970458168415818e-02
2.550835257551297697e-01
8.219560079508406725e-01
5.968498353395979006e-01
3.940927897708772498e-01
1.053337137983086036e+00
8.459628327204400389e-01
6.082718368415404031e-01
3.939958314970170572e-01
2.401328452256599466e-01
1.465050767447648727e-01
6.205567222425617535e-01
3.961146078044221475e-01
2.368772365788473777e-01
8.921081397970910265e-01
1.380651724769389688e+00
1.523170475568352833e+00
1.491332643477624398e+00
1.582020494375746544e+00
1.655413374164225404e+00
1.631296217469758725e+00
1.700723733591448905e+00
1.676857376717913795e+00
1.652628644968275218e+00
1.627958423024426171e+00
1.699007634472218919e+00
1.674781558148776828e+00
1.650139954385694940e+00
1.624996386589292019e+00
1.697447822230670367e+00
1.672912525871651956e+00
1.741342520108420944e+00
1.717172302121628080e+00
1.692609707747851910e+00
1.667586078833794394e+00
1.642028483348223489e+00
1.615831499487260459e+00
1.588847191903747680e+00
1.560839259908396670e+00
1.531398765907333148e+00
1.499737464187114178e+00
1.464257699813125368e+00
1.421680626566868888e+00
1.365492391212636880e+00
1.283623899700295556e+00
1.480123583037161739e+00
1.438845645784541549e+00
1.384016881524052112e+00
1.303135063498195967e+00
1.494281994611767805e+00
1.454122000416171900e+00
1.565553465650995513e+00
1.536011156328012772e+00
1.503151484305252694e+00
1.598480500349672928e+00
1.675658968892026257e+00
1.650314643452940766e+00
1.624375558640525075e+00
1.698946065303061692e+00
1.766405944809682271e+00
1.742098138175950384e+00
1.717401450245300776e+00
1.784040132449728144e+00
1.759707558697880980e+00
1.734984299102190430e+00
1.709809082072521802e+00
1.684117726134328752e+00
1.754972987880083712e+00
1.729984356230835685e+00
1.704506441760313074e+00
1.678468677787096963e+00
1.750509789840273500e+00
1.725289512310531181e+00
1.699549982257025027e+00
1.769741827845378701e+00
1.744705761223380280e+00
1.719181710875701707e+00
1.693092053757095483e+00
1.764503814925254765e+00
1.829150177478529482e+00
1.804715810162908385e+00
1.866527290346650325e+00
1.842351672230604587e+00
1.901827692416318882e+00
1.877829082688954321e+00
1.935330232758509572e+00
1.911452818016083022e+00
1.887257304171776839e+00
1.944811029698613636e+00
1.998884116698724789e+00
1.975191739989269335e+00
1.951211180830502379e+00
1.926901815414961749e+00
1.902217034650639738e+00
1.877103082150889612e+00
1.937247417603925159e+00
1.912561183228509210e+00
1.887451324888744786e+00
1.861858051245319556e+00
1.835711699787940132e+00
1.808931353401770137e+00
1.781422262362628128e+00
1.753072010055496177e+00
1.827038444174003073e+00
1.892161558490347506e+00
1.866668963420845095e+00
1.840658615961509703e+00
1.814058606553617725e+00
1.786785421052755618e+00
1.758740775569677339e+00
1.729808389225371945e+00
1.699847796783187759e+00
1.668685853542387854e+00
1.636099124523267001e+00
1.601806137922490381e+00
1.565406394251465771e+00
1.526317900367209823e+00
1.483653757087305847e+00
1.435977731126298007e+00
1.380910042243385760e+00
1.314522668156673291e+00
1.230742311238780307e+00
1.121436125451352517e+00
9.791829793602487841e-01
1.353806865710196261e+00
1.525553377321599013e+00
1.633577955044245522e+00
1.602078571184245792e+00
1.568968437976662855e+00
1.533598013658287407e+00
1.637380135681065330e+00
1.606652780643127887e+00
1.574478805377333757e+00
1.540261566836823137e+00
1.502892594746198407e+00
1.460185399879503354e+00
1.407848245429407452e+00
1.337890207924198771e+00
1.236863193638395808e+00
1.087641225646851062e+00
1.431093455650006119e+00
1.566176004431392155e+00
1.531971248890953596e+00
1.493110553341916003e+00
1.445345459567551005e+00
1.380330367376076506e+00
1.283128037803298760e+00
1.507542029692009677e+00
1.461580999152040761e+00
1.585061394047351691e+00
1.552855493948523513e+00
1.516493754377234326e+00
1.619219351633680581e+00
1.589679734138633282e+00
1.558019566974951253e+00
1.522403982202677364e+00
1.478900555221463131e+00
1.419423918707762411e+00
1.566365821363826738e+00
1.531598772433803823e+00
1.489216378900103832e+00
1.431229771841493248e+00
1.573911086843800877e+00
1.661170969835852995e+00
1.633829953303425730e+00
1.605391394422466034e+00
1.575107527329174584e+00
1.541353032507459808e+00
1.500568767733230446e+00
1.610027029607454585e+00
1.580117315477937323e+00
1.665833029332868476e+00
1.638769632528504383e+00
1.715390226610365332e+00
1.689427605026666557e+00
1.760733173030440968e+00
1.735388979698293088e+00
1.709598588381959328e+00
1.683284526846675400e+00
1.656332359557957545e+00
1.628568434185636571e+00
1.599664345806547372e+00
1.682887530378312846e+00
1.655967842529085354e+00
1.731442076583043610e+00
1.799286395624288382e+00
1.861806017619932030e+00
1.837403706689755722e+00
1.812664979460346437e+00
1.787542356040755287e+00
1.851842060875600993e+00
1.827101319877344920e+00
1.801971434197314759e+00
1.865600683831499795e+00
1.840858653924707156e+00
1.901750678498666192e+00
1.877278852160991995e+00
1.852448286405097955e+00
1.827208396720694905e+00
1.801500833922874412e+00
1.775257520050116833e+00
1.748399103724272541e+00
1.720831900962350947e+00
1.794550476951386253e+00
1.768190838655125940e+00
1.741206412136963699e+00
1.713503089637623766e+00
1.684968475179291048e+00
1.655464544153382400e+00
1.737701548246834982e+00
1.710114551126803883e+00
1.784482753931573296e+00
1.758081243785740266e+00
1.731063317429732296e+00
1.703338342861731247e+00
1.674798143425669350e+00
1.645309385822552484e+00
1.728121040382673668e+00
1.799878451136740942e+00
1.773896917153275243e+00
1.747364776993563629e+00
1.817152796127473158e+00
1.880417243562057417e+00
1.938985948140830251e+00
1.914676520609492227e+00
1.890030992957829836e+00
1.948514068796636023e+00
2.003276153551702521e+00
1.979257940541653937e+00
2.032589122187984820e+00
2.008630824929541259e+00
1.984378666111441314e+00
1.959792534464559477e+00
1.934826300326668358e+00
1.909427058969362712e+00
1.883534167745895216e+00
1.857076934679819269e+00
1.921288852680016701e+00
1.979752800016618464e+00
1.954907473769164072e+00
1.929653487574497506e+00
1.903935133056456008e+00
1.877688778948958470e+00
1.850840544259303222e+00
1.916278647834323001e+00
1.975574503662461678e+00
2.030507490161264528e+00
2.006045723154974425e+00
2.059288286777782861e+00
2.109522338952316556e+00
2.157313178610597681e+00
2.133553573639716650e+00
2.180567141270261633e+00
2.156776257188215862e+00
2.132724304112868285e+00
2.108376894399451640e+00
2.083694088308294834e+00
2.134412066294197885e+00
2.109910231668367331e+00
2.085056107747906839e+00
2.059803150227426105e+00
2.034097842896131603e+00
2.007879202362389925e+00
1.981076834214379412e+00
1.953609247083583966e+00
1.925380972348839093e+00
1.896280088504427974e+00
1.866172626132194035e+00
1.834896408963631487e+00
1.802251178446781621e+00
1.767984271594899459e+00
1.855478537703642461e+00
1.927715650278482462e+00
1.899532455376469642e+00
1.870553051378919251e+00
1.940059936210982938e+00
1.912417979237447607e+00
1.976819185473534635e+00
1.950092515200987586e+00
1.922779893973656895e+00
1.985943707878618625e+00
1.959445755892890828e+00
1.932393737697321034e+00
1.904719186616913085e+00
1.969545291964537759e+00
2.028212177400329441e+00
2.082422066876994826e+00
2.057382961012252043e+00
2.031963125342034715e+00
2.086238654309694240e+00
2.137023046645483593e+00
2.112406287988778608e+00
2.087455309692667793e+00
2.062128895517513438e+00
2.115009996822780014e+00
2.164590319293563603e+00
2.140020886706489822e+00
2.115121774903800489e+00
2.089851769579337493e+00
2.064164151362343436e+00
2.038005903051856027e+00
2.011316786342281393e+00
2.069176113933033356e+00
2.043113784826082302e+00
2.016539841488407259e+00
2.073931339497008697e+00
2.047943022290278581e+00
2.021457371298930994e+00
1.994411748642131776e+00
1.966734839804923807e+00
1.938344479728864256e+00
1.909144754617824180e+00
1.879023670960387360e+00
1.950731418653557370e+00
2.013668902578053643e+00
1.986779250553253773e+00
1.959302758432793778e+00
2.021163571079644061e+00
2.077505388382013152e+00
2.051781123054887690e+00
2.105908946961708939e+00
2.080526863886604794e+00
2.054737341927431515e+00
2.028491254363927521e+00
2.001733355148165305e+00
2.060144210924564234e+00
2.113899542240379237e+00
2.088529279422442819e+00
2.140475018568405385e+00
2.189281271681376317e+00
2.164624070658681010e+00
2.139641212172448181e+00
2.114293082517431088e+00
2.088534893674497184e+00
2.141285180313950320e+00
2.115874047424250559e+00
2.090046236803548396e+00
2.063750199084483761e+00
2.036927444325911107e+00
2.093993986600823032e+00
2.067783076784410312e+00
2.041061736076253297e+00
2.013766737025721731e+00
1.985825316981389532e+00
2.047516691894313734e+00
2.020483030556455173e+00
1.992846753231588997e+00
1.964532520187145304e+00
2.028011442386708829e+00
2.000699128557654749e+00
2.060361336877691851e+00
2.033764727233784431e+00
2.006631848778157146e+00
1.978898097054448968e+00
2.040441477141841986e+00
2.096453830261859164e+00
2.070529012894607224e+00
2.044149297673772736e+00
2.099967223662374760e+00
2.074058127641535521e+00
2.127682762877705969e+00
2.102129718352871102e+00
2.076161913439437789e+00
2.129825366544486620e+00
2.179906606677011194e+00
2.154882791716988155e+00
2.203656724913176213e+00
2.178786216334217318e+00
2.153575009838173848e+00
2.127982058333179438e+00
2.101960988982154444e+00
2.154730100697133555e+00
2.129091116227235680e+00
2.103019943543105619e+00
2.076463732682759744e+00
2.049362413704056696e+00
2.021647450965698756e+00
1.993240042260152833e+00
1.964048669177036466e+00
1.933966438241654151e+00
2.002836118859749437e+00
2.063637152732337388e+00
2.036598665688619469e+00
2.008979006829654690e+00
1.980707686240994692e+00
1.951703959890436657e+00
1.921874368348799988e+00
1.891109675851864624e+00
1.963682784381447721e+00
2.027281252977346959e+00
1.999881219709714442e+00
2.059763769291941493e+00
2.033057063666295239e+00
2.005827456318200142e+00
1.978014179816621532e+00
1.949548233353391335e+00
2.014046962935566398e+00
1.986567698802303106e+00
2.047200716990355662e+00
2.020437432103528330e+00
1.993148440827770207e+00
1.965272661120353259e+00
1.936740411882263091e+00
2.001984246720788896e+00
2.060841516226945558e+00
2.034453917290611091e+00
2.090674752850301132e+00
2.064732041681247132e+00
2.038352645949822239e+00
2.094393962872990844e+00
2.068462882961262572e+00
2.042092731598961652e+00
2.097960165896783913e+00
2.149849785406283242e+00
2.198638247854861838e+00
2.244910637711761581e+00
2.220413301400643302e+00
2.195628400564946237e+00
2.170521112885702930e+00
2.145052361589363077e+00
2.119178203775644587e+00
2.092848321096715480e+00
2.066005764158047153e+00
2.038584955367761520e+00
2.096845898546211728e+00
2.070154258524751878e+00
2.042912164797605179e+00
2.100610966666389690e+00
2.074040237205001080e+00
2.046939758971979106e+00
2.019244289529424918e+00
1.990879178688500506e+00
2.053264042508792908e+00
2.025869659698625203e+00
2.084613498558976374e+00
2.138465068539796565e+00
2.188652554017243457e+00
2.235957792165791602e+00
2.211172677559023914e+00
2.186069085088098163e+00
2.160608979572619326e+00
2.210039090860238087e+00
2.256629989098930089e+00
2.231834167140346992e+00
2.277485774681572650e+00
2.252771735183890733e+00
2.227743365463616509e+00
2.202362846254237727e+00
2.250150191170964042e+00
2.295292528229123885e+00
2.270531653592570809e+00
2.314840624579836081e+00
2.290146908713970753e+00
2.265141173990168344e+00
2.239785662454108373e+00
2.214037960639674729e+00
2.187850239984691747e+00
2.237733715597336026e+00
2.211910975148870584e+00
2.185643822212743004e+00
2.235762309812187709e+00
2.282607492507910063e+00
2.257318473246272106e+00
2.303050272172835200e+00
2.277918296299028533e+00
2.322675172934492771e+00
2.365218972528964514e+00
2.340553747771524584e+00
2.382477600777019866e+00
2.357840197706962293e+00
2.332904473227463082e+00
2.307634665439635135e+00
2.281991034144889241e+00
2.255928564887800469e+00
2.229396587999926460e+00
2.202337855846278281e+00
2.174686694021202182e+00
2.146368074484712452e+00
2.202059979856104022e+00
2.252877444124360640e+00
2.226417738625398268e+00
2.199459156000210136e+00
2.171943088912479336e+00
2.225025103950911465e+00
2.198109575355961187e+00
2.249026441582900659e+00
2.296408171769356077e+00
2.270652502382560112e+00
2.244488584393485642e+00
2.217870656980886146e+00
2.190747270761774335e+00
2.163059930301256539e+00
2.134742596860059294e+00
2.105720287987042028e+00
2.075906724207454257e+00
2.137586524746153405e+00
2.108933978356976269e+00
2.079556686736860893e+00
2.049368320792833043e+00
2.113011533795110974e+00
2.084069123145692704e+00
2.054387806036834796e+00
2.023881509071074003e+00
1.992451260764945387e+00
2.061422222561022810e+00
2.031574980879627290e+00
2.000908567551459960e+00
1.969327363079558246e+00
1.936719765487230127e+00
2.011089247701476790e+00
1.980404656565411647e+00
2.048324722501022599e+00
2.018985430798658331e+00
1.988921536670853918e+00
1.958053566659382350e+00
1.926290049801108850e+00
1.893524396971379087e+00
1.970536269410765984e+00
1.939739580732455337e+00
1.908077853167694737e+00
1.875449937509396481e+00
1.841735339356030288e+00
1.806788233584998959e+00
1.770425404228205268e+00
1.863006591205755402e+00
1.829874900842646035e+00
1.795623333019325640e+00
1.760090242193069310e+00
1.723060974514748489e+00
1.684231436410150939e+00
1.643133903452953737e+00
1.598984427828882060e+00
1.721224142996599982e+00
1.684099420931728153e+00
1.783984962524503448e+00
1.866507483287393354e+00
1.835909546693900829e+00
1.911001397801694646e+00
1.881734247975819896e+00
1.951316790857352323e+00
1.923030817441571116e+00
1.894201846967616953e+00
1.962141406680837363e+00
1.934207363835729110e+00
1.905750998091573889e+00
1.972264796956718413e+00
1.944631799478433676e+00
1.916493618626179840e+00
1.981763618972181007e+00
2.041356847779186356e+00
2.014890537530189096e+00
1.988015875248861475e+00
1.960686944333316584e+00
1.932851354992221049e+00
1.904448406844889918e+00
1.875408239323226089e+00
1.845649083428734016e+00
1.815074645664080721e+00
1.783570062704435077e+00
1.750996379270113978e+00
1.717181793148205848e+00
1.681909397183423582e+00
1.777283000606554086e+00
1.745380309403057550e+00
1.828624810898099806e+00
1.900586135442034807e+00
1.965101473577491653e+00
1.938293505092304914e+00
1.999553245041293614e+00
2.056207846197855016e+00
2.030571134353618579e+00
2.004578619939382023e+00
2.061156456874379650e+00
2.114044032526110506e+00
2.163967147473414343e+00
2.139170115548676421e+00
2.114086081627210678e+00
2.088680115479189858e+00
2.062912404187577486e+00
2.116643917699492672e+00
2.167009999109744012e+00
2.142021008765585321e+00
2.116710734789290171e+00
2.091039331795637057e+00
2.064961531890982194e+00
2.119271312377877248e+00
2.093573219569362376e+00
2.067463296294529851e+00
2.040889670827962021e+00
2.013792608990040200e+00
2.072393383239004461e+00
2.045944195392058074e+00
2.018990120975271196e+00
1.991466886293968841e+00
1.963300533912762491e+00
1.934405173913708031e+00
1.904680311425154260e+00
1.874007398173680672e+00
1.842244254877364762e+00
1.919678742344211875e+00
1.890029635598018398e+00
1.859474253543763389e+00
1.933192211519592529e+00
1.904310208366321699e+00
1.874644058445421591e+00
1.844089501869955461e+00
1.812522828913025519e+00
1.779793849601276623e+00
1.745715523531627289e+00
1.710045020579150199e+00
1.804583042892354383e+00
1.882426491510884814e+00
1.853185639116003092e+00
1.823153476747902513e+00
1.792227054046567902e+00
1.870460650149717852e+00
1.841302335506916688e+00
1.912701401642291410e+00
1.976485973873592039e+00
2.034840126102407609e+00
2.089080492595981831e+00
2.063844222908249204e+00
2.116443879630923952e+00
2.166049578587660118e+00
2.213182745472037638e+00
2.258221957476414854e+00
2.301447153154585923e+00
2.277405559575813143e+00
2.320159060430987186e+00
2.296057757683851452e+00
2.271714323405413349e+00
2.315208184105577160e+00
2.290861261243382518e+00
2.266241643522894478e+00
2.241315491613509181e+00
2.216044492583889358e+00
2.190385397832680603e+00
2.239141461649295284e+00
2.213752815433146726e+00
2.187964722519932792e+00
2.161727046798892715e+00
2.134982582268918794e+00
2.107666205317442643e+00
2.079702471548141141e+00
2.051004216531588931e+00
2.021469379957697043e+00
1.990977752194262429e+00
1.959385690162874560e+00
1.926518389283323973e+00
2.002002999659484139e+00
2.066544023277479436e+00
2.038220599852368142e+00
2.009168850553770813e+00
1.979297213636196595e+00
1.948498475245987960e+00
1.916646645670916582e+00
1.883590558790961600e+00
1.961808864171487032e+00
1.931093272975712871e+00
2.001536880583870470e+00
1.972370519809100831e+00
1.942422183341846242e+00
1.911597080174026519e+00
1.879784168228642915e+00
1.846850885975384049e+00
1.812635384028381313e+00
1.776927574358494244e+00
1.739455960733517159e+00
1.699811719569027657e+00
1.657368383139656176e+00
1.611045412835829804e+00
1.558887465157746677e+00
1.497252094012240464e+00
1.419488757477448848e+00
1.620932385873764092e+00
1.572790554731721580e+00
1.515972727612102000e+00
1.667526721629696729e+00
1.626964446471238279e+00
1.737647439793299053e+00
1.703024918102329588e+00
1.666672374350239405e+00
1.765256250843526331e+00
1.732679262200770509e+00
1.818337672175683428e+00
1.787887140394692098e+00
1.756622006087072974e+00
1.724412644244245341e+00
1.691045240461341415e+00
1.656150916164125242e+00
1.619017321829259837e+00
1.578181635828538543e+00
1.530570528419641807e+00
1.469825672099446923e+00
1.624723162548284305e+00
1.585675558081977465e+00
1.540216936548323812e+00
1.482048325065203453e+00
1.629522759060588966e+00
1.724672374484951476e+00
1.693848397245723669e+00
1.661873323402789371e+00
1.749773974831590140e+00
1.720108217571447717e+00
1.689602955800604711e+00
1.657976768541588930e+00
1.745221334097104338e+00
1.715827260368464557e+00
1.794491952405437685e+00
1.766376836972187059e+00
1.737674110278429440e+00
1.813426636158715910e+00
1.785798533767458229e+00
1.757629345818655375e+00
1.728838618743588906e+00
1.699316288525070107e+00
1.779191458847202423e+00
1.751096144962565271e+00
1.722369202041004632e+00
1.798993919382811280e+00
1.867482151288826886e+00
1.841070896174254790e+00
1.814220044103466600e+00
1.881439614758729562e+00
1.943087309144465591e+00
2.000486388023483997e+00
1.975483907652830107e+00
1.950168142392172843e+00
1.924499385622885583e+00
1.898431393807467948e+00
1.871911694736071663e+00
1.935555800045571262e+00
1.909616992928264256e+00
1.883235135294589746e+00
1.946032439644997281e+00
1.920200088697900043e+00
1.893931029998666027e+00
1.867166913961440189e+00
1.839840450442126407e+00
1.906924633416722692e+00
1.880447742437919789e+00
1.943601386985198243e+00
1.917716678085048532e+00
1.891378016342352364e+00
1.864525268179748396e+00
1.929305597201221634e+00
1.903165571727236882e+00
1.876533985674555760e+00
1.849345094968239955e+00
1.915647692918941436e+00
1.975886544488874019e+00
1.950423453285252906e+00
1.924547833823955445e+00
1.898205442161972067e+00
1.871334592463293145e+00
1.843863796453050208e+00
1.911103062108259421e+00
1.884551470787296346e+00
1.947697969913023686e+00
2.005610956947498913e+00
1.980455902580050997e+00
1.954917018716259891e+00
1.928944634513827694e+00
1.902481529169344210e+00
1.875462638190512177e+00
1.847812443700275642e+00
1.915284137456227276e+00
1.976121097909674162e+00
1.950493259548424119e+00
2.008589887718418066e+00
1.983344217115846853e+00
2.039205816189889831e+00
2.014241892948621881e+00
1.988907656211639896e+00
2.044733622829504327e+00
2.019706365328068021e+00
1.994297876613830178e+00
1.968458300807294226e+00
1.942131175625661621e+00
1.915251599143722228e+00
1.977745407630626007e+00
2.034790729734170966e+00
2.009510918030655180e+00
1.983817209502894974e+00
2.040649540882897739e+00
2.015354672646251899e+00
1.989643074281989277e+00
1.963460868151811978e+00
1.936746651848524792e+00
1.909429862933643474e+00
1.881428829100936229e+00
1.948095525525822547e+00
2.007997714215500551e+00
2.063152186383595765e+00
2.038078938430931686e+00
2.012619116847691458e+00
2.067754234098440058e+00
2.119263272511883844e+00
2.167921735697827312e+00
2.143646311702633422e+00
2.191331282466792985e+00
2.167093736906268386e+00
2.142567660101816873e+00
2.190793130412646228e+00
2.166358501204824094e+00
2.213562678851586085e+00
2.189194789934989060e+00
2.235479987243615962e+00
2.211159827540610578e+00
2.186542309745101331e+00
2.161589349351999090e+00
2.209992177417519521e+00
2.185211416893691805e+00
2.232443463734608891e+00
2.277250755911490288e+00
2.252926637135037602e+00
2.228309244135077805e+00
2.273754929782273226e+00
2.249218082092936388e+00
2.224363016530749970e+00
2.199149903846878473e+00
2.173533366785802556e+00
2.147461985091811076e+00
2.198618640303240834e+00
2.172946310800918379e+00
2.146818926723702337e+00
2.120179305293503624e+00
2.092962299060463494e+00
2.065093387950181825e+00
2.036486225202678302e+00
2.097392018459785401e+00
2.069830686382195140e+00
2.041592505453146966e+00
2.012590634508536702e+00
1.982724802520944962e+00
1.951877367060096846e+00
1.919908832753993488e+00
1.886651115568374948e+00
1.851896794206205676e+00
1.935764922324773929e+00
1.904046305640962888e+00
1.871142317857075410e+00
1.836874617864522996e+00
1.801018449530020327e+00
1.763271841767694026e+00
1.723221548648444124e+00
1.680230357024779630e+00
1.794027517814008821e+00
1.757682110098461647e+00
1.719387331954348230e+00
1.678607353905350985e+00
1.787270519127770463e+00
1.752094575435817481e+00
1.715239257008751350e+00
1.676243807208675829e+00
1.634299936953987675e+00
1.587911487848690850e+00
1.534164158845205295e+00
1.467429462267606954e+00
1.640739561674881664e+00
1.597339366361173907e+00
1.547264074867986228e+00
1.681751145085311316e+00
1.777369832938158201e+00
1.745262568268376224e+00
1.712046856089129987e+00
1.677409273717131777e+00
1.640754630796557478e+00
1.600891578708458773e+00
1.555317221291399710e+00
1.498802326656047290e+00
1.421073103639748370e+00
1.608383004331156885e+00
1.712810239274796142e+00
1.680275109343775997e+00
1.646087967410776454e+00
1.740060027893195249e+00
1.819113641279704208e+00
1.889279886484548587e+00
1.861920965606190359e+00
1.834083169363508015e+00
1.805711310761922928e+00
1.877058698937599912e+00
1.849595030379298288e+00
1.916553659790576569e+00
1.889763458531005913e+00
1.862519912644308162e+00
1.834769154005265523e+00
1.806448297532301739e+00
1.777483310551806861e+00
1.747784437876651831e+00
1.717238997140636991e+00
1.685698216192930143e+00
1.652947687030400958e+00
1.618646226754671513e+00
1.715164337474655465e+00
1.684245232589494101e+00
1.768538206236988319e+00
1.739533487547860968e+00
1.815938306801992086e+00
1.788169189625879563e+00
1.858946367784648279e+00
1.832034442046571066e+00
1.804620015149808410e+00
1.776638025036694879e+00
1.848521880240046933e+00
1.821495875669529196e+00
1.793938652969824910e+00
1.863889647867352783e+00
1.837176625134626207e+00
1.809958649288209598e+00
1.782169525377061303e+00
1.753730828262522801e+00
1.724549452768721514e+00
1.694511653588241185e+00
1.663472731435037710e+00
1.749265430511389496e+00
1.720344006467950271e+00
1.690603040432880011e+00
1.771553711353546445e+00
1.743448932074648461e+00
1.817387021991807128e+00
1.790356571214755999e+00
1.762760574315693995e+00
1.834414265674332967e+00
1.807744233020793567e+00
1.874851409219051579e+00
1.848830976515887237e+00
1.822353357257480377e+00
1.795358313896042946e+00
1.863861863201476510e+00
1.926182576544513303e+00
