5.182151764472670355e-03
3.288829214272615681e-02
4.688331476501331890e-02
4.792805579170648922e-02
4.879573681847393374e-02
4.931624096659024958e-02
4.957581256911162970e-02
4.978039465112372303e-02
4.997468513661171285e-02
5.016753160365799991e-02
4.706864507728222152e-02
5.000491470592655779e-02
5.034114955267691982e-02
5.058683154546189664e-02
4.738690270128743248e-02
5.032716867326557375e-02
5.070997851423402619e-02
5.097985438545876713e-02
5.121317887700897742e-02
5.142992079070429767e-02
5.163743013991175385e-02
5.183746992888889349e-02
5.202994403537265777e-02
5.221385453109078645e-02
4.868605261089860997e-02
5.152538710234745578e-02
5.196437585526334640e-02
5.223579033453600029e-02
5.244032606546474018e-02
5.261173453719375503e-02
5.276464695548541139e-02
5.290628875837150719e-02
5.304073696837369178e-02
5.317024521379760255e-02
5.329631084217503062e-02
5.341980350585854437e-02
5.354123258527473256e-02
5.366087148282793623e-02
5.377883604835340808e-02
5.389516513820166721e-02
5.400984664187402640e-02
5.412284632262147344e-02
5.423411527106481583e-02
5.434360623276252716e-02
5.445127890018701400e-02
5.455709554524438426e-02
5.466103102348251336e-02
5.476306443406913499e-02
5.486319637953169376e-02
5.496139407564432089e-02
5.505768397293073907e-02
5.515206070778515268e-02
5.524450904585993805e-02
5.533507064482977300e-02
5.542378315451400306e-02
5.551061444779455123e-02
5.559560662641190726e-02
5.135564972938781031e-02
5.398598640953380240e-02
5.457620229236824494e-02
5.489961684921000618e-02
5.510898306447185868e-02
5.526447745296490799e-02
5.539200416746597327e-02
5.550336008746991484e-02
5.560446789801683914e-02
5.569851490412228850e-02
5.142639674369372388e-02
5.404832687761777082e-02
5.465077154127265940e-02
5.498282208578528923e-02
5.070811716532794278e-02
5.348068918568020524e-02
5.415740814412666609e-02
5.453913375093021737e-02
5.478928209873003274e-02
5.497453352810413585e-02
5.512442165543321448e-02
5.525321939612288374e-02
5.536829198594442336e-02
5.547380791327025801e-02
5.557222998996184937e-02
5.566516430749311739e-02
5.575364986958889629e-02
5.583841756248813376e-02
5.591993881423422408e-02
5.599863487077203633e-02
5.607473543275145328e-02
5.614852662319692184e-02
5.622005560602440916e-02
5.628954594117136639e-02
5.635712091591685985e-02
5.196725116804493116e-02
5.452951821431385737e-02
5.514683049698179684e-02
5.548316453883123806e-02
5.569625511332455814e-02
5.584975442414646940e-02
5.149335842069174135e-02
5.412069935792862552e-02
5.476574773363172832e-02
5.512606622386979904e-02
5.535918130145098953e-02
5.552942406846653189e-02
5.566541859255578345e-02
5.578087758078704300e-02
5.145647988919563320e-02
4.575670221421809097e-02
5.190739038472082234e-02
5.326033508790919968e-02
5.396649906281220793e-02
5.438511700756832462e-02
5.466546291746051528e-02
5.487350610204863588e-02
5.504026907797520546e-02
5.518135776554567579e-02
5.530529083066189344e-02
5.541719464500826503e-02
5.552010171375529324e-02
5.561610570437591772e-02
5.570657662134544802e-02
5.579243916661903030e-02
5.587439323493249149e-02
5.595300441580907530e-02
5.602863119159331995e-02
5.610151455154721578e-02
5.617184127926828224e-02
5.623997820927054830e-02
5.630592368049439078e-02
5.636991893700254996e-02
5.643196728814980218e-02
5.649224824766597292e-02
5.655069921914149950e-02
5.660760362386217659e-02
5.666282652649856644e-02
5.671661034177285371e-02
5.676884507351462328e-02
5.681969721751821412e-02
5.686915675981088492e-02
5.691721018007514510e-02
5.696394538461407864e-02
5.700946212321662820e-02
5.705366194116179984e-02
5.709669638870665948e-02
5.713854589623346830e-02
5.259425130513797897e-02
5.508224511737726953e-02
5.572247666405345107e-02
5.606802613548836356e-02
5.628097402089961981e-02
5.642840164748482573e-02
5.654037349218656722e-02
5.663132280355144543e-02
5.670885550896666988e-02
5.221301815636950755e-02
5.473818719525171128e-02
5.538377055732048027e-02
5.573820594934562889e-02
5.596106067521307292e-02
5.611827566168706843e-02
5.623954504581087088e-02
5.179681003360084995e-02
5.436804520826867687e-02
5.501918219290079931e-02
5.538222468567247092e-02
5.561454954021849417e-02
5.121844380497082849e-02
5.387561893571975874e-02
5.455582011812255133e-02
5.494275493479776340e-02
5.519495849019931399e-02
5.537844072269455103e-02
5.552338969167323196e-02
5.564462984385409872e-02
5.575011510900156064e-02
5.584441893894414449e-02
5.593038599670576566e-02
5.600992513457452027e-02
5.608426135332742618e-02
5.615434918613295551e-02
5.622074138350769551e-02
5.628405782676393354e-02
5.634452735292183601e-02
5.640251315783047226e-02
5.645823542812159618e-02
5.651190494838892464e-02
5.656362460059736336e-02
5.661356912531463614e-02
5.666180077746992005e-02
5.670847665343946298e-02
5.675360040091274177e-02
5.679734636176465845e-02
5.683964682599281643e-02
5.688069914107840575e-02
5.235440398565132519e-02
5.485405213898588567e-02
5.548360532337302115e-02
5.582341678980262678e-02
5.603277311614640599e-02
5.155458487027100856e-02
5.417642233632131293e-02
5.486236442795680568e-02
5.524684329108713043e-02
5.549199171976147010e-02
5.566615355490730360e-02
5.580045608631312853e-02
5.591055809588254405e-02
5.600462872492069366e-02
5.608762458671044671e-02
5.616232893407457211e-02
5.623078393016136406e-02
5.629428822311551700e-02
5.635373435667277719e-02
5.640979514422773955e-02
5.646297222037167246e-02
5.651355685882455265e-02
5.656189263490721264e-02
5.660820836913393189e-02
5.665265848337253107e-02
5.669541255468710239e-02
5.673655632567987939e-02
5.677628731858296723e-02
5.681455248197316704e-02
5.685151422272097244e-02
5.688726766309765842e-02
5.692175598777130668e-02
5.695519543102293275e-02
5.698744913544695478e-02
5.701872092962692595e-02
5.704893668753897862e-02
5.707823814828824616e-02
5.710654524293252293e-02
5.713392670400042894e-02
5.716048590250763506e-02
5.256447352344934681e-02
5.503151193398402724e-02
5.566933876958144595e-02
5.601172888261442967e-02
5.621946224532407138e-02
5.635983891375845323e-02
5.646349029461592006e-02
5.194000438207886650e-02
5.447817436172995575e-02
4.972308026088304023e-02
5.295207036879345103e-02
4.813344651713611505e-02
5.175856208552439414e-02
5.302140906391308167e-02
5.374379506415342955e-02
5.419991391462405245e-02
5.451467186773822221e-02
5.474831073987751484e-02
5.045307245589417122e-02
5.313636434350790111e-02
5.379889989059942479e-02
5.418793611615613931e-02
5.444925431997130888e-02
5.464396616323528855e-02
5.480005841625294749e-02
5.493179136388201544e-02
5.504666963097735316e-02
5.514947309682113191e-02
5.524292487850251954e-02
5.532913374194994849e-02
5.540937928874724305e-02
5.548474367968849602e-02
5.555583411770596142e-02
5.120763559777392893e-02
5.379728968284541030e-02
5.438600299864697341e-02
5.471109505336273215e-02
5.491929984048711522e-02
5.507016213713750857e-02
5.519004508626099148e-02
5.529133997051326882e-02
5.538057392415320773e-02
5.546120779783367261e-02
5.553557053751215222e-02
5.560491298959524542e-02
5.567029199178552545e-02
5.573223428399687318e-02
5.579135185360092897e-02
5.584785779626627589e-02
5.590215091589118696e-02
5.595433669923334519e-02
5.600470839411183371e-02
5.605326037885566964e-02
5.610024846334112081e-02
5.614563945563106478e-02
5.618964388087519662e-02
5.623222315791324283e-02
5.176543777285146086e-02
5.430052809728661001e-02
5.490814050041177563e-02
5.523680200109244709e-02
5.544016574962569444e-02
5.558177900808777827e-02
5.569003552640186538e-02
5.577855628934962756e-02
5.585439771981290380e-02
5.143526375254084404e-02
4.563587385589430029e-02
5.171892741266787691e-02
5.309115660821585314e-02
5.381329812202697432e-02
4.942161885212374012e-02
5.239103821439465569e-02
5.321986438830188237e-02
5.370598567728623179e-02
5.402645384575389259e-02
5.425884716147352793e-02
5.444010790802786270e-02
5.458916303230677142e-02
5.471655491704730673e-02
5.482849862973662031e-02
5.492903725913645535e-02
5.502076500762493466e-02
5.510558022333089667e-02
5.518474715090694593e-02
5.525919713782533743e-02
5.532962139414062536e-02
5.100220322535884560e-02
5.360276482052100250e-02
5.418481920687762826e-02
5.450648370506958051e-02
5.471268101536744949e-02
5.486223286137077715e-02
5.498123394168791256e-02
5.069134928141386109e-02
5.332984990994014962e-02
5.392711986135793889e-02
5.426303799573650027e-02
5.448177243193941255e-02
5.464216286786963833e-02
5.477059159638796720e-02
5.487963942265223355e-02
5.497585699849502627e-02
5.506298270899715602e-02
5.514328897497544624e-02
5.521823639115003984e-02
5.528883629238211944e-02
5.535578324629744640e-02
5.541962019153346547e-02
5.548072920012805248e-02
5.553937558302681626e-02
5.559586628443850820e-02
5.565031103288219094e-02
5.570294856375100634e-02
5.575381111554097990e-02
5.580311981290648343e-02
5.585087475889270736e-02
5.589720852319789851e-02
5.594216778545348795e-02
5.598584367099887493e-02
5.602826503734103375e-02
5.606950769786780281e-02
5.610958477336392553e-02
5.614856303217972272e-02
5.618647680413334927e-02
5.622336330528491383e-02
5.625925134074811346e-02
5.629418900396521153e-02
5.632817955706354018e-02
5.636127042539358645e-02
5.639346493531911114e-02
5.642483677617321502e-02
5.645535890230031495e-02
5.192119012991409932e-02
5.442714341351720386e-02
5.504659629071503163e-02
5.538061286984700959e-02
5.558475357176990289e-02
5.572421075615930502e-02
5.582855902306546603e-02
5.591204258324415644e-02
5.598224038025913230e-02
5.604320378933243946e-02
5.609771367823286614e-02
5.614726950644015335e-02
5.619305532460673602e-02
5.623577068802707718e-02
5.627599779078987230e-02
5.631411173501543743e-02
5.635039810299016794e-02
5.638511231070626739e-02
5.641838279182864041e-02
5.645044982855562665e-02
5.190946210998512861e-02
5.441163756573252908e-02
5.503354802237413190e-02
5.537002916101473049e-02
5.557618308875086899e-02
5.571723597909850750e-02
5.124473024508199165e-02
5.383275830910397991e-02
5.448793540327184770e-02
5.485509907431085352e-02
5.508833584016611939e-02
5.525300504283746361e-02
5.085527249117356707e-02
5.347736281924195950e-02
5.412606491912034384e-02
5.449502990920856993e-02
5.473410338354301602e-02
5.490640765742896973e-02
5.504113213109158159e-02
5.515255930799265599e-02
5.524848634892055854e-02
5.533336197044664423e-02
5.541010010625754822e-02
5.548043142908654773e-02
5.554573281344162700e-02
5.560689614104290246e-02
5.566459716410751546e-02
5.571934627619944819e-02
5.577152457987592793e-02
5.582143954863422880e-02
5.138185181070972773e-02
5.393173033663436339e-02
5.453364264859375532e-02
5.486324017336789011e-02
5.506998257019257020e-02
5.521576284855891914e-02
5.532854370673738476e-02
5.542158766317453744e-02
5.550192448056009281e-02
5.557330557374311891e-02
5.563827645758223639e-02
5.122498349265888068e-02
5.378922197566154279e-02
5.439363634809889908e-02
5.472742332754632066e-02
5.493884341194550658e-02
5.508933201199991275e-02
5.520655427102485330e-02
5.530387848383098992e-02
5.538805953961601497e-02
5.546321723516801916e-02
5.553168535768362307e-02
5.559494307080881798e-02
5.565413355078164398e-02
5.123980902243744501e-02
5.380105495040958530e-02
5.440246106513558361e-02
5.473382069148175627e-02
5.494332015091327875e-02
5.509228128776993277e-02
5.520837619608355562e-02
5.530475718323707435e-02
5.538829907698481630e-02
5.101002613772830097e-02
5.359417655310454165e-02
5.419958160165860156e-02
5.453727755473526673e-02
5.475366266065759269e-02
5.490946657848022605e-02
5.503197185173550054e-02
5.513445121278710143e-02
5.522368433763444329e-02
5.087341366133266152e-02
5.346882635735772382e-02
5.406970697065299758e-02
5.440644067387337413e-02
5.462370040561447676e-02
5.478144244499135590e-02
5.490643847607506317e-02
5.501157748556714105e-02
5.510359003940642347e-02
5.518638415693698923e-02
5.526231112233836312e-02
5.533276578946390301e-02
5.539892491646486450e-02
5.546149422082699565e-02
5.552094573333896110e-02
5.557780269320249794e-02
5.563231576966273795e-02
5.568467078915433771e-02
5.573520051045323387e-02
5.578397384680428700e-02
5.583113730128182878e-02
5.587682172041466555e-02
5.592109401620209280e-02
5.596409794784958786e-02
5.600578715836783406e-02
5.604634692634440085e-02
5.608580801345580680e-02
5.612411153208825276e-02
5.616143835745841112e-02
5.619778020549349995e-02
5.623312548941269973e-02
5.626759092165796450e-02
5.630117856038815982e-02
5.177121775021032574e-02
5.427729649355683694e-02
5.489681877394064768e-02
5.523347230967590171e-02
5.544098649851075117e-02
5.558413911909463462e-02
5.569209725174625175e-02
5.577919916687502921e-02
5.585277231563381267e-02
5.591716346669058785e-02
5.597488460399223376e-02
5.602757992729151537e-02
5.607642698056959640e-02
5.612202139702626713e-02
5.616509108480432361e-02
5.620602220950963318e-02
5.624494679968964489e-02
5.628229852789625592e-02
5.631817742380906822e-02
5.635270353614896255e-02
5.638604444815098482e-02
5.183838290557675477e-02
5.433397132370693106e-02
5.495865967816140202e-02
5.035979308461737552e-02
4.447228455429699107e-02
5.072155311699991925e-02
5.236246631072156987e-02
5.326279320210113022e-02
5.380597072166263400e-02
5.416559752756965052e-02
5.442361553926945705e-02
5.462105306579653069e-02
5.477961620013791638e-02
5.491182448111348730e-02
5.502537864532661832e-02
5.068590557654509970e-02
5.328279963071781700e-02
5.389388484838600335e-02
5.424372190780327174e-02
5.447396798835036497e-02
5.464346387264254479e-02
5.477894282773385082e-02
5.489335658889991226e-02
5.499349678206182784e-02
5.508345254394027279e-02
5.516565642022212140e-02
5.524185326148358527e-02
5.531303653920578711e-02
5.538016931312390867e-02
5.544383693059776880e-02
5.550447888487144293e-02
5.110440316724227522e-02
5.366517594791202911e-02
5.426096468796814953e-02
5.459181920804551114e-02
5.480319900937417193e-02
5.495529839411236739e-02
5.507513546387415859e-02
5.517556595399552427e-02
5.526325771579920082e-02
5.534206958814369415e-02
5.541422067474668922e-02
5.548127997602016886e-02
5.108498951448221109e-02
5.364783231652479889e-02
5.424830660764157209e-02
5.458264078660881452e-02
5.479670360055359513e-02
5.495090077640531201e-02
5.507241230099351598e-02
5.517420103164560191e-02
5.526301408686556949e-02
5.534274075826293299e-02
5.541570882190530872e-02
5.548339475390507564e-02
5.554689714913994131e-02
5.560695212474495164e-02
5.566396377415157998e-02
5.571846824963068434e-02
5.577072204252107868e-02
5.582094176455298234e-02
5.586937358118306690e-02
5.591608213994457566e-02
5.596130394793203539e-02
5.600508787595190330e-02
5.152096572304339095e-02
5.404302481953214554e-02
5.465522563228606551e-02
5.499105277104532341e-02
5.520133306155692449e-02
5.534902134756775061e-02
5.546267245647005378e-02
5.555595217231711763e-02
5.563597059145271306e-02
5.570687818515247108e-02
5.577110547167862808e-02
5.583020682536598417e-02
5.588533253596662809e-02
5.593715063950522454e-02
5.598625227730787829e-02
5.150362078368144608e-02
5.402465988302158212e-02
5.464069088690259868e-02
5.498004067083458318e-02
5.519324512949298073e-02
5.534352391315022768e-02
5.545932920880561334e-02
5.555431921623672081e-02
5.563587823353372680e-02
5.570809908528483179e-02
5.577334229010098149e-02
5.583340615378828281e-02
5.588932769666694195e-02
5.594181689265152052e-02
5.599153135284664490e-02
5.603879888065665948e-02
5.608399778170741062e-02
5.158403847391836855e-02
5.409563511773799599e-02
5.471419265159685463e-02
5.505439837445899598e-02
5.058318196384985893e-02
5.327981453966388475e-02
5.400055643234727420e-02
5.441430609926665996e-02
5.468253478753909436e-02
5.032000445910099484e-02
5.299155156507791287e-02
5.367727310767136245e-02
5.407918577845242936e-02
5.434666769628497540e-02
5.454350494493869633e-02
5.469968218683018274e-02
5.483007815766383075e-02
5.494290183235014946e-02
5.504313502552254239e-02
5.513382312877053437e-02
5.521699319116338961e-02
5.085847093206272845e-02
5.343064827940032652e-02
5.403048486612246903e-02
5.436969485185133566e-02
5.459088762928666905e-02
5.027785339817615606e-02
5.293885004422214241e-02
4.846482075067944789e-02
5.169131148551392441e-02
5.264365479000865378e-02
5.319266549271224609e-02
5.354991309500597985e-02
5.380761555898789378e-02
5.400880490975995540e-02
5.417478035920595542e-02
5.431721423467537890e-02
5.444277634479718908e-02
5.020866003530116695e-02
5.283305822228070298e-02
5.342219257264305826e-02
5.376558338689200328e-02
5.399784204295902251e-02
5.417398212849423855e-02
5.431856015348102834e-02
5.444354060108266141e-02
5.021064013635914702e-02
5.283794737596115426e-02
5.342508910561082763e-02
5.376631117034142565e-02
5.399654466305972567e-02
4.979818670819401855e-02
5.248968746156362775e-02
5.311158631779652750e-02
5.347965706401333619e-02
5.373117987549598518e-02
5.392276580122085106e-02
5.408027829574441753e-02
5.421622482850181612e-02
5.433735120519418704e-02
5.444752173814612628e-02
5.454927370490799537e-02
5.464424448266176626e-02
5.473360099231647236e-02
5.481825545972585090e-02
5.489879095006031801e-02
5.497581083317908818e-02
5.504956355433156950e-02
5.512050453318704385e-02
5.518886648087313607e-02
5.525476492755075630e-02
5.531851367093842953e-02
5.538022585974625156e-02
5.099747830808749882e-02
5.355964060898833756e-02
5.415090397824241092e-02
5.448072050014825946e-02
5.013203669853982108e-02
5.285382507008275221e-02
5.353759707298443721e-02
5.393352665909700860e-02
5.419528733791683511e-02
5.438799266722040698e-02
5.454153655315392701e-02
5.467069392760744162e-02
5.478350996348077540e-02
5.488458428176529874e-02
5.058162555519610942e-02
5.317674570672208806e-02
4.870210870384281826e-02
5.188883922140511556e-02
5.280282952336896179e-02
5.332262907855023909e-02
5.365816877080017283e-02
5.389962830773090130e-02
5.408859460598958169e-02
5.424525176520333947e-02
5.438040104926016721e-02
5.450028473076173885e-02
5.460887251833258793e-02
5.470861088222510327e-02
5.480124286007367201e-02
5.488813299580522220e-02
5.497013748804389227e-02
5.504794137909736762e-02
5.512214254617713027e-02
5.519313454346166936e-02
5.526123919348766705e-02
5.532681082422772484e-02
5.095242704518228305e-02
5.351545825892450869e-02
5.410707094214380758e-02
5.443833270398387020e-02
5.465266156077014381e-02
5.480904131507874366e-02
5.493385910596858268e-02
5.503965519409452500e-02
5.513281038307641518e-02
5.078532251930906183e-02
5.336410015982192417e-02
5.396704934199916814e-02
5.430919906641296785e-02
5.453314787123680896e-02
5.469797851041306724e-02
5.483010967614213027e-02
5.494218512997368215e-02
5.504096039602436596e-02
5.513015311953206599e-02
5.521218288019551917e-02
5.528857807326632845e-02
5.536036297147184371e-02
5.542822152437396066e-02
5.549283611808769612e-02
5.555460554276022561e-02
5.561377171604885150e-02
5.567073567991754485e-02
5.572554074579757349e-02
5.577849826545985823e-02
5.582971380637839764e-02
5.587926301334579515e-02
5.592731982174120597e-02
5.597398506150735864e-02
5.601919157952797018e-02
5.606317223998115440e-02
5.610597271700628469e-02
5.614751772950810071e-02
5.618798665133373921e-02
5.622742243992773920e-02
5.626574451894545553e-02
5.630311302013343844e-02
5.633950108502863707e-02
5.637499789589726917e-02
5.182210659834014105e-02
5.430397301126587556e-02
5.493215139330497043e-02
5.527668896135238402e-02
5.549115840321962312e-02
5.564032452948150520e-02
5.115947484647086901e-02
5.372221902320695880e-02
5.438790443633492733e-02
5.476696682343044215e-02
5.501174214023504122e-02
5.518714622613964116e-02
5.532339961633260528e-02
5.543541210260091029e-02
5.553111225291109537e-02
5.561537632471478393e-02
5.569111499403970461e-02
5.576023031470671298e-02
5.582417508562315112e-02
5.588386795375390598e-02
5.594005942033306034e-02
5.599312311087908250e-02
5.604365693832159823e-02
5.609191167909056974e-02
5.158488727078971298e-02
5.408375786217944903e-02
5.470643974868313886e-02
5.505136507635281090e-02
5.526926858921835106e-02
5.542332202191072726e-02
5.554232761941660379e-02
5.564012438664752563e-02
5.572400596336633816e-02
5.579825298856179450e-02
5.586530006164135836e-02
5.592695015927694885e-02
5.598420144609852350e-02
5.603798675726581052e-02
5.608874787323826772e-02
5.613702217734216349e-02
5.618307500882892963e-02
5.622720579479111025e-02
5.169700583784602593e-02
5.418411573354017102e-02
5.481130475584056194e-02
5.024120234683192299e-02
5.306850840471143832e-02
5.389016145366534727e-02
5.436268005735128694e-02
5.466770211340123836e-02
5.488473636896303021e-02
5.505143116030935396e-02
5.518666022039589447e-02
5.530098474919926260e-02
5.540039908296844062e-02
5.548896305408033275e-02
5.556917775560666489e-02
5.564279681774399189e-02
5.571112909182299872e-02
5.577505337607457925e-02
5.583530452718564463e-02
5.136834444007271072e-02
5.388092547921598946e-02
4.921592005585245094e-02
5.238559252266464239e-02
5.336432971201798131e-02
5.391790226195253277e-02
5.426937682435968580e-02
5.451651726194930991e-02
5.019545783426847957e-02
5.283822395906954961e-02
5.351318202126422591e-02
5.391520763143557021e-02
5.418782247265613999e-02
5.439221507680597201e-02
5.455682102621824819e-02
5.469589186202825082e-02
5.481739810153145320e-02
5.492595377488814629e-02
5.060411055792584517e-02
5.317617777490787206e-02
5.378197960920615833e-02
4.944157777266745823e-02
5.228961890379637406e-02
5.305375715584224883e-02
5.350497735164534002e-02
5.380827262049147491e-02
5.403408217384641360e-02
5.421525869077543219e-02
5.436810360342624049e-02
5.013076878346445914e-02
5.274199691395259348e-02
5.335005386242931691e-02
5.371067540845728822e-02
5.395782767591600360e-02
4.975421313932262835e-02
5.242247242319119510e-02
5.305963507572643983e-02
5.344294651996954471e-02
4.927588125885747072e-02
5.202151923148946866e-02
4.774742855292016253e-02
5.095767996888498491e-02
5.189244761082865282e-02
5.245238604410613209e-02
5.283280416714833394e-02
5.311814379067295033e-02
5.334804503337021303e-02
5.354232093422446603e-02
5.371178157877090631e-02
5.386304837424070457e-02
5.400022336722559019e-02
5.412629223647824617e-02
5.424324810838183214e-02
5.435263836871060544e-02
5.012572853924261024e-02
5.272836534023162686e-02
5.330066761615797483e-02
5.363702586976072662e-02
5.386765408524733789e-02
5.404520343333634597e-02
5.419307800636512934e-02
4.998639013186469138e-02
5.260896849597479497e-02
5.319995226433693603e-02
5.355060848758565195e-02
4.937747362950106050e-02
5.211142173401921152e-02
5.276995296343818531e-02
5.316829424319696740e-02
5.344534197756936611e-02
5.365913605763381056e-02
5.383611406325015947e-02
5.398930334784173696e-02
5.412594473909309450e-02
5.425010753937740265e-02
5.436463116515324184e-02
5.447126032979307531e-02
5.457142559466759274e-02
5.466605580870592673e-02
5.475591234732082174e-02
5.484152720209906073e-02
5.492349403138266362e-02
5.500212050590669310e-02
5.507762887972306176e-02
5.515044243183624822e-02
5.522071734293370476e-02
5.528864475340041634e-02
5.535433243140636117e-02
5.541802852112419353e-02
5.547979369366751873e-02
5.553972801119644309e-02
5.559797377360669451e-02
5.565450892592091470e-02
5.121478403460844042e-02
5.374017030153607766e-02
5.434454360330216727e-02
5.468259736958591688e-02
5.490022019025402739e-02
5.505782693187043220e-02
5.518255763973092809e-02
5.528742663038761773e-02
5.537920329092017868e-02
5.546179239330117222e-02
5.553739597794302152e-02
5.560767493520202970e-02
5.567365873735037607e-02
5.123328808776665688e-02
5.375467693260937291e-02
5.436902673250840201e-02
5.471434575585051863e-02
5.493720127659405816e-02
5.509866109133398221e-02
5.522621248187516846e-02
5.533313297118387653e-02
5.542637902087842183e-02
5.102052960199574688e-02
5.356055143320941764e-02
5.418268959712664590e-02
5.453718244416135702e-02
5.476910483446977007e-02
5.493903370200670100e-02
5.507425662986623061e-02
5.518818356092435734e-02
5.528779911241193945e-02
5.537720097823844306e-02
5.545876757179635935e-02
5.105270033284407122e-02
5.358656975186407850e-02
5.420188710779085678e-02
5.455139099235802730e-02
5.017809448934310718e-02
5.287046238629991568e-02
5.357783465067240264e-02
5.399350157469910011e-02
5.427146797777804288e-02
4.998790541812068305e-02
5.264861242798462432e-02
5.332480393540030283e-02
5.373013498770785185e-02
5.400743075679995120e-02
5.421709319774518226e-02
5.438738008843684024e-02
5.453233138638537147e-02
5.465962680496392473e-02
5.477401910031687304e-02
5.487829300885067874e-02
5.497467780115278951e-02
5.506453482346611306e-02
5.514890190500172651e-02
5.522867255424292882e-02
5.530432485254280217e-02
5.537650559943306516e-02
5.544546420214493954e-02
5.551163843106786400e-02
5.557523566981701496e-02
5.563654722398034963e-02
5.569562683496025179e-02
5.575276002304884598e-02
5.580804936375793196e-02
5.586164192455553984e-02
5.591349820000240251e-02
5.596390340334198021e-02
5.601283731611370054e-02
5.606042076831389137e-02
5.610659067356023322e-02
5.615156782491432380e-02
5.619535617099651742e-02
5.623792747747991677e-02
5.627944401229089538e-02
5.631978750500760134e-02
5.635915808453487164e-02
5.639751442495578165e-02
5.643490307742697609e-02
5.647139303460364801e-02
5.650688437665515179e-02
5.654153562511333997e-02
5.657532753342612436e-02
