2.828796837513424325e-02
4.063888996155651245e-02
4.915286051540143641e-02
5.517440695452714011e-02
6.398991662693979121e-01
5.157725706119786757e-01
4.168489058144783099e-01
3.421978043890174792e-01
1.658278635371376097e+00
1.533057506276623849e+00
1.405849928593769116e+00
1.283503015021080440e+00
3.350209494286014333e+00
3.252538252802639196e+00
3.173738823234437234e+00
3.112850084126964845e+00
3.065957167529604899e+00
3.027935029471958028e+00
4.306724977004376065e+00
4.195051513445636537e+00
4.105868220466344809e+00
4.842487772765076137e+00
4.754983067419088272e+00
4.678551659967616239e+00
5.216050062943003773e+00
5.183854148616171997e+00
5.506354582084365568e+00
5.518381240061274617e+00
5.535715852831156525e+00
5.554292913233911833e+00
5.827873709961489901e+00
5.875515801847557285e+00
5.924296575528972042e+00
5.966924882579802691e+00
6.196257275653928254e+00
6.254943966107424203e+00
6.309140623682532478e+00
6.352783068176033332e+00
6.383347291065205376e+00
6.401039104924592493e+00
6.407771493010957720e+00
6.715354002800813404e+00
6.734189911837927589e+00
6.750037432386215563e+00
6.891300079404299339e+00
7.008880143563598786e+00
6.997655014836876575e+00
6.995332652080956670e+00
6.997385827417913262e+00
7.000681096481755183e+00
7.003434592190111552e+00
7.004822338646805591e+00
7.004595975413415943e+00
7.002792589508457510e+00
6.999586243981813283e+00
7.138140179272222774e+00
7.132898073844321729e+00
7.131418619756579425e+00
7.131828848839437462e+00
7.133049759128253342e+00
7.214056757350393312e+00
7.207673648424758994e+00
7.205721785198506701e+00
7.206126387197167027e+00
7.207666097037646935e+00
7.278707493050258215e+00
7.272353810096802817e+00
7.355180834093633102e+00
7.339591031407717736e+00
7.332225467210210290e+00
7.329860512328443711e+00
7.406067848369580098e+00
7.511539515158754732e+00
7.483065524391341761e+00
7.599119816519990245e+00
7.565456105193899994e+00
7.545219564565673664e+00
7.651570756504146864e+00
7.626280037328063699e+00
7.611939404782453344e+00
7.711847602788599154e+00
7.831833005626848809e+00
7.798590229047816180e+00
7.778263651426874148e+00
7.767439715774187015e+00
7.763186171851018891e+00
7.854757403350117073e+00
7.965452657103567091e+00
7.943477165251985106e+00
7.931389951762467305e+00
7.925996781105915545e+00
8.023891109505905561e+00
8.013730046602546508e+00
8.009427205757649659e+00
8.008777975229518731e+00
8.104363792580327797e+00
8.212647665066072022e+00
8.197575249967355759e+00
8.308351017570263508e+00
8.292323590472879147e+00
8.284208057930793956e+00
8.281049798033816245e+00
8.280864982713032063e+00
8.381800108085593948e+00
8.489351135899655176e+00
8.477665200902164244e+00
8.472492463600151069e+00
8.471150981786465195e+00
8.471945297786527718e+00
8.473890680415687271e+00
8.476436219504563496e+00
8.576861407031568518e+00
8.575214061259366360e+00
8.576025878739603314e+00
8.578054850677744980e+00
8.580642685770841993e+00
8.583461915031469047e+00
8.586354603507746930e+00
8.685747688967140334e+00
8.684232479706118113e+00
8.685014435562315782e+00
8.686892442949524451e+00
8.785080131379389812e+00
8.888890132697532920e+00
8.998141692974474637e+00
9.109055007878644972e+00
9.085473182708202700e+00
9.071628146322886721e+00
9.064532206471692888e+00
9.061608098758380692e+00
9.061048372773941040e+00
9.156230896148446874e+00
9.153879681702102644e+00
9.153989929296342254e+00
9.155327022301676720e+00
9.157216422917915821e+00
9.159317380587513213e+00
9.161465683459887543e+00
9.249011620113211762e+00
9.248412844964326140e+00
9.249456592105621766e+00
9.251229722023538216e+00
9.253277096736836071e+00
9.255392415891279256e+00
9.336798297935725799e+00
9.336100336463562854e+00
9.336996341773620145e+00
9.338585213730585366e+00
9.340424058648443051e+00
9.342317233659951370e+00
9.344188906242502313e+00
9.346013251089747342e+00
9.347789715240729436e+00
9.349520091384412979e+00
9.351205994059483828e+00
9.352846053092733314e+00
9.354435946099643573e+00
9.431941142522475729e+00
9.517653831477261406e+00
9.509504780063890550e+00
9.506083115896139191e+00
9.505327808683766477e+00
9.578088500375693926e+00
9.574965139823559568e+00
9.644539690036644686e+00
9.639852078831664173e+00
9.638342849360300946e+00
9.638515729215697547e+00
9.639483129804061079e+00
9.640782005667018595e+00
9.642194879567494326e+00
9.643630220969010125e+00
9.645056632392227769e+00
9.646465803642216841e+00
9.647855206005278461e+00
9.708287867795366566e+00
9.706861609377787303e+00
9.767970292720482561e+00
9.765141981479155575e+00
9.764671490238367113e+00
9.765316041919687606e+00
9.818428327527493948e+00
9.817500001836956258e+00
9.867632615924568640e+00
9.865556512976016990e+00
9.912781770769390377e+00
9.910125880642317142e+00
9.909497588458407336e+00
9.909759672392686625e+00
9.910310973952448421e+00
9.953385003763605354e+00
9.953110937678603776e+00
9.953485139420127581e+00
9.954003526175924321e+00
9.993273469997397740e+00
9.993154119103634159e+00
9.993547793878784447e+00
9.994011133414595349e+00
9.994385233384736722e+00
9.994643186579333261e+00
9.994806656102984022e+00
9.994906372860487664e+00
9.994967566767645195e+00
1.003207335020883306e+01
1.006665580797849380e+01
1.006464085891397175e+01
1.006424663131593178e+01
1.006448185070345147e+01
1.006485953787415788e+01
1.006518430187908386e+01
1.006540241901252131e+01
1.009662260396525113e+01
1.009662463554685807e+01
1.009702932225852479e+01
1.009746419407016660e+01
1.009779632402614880e+01
1.009800132648007853e+01
1.012616650999825119e+01
1.012636445791022233e+01
1.012691122402109833e+01
1.015137894996977153e+01
1.015182325676745911e+01
1.015264403577409347e+01
1.015341192049395680e+01
1.015398627078633353e+01
1.017617917749900691e+01
1.019594618277204567e+01
1.019574626041751131e+01
1.019640740318697958e+01
1.021460987648186958e+01
1.023061998663440342e+01
1.023062045947937726e+01
1.023145974790321944e+01
1.024699504011670825e+01
1.024825815548683572e+01
1.024945941495275115e+01
1.026365398202138657e+01
1.027431722372920753e+01
1.027591827125143986e+01
1.027759523641875994e+01
1.027868527542805488e+01
1.027899055786696714e+01
1.029314697315441585e+01
1.029431410394845869e+01
1.029500423382462948e+01
1.029508641140999536e+01
1.029462027787025669e+01
1.029368962744597127e+01
1.029238063875400933e+01
1.029081362143945810e+01
1.028899018659894438e+01
1.028701235621656451e+01
1.030657317103839965e+01
1.030635232535347257e+01
1.030614591029578975e+01
1.030575341438477643e+01
1.030513501372679741e+01
1.030430963691748047e+01
1.031822022425374108e+01
1.031853832045863939e+01
1.031879950340147367e+01
1.031881979075468792e+01
1.032888635348398054e+01
1.033540768613562832e+01
1.034089217315373155e+01
1.034093625841749642e+01
1.034630131829419852e+01
1.035038149211077929e+01
1.035405564305430914e+01
1.035301703638409876e+01
1.035369720138147542e+01
1.035962303499032089e+01
1.036165429871495292e+01
1.036563342678730315e+01
1.036841403079377777e+01
1.037088870246334515e+01
1.037241014009228124e+01
1.037281387039441505e+01
1.037214420086808708e+01
1.037054905708572505e+01
1.036818940674157297e+01
1.036520977266154375e+01
1.038615158304957653e+01
1.039413612289673594e+01
1.039872183449956822e+01
1.040200483635390327e+01
1.040468726917195141e+01
1.040288866251589894e+01
1.040597099359688116e+01
1.040563526038940090e+01
1.040606892133150119e+01
1.040635565366410020e+01
1.041244069172343778e+01
1.041391377547572361e+01
1.041555798451009629e+01
1.041651274263653981e+01
1.041850979262035537e+01
1.041886740146175150e+01
1.041771603454379225e+01
1.041984385439427818e+01
1.042185961681317785e+01
1.042319935942436615e+01
1.042532507425524635e+01
1.042729888022824980e+01
1.042867764870575797e+01
1.042979421217396840e+01
1.043168011176800647e+01
1.043306352925676705e+01
1.043326108918696171e+01
1.043513068535407839e+01
1.043361495564716357e+01
1.043571402914459867e+01
1.043740828024317580e+01
1.043853537405171927e+01
1.043808236388803046e+01
1.043989042890078345e+01
1.044130890932611955e+01
1.043958644809828940e+01
1.044148265934564357e+01
1.044301046270086708e+01
1.044406867488815394e+01
1.044467746015716259e+01
1.044399597781644395e+01
1.044558747576138913e+01
1.044689532379722863e+01
1.044784062672671787e+01
1.044843381153085815e+01
1.044722149075634121e+01
1.044334920887363083e+01
1.043898630302609476e+01
1.044082887007582805e+01
1.044282868662777375e+01
1.044441653079311649e+01
1.044541535491138617e+01
1.044581648604928859e+01
1.044567085116956484e+01
1.044698788792373101e+01
1.044838110510136531e+01
1.044945106717757000e+01
1.044719543205647660e+01
1.044896233931074292e+01
1.044530647305596993e+01
1.044058266658838008e+01
1.044292747504825059e+01
1.043862027333678988e+01
1.044128021403263951e+01
1.044355311338232717e+01
1.044036665664847519e+01
1.044299288736613462e+01
1.044495444833007092e+01
1.044616331311073942e+01
1.044421749769206542e+01
1.044611682104013894e+01
1.044745130043681058e+01
1.044819274364457407e+01
1.044840664804699770e+01
1.044817105005212099e+01
1.044755324841556110e+01
1.044659597853964250e+01
1.044894048874842518e+01
1.044982825151953243e+01
1.045047849394573092e+01
1.044838994834948842e+01
1.044989531881093292e+01
1.045107253141685888e+01
1.044805526878970525e+01
1.044989793585168236e+01
1.044569837880856866e+01
1.044794482334795305e+01
1.044972496657046968e+01
1.045087487919738578e+01
1.045142455437141216e+01
1.045146575710003667e+01
1.045109231186861010e+01
1.045118932778545329e+01
1.045226830070536828e+01
1.045300956738588560e+01
1.045335997805001860e+01
1.045334506821993159e+01
1.045196547686229849e+01
1.044767641593005436e+01
1.044275697174876782e+01
1.044447410678815835e+01
1.044639050486490817e+01
1.044781855892647471e+01
1.044853221714825331e+01
1.044854779534009559e+01
1.044795912363116130e+01
1.044686889760546933e+01
1.044536973511861433e+01
1.044352975281837104e+01
1.044139952849878306e+01
1.043901803957271213e+01
1.043641792374078037e+01
1.043362724836749145e+01
1.043074748289787124e+01
1.042777813537193055e+01
1.044496559695043203e+01
1.044646916692649441e+01
1.044679874145593779e+01
1.044614242836021845e+01
1.044679925942575593e+01
1.044787360178621682e+01
1.044872287914732567e+01
1.044916745092365318e+01
1.045083236020131245e+01
1.044878909645562004e+01
1.045075948225914786e+01
1.045242641685817908e+01
1.045345517349360520e+01
1.045380343849094729e+01
1.045354687965397389e+01
1.045279232299913730e+01
1.045164167484952955e+01
1.045017543598401133e+01
1.044843893524927836e+01
1.044649413770779134e+01
1.044441297671394686e+01
1.044219620737655774e+01
1.045416888489831564e+01
1.045442508379848512e+01
1.045462094800716457e+01
1.045452047568669407e+01
1.045412493091503059e+01
1.045342407677248886e+01
1.045246395568273456e+01
1.045818537465457254e+01
1.045913746181824777e+01
1.045986387525496397e+01
1.045986802431544582e+01
1.046173405465961892e+01
1.046329677431973693e+01
1.046433550463557083e+01
1.046485078679549474e+01
1.046492800943292956e+01
1.046558055371959384e+01
1.046712455792293106e+01
1.046833354226368051e+01
1.046602709165232881e+01
1.046117653753528209e+01
1.045676197285494169e+01
1.045751061914689828e+01
1.045928019482642668e+01
1.046090556285304807e+01
1.046186143113352607e+01
1.046202751770230321e+01
1.046560651094659455e+01
1.046316814587024524e+01
1.046533332149683204e+01
1.046250126366800082e+01
1.045841109715960826e+01
1.046046808619840895e+01
1.046270025755465305e+01
1.046421655876976331e+01
1.046468237969637904e+01
1.046788953947138268e+01
1.046517088022186215e+01
1.046770674803390655e+01
1.046970030880513747e+01
1.047076006913645507e+01
1.047083685902801520e+01
1.047004141920889353e+01
1.047446211447169162e+01
1.047541802978312298e+01
1.047434512680369068e+01
1.047598700791890458e+01
1.047708406058571207e+01
1.047750120564277942e+01
1.047728753360314968e+01
1.047654856679539925e+01
1.047538429083209799e+01
1.047882731762999065e+01
1.047938606530163241e+01
1.047777198853086134e+01
1.047911420837879959e+01
1.048008470830803596e+01
1.048052599782204197e+01
1.047929288277546256e+01
1.048065135850246676e+01
1.048152039108388855e+01
1.047914831166507632e+01
1.048075489294138229e+01
1.048182351025095116e+01
1.047895627970231480e+01
1.047396445297926704e+01
1.047630078899134354e+01
1.047821660892778795e+01
1.047936375751649152e+01
1.047972311308344473e+01
1.047937789644657869e+01
1.047849956354602874e+01
1.048013819654554268e+01
1.048092187436819067e+01
1.048129174077959647e+01
1.047928551615880011e+01
1.047466411031875744e+01
1.047661917862608938e+01
1.047822811319341341e+01
1.047915816482946560e+01
1.047687233229273929e+01
1.047865028020634526e+01
1.047976916820041282e+01
1.047675386353082949e+01
1.047139428331359845e+01
1.047391161785981772e+01
1.047590561463206527e+01
1.047205213058379591e+01
1.047454446617951973e+01
1.047624325278461299e+01
1.047277286093519777e+01
1.047503093868135693e+01
1.047649310451575921e+01
1.047713541723405406e+01
1.047707012309767372e+01
1.047592992953097202e+01
1.047118745499991910e+01
1.047320270142884624e+01
1.047474519279772132e+01
1.047558377818606701e+01
1.047280666743546895e+01
1.047450915236259661e+01
1.047000785110395427e+01
1.047219742973627810e+01
1.047372832905216811e+01
1.047450838148668595e+01
1.047156753002257368e+01
1.047322420901322637e+01
1.047425741346427586e+01
1.047466589169357931e+01
1.047453619370555522e+01
1.047261254759570370e+01
1.046751221804009369e+01
1.046154105107539500e+01
1.046374736053491716e+01
1.046579971516813323e+01
1.046716142354834034e+01
1.046415963859941911e+01
1.046627537086319926e+01
1.046174917287112649e+01
1.045581257781530482e+01
1.045879304790925879e+01
1.045345931645527671e+01
1.045664976429307913e+01
1.045911991544604902e+01
1.045530933831882692e+01
1.045808216712292626e+01
1.045354784160292994e+01
1.045644984285620538e+01
1.045850710121763250e+01
1.045491579644361479e+01
1.045732858658098863e+01
1.045894558204681069e+01
1.045547195830483922e+01
1.045755063318335587e+01
1.045893355715241846e+01
1.045960101859067315e+01
1.045701293261448761e+01
1.045853204861681007e+01
1.045424819031087438e+01
1.045621931297439033e+01
1.045139251809218983e+01
1.045367872407791410e+01
1.044866639802213548e+01
1.044287659697840454e+01
1.043699758142229506e+01
1.043998533356430691e+01
1.043508116541080355e+01
1.042982500849650407e+01
1.043322747835270192e+01
1.042895594310722451e+01
1.043251331760610512e+01
1.043528781858682031e+01
1.043695743798740416e+01
1.043755019015992858e+01
1.043722062940700646e+01
1.043614882452972026e+01
1.043449550692351480e+01
1.043239423735133897e+01
1.043874414443858178e+01
1.043908953565710007e+01
1.043917511990638225e+01
1.043891789769710776e+01
1.043832256413154980e+01
1.043741560167270421e+01
1.043622357448114712e+01
1.043477358130022559e+01
1.044193283788189142e+01
1.044162710105277192e+01
1.043980055781531213e+01
1.044081258704310855e+01
1.043896092908242501e+01
1.044053729829500199e+01
1.044224724552486805e+01
1.044356819005243509e+01
1.044432575775853955e+01
1.044520647620516307e+01
1.044243911693495264e+01
1.043890889734673877e+01
1.043533029284085067e+01
1.043198877864019636e+01
1.043313912477334249e+01
1.043087389239406626e+01
1.043296086144735746e+01
1.043507630841780376e+01
1.043653560595041441e+01
1.043711030991748245e+01
1.043981996312188443e+01
1.043840844351486474e+01
1.044070390155296657e+01
1.044256247436570995e+01
1.044372846508714758e+01
1.044418741288115449e+01
1.044401054813007867e+01
1.044327963732158793e+01
1.044772202851995857e+01
1.044880537790049857e+01
1.044962511481067935e+01
1.045009307334531989e+01
1.045021307571256131e+01
1.045001485589559564e+01
1.045302500251889555e+01
1.045431750759846778e+01
1.045543166865926743e+01
1.045466033286353635e+01
1.045651567178804342e+01
1.045812872861062459e+01
1.045604115359125430e+01
1.045819331276681652e+01
1.046002508531029385e+01
1.046140969151147715e+01
1.046236351727166181e+01
1.046294611824050236e+01
1.046321254159392922e+01
1.046344302301952389e+01
1.046503206795204832e+01
1.046640992772708678e+01
1.046747085289750245e+01
1.046822002104250515e+01
1.046659167672633828e+01
1.046835978966575809e+01
1.046987637253417880e+01
1.047103814181196313e+01
1.047186483098953858e+01
1.046961000389273977e+01
1.046511291757479256e+01
1.046042261872967316e+01
1.046212386886903012e+01
1.046425827332167202e+01
1.046603536088949760e+01
1.046416752462583233e+01
1.046664560144644263e+01
1.046855586485984269e+01
1.046606784481727281e+01
1.046853877499958685e+01
1.046476474496668629e+01
1.045957168622830835e+01
1.045419898546862925e+01
1.045695134232035350e+01
1.045981893614188607e+01
1.046193507444622028e+01
1.046300271920523706e+01
1.046386170198666576e+01
1.046004982351958290e+01
1.046301564196189204e+01
1.045911943414871814e+01
1.045401145324954584e+01
1.044873754993851733e+01
1.044374543175209880e+01
1.044629986142932054e+01
1.044921589187766919e+01
1.044726293427545372e+01
1.045063183686592545e+01
1.045317244844454230e+01
1.045456025813517620e+01
1.045479522902465241e+01
1.045798646118431208e+01
1.045957738203800780e+01
1.045879781179191781e+01
1.046087058164825834e+01
1.046233536743788584e+01
1.046309039228102122e+01
1.046317852744232013e+01
1.046267894169592161e+01
1.046166004806783612e+01
1.046017862347724225e+01
1.045827377630374855e+01
1.045597369627471451e+01
1.046654112553388138e+01
1.046730374616078407e+01
1.046762713493609809e+01
1.046543938785535843e+01
1.046698937335840363e+01
1.046870992039960058e+01
1.047009496471763690e+01
1.046914849212495469e+01
1.047120932963236228e+01
1.046829875727094716e+01
1.047066329521984862e+01
1.046705886518046036e+01
1.046245212186294538e+01
1.046504226874021271e+01
1.046746730488326271e+01
1.046442143580073747e+01
1.046717064541870812e+01
1.046931030876221769e+01
1.047067744524603583e+01
1.047130396719426848e+01
1.047128013391197321e+01
1.047068908877012383e+01
1.046959945416684157e+01
1.046805743870783978e+01
1.046609322201462611e+01
1.046372991078191461e+01
1.046099038774302770e+01
1.045790258403972040e+01
1.045450227864632708e+01
1.045083378533271734e+01
1.047198621561048348e+01
1.047283311688291718e+01
1.047353714451945805e+01
1.047388630836867129e+01
1.047383413050253864e+01
1.047340297801171616e+01
1.047263837316088519e+01
1.047159084977469057e+01
1.047030615691429567e+01
1.046882349948741009e+01
1.046717705625200523e+01
1.046539740952846032e+01
1.046351012290848281e+01
1.046153928949143719e+01
1.047601265703563556e+01
1.047851220445987508e+01
1.047936858494283641e+01
1.048099675885484672e+01
1.048249213191020068e+01
1.048346660141423037e+01
1.048613559777468573e+01
1.048873469949031367e+01
1.049090959868192030e+01
1.048940486542587003e+01
1.049251574567509593e+01
1.049516355971515225e+01
1.049707738216661390e+01
1.049826183526151624e+01
1.049783214344863680e+01
1.050043883795757971e+01
1.049624764482594941e+01
1.049062553249992469e+01
1.049319300467100824e+01
1.049603051610055360e+01
1.049831593040117461e+01
1.049977008509746490e+01
1.049962779392894952e+01
1.049499462347973200e+01
1.049793697367002210e+01
1.050055831070351964e+01
1.049763598528759090e+01
1.050072711350228793e+01
1.049664464410375153e+01
1.049101156746986696e+01
1.049428356466239620e+01
1.049725128461767909e+01
1.049920418859025162e+01
1.049995855239474274e+01
1.049958763572639953e+01
1.050379172797886085e+01
1.050542400664857823e+01
1.050631086468046860e+01
1.050645069322305680e+01
1.050594901001688442e+01
1.050492635096514071e+01
1.050348493357453883e+01
1.050170334517084925e+01
1.049964076827383685e+01
1.049733981140026984e+01
1.049483116658856652e+01
1.049214046122034816e+01
1.048929099827792832e+01
1.048630602582287352e+01
1.048320964475239769e+01
1.048002507378512860e+01
1.050004299153603782e+01
1.050242606333570983e+01
1.050265414535223663e+01
1.050386267622146086e+01
1.050001152658102654e+01
1.049833324937338830e+01
1.050170215855254696e+01
1.050222486347658268e+01
1.050024340510576160e+01
1.050166464049090287e+01
1.050049786538975738e+01
1.050010624560189143e+01
1.049959700101851112e+01
1.049845536128482237e+01
1.050746979208094345e+01
1.050739427041817109e+01
1.050876662246862381e+01
1.050801644251578892e+01
1.050973299110399850e+01
1.050823594355229140e+01
1.051020254559356992e+01
1.050817440234285094e+01
1.051033526557767672e+01
1.051205634315309467e+01
1.051286318493388272e+01
1.051260268302278966e+01
1.051128186789361330e+01
1.050897614340322761e+01
1.050578835907681174e+01
1.050182199817411899e+01
1.049718376372136497e+01
1.051978888068348894e+01
1.052172182540704171e+01
1.052065017978572747e+01
1.052105323466179421e+01
1.052194261627728089e+01
1.052168514396293020e+01
1.052327736820427617e+01
1.052098863329167777e+01
1.052291578467434974e+01
1.052450303951660260e+01
1.052261183145096091e+01
1.051799802422239338e+01
1.051282788234700760e+01
1.050769600813817206e+01
1.050291641854357927e+01
1.049862138541213064e+01
1.049485516604419111e+01
1.049405664889663115e+01
1.049242669964802310e+01
1.048995383625102207e+01
1.048741204651419068e+01
1.048502957418944526e+01
1.048293357028680184e+01
1.048267978925934507e+01
1.048264942608963146e+01
1.048366476387165314e+01
1.048464133386245400e+01
1.048808399764596011e+01
1.048982254989979523e+01
1.049079472263876234e+01
1.049076358085983784e+01
1.049844605959733990e+01
1.049965050812253686e+01
1.050021834813583332e+01
1.050006557387382777e+01
1.049923409457925771e+01
1.051019947233449514e+01
1.051128714898248262e+01
1.051602792529718577e+01
1.051788603466303407e+01
1.051955902455293312e+01
1.052181833286277168e+01
1.052404627612368593e+01
1.052592396276779318e+01
1.052796641381603315e+01
1.053068138617008387e+01
1.053322455598904206e+01
1.053540355140382445e+01
1.053605562015444619e+01
1.053313745476757646e+01
1.053597783171870539e+01
1.053891435738973392e+01
1.054153694716571898e+01
1.054368386646299705e+01
1.054302935729101520e+01
1.054617177590141175e+01
1.054214153891327044e+01
1.053684784307056255e+01
1.053988558996603331e+01
1.053478413620016063e+01
1.053800650310210152e+01
1.054110413891348585e+01
1.053659474736516621e+01
1.053995453688253114e+01
1.053442092616027459e+01
1.053782791661963714e+01
1.053194817715214526e+01
1.053537174706891477e+01
1.053835487299396867e+01
1.054068660607763697e+01
1.054233891316071059e+01
1.054333748083402256e+01
1.054152489292960126e+01
1.054407394164345924e+01
1.053827379869570890e+01
1.053136742401924231e+01
1.053432538962498199e+01
1.053711676743053438e+01
1.053937645308368332e+01
1.054101135240838083e+01
1.054203020565485360e+01
1.054246605717992580e+01
1.054106303064711625e+01
1.053452057158970234e+01
1.053719569016484492e+01
1.053967598455573373e+01
1.054168323324301149e+01
1.053639262559257972e+01
1.053908368702472487e+01
1.054134000280394012e+01
1.053518183887392290e+01
1.053792802167588327e+01
1.054020896585418754e+01
1.054194802265589992e+01
1.053623991849921460e+01
1.053873359592392056e+01
1.054077540683197611e+01
1.054231309780803549e+01
1.054338814124328039e+01
1.054405757944318367e+01
1.054436536477900255e+01
1.054094013319524592e+01
1.054285129191029746e+01
1.054445587014171615e+01
1.053803546892207521e+01
1.054042949159564557e+01
1.053302148742223743e+01
1.052484612174389866e+01
1.051688173782514291e+01
1.051958748732214488e+01
1.052246236953145164e+01
1.051690188175719065e+01
1.052024654019056449e+01
1.051407244366833993e+01
1.051759952968643574e+01
1.051140074756619569e+01
1.050419844728819996e+01
1.050796892408723515e+01
1.051121264792358545e+01
1.050641701164178166e+01
1.050990177223033406e+01
1.051246534747150285e+01
1.051399662855814832e+01
1.051458021312041780e+01
1.051434852056780400e+01
1.051472534531778535e+01
1.051624755406481349e+01
1.051726201316862941e+01
1.051774441848644059e+01
1.051774592150579579e+01
1.051732779037516075e+01
1.051653610294723684e+01
1.051540674419134191e+01
1.051808413355212934e+01
1.051921710853362413e+01
1.052007619029106245e+01
1.052057249245664394e+01
1.052071906101399890e+01
1.052055738304813026e+01
1.052018391943401987e+01
1.052167218787670677e+01
1.051729031489892918e+01
1.051956949432018185e+01
1.051395127130466989e+01
1.051667813317122224e+01
1.051899080107263451e+01
1.052064411067496330e+01
1.052164269054641821e+01
1.052208099324622204e+01
1.052206155292523881e+01
1.052167183547778784e+01
1.052097885135584576e+01
1.052002802241273294e+01
1.051884908777204686e+01
1.051746291366597497e+01
1.051588537232382059e+01
1.051413063781941304e+01
1.051221337636111386e+01
1.051014975018656195e+01
1.050795786790500408e+01
1.050565734646787774e+01
1.050326869465037483e+01
1.051857241723344671e+01
1.051933322345912458e+01
1.051915550457389337e+01
1.052098047225931943e+01
1.051710389494527753e+01
1.051912160866306500e+01
1.052149397061421787e+01
1.052347094625429058e+01
1.052104568149636776e+01
1.051497146213831080e+01
1.051737757773684834e+01
1.052005482431076722e+01
1.052219292331455591e+01
1.052013199035304503e+01
1.052323068857135624e+01
1.052569800889548546e+01
1.052729587647088927e+01
1.052804438493342154e+01
1.052802504123994254e+01
1.053036707092981317e+01
1.053207261886530155e+01
1.053308899112810160e+01
1.053350103805977867e+01
1.053342722659586350e+01
1.053343349412518570e+01
