6.997924963679337052e-04
1.209279174075071975e-02
4.132844064697337172e-02
4.756649565673412572e-02
4.825501901201180444e-02
4.909329517731019638e-02
4.947938339208452635e-02
4.647066469483342871e-02
4.948857332744846516e-02
4.640327746250762914e-02
4.951577380912090126e-02
4.988024118467149909e-02
5.013728018324356550e-02
5.036104267098678172e-02
5.057301902820931366e-02
5.078052537386123361e-02
5.098668307008517864e-02
5.119257402647942740e-02
4.789878367334020337e-02
5.079351109361457395e-02
5.119869773381023614e-02
5.147912098434525435e-02
4.807406192460166039e-02
5.099079500506762536e-02
4.745549212291700486e-02
4.259402117920747105e-02
4.963063486637669247e-02
5.060921886781617057e-02
4.701407373891560576e-02
4.210805732832195031e-02
4.918709657918780842e-02
4.531906134477328707e-02
4.923924594532673449e-02
5.024457621543414881e-02
5.083292440223053515e-02
4.725677620095659198e-02
4.233688659113184205e-02
3.614573438578108644e-02
4.790244199801187847e-02
4.378868332118385914e-02
4.828114430295058629e-02
4.430034083553406610e-02
4.845241949556563371e-02
4.967706002635337292e-02
5.039873285142756204e-02
5.087694458432700378e-02
4.728462088289778903e-02
5.035378411975930529e-02
5.092013169349728086e-02
5.128628602408653175e-02
4.768159314553943595e-02
5.068933541864778514e-02
5.120287889162157546e-02
5.152913766693009712e-02
5.177532024126083043e-02
4.813992569103592994e-02
4.306897832509769264e-02
4.997813281015264092e-02
5.088259934103218918e-02
5.136379803579760317e-02
4.770671588337101199e-02
5.077026877830518453e-02
5.131265626780712880e-02
5.164636053061923138e-02
5.189239728344957614e-02
5.209600912181801963e-02
5.227662785667375883e-02
5.244322417481030174e-02
4.872679132533914298e-02
5.159635017213841379e-02
5.206729567392486685e-02
5.235164392448804493e-02
4.860186216684764249e-02
4.341073478942458763e-02
3.683071547690708325e-02
4.866780462759020404e-02
5.035746620513912447e-02
5.118031004450492721e-02
4.740369115029770958e-02
4.223955842831629559e-02
4.936516275007076654e-02
5.053469073224571562e-02
4.673607040643849853e-02
4.158720102916088623e-02
4.885033332107269893e-02
4.479196058365185473e-02
4.892962000998116873e-02
5.008847951880190941e-02
5.074810221285800532e-02
5.117953248526675020e-02
5.149739163488793736e-02
5.175349343161284033e-02
4.809973000627700696e-02
5.102609286668109700e-02
5.152202048941319223e-02
5.183537397912094807e-02
5.207207547235895295e-02
5.227099643457046307e-02
5.244889984143024514e-02
5.261353043827825260e-02
4.885319380987489940e-02
5.170082257581130880e-02
5.218191842974138905e-02
5.247219573263087883e-02
5.268517280675091147e-02
5.286230429265813269e-02
5.302064790632164681e-02
5.316774541360540229e-02
5.330712957132668905e-02
4.943311786354374210e-02
5.223145140279167320e-02
5.273409575683062761e-02
5.302765672465969971e-02
4.913516781896561797e-02
5.201633091525948577e-02
5.256856801466354423e-02
5.289144827637447255e-02
5.311836417155055973e-02
5.329992762807449214e-02
5.345754399898031139e-02
4.954646251329913875e-02
4.420907420411433753e-02
5.082578442496675508e-02
5.190528012176210543e-02
5.246077298269549716e-02
5.280008121651293129e-02
5.304136347479442709e-02
5.323396929595869409e-02
4.934279897929425007e-02
5.216034362435890970e-02
5.269386916461624853e-02
5.300816589607918600e-02
5.323040317359957474e-02
5.340892170049102439e-02
5.356414600128439618e-02
5.370540471593488602e-02
5.383729737543602872e-02
4.986513223769300368e-02
5.262196054652514693e-02
5.315141693159947806e-02
4.913018672573700452e-02
5.210275097051374205e-02
5.274165880879704699e-02
5.310730968157491988e-02
5.335541441006811519e-02
4.940879617740172314e-02
5.224041502982989388e-02
5.280597181075063346e-02
5.313747388925533360e-02
5.336877363047282802e-02
5.355165765604311123e-02
4.960009001911100390e-02
5.239051899558763020e-02
5.293574247709349062e-02
5.325356308408777523e-02
4.929327183623176400e-02
5.216044396608088274e-02
5.274424966299157136e-02
4.876323918986731620e-02
5.177432784524572951e-02
5.242780396060704035e-02
5.280881044956431403e-02
5.307069539809904091e-02
5.327428644014382125e-02
5.344616804300821034e-02
5.359886816862591274e-02
5.373883354853303818e-02
5.386959637548561358e-02
4.987999344620789449e-02
4.447196693674521084e-02
5.099849912376512584e-02
4.660459514697326555e-02
5.055495463239651627e-02
5.168873734924549213e-02
5.230128612477534522e-02
4.836136439130204329e-02
4.306826376901279341e-02
3.653720918094837539e-02
4.793085879477632788e-02
4.995546587300821878e-02
5.100585228796713361e-02
5.162255219080600505e-02
5.203167858871456802e-02
4.821929004660181067e-02
5.116486550866575223e-02
4.724026665857718188e-02
4.200700812393196731e-02
4.906618063685282138e-02
5.040518821810679312e-02
4.651249458891156680e-02
4.993050560284652967e-02
4.601378723652165686e-02
4.957547611919979613e-02
4.566222606772581127e-02
4.055285647603247556e-02
4.779326711365300406e-02
4.936035856534444488e-02
4.553352939299378649e-02
4.904962265422562612e-02
4.521826054624531604e-02
4.880940490176443464e-02
4.983308889485180831e-02
5.048682013337571495e-02
5.095541796315446181e-02
5.132022626674434540e-02
5.162106444750779594e-02
5.187921000035339292e-02
5.210688067925151740e-02
5.231189233782190806e-02
5.249922956759045523e-02
5.267261491558351133e-02
4.882189862783883894e-02
5.161710692963740466e-02
5.211450216154165510e-02
4.825398589572640895e-02
5.121192317411828870e-02
5.180162812348153289e-02
4.796699611298479993e-02
4.281385465185693490e-02
4.957654423489214063e-02
5.070439818729685633e-02
5.132385988097260682e-02
5.172528143238946940e-02
5.202180456026275074e-02
5.226236663205232474e-02
5.246964306499619229e-02
5.265484402291677885e-02
5.282421635699779960e-02
5.298160789868843618e-02
4.909767265857097052e-02
4.384981974122706405e-02
5.041323676087094974e-02
5.143211777677769714e-02
5.197390271437171694e-02
5.231771696952732670e-02
5.256967763453733455e-02
4.872782613692165643e-02
4.353329002876975273e-02
3.703280137087430063e-02
2.983246005228500780e-02
2.292592602686648745e-02
1.716135120327779914e-02
4.048333384264043988e-02
3.527798990345240582e-02
2.992914369542261366e-02
3.991736379924631234e-02
4.485324551248674740e-02
4.769753593055515994e-02
4.933613751629387784e-02
5.034294863777144524e-02
5.101688805619982586e-02
5.150552673628992079e-02
4.767220139265740397e-02
5.056359359872225623e-02
5.122611286885541543e-02
5.167014091556255961e-02
5.200587256294538635e-02
4.818162492843648670e-02
4.312561080420241472e-02
4.955471706130824827e-02
5.060748469152507450e-02
5.121947149194115700e-02
4.744848955224424680e-02
4.247555784841192117e-02
3.634936744564347399e-02
4.730790094462655054e-02
4.908772846685107577e-02
5.007665103242549265e-02
4.635435056608114279e-02
4.947208791583603688e-02
4.573069940021998875e-02
4.902598762424984630e-02
4.529276189235440647e-02
4.867432221066643472e-02
4.966379559062077120e-02
4.602705237912926850e-02
4.910369543290092620e-02
4.992803153257734800e-02
5.049958712505604047e-02
5.093945007609453068e-02
5.130000275636398266e-02
4.758732490365562978e-02
5.037138560985657265e-02
5.095611369069275032e-02
5.136137999208921501e-02
4.763317074164204884e-02
5.044262568435042837e-02
5.103449608418959837e-02
5.143735156264894054e-02
5.175059152925409744e-02
5.201330731686147624e-02
5.224330939657158973e-02
5.245000020607328006e-02
5.263862870834361968e-02
5.281263558614069514e-02
4.888163514609224908e-02
4.371058888237967788e-02
5.007414426399354329e-02
4.598124733150481952e-02
4.963473497266934070e-02
4.563761354793079844e-02
4.055193160784020812e-02
4.760066691015115564e-02
4.350079684410807640e-02
3.848098292283677613e-02
4.588764025934453233e-02
4.804567023841577189e-02
4.420563694421546230e-02
3.947817310056185580e-02
4.617642816749573803e-02
4.228951492876472512e-02
4.638702844845248030e-02
4.802392821510029913e-02
4.435296848487964988e-02
4.764128644920899436e-02
4.400255567261512901e-02
4.733974476246439328e-02
4.373769036652970510e-02
4.708290214256605211e-02
4.351687169374530983e-02
3.926379384499236597e-02
4.526285100674871942e-02
4.700771677543669202e-02
4.348321685281054255e-02
3.935808121919331243e-02
4.506903504562585761e-02
4.677844252765184924e-02
4.800527793402764587e-02
4.894969364325481992e-02
4.970856201765256471e-02
5.033583318131350237e-02
5.086432838647284016e-02
5.131584207447689033e-02
5.170583047637351826e-02
4.769497597866405314e-02
5.029783776733038475e-02
5.094528187472117942e-02
5.142076957133568521e-02
5.180403021858834972e-02
4.783807221302037449e-02
5.046109781204048683e-02
5.109528937728814030e-02
4.723380721794873116e-02
4.249379182821778900e-02
4.836225525643879364e-02
4.459236110961792288e-02
4.797767290189981770e-02
4.431776634734706927e-02
4.762967458267469006e-02
4.881249003874828934e-02
4.963498087783139306e-02
5.026362679079626750e-02
5.077369250305585613e-02
5.120311100070471660e-02
5.157307263856476115e-02
4.769097657831199849e-02
5.029858706609997843e-02
5.092954046330110812e-02
5.138537704845654031e-02
4.754454748558895744e-02
4.280259981430611926e-02
4.862455288527482017e-02
4.971505334035727225e-02
4.603175000479114293e-02
4.151190275913009542e-02
4.741598747750831039e-02
4.873904984661217576e-02
4.960530327369297443e-02
5.024441970246695116e-02
5.075323162366638524e-02
4.702556143648494585e-02
4.966589863082842421e-02
4.599802002839296911e-02
4.889023767576117230e-02
4.975618761430260217e-02
5.037498168274838484e-02
5.086274169175633575e-02
4.713058422356886795e-02
4.976174453267630943e-02
5.044494322369334760e-02
4.675167149224384450e-02
4.946730763494971983e-02
5.021093313205308994e-02
4.655457307126153327e-02
4.206242875658277452e-02
4.779694733670736273e-02
4.898279646125890119e-02
4.977138958499068705e-02
5.036373152363551181e-02
4.670471281805060187e-02
4.224168419421040627e-02
4.786196849392881231e-02
4.899459073496065936e-02
4.976256004532791932e-02
5.034817749987711283e-02
4.668521589622243867e-02
4.224315631636462592e-02
3.696184013866257029e-02
4.623440745811696617e-02
4.265475314206430141e-02
3.848431537452021156e-02
3.379662907298430080e-02
4.286705837716275891e-02
4.544992697059405812e-02
4.710752176375070793e-02
4.827822896339179631e-02
4.917118830756579684e-02
4.988984363612042339e-02
5.048782443545393045e-02
5.099622832752111201e-02
4.705418348148354690e-02
4.955900108318176539e-02
5.028956980742168431e-02
5.084884636243557077e-02
5.130895839906603889e-02
4.736934120834387224e-02
4.277891761820501459e-02
3.745464456580958890e-02
3.160150753448080774e-02
4.461103224366192582e-02
4.680221880523420530e-02
4.326932133500305255e-02
4.648415845857332973e-02
4.783298648194710817e-02
4.881460097713300611e-02
4.958563296679235899e-02
4.591688692977920899e-02
4.846770313942953129e-02
4.933697772524145431e-02
4.572715928059446766e-02
4.831450043205878092e-02
4.920904686950190038e-02
4.990461630506069779e-02
4.622902636495618278e-02
4.875379810657447938e-02
4.957440078082872570e-02
5.021269119571832723e-02
5.074152244248499727e-02
5.119419865513966106e-02
5.158863286294070039e-02
5.193624741840956877e-02
4.789142246442545936e-02
5.035497080039796902e-02
5.099797272639436385e-02
5.147262212057103492e-02
4.754009491751187699e-02
5.006726394807983066e-02
5.076040027534786669e-02
5.126879965511776938e-02
5.167827946992600147e-02
5.202533639561846002e-02
4.803199957753807869e-02
5.053338281700729684e-02
5.117630403638963321e-02
5.163931231075102185e-02
5.200929784945826362e-02
5.232225804978114791e-02
5.259555245360722497e-02
5.283878435472772611e-02
5.305785906702741028e-02
5.325696429266302268e-02
5.343913035473937118e-02
4.921222211834700572e-02
5.170734375815883022e-02
4.757052650847633235e-02
4.257238585584165180e-02
3.676693636925892211e-02
4.646911520346139884e-02
4.230986635975064053e-02
3.758492146889447216e-02
3.250111468334306031e-02
4.219151878194407623e-02
3.808954237425631051e-02
4.331500420873669183e-02
4.600638539128274612e-02
4.774064686167779625e-02
4.894418387875040105e-02
4.984034004044454735e-02
5.054430118561527296e-02
5.111799507928222602e-02
4.714054533074538145e-02
4.259958745571724298e-02
3.743171028955431801e-02
3.181913648734205347e-02
4.406063381805386953e-02
4.638371090537335428e-02
4.282608728332384929e-02
4.605711346988905497e-02
4.263713259869696126e-02
4.576834365140063088e-02
4.723624690278059590e-02
4.381132598890177116e-02
4.008722207183614689e-02
4.488947663200612559e-02
4.649537712671113904e-02
4.771345525028426737e-02
4.869270414907780897e-02
4.950592919451530377e-02
5.019479654319693868e-02
5.078563598546775859e-02
5.129673372850389323e-02
5.174181336880405435e-02
4.757256597228323031e-02
4.994952414207733810e-02
4.607509038697601284e-02
4.870383129666093491e-02
4.963284368723963613e-02
4.591712084270583444e-02
4.847532549927403150e-02
4.939659497148629619e-02
5.010626820634731665e-02
5.068907676482226066e-02
5.118399590647640385e-02
4.724450876078827716e-02
4.279837590171359923e-02
3.774576976969792191e-02
4.609580449941127339e-02
4.259673941019059135e-02
3.870980771597814368e-02
3.444124364798975546e-02
2.994033034898976528e-02
2.546931919059002708e-02
3.880735411202981128e-02
4.260135743873535302e-02
3.913043008658011884e-02
4.300457630914695378e-02
3.970973727377262452e-02
4.319993144838698423e-02
4.522392889971388330e-02
4.677592850649420209e-02
4.802100958189366164e-02
4.428804166545223520e-02
4.677197784840918943e-02
4.331672862250043887e-02
4.591777256484000369e-02
4.725717736283614051e-02
4.834988957982536834e-02
4.468947028127506771e-02
4.709065695813090952e-02
4.821376694945330582e-02
4.913909071226410519e-02
4.992374336158036940e-02
5.059848896086626552e-02
5.118360428112005839e-02
5.169364836641936883e-02
5.214016946192841229e-02
4.779219305087333697e-02
4.320722931070863915e-02
4.790506007934358657e-02
4.905781704708375018e-02
4.990403298936795656e-02
5.058038840131864194e-02
5.114566343303971613e-02
5.163018721937553263e-02
5.205152506522696398e-02
5.242137309796154193e-02
5.274810926822679630e-02
5.303841030646844201e-02
4.864369718934935527e-02
4.378475017237828948e-02
4.882073777272690623e-02
4.993102456848844822e-02
5.068917279473315191e-02
5.126834156858620789e-02
5.174079096175317888e-02
5.214154923227685284e-02
5.248922892026366971e-02
5.279516673679084116e-02
5.306703257513873534e-02
4.877145986367385083e-02
5.114026203484065003e-02
5.178150165984037739e-02
5.224109741363169163e-02
5.260612650712031407e-02
5.291310300827695157e-02
5.317997493933645375e-02
4.892061893433120867e-02
5.132070943557713594e-02
5.196385961204721959e-02
5.241476581733019169e-02
4.830190669884645849e-02
4.348759438259048454e-02
4.881663313229121781e-02
5.003802641905497756e-02
5.082965454306692665e-02
4.696788035541330647e-02
4.247360261782077290e-02
4.774821567183212823e-02
4.907972563849564984e-02
4.997678192349484100e-02
4.626307084335583991e-02
4.887232619120372712e-02
4.979043364256483667e-02
4.612108686169924532e-02
4.872097983390403370e-02
4.964336927703200120e-02
5.033720169482907431e-02
5.089855984187742488e-02
4.708058830119610239e-02
4.269845951161452269e-02
4.777665856033333491e-02
4.897712653349854672e-02
4.981396356322093100e-02
5.046134782206612712e-02
5.099304278388275269e-02
4.714803558742085982e-02
4.275568811020635795e-02
3.773502530602636934e-02
3.224078068933698693e-02
4.425970057624053350e-02
4.651741022860503283e-02
4.303528797765710651e-02
4.616967948291325619e-02
4.758536470727208617e-02
4.416455782201327701e-02
4.685520382490995089e-02
4.802673890192330625e-02
4.894130608394790805e-02
4.536922841471029144e-02
4.782443816689219834e-02
4.442503389762642030e-02
4.703691725825435294e-02
4.814857013206641501e-02
4.473629477101984803e-02
4.104642624015116675e-02
4.562332258459932122e-02
4.252292831989081673e-02
3.919060111230112525e-02
4.386138814736859765e-02
4.562160322472412488e-02
4.695421184695364875e-02
4.365997919151057977e-02
4.616164607636823181e-02
4.737373682160986310e-02
4.836719421099542476e-02
4.920744200759299969e-02
4.992957767171479766e-02
4.606281278200319296e-02
4.836360498426710980e-02
4.481417336027378878e-02
4.729464819966945621e-02
4.396612651682469536e-02
4.653677483361159939e-02
4.771286432732937954e-02
4.865352348580710001e-02
4.944088964367742561e-02
5.011561125914525128e-02
4.627186900375523243e-02
4.857159667796383945e-02
4.943106205844968737e-02
5.012527550737775478e-02
5.071255242295340249e-02
5.122036128210934874e-02
5.166517389618568296e-02
5.205775091271199612e-02
5.240620358918554600e-02
4.811624702848923962e-02
5.041036142259923414e-02
5.108699797463694264e-02
4.708543627941249449e-02
4.951119946742502803e-02
4.576016407671223973e-02
4.839982588772408223e-02
4.939042433466488830e-02
5.013253096395141328e-02
4.639667178038062861e-02
4.882329468329785205e-02
4.526448676738478727e-02
4.789152507911899337e-02
4.892019463872716162e-02
4.970529465790386736e-02
5.034629882544745805e-02
5.088945671868829596e-02
5.135947703380666640e-02
4.738891800704505414e-02
4.973796355825197552e-02
5.047682193347322738e-02
5.104354629362275325e-02
4.714935854936005977e-02
4.279188671547487499e-02
4.772550651812187267e-02
4.419103542374427235e-02
4.716536136387540490e-02
4.377403775826731874e-02
4.001883357417496123e-02
3.585444490037684867e-02
3.137726114232956831e-02
2.682068021074186098e-02
2.248499087741382893e-02
3.822959793306298509e-02
4.220622753263910537e-02
4.481570488125147939e-02
4.125081679069260432e-02
3.777622960280519609e-02
4.246599927337296743e-02
3.937803307072001296e-02
4.269745329644886178e-02
3.968577947233575820e-02
3.677271802793977140e-02
4.108440819129476063e-02
3.831477368269770728e-02
3.567398360212865188e-02
3.306593858013041898e-02
3.843023624601904498e-02
3.589095188731122182e-02
3.942483007533160999e-02
3.676102363386407612e-02
3.436879212411578927e-02
3.212009955090757568e-02
3.696157984937614716e-02
3.457078973762850449e-02
3.810763570624201707e-02
3.553280580736976196e-02
3.885129317043622965e-02
4.147079530710657408e-02
4.372086600211655405e-02
4.014743143338137671e-02
4.284161378794777014e-02
4.483585516221887807e-02
4.655891372259950145e-02
4.805006819442267374e-02
4.933996042094131174e-02
5.045499688331991917e-02
5.141822250320043919e-02
5.224984672857693052e-02
5.296756268236330056e-02
5.358687340591580806e-02
4.844506966423377942e-02
5.051162063400953944e-02
4.602280240826203683e-02
4.833901509648200895e-02
4.952537336297080373e-02
4.538936558878869237e-02
4.769488029723960992e-02
4.889459150027780643e-02
4.498451429931343143e-02
4.125168646175808584e-02
4.513307743991082366e-02
4.668443859952110808e-02
4.793424602163044029e-02
4.429610406054299010e-02
4.662303837827472958e-02
4.785574742794618947e-02
4.888350793164376873e-02
4.976042864517041253e-02
4.579588027364030894e-02
4.193083247170738270e-02
3.798481096456775286e-02
4.413189990817598801e-02
4.116558635296727053e-02
4.402929201188011954e-02
4.568152543402172194e-02
4.700865080923691958e-02
4.361842338134227365e-02
4.596880882098487026e-02
4.723085862086692788e-02
4.828912464982134528e-02
4.919619658642507970e-02
4.998193697782050970e-02
5.066685116911075898e-02
5.126604303870890139e-02
5.179188566491532697e-02
5.225435865839418020e-02
4.778333829131947708e-02
4.994993666012857714e-02
5.071539371016348802e-02
4.663966639935283875e-02
4.892822076445616647e-02
4.982154079531569274e-02
4.599516054932412806e-02
4.203982008975790802e-02
3.780937725605656996e-02
3.328301278962070980e-02
4.305930675365404053e-02
4.522656482645439485e-02
4.206061626816844090e-02
4.488876787558536419e-02
4.640969842373426912e-02
4.761262242773576375e-02
4.416103317665889816e-02
4.073643620332519782e-02
4.477460507035978254e-02
4.626034587925625247e-02
4.745301900356471009e-02
4.405784578188452066e-02
4.639482223539742600e-02
4.322817020184430148e-02
4.566879443669208394e-02
4.694719051103352081e-02
4.800678033083202734e-02
4.891021590420641107e-02
4.969164202665409674e-02
5.037278378512462934e-02
4.635653828020716571e-02
4.855898565701656511e-02
4.944289788896284038e-02
4.567914515113356833e-02
4.796498325271415092e-02
4.451458104324091530e-02
4.695037394162979855e-02
4.806459758332481264e-02
4.464738094318455169e-02
4.700505826612696308e-02
4.808322061689851434e-02
4.896556308771551208e-02
4.537292794924169259e-02
4.169639435262331023e-02
4.589541475736131498e-02
4.720189178664917218e-02
4.822832740958523517e-02
4.908168205039609155e-02
4.545427739062295885e-02
4.175164766681106060e-02
3.779498311347126438e-02
4.438285395569591119e-02
4.146952238838609583e-02
4.437698205474764623e-02
4.152351143476713802e-02
4.428037991858576466e-02
4.581936687103962957e-02
4.706085071639814349e-02
4.810167188394518650e-02
4.899283912170845218e-02
4.976470660746073332e-02
4.585996576330291646e-02
4.806999699112188967e-02
4.900790162634393460e-02
4.978428301177249826e-02
4.593674844929563489e-02
4.817180560097850811e-02
4.467434791450454468e-02
4.707559058246495176e-02
4.381806395224446815e-02
4.630340532552598698e-02
4.320824483621238388e-02
4.003073473573465907e-02
4.419068577372796403e-02
4.578136705390232347e-02
4.703358024921432123e-02
4.377364700322649432e-02
4.612406385677850912e-02
4.731209545057533244e-02
4.830289885203783301e-02
4.915140290592871775e-02
4.988753255114729973e-02
5.053096605081250359e-02
5.109601245116112550e-02
4.693708421701252992e-02
4.912849700946803760e-02
4.994128511616904159e-02
5.059976162737338939e-02
5.115835213078057109e-02
4.706100689262516373e-02
4.283002766995166327e-02
3.830361761249422015e-02
4.547028918900562766e-02
4.705849658849455691e-02
4.820020206466903850e-02
4.472974860486299969e-02
4.114797829330243961e-02
3.730156119770086653e-02
3.315111481705572405e-02
4.241737795712684223e-02
4.460347888405841871e-02
4.618681342422945729e-02
4.295126165602103363e-02
4.546646990358932383e-02
4.241368519751485822e-02
4.496088195710434138e-02
4.202670857045559538e-02
3.912299587963835590e-02
4.305567553223927507e-02
4.480082029058825299e-02
4.621767878243198541e-02
4.740935491594524404e-02
4.843006981699470026e-02
4.931300708584022974e-02
5.008129510310061622e-02
5.075230196769763003e-02
5.133999716039138600e-02
5.185594799142011907e-02
5.230990968934350754e-02
4.779040698885288208e-02
4.994394754754695465e-02
5.070329929765583776e-02
5.131098754771917791e-02
5.182279254471006819e-02
4.752829530953719267e-02
4.312553510950885294e-02
3.846462489661617301e-02
4.564312188901690354e-02
4.232589435455532539e-02
4.538211682064644675e-02
4.690653875935514583e-02
4.361027251910081642e-02
4.615520264228536312e-02
4.741473967453797150e-02
4.842826660912655234e-02
4.927737877164117125e-02
5.000440159477803626e-02
5.063463266100016319e-02
5.118538965068112484e-02
5.166924015635297046e-02
4.744323648933303911e-02
4.965931043020323926e-02
5.042616743033142418e-02
5.103350423401330216e-02
4.700556688789100934e-02
4.928408229726493478e-02
5.010187667349894070e-02
5.074563698864335143e-02
5.128334446934522395e-02
5.174606893297367671e-02
5.215111033431978765e-02
5.250920255292103322e-02
5.282812410279798948e-02
5.311371048962523073e-02
4.871204320571662777e-02
5.097551301917923466e-02
5.163745803139615370e-02
5.212674173487934215e-02
5.252266182004806244e-02
5.285928573765601851e-02
5.315332531489669332e-02
5.341454656329791550e-02
4.903336940166873326e-02
5.133405247679131284e-02
5.199227980591426129e-02
4.785302747673615686e-02
4.320100350153531499e-02
3.800558880861482081e-02
3.245593392262417082e-02
2.694140787050659097e-02
4.194915932860164565e-02
4.526211203341570788e-02
4.728430780383272719e-02
4.357077431056902150e-02
3.967793195861615135e-02
4.464314896638748448e-02
4.650700750163461183e-02
4.785109064720306088e-02
4.889147269348855657e-02
4.973489177139354955e-02
5.043911442407350565e-02
5.103831995839717278e-02
4.698100895677510824e-02
4.927951069422881192e-02
5.011553570315833983e-02
5.077318639680225565e-02
5.132069005806171730e-02
5.179008785674593662e-02
5.219928325744895015e-02
5.255988478301119177e-02
5.287989850048474549e-02
5.316574842985649640e-02
4.876078934986013275e-02
5.103505460846266550e-02
4.693368028149182830e-02
4.242820278568268377e-02
4.748667934546609015e-02
4.888993884798314288e-02
4.521225171228276246e-02
4.791161419414766837e-02
4.439798276926472387e-02
4.718182011983939467e-02
4.839968850224908581e-02
4.491696072463104844e-02
4.746603372086239531e-02
4.856197921639517079e-02
4.508041529981184764e-02
4.134048258336431997e-02
4.585560506745611081e-02
4.727934155341306788e-02
4.398342954570731711e-02
4.655155354286739933e-02
4.775138811759376684e-02
4.870645231862701097e-02
4.950185069481095879e-02
5.018086306680714925e-02
5.076885762548571934e-02
5.128285644063190762e-02
5.173504915274425298e-02
5.213502215822516522e-02
5.249040046651879537e-02
5.280763629966340328e-02
5.309189591334926434e-02
5.334780666171366759e-02
4.887284749539837214e-02
4.400334491816405846e-02
4.890596204658283902e-02
4.501834985287365976e-02
4.798562593427201789e-02
4.434313071340058310e-02
4.727580645390853931e-02
4.854074538548460577e-02
4.946599083468070784e-02
4.581716462785342253e-02
4.825908348487223387e-02
4.478125350695506129e-02
4.101274924697762697e-02
