1.721280356620073504e-01
1.121064573566453504e+00
1.835659330345817741e+00
3.387851088553261558e+00
4.802805979078736520e+00
5.009397449767325483e+00
5.033107802058028213e+00
5.043418007773771805e+00
5.055173000151753193e+00
5.070586107729082137e+00
5.076286944988411598e+00
5.096694315177233037e+00
5.122888615789669586e+00
5.158360472014027920e+00
5.162663868223512864e+00
5.209423139786069967e+00
5.269520972631643652e+00
5.348793817441122478e+00
5.451535035390956629e+00
5.581365972850872659e+00
5.741001172642138606e+00
5.931498169065299919e+00
6.151076506862394488e+00
6.394440718435428828e+00
6.373354924352518935e+00
6.628480554643926048e+00
6.887839360831421232e+00
7.141464580213893854e+00
7.378731146011289432e+00
7.591329911051430734e+00
7.774758581933790325e+00
7.928062285235960793e+00
8.052899384327639964e+00
8.152540054742352993e+00
8.230870611687123528e+00
8.291806447725715401e+00
8.338906810613190501e+00
8.375216423210032346e+00
8.403231329582052211e+00
8.424939728995154198e+00
8.441893612848657469e+00
8.455284299571987461e+00
8.466020291580543145e+00
8.474786466165344478e+00
8.482097936383230063e+00
8.488338545328124596e+00
8.493795462949339736e+00
8.498683761390063651e+00
8.503159783247721037e+00
8.507345039657041141e+00
8.511324069140322024e+00
8.515163022668287951e+00
8.518914770859232988e+00
8.522610787520200404e+00
8.526270656068644982e+00
8.529926016558306401e+00
8.533585880054468831e+00
8.540013778767601593e+00
8.542223670721906359e+00
8.545066898753981732e+00
8.548118467954777699e+00
8.551441035805060764e+00
8.554969938098683002e+00
8.558618631733807547e+00
8.562364506321872071e+00
8.566181874389567241e+00
8.570057054427634213e+00
8.576370912565272064e+00
8.579000122821653918e+00
8.582111195891538813e+00
8.585417357384072190e+00
8.593277394755567400e+00
8.595359841373129584e+00
8.598102378713445404e+00
8.601212454807745544e+00
8.604717236293430105e+00
8.608492162028911210e+00
8.612459755981078047e+00
8.616556506948644056e+00
8.620754861822035764e+00
8.625033464273792916e+00
8.629389833162273149e+00
8.633812795910497329e+00
8.638299523870875518e+00
8.642846806898983658e+00
8.647461341674974378e+00
8.652129370914858342e+00
8.656866024575199603e+00
8.661648090041712322e+00
8.666506443156652750e+00
8.671421263118482159e+00
8.676387280580303951e+00
8.681589715743179170e+00
8.685615234723146116e+00
8.689931064489167412e+00
8.694383353772057177e+00
8.699102189887243597e+00
8.704037337431527632e+00
8.710262985795303337e+00
8.714241254715172857e+00
8.718585389439439837e+00
8.723098197843656365e+00
8.727929744747134677e+00
8.733006846869702855e+00
8.738259211306111496e+00
8.743642755431308089e+00
8.749144212905591189e+00
8.758652912059035955e+00
8.762998093189469984e+00
8.767368130833910200e+00
8.771697973169755969e+00
8.776520390114693981e+00
8.781744096117405363e+00
8.787247181931901352e+00
8.792920273299190015e+00
8.798723526730727329e+00
8.804643876907961797e+00
8.810640189400745115e+00
8.816728384391145923e+00
8.822890004388430185e+00
8.829124268833442812e+00
8.835439560492295286e+00
8.841832710149274632e+00
8.848287030243611184e+00
8.854808221337529872e+00
8.861411794584538981e+00
8.868109967045100461e+00
8.874855567333440831e+00
8.881686363793100725e+00
8.888573687775865650e+00
8.895543846500682861e+00
8.902573718991336094e+00
8.909702834464079402e+00
8.916870504199035707e+00
8.924130122058580028e+00
8.931431184775302512e+00
8.938816746487777465e+00
8.946261914639253021e+00
8.953763592894887324e+00
8.961345530597228048e+00
8.968993930770517764e+00
8.976692727092098423e+00
8.984474631721273141e+00
8.992304230358612926e+00
9.000209083011402100e+00
9.005179181607177341e+00
9.012033538545026090e+00
9.019694743337218767e+00
9.027322858836802411e+00
9.035139012837058559e+00
9.043129348290250391e+00
9.051241605913904920e+00
9.059464089251473951e+00
9.067763709446817089e+00
9.073174091158241694e+00
9.080282780233995155e+00
9.088393011462938986e+00
9.096468550847124135e+00
9.104725642889267334e+00
9.113151885576042943e+00
9.121713089328698842e+00
9.127269811210364736e+00
9.134497572959917377e+00
9.142929676099328162e+00
9.151328883872441367e+00
9.159905183507261128e+00
9.165920889445251518e+00
9.173111415933155044e+00
9.181652245749857499e+00
9.190192600472297357e+00
9.198934733029323851e+00
9.207891373789145462e+00
9.216980241205286362e+00
9.226181439069828016e+00
9.235477832027328304e+00
9.244852452923291608e+00
9.254312738331055499e+00
9.263837776856789219e+00
9.273440064836107055e+00
9.283104423196473221e+00
9.292843640456968757e+00
9.302635104739644945e+00
9.312497343032950070e+00
9.322420935144767995e+00
9.332405888840234809e+00
9.342443570236712347e+00
9.352546225874210251e+00
9.362698079492870917e+00
9.372910907240182610e+00
9.383168763965743508e+00
9.393487052234414492e+00
9.403845220447713871e+00
9.414263170233638789e+00
9.424708200307270189e+00
9.429652599709726246e+00
9.438170734367883341e+00
9.448823287695979900e+00
9.459318178362275731e+00
9.469887501916742778e+00
9.475729633166794841e+00
9.484203002254131931e+00
9.494936263790462405e+00
9.505543103982118325e+00
9.516241919878266842e+00
9.527016938199196261e+00
9.537889157852214694e+00
9.548787359539030462e+00
9.559741210507391784e+00
9.570706107313503352e+00
9.581727947777487486e+00
9.592776085752367621e+00
9.603851187985229743e+00
9.614954848021445954e+00
9.626086981518138685e+00
9.637247776182107373e+00
9.648437985736737943e+00
9.659655628997787957e+00
9.670893685932032469e+00
9.682159574988219219e+00
9.693444707293339846e+00
9.704757244443664277e+00
9.716072342158149411e+00
9.727423637502340625e+00
9.738792127986524605e+00
9.750157027926723785e+00
9.761557896649819099e+00
9.772945775401598922e+00
9.784368281871051565e+00
9.795780007877807449e+00
9.807215082788596661e+00
9.818633971031809793e+00
9.830070542400516587e+00
9.841516139240214400e+00
9.852951739933365261e+00
9.859253879024491241e+00
9.867912575449253154e+00
9.879731030088278132e+00
9.891309700553463813e+00
9.902846494401041255e+00
9.914382299398752707e+00
9.925897992940980075e+00
9.932120812007390498e+00
9.940678001060195612e+00
9.947506174427607206e+00
9.956697087424997150e+00
9.964085267244042754e+00
9.973509992059796048e+00
9.985338729374413802e+00
9.996886135773568327e+00
1.000843450519716349e+01
1.001997723948673880e+01
1.003148770813615975e+01
1.003555380298564437e+01
1.004404400541178966e+01
1.005580450907272549e+01
1.006725565195832495e+01
1.007866073442457200e+01
1.009002090701498489e+01
1.010137846826941832e+01
1.011267475899491863e+01
1.012396645941791640e+01
1.013519751422944815e+01
1.014642411480842377e+01
1.015759830722591417e+01
1.016875738157734865e+01
1.017987140741769458e+01
1.019098091587404120e+01
1.019436032894811106e+01
1.020204651389873085e+01
1.021361084526688501e+01
1.022489376605889078e+01
1.023609686996385904e+01
1.024725064522181128e+01
1.025834370035532928e+01
1.026938069965212641e+01
1.028034336367797863e+01
1.029127533640290437e+01
1.030212365752134751e+01
1.031293786554775771e+01
1.032367701174783647e+01
1.033438512384862840e+01
1.034501541282998538e+01
1.035561762124920193e+01
1.036614268129710048e+01
1.037663026622920448e+01
1.038704138359908846e+01
1.039742207530602691e+01
1.040771998388588315e+01
1.041798410364514815e+01
1.042816550587621727e+01
1.043830807419161211e+01
1.044352978281132494e+01
1.044979032549295539e+01
1.046026672213336361e+01
1.047049732083725182e+01
1.048063367085378950e+01
1.049067743847583323e+01
1.050062938803565693e+01
1.051048657568178868e+01
1.052025343490134901e+01
1.052523815408414443e+01
1.053300042184482166e+01
1.053215728656568118e+01
1.054291354511281043e+01
1.055310910538656088e+01
1.055679525695073728e+01
1.056293469688954723e+01
1.057320334541206286e+01
1.058315425577599278e+01
1.059295244236831834e+01
1.060260404249665811e+01
1.061210855178003065e+01
1.062148042877134557e+01
1.063072169065325845e+01
1.063986287468127401e+01
1.064889315074809595e+01
1.065783498534753804e+01
1.066667511056538231e+01
1.067542478345234436e+01
1.068409840373682052e+01
1.069269689374703347e+01
1.069651585696091090e+01
1.070095974577025544e+01
1.070986704376402621e+01
1.071856006972698871e+01
1.072713037007782333e+01
1.073560614440732763e+01
1.074397152981644332e+01
1.074757427753490013e+01
1.075166123497136006e+01
1.076026506384231496e+01
1.076865001260956056e+01
1.077689993226079324e+01
1.078504923893266287e+01
1.079307646249374208e+01
1.080099282190606225e+01
1.080880235160657854e+01
1.081650893446179573e+01
1.082411981294374748e+01
1.083163241426741408e+01
1.083905889967808456e+01
1.084639388970672691e+01
1.085364473675229036e+01
1.086080482649008694e+01
1.086789142550255249e+01
1.087487983945990422e+01
1.088180143766049746e+01
1.088862462302645895e+01
1.089538263054659772e+01
1.090204374600292425e+01
1.090863793228724177e+01
1.091514137153860808e+01
1.092156942367445360e+01
1.092791206390558578e+01
1.093417841543162972e+01
1.094036505122471858e+01
1.094647096897647565e+01
1.095249857172360741e+01
1.095844646444336057e+01
1.096431571579629605e+01
1.097010762738280398e+01
1.097581928379953808e+01
1.098146015806154807e+01
1.098701658481024879e+01
1.099250168500867098e+01
1.099790772516936244e+01
1.100324071824862848e+01
1.100986883137974459e+01
1.101073344445745761e+01
1.101610897979261772e+01
1.102143272548330977e+01
1.102668298885122411e+01
1.103186050817162034e+01
1.103693272648282608e+01
1.104191908486105334e+01
1.104679537403129963e+01
1.105161720613546272e+01
1.105632540382750051e+01
1.106097820974146551e+01
1.106553977720339788e+01
1.107003356785778969e+01
1.107445262311714984e+01
1.107880081824344209e+01
1.108308424008205861e+01
1.108728984250407201e+01
1.109144095045678569e+01
1.109550487118787032e+01
1.110229204902324085e+01
1.110183301265572453e+01
1.110592513893505462e+01
1.110999405057467015e+01
1.111402591509686033e+01
1.111798413095471716e+01
1.112380100466129207e+01
1.112317714015144965e+01
1.112718227981368813e+01
1.113114382452965145e+01
1.113502994351158293e+01
1.113883915140197800e+01
1.114394643561941578e+01
1.114303904744661544e+01
1.114691574094314319e+01
1.115073255759779336e+01
1.115446298593942842e+01
1.115812956998282424e+01
1.116168776650781780e+01
1.116516534992696918e+01
1.116855069533990097e+01
1.117186723475946586e+01
1.117510086123575519e+01
1.117827856886023064e+01
1.118137975192961164e+01
1.118441989473260278e+01
1.118739876968214375e+01
1.119031682657796622e+01
1.119317738199631229e+01
1.119598302221832498e+01
1.120220206688508036e+01
1.120025969778990138e+01
1.120310270060468305e+01
1.120596295379342600e+01
1.120877984602852884e+01
1.121156179432635014e+01
1.121424964528874924e+01
1.121687081307653067e+01
1.121941261082335295e+01
1.122190790459596421e+01
1.122432075656892358e+01
1.123031495546652714e+01
1.122791921442801311e+01
1.123036168871797891e+01
1.123282955235753988e+01
1.123526736322190622e+01
1.123765021085963767e+01
1.123996772050182535e+01
1.124219888050981453e+01
1.124439082330615491e+01
1.124649386607631918e+01
1.124853743812487217e+01
1.125054333952374641e+01
1.125247522741230100e+01
1.125861810762410364e+01
1.125569191224468568e+01
1.125764305743013161e+01
1.125963983349235598e+01
1.126161371799095612e+01
1.126356403204057521e+01
1.126542820607537188e+01
1.126723131914121900e+01
1.126897623664656045e+01
1.127471930258919741e+01
1.127153209583451243e+01
1.127328892282087125e+01
1.127508345057527173e+01
1.127686902922972401e+01
1.127859862827171433e+01
1.128028415845881582e+01
1.128188646719876687e+01
1.128342397222328053e+01
1.128895274316149866e+01
1.128551195449451328e+01
1.128707647142312531e+01
1.128868442098177916e+01
1.129030136134128703e+01
1.129184980650724768e+01
1.129334276334911991e+01
1.129476428596601245e+01
1.129614566848243840e+01
1.129745297354132560e+01
1.129870510467402767e+01
1.129992402841596899e+01
1.130108002006221035e+01
1.130218711325604986e+01
1.130327494978860692e+01
1.130429684629466003e+01
1.130527773989873275e+01
1.130624059886635102e+01
1.130714310876657969e+01
1.130801110203047344e+01
1.130884339979886022e+01
1.130963484111070017e+01
1.131039472514798305e+01
1.131110742269547131e+01
1.131180198199211695e+01
1.131244488761201161e+01
1.131304914599582823e+01
1.131364065832771182e+01
1.131418041445059330e+01
1.131468205623926160e+01
1.131517300200629528e+01
1.131561235350209316e+01
1.131601811414778602e+01
1.132339826021195606e+01
1.131894302720324674e+01
1.131924841149563221e+01
1.131969577988392750e+01
1.132017898152865953e+01
1.132063512730958266e+01
1.132106603912707499e+01
1.132143678624009020e+01
1.132179252301568262e+01
1.132208729257472690e+01
1.132234850413555449e+01
1.132257846344178986e+01
1.132276237945141695e+01
1.132294248797829717e+01
1.132306976048583458e+01
1.132316397411261377e+01
1.132325699028332799e+01
1.132329780979508804e+01
1.132331409228902253e+01
1.132331695126732996e+01
1.132328227633463236e+01
1.133073577451341762e+01
1.132581964603754798e+01
1.132569212465396191e+01
1.133146081330999166e+01
1.133873171991447570e+01
1.132514014044119399e+01
1.132508041301341883e+01
1.132551640085401523e+01
1.132610443071569684e+01
1.132668442646588502e+01
1.132723649477368788e+01
1.132768962238826482e+01
1.132807171682004110e+01
1.132839675673682578e+01
1.132865657305861795e+01
1.133373154091379931e+01
1.132887356711692917e+01
1.132921908120516363e+01
1.132962883519016373e+01
1.133003203734654107e+01
1.133041354882390017e+01
1.133072345723831198e+01
1.133097837288321941e+01
1.133119233651846791e+01
1.133135112977014636e+01
1.133147828227583709e+01
1.133155496396915396e+01
1.133161053297793863e+01
1.133162133030764096e+01
1.133159881850871820e+01
1.133155126528246903e+01
1.133808491434773558e+01
1.133288766101236611e+01
1.133285528960766086e+01
1.133293637544859322e+01
1.133303881679802316e+01
1.133313688621941573e+01
1.133317249420003492e+01
1.133316598469256853e+01
1.133312642822919791e+01
1.133303469727830937e+01
1.133292027451765449e+01
1.133275985361515659e+01
1.133928643578185280e+01
1.133392956340178515e+01
1.133377503715056278e+01
1.133374809485573742e+01
1.133373986781203158e+01
1.133372556928694586e+01
1.133365626648832070e+01
1.133354301595895208e+01
1.133339827064331828e+01
1.133320640198247808e+01
1.133297822196429294e+01
1.133273408578456909e+01
1.133244406588818443e+01
1.133212047666419586e+01
1.133178820007972476e+01
1.133141457671987240e+01
1.133101607493039609e+01
1.133059941752300048e+01
1.133014733153977183e+01
1.132969608419491259e+01
1.132920223118148684e+01
1.132869027200554335e+01
1.133614446083225324e+01
1.133050156894709026e+01
1.132993175514416784e+01
1.132952747935478399e+01
1.132915710362432016e+01
1.132879785978514775e+01
1.132839181719735677e+01
1.132794697631496028e+01
1.132748575899202947e+01
1.132697915049102022e+01
1.132644203855822340e+01
1.132589277070188061e+01
1.132530071937530458e+01
1.132469698534646874e+01
1.132406535115502422e+01
1.133139793402587969e+01
1.132560983171166491e+01
1.132493721479453619e+01
1.132441712026941083e+01
1.132396619276444483e+01
1.132348459239440075e+01
1.132297300075898150e+01
1.132244778902317783e+01
1.132187324249722060e+01
1.132126410832297658e+01
1.132065268102163280e+01
1.131999348989332077e+01
1.131930840002434557e+01
1.131861708895854335e+01
1.131788959276580186e+01
1.131715233263732756e+01
1.131638544101140198e+01
1.132391199591741326e+01
1.131798778344903234e+01
1.131718310563441499e+01
1.131655048798832475e+01
1.132244350877001260e+01
1.131654996190723139e+01
1.131604018785459687e+01
1.131566681737041336e+01
1.131532553363926397e+01
1.132030079358170482e+01
1.131449673369988496e+01
1.131424523792822612e+01
1.131409257874423346e+01
1.131393997243659655e+01
1.131377300038259115e+01
1.131353201769285555e+01
1.131324083280711257e+01
1.131290945220793809e+01
1.131252507415020503e+01
1.131209974387292228e+01
1.131165392044174389e+01
1.131791982802785057e+01
1.131195714867655688e+01
1.131154694603291233e+01
1.131125770664933405e+01
1.131101077724256676e+01
1.131609426031887011e+01
1.131017776947842357e+01
1.131323311128738318e+01
1.130713323804673642e+01
1.130722355705551507e+01
1.130753278290738884e+01
1.130786013218486907e+01
1.130815010474871407e+01
1.130835267188308890e+01
1.130847731105727583e+01
1.130852521398747967e+01
1.130852103825235488e+01
1.131338882003386992e+01
1.130751384444373997e+01
1.130757867848566001e+01
1.130774232074187680e+01
1.130789852566233833e+01
1.130800027081182790e+01
1.130806298790815489e+01
1.130804584180319594e+01
1.131306315494409986e+01
1.130715827643016524e+01
1.130720489446975741e+01
1.130734820758853587e+01
1.130751350331688521e+01
1.131154926092160196e+01
1.130568003904340912e+01
1.130591936403882336e+01
1.130625975075385448e+01
1.130658020250640305e+01
1.130686578994576408e+01
1.130706158720340682e+01
1.130718715556977116e+01
1.130724725743609227e+01
1.130724662546373693e+01
1.130719836570080439e+01
1.130708825316399846e+01
1.130694234392777098e+01
1.130674030618504666e+01
1.130651078755241912e+01
1.130622666926417352e+01
1.130592013330161194e+01
1.130556429727807277e+01
1.130517374258184482e+01
1.130476544989013199e+01
1.130430792135101470e+01
1.130381718324590068e+01
1.131096783806353478e+01
1.130490086060284227e+01
1.130437447563469000e+01
1.130400446986653762e+01
1.130928608242735578e+01
1.130324775036186224e+01
1.130300266104756268e+01
1.130289837364673566e+01
1.130282401386734215e+01
1.130269809745961140e+01
1.130251165795576895e+01
1.130227852665659860e+01
1.130197733691148620e+01
1.130162518606959132e+01
1.130746542863323079e+01
1.130139392098291218e+01
1.130506067583593932e+01
1.129868144799877427e+01
1.129857116187356425e+01
1.129872393372515127e+01
1.129891374250441416e+01
1.129908784651485298e+01
1.129917327184069364e+01
1.129918691145611298e+01
1.129912992773728497e+01
1.129902370653961974e+01
1.129884350120869030e+01
1.129861036827309384e+01
1.129834917379823267e+01
1.129802477159467244e+01
1.129766119746902042e+01
1.129727143435986569e+01
1.129683284385738595e+01
1.129636016903801554e+01
1.129586111138419469e+01
1.129531906547414088e+01
1.130228890948621512e+01
1.129613719021575413e+01
1.129558587600782182e+01
1.129518590858376648e+01
1.129481928331848373e+01
1.129444500836607546e+01
1.129401695688533636e+01
1.129354206489884760e+01
1.129304465494486109e+01
1.129942659520370718e+01
1.129321421762865718e+01
1.129271187641791840e+01
1.129233840493411911e+01
1.129201580344471267e+01
1.129164502351002675e+01
1.129123084384002773e+01
1.129077537852533553e+01
1.129026714515323349e+01
1.128973430077975415e+01
1.128914874649697175e+01
1.128852858165024209e+01
1.128787201185835976e+01
1.128720294399252211e+01
1.128648801734723506e+01
1.128574573314957519e+01
1.128498899620991480e+01
1.128419126754087287e+01
1.128338989950140103e+01
1.128254820118936586e+01
1.128167979162121171e+01
1.128080815492904776e+01
1.127989929656818013e+01
1.127896503092097369e+01
1.127803260362531468e+01
1.127706148507776973e+01
1.127606858471131446e+01
1.127507073547188199e+01
1.127404106831457220e+01
1.127299239996860436e+01
1.127193742649063246e+01
1.127085369311157059e+01
1.126975913776561633e+01
1.126863877908274247e+01
1.127696571249983570e+01
1.127056703531689408e+01
1.126937567214342018e+01
1.126838007199173219e+01
1.126743793300686214e+01
1.126650095649054784e+01
1.127340599730662696e+01
1.126704684965916670e+01
1.126611775264464832e+01
1.126533646064107508e+01
1.126459033588109193e+01
1.126384893346632587e+01
1.126305549927208816e+01
1.126222112374692230e+01
1.126136820860841325e+01
1.126046803685452069e+01
1.125953601037910978e+01
1.125859894958105833e+01
1.125761526444918381e+01
1.125661219566149107e+01
1.125557977306478108e+01
1.125455434070353000e+01
1.125348595023225151e+01
1.125239862328626472e+01
1.126028463048885619e+01
1.125381022774078232e+01
1.125272164987156209e+01
1.125180563055547189e+01
1.125092554739654993e+01
1.125006424294215357e+01
1.124915657789931522e+01
1.124821494784052689e+01
1.124725844175705092e+01
1.124625958064902775e+01
1.124524386875939008e+01
1.124419701681551231e+01
1.124313371322746491e+01
1.124203979855993119e+01
1.124094116422899603e+01
1.123981089399523370e+01
1.123867522360680482e+01
1.123751310160629835e+01
1.124567157587762267e+01
1.123912991628842839e+01
1.123795653413700890e+01
1.124410348005250704e+01
1.123750887694361467e+01
1.123666886567344925e+01
1.123601645125808801e+01
1.123538911848965682e+01
1.123475287580963666e+01
1.123406030990045856e+01
1.123333116841249080e+01
1.123254339906602617e+01
1.123173801102719871e+01
1.123087645938710288e+01
1.122998190011089292e+01
1.122906258692436232e+01
1.122811008287445311e+01
1.122713885588433591e+01
1.122613528065277322e+01
1.123375834135499396e+01
1.122722133571345537e+01
1.123256625402700237e+01
1.122576860114296160e+01
1.122506308561000488e+01
1.122462471309480314e+01
1.122422880930224842e+01
1.122381101269573733e+01
1.122871436689463209e+01
1.122240348553143008e+01
1.122210493098770634e+01
1.122189139287623050e+01
1.122169468130480396e+01
1.122142828743619525e+01
1.122109979224619636e+01
1.122071377946579318e+01
1.122026051255368628e+01
1.121977704271534826e+01
1.122581288740160410e+01
1.121935169159783818e+01
1.121895212175916434e+01
1.122303474451230443e+01
1.121656215263980627e+01
1.121650957267833526e+01
1.121659233941882405e+01
1.121666602139460345e+01
1.121670722389914587e+01
1.121665282441528433e+01
1.121652504121824556e+01
1.122141756593250683e+01
1.121505950906934146e+01
1.121503098179511326e+01
1.121508674250698867e+01
1.121515637269454757e+01
1.121918012967277889e+01
1.121285647167205646e+01
1.121303963928772340e+01
1.121331574470174530e+01
1.121619416322526952e+01
1.120992274018392365e+01
1.121069981573781149e+01
1.120417911008575373e+01
1.120494494337857816e+01
1.120595217151693035e+01
1.120695006141878025e+01
1.120788827292962431e+01
1.120868987687942209e+01
1.120937721472907356e+01
1.120996228894120073e+01
1.121043969896553349e+01
1.121084593924260453e+01
1.121115517908608972e+01
1.121138842178928385e+01
1.121154744120042324e+01
1.121697723282214376e+01
1.121075445556560446e+01
1.121094134344651216e+01
1.121125622019375179e+01
1.121156819997887766e+01
1.121184116088691951e+01
1.121202916326825161e+01
1.121688519133528850e+01
1.121062969184009184e+01
1.121084215396204797e+01
1.121117465747288122e+01
1.121446201528211795e+01
1.120821337894759928e+01
1.120869236978687944e+01
1.120928208579544183e+01
1.120987946992754658e+01
1.121038014517612957e+01
1.121078637874195216e+01
1.121111278297477298e+01
1.121134203992504297e+01
1.121150728370618133e+01
1.121158498917531965e+01
1.121161560575592553e+01
1.121156993326289530e+01
1.121146699745765396e+01
1.121130809282446705e+01
1.121111259300075780e+01
1.121085338621475280e+01
1.121054784141472282e+01
1.121021642891065895e+01
1.120982385599076103e+01
1.120938914833067379e+01
1.120891188019176532e+01
1.120841759675917970e+01
1.120786363747014569e+01
1.120727418313391333e+01
1.120665458005384352e+01
1.120598899402503434e+01
1.120531430173775433e+01
1.121321043065373857e+01
1.120671261582991107e+01
1.120597388932343819e+01
1.120540923290550595e+01
1.120488069756346405e+01
1.120433454737695378e+01
1.120374847868290225e+01
1.120311455182338278e+01
1.120243738917401721e+01
1.120170914157748854e+01
1.120095906373100192e+01
1.120015966639587646e+01
1.119932564575958267e+01
1.120687569550359441e+01
1.120032964384610885e+01
1.119948351963786592e+01
1.119879677112471761e+01
1.119815675397361865e+01
1.119750166533346736e+01
1.119681035146566828e+01
1.119607664638205158e+01
1.119530291222323548e+01
1.120224343206737139e+01
1.119567949513081295e+01
1.119492311122958839e+01
1.119430928995303809e+01
1.119373677545586077e+01
1.119313224995273437e+01
1.119250817310761548e+01
1.119182535176626736e+01
1.119109974086659243e+01
1.119032704189650040e+01
1.118954324334400319e+01
1.119662393564953007e+01
1.118999272970388859e+01
1.118923198151925824e+01
1.118861348081942886e+01
1.119400247825953620e+01
1.118742893294919227e+01
1.118699298971822564e+01
1.118669445481004310e+01
1.118640162189047693e+01
1.119096137258555679e+01
1.118451110622992317e+01
1.118434327087849667e+01
1.118428751024627132e+01
1.118421697464211384e+01
1.118412007744845660e+01
1.118393429472049050e+01
1.118368337906849064e+01
1.118337386070099804e+01
1.118299651378038284e+01
1.118259164795933636e+01
1.118211391002553334e+01
1.118159203094196030e+01
1.118103793094574172e+01
1.118043280443036203e+01
1.117980180043539384e+01
1.117912281998151869e+01
1.117842207221296036e+01
1.117767793351666938e+01
1.117690732680805255e+01
1.117609604630459330e+01
1.117527567245579867e+01
1.117441050229964006e+01
1.117351667282563454e+01
1.117259023321943268e+01
1.117166395803227630e+01
1.117068613246547493e+01
1.116968762384848901e+01
1.116866255084286230e+01
1.116763384022230987e+01
1.116655933530892675e+01
1.116546629370847299e+01
1.116435631210637602e+01
1.116321700984337539e+01
1.116207809026201581e+01
1.116089837826350717e+01
1.115970420768171678e+01
1.115849025716580201e+01
1.115725324005956054e+01
1.115601544965229053e+01
1.115474828325251444e+01
1.115346452568082825e+01
