1.273943498591319744e-02
1.726531299603643529e-02
2.055752501849971228e-02
2.304323826544638423e-02
2.478392634041788264e-02
2.605720429626956838e-02
2.707616030738589294e-02
2.697222717028551278e-02
2.783368535451218734e-02
2.760267517714521876e-02
2.836289285731461232e-02
2.895687493690801348e-02
2.941019032608467240e-02
2.983608927107879796e-02
3.020561513238569779e-02
3.051152425978925775e-02
3.076606710846870041e-02
3.097809124729393460e-02
3.025706456430498834e-02
3.058550549672094110e-02
3.083307908641816017e-02
3.103694068049544369e-02
3.031863929519383952e-02
3.063333204212032382e-02
2.998147092308528147e-02
2.941373025746455913e-02
2.992227283257685097e-02
3.028310130512869985e-02
2.969116425795320299e-02
2.917486259915939503e-02
2.972036022765839336e-02
2.921667049828241547e-02
2.972061587688117068e-02
3.010690699406942325e-02
3.041817489417195097e-02
2.981270476811713130e-02
2.928460883693013300e-02
2.881550272749867220e-02
2.945105153316586455e-02
2.899118933507105131e-02
2.952581939048534720e-02
2.905681177453536823e-02
2.957238019028390896e-02
2.996763773521939414e-02
3.028715621471633757e-02
3.054725699888615961e-02
2.992400858118295787e-02
3.026714272467739136e-02
3.052783069021369755e-02
3.074113007619309196e-02
3.008708313830344566e-02
3.039808221937522273e-02
3.063295437547896433e-02
3.082587386879310706e-02
3.098507053212180146e-02
3.029213426009446861e-02
2.968920484309779326e-02
3.010640339051206052e-02
3.039345476184127440e-02
3.062758074828825575e-02
2.999243271500096411e-02
3.031701497992657021e-02
3.056408830881764127e-02
3.076755549663027708e-02
3.093590846261476401e-02
3.107557211337278261e-02
3.119160030262234373e-02
3.128809050843034401e-02
3.054760193061374640e-02
3.077677001056926612e-02
3.094597051722900935e-02
3.108517901792104063e-02
3.037745924181774193e-02
2.976144150226720658e-02
2.921600578517728058e-02
2.977097033421240158e-02
3.012479943751518452e-02
3.040993385339397365e-02
2.981109974372950222e-02
2.928688018908861407e-02
2.977656147623224114e-02
3.012443584516404094e-02
2.957080991507596637e-02
2.908483636569110520e-02
2.960994793450345136e-02
2.913338337809351711e-02
2.961977728147016306e-02
2.999517834251453491e-02
3.030147138270478449e-02
3.055357786295372080e-02
3.076186387764781593e-02
3.093357640678541520e-02
3.024956432367504819e-02
3.053223170633783540e-02
3.074530240311813822e-02
3.092088974273587976e-02
3.106641771080987519e-02
3.118126557315295880e-02
3.128175024681532218e-02
3.136640668317468988e-02
3.061714908562676238e-02
3.083838543934316542e-02
3.100059695172842009e-02
3.113422776593582561e-02
3.124500211648268549e-02
3.133711639175165709e-02
3.141388313859568016e-02
3.147807518538257854e-02
3.153157712869807811e-02
3.075789019433311511e-02
3.095743795462372813e-02
3.110242955681906743e-02
3.122148513693030064e-02
3.049878922011798124e-02
3.074270279164692879e-02
3.092508433692923303e-02
3.107453870702151649e-02
3.119861717484623265e-02
3.130168184083698124e-02
3.138719549397456232e-02
3.063974507783999088e-02
2.998808130983099396e-02
3.035603363229313553e-02
3.060943189413229890e-02
3.081595012644398890e-02
3.098607010019401031e-02
3.112677646662579192e-02
3.124353456265368395e-02
3.052125646915756010e-02
3.076052033418893647e-02
3.094111304816808683e-02
3.108981650363943847e-02
3.121296521259647391e-02
3.131524455669779800e-02
3.140033006563959506e-02
3.147118110650229394e-02
3.153023077428277615e-02
3.076248015997589194e-02
3.096163791365470069e-02
3.110899881887534135e-02
3.040679996568537019e-02
3.066858568375105745e-02
3.086615147067993392e-02
3.102843998726242600e-02
3.116265055589089242e-02
3.045407373073272597e-02
3.070597244910615656e-02
3.089669996044971945e-02
3.105361752997224528e-02
3.118349311934058912e-02
3.129131370007527668e-02
3.056257489970618663e-02
3.079615300677910131e-02
3.097168489499423777e-02
3.111608386382419544e-02
3.041489532489755065e-02
3.067419859546270319e-02
3.087061687618884720e-02
3.020764879866157798e-02
3.050322988026804572e-02
3.072897938642240451e-02
3.091459138318880875e-02
3.106812034320734911e-02
3.119546250780031241e-02
3.130128398715905508e-02
3.138931161219138399e-02
3.146259653063855632e-02
3.152366353990242176e-02
3.075858100498643152e-02
3.009099947431289820e-02
3.043634232407275986e-02
2.983431977936647564e-02
3.020118960099883385e-02
3.048302279102825529e-02
3.071268195926356651e-02
3.007570574743434824e-02
2.951670703811819230e-02
2.901203252012985595e-02
2.958901180121506491e-02
2.998318926122855305e-02
3.030134850489712636e-02
3.056163450196119208e-02
3.077602734725790740e-02
3.012976714486771332e-02
3.043858548250285428e-02
2.984298544688336954e-02
2.931878126701674761e-02
2.979825653388348122e-02
3.014916078893646947e-02
2.959860334175678370e-02
3.000025114527742759e-02
2.947221175567569726e-02
2.989594339644122481e-02
2.938383947925722259e-02
2.892987735751996470e-02
2.947573327201851237e-02
2.988345785230190135e-02
2.937377079311042499e-02
2.981317907792794750e-02
2.931358349580875933e-02
2.976349556039459623e-02
3.011668115500085521e-02
3.040693229331073444e-02
3.064655514440215583e-02
3.084488383943356435e-02
3.099355204063362901e-02
3.113242854521475894e-02
3.124787468186545139e-02
3.134389512890150414e-02
3.142346763196235404e-02
3.148999004091681403e-02
3.072848885021377610e-02
3.093145208757562895e-02
3.108006930094539891e-02
3.038373643092887738e-02
3.064569492815965440e-02
3.084609326177612659e-02
3.017561074930677142e-02
2.959783418174330091e-02
3.002471904478743944e-02
3.033446823293052541e-02
3.058834607625523366e-02
3.079768959962893640e-02
3.097113686965347404e-02
3.111487928397844646e-02
3.123841993685204377e-02
3.133661541003265188e-02
3.141805666229051386e-02
3.148546692112987044e-02
3.072553516445861860e-02
3.005946140117636209e-02
3.040616955144288813e-02
3.064943356858623735e-02
3.084863217334478727e-02
3.099969493401403056e-02
3.113749775435321540e-02
3.043376717405968379e-02
2.981530155705095983e-02
2.926046536095177827e-02
2.875725463153001871e-02
2.830464355491528125e-02
2.790720840796078947e-02
2.884219720375099522e-02
2.844550446781888078e-02
2.808684641793002951e-02
2.880876195197694389e-02
2.935450804241173176e-02
2.978895941052095084e-02
3.014014758130453137e-02
3.042718302645461975e-02
3.066299675513099038e-02
3.085773896831485452e-02
3.019619744772885847e-02
3.048526341938518833e-02
3.070977227090768841e-02
3.089528647459683156e-02
3.104876673694298428e-02
3.035645783898011790e-02
2.974826193081292480e-02
3.014232997206193684e-02
3.042674789646418465e-02
3.066061134939911462e-02
3.002931214837957843e-02
2.947297108165755283e-02
2.897280717797807645e-02
2.954216653438074269e-02
2.993346298868089506e-02
3.025300521958169606e-02
2.968483226479115902e-02
3.006056671532146909e-02
2.952057211062374120e-02
2.992487682348856856e-02
2.940500116739633643e-02
2.982914742147469919e-02
3.016495735031715988e-02
2.960987494807908529e-02
2.999667985265729725e-02
3.030264117835928736e-02
3.055546040524364723e-02
3.076483333582977209e-02
3.093833648519229290e-02
3.026189276577626736e-02
3.053602176448292141e-02
3.074870320590041700e-02
3.092456652703539852e-02
3.024964103587831493e-02
3.052573384573976922e-02
3.073986175478944996e-02
3.091691292178376516e-02
3.106364492285862769e-02
3.118541265622903902e-02
3.128623426853786860e-02
3.137318009320484019e-02
3.144223954920955660e-02
3.149946894789063673e-02
3.073251010164401373e-02
3.006180332868241961e-02
3.039888969207970096e-02
2.979857721531683698e-02
3.015705211740809036e-02
2.959632095457787743e-02
2.909897116069799089e-02
2.960458561629800492e-02
2.912435011106417546e-02
2.869486907002344322e-02
2.927259843918288140e-02
2.970932272182717424e-02
2.921754891735178425e-02
2.877958925163123446e-02
2.933468799463743656e-02
2.889375637795910459e-02
2.940690599632054050e-02
2.981504111901215823e-02
2.930692557737758080e-02
2.974229845073961265e-02
2.924374208330627126e-02
2.968941093447770296e-02
2.919794846522347220e-02
2.965079018821227541e-02
2.916443869703881642e-02
2.873452878906707433e-02
2.928665280061887657e-02
2.971266135402860636e-02
2.921622022880090638e-02
2.877852077239326234e-02
2.931985403548547156e-02
2.973864439027294401e-02
3.008363893147446289e-02
3.036873956140965364e-02
3.060479196089772522e-02
3.080041725592361224e-02
3.096262793652975950e-02
3.109716027432856550e-02
3.120887178094337855e-02
3.048089953856769965e-02
3.070990085740611317e-02
3.088725588432008826e-02
3.103409326047361014e-02
3.115553409080631594e-02
3.043624626868511596e-02
3.067303846724239724e-02
3.085651459724721504e-02
3.018427598264730727e-02
2.959627030630840663e-02
3.000067978453650752e-02
2.945764915798974176e-02
2.986388742666635371e-02
2.934308789350346947e-02
2.976847644187965297e-02
3.010744961312068410e-02
3.038713479798190245e-02
3.061864206166115335e-02
3.081056429486160944e-02
3.096977772225273026e-02
3.110190197976098192e-02
3.039233201759711581e-02
3.063565724550188635e-02
3.082470048668611504e-02
3.098120108109128634e-02
3.029035481854571582e-02
2.968627763514605084e-02
3.007494302079505646e-02
3.036087198177493326e-02
2.976633409141149489e-02
2.924441824522735350e-02
2.970791422937690482e-02
3.005729070255607274e-02
3.034517082803599858e-02
3.058329891374764881e-02
3.078065121438638974e-02
3.012244908443890284e-02
3.041087023966006914e-02
2.980804901310711574e-02
3.015079671963532756e-02
3.042225088457189280e-02
3.064677682663401528e-02
3.083291025199639754e-02
3.016606801222713324e-02
3.044679879467746333e-02
3.066725662667850114e-02
3.002566417041332286e-02
3.033045017319088363e-02
3.057076564661333207e-02
2.994444855782116624e-02
2.939600160630315498e-02
2.983171072292769080e-02
3.015850630695863371e-02
3.042821620842462924e-02
3.065149151318763074e-02
3.001345115801349120e-02
2.945507953264091955e-02
2.987942101110743418e-02
3.019794709783537798e-02
3.046057409109389005e-02
3.067814419605812554e-02
3.003553830332246141e-02
2.947350864354720754e-02
2.897446490117564638e-02
2.951505204095957249e-02
2.904485893663839857e-02
2.862967226040517149e-02
2.825832319078839736e-02
2.891816654559361405e-02
2.940935166954095070e-02
2.981260381442724441e-02
3.014292151634225675e-02
3.041546599649740806e-02
3.064105422389129182e-02
3.082734461384984553e-02
3.098226902325519269e-02
3.028877296276403716e-02
3.054619050208776804e-02
3.074867575011931350e-02
3.091643547365766423e-02
3.105563753871542348e-02
3.034996551906627565e-02
2.973515286203600241e-02
2.919247440769680985e-02
2.870819576841450796e-02
2.933463598315739010e-02
2.975190509701601885e-02
2.924599851922822166e-02
2.968483727330056832e-02
3.003668434615434230e-02
3.032733941875477568e-02
3.056750346992195486e-02
2.993976903071885950e-02
3.025566289615996482e-02
3.050784994810844600e-02
2.988844511002278215e-02
3.021287981700784137e-02
3.047226386914844015e-02
3.068715107943314341e-02
3.004030327075935328e-02
3.033870809542695696e-02
3.057645270520908259e-02
3.077352919999581590e-02
3.093618514661316057e-02
3.107210684124775413e-02
3.118476199960506026e-02
3.127849715151365811e-02
3.053788540560192430e-02
3.075316970536776801e-02
3.092052119440692748e-02
3.105879186827553359e-02
3.035307337468626937e-02
3.060008807409783649e-02
3.079358845529360511e-02
3.095387737432036754e-02
3.108641180069060192e-02
3.119688970748735884e-02
3.047087502168797229e-02
3.069841431890494091e-02
3.087545970623944286e-02
3.102210069588817384e-02
3.114328150795394462e-02
3.124433399627557159e-02
3.132837433883361999e-02
3.139824366310085824e-02
3.145636395603878394e-02
3.150480484421946253e-02
3.154491165350658405e-02
3.076484941570807943e-02
3.094372439281585507e-02
3.025535739487371020e-02
2.965243195629037321e-02
2.911669494056303223e-02
2.963784836779113224e-02
2.914067851144718987e-02
2.869988592554153367e-02
2.830551771738579886e-02
2.896541408167678175e-02
2.855973456424857476e-02
2.913390751539414111e-02
2.958985433369289847e-02
2.996134279240338094e-02
3.026647173140545669e-02
3.051828571336392612e-02
3.072660698175234961e-02
3.089918192367768074e-02
3.022052599706784304e-02
2.962820917921197075e-02
2.910518621175054929e-02
2.863872306006651561e-02
2.926610836825347534e-02
2.969540055098826570e-02
2.919696617623783116e-02
2.964359737933805819e-02
2.915322268106029097e-02
2.960616552133714732e-02
2.997170105167206236e-02
2.943373238223758598e-02
2.896463582134619838e-02
2.946189122176836456e-02
2.985235348965168886e-02
3.017470322518549589e-02
3.044152570538649974e-02
3.066270418454333443e-02
3.084615483442237557e-02
3.099837597848658158e-02
3.112470071334109620e-02
3.122957916988716720e-02
3.049593569401924664e-02
3.071706517190933919e-02
3.006104789790312037e-02
3.035654857303765955e-02
3.059198593738577873e-02
2.995783201694755468e-02
3.027050665660949505e-02
3.052057057289227215e-02
3.072781560023236588e-02
3.089983527733342408e-02
3.104271511639212014e-02
3.034034765139267953e-02
2.972957647579411306e-02
2.919228689392490417e-02
2.968407693556715174e-02
2.918585490434312535e-02
2.874963297981905294e-02
2.836357507555731586e-02
2.801893402700445998e-02
2.771054345811256245e-02
2.851453414199243627e-02
2.908386114266657552e-02
2.867287296508807745e-02
2.921478773932195683e-02
2.878456332025086314e-02
2.930320433312948170e-02
2.972405826220991462e-02
3.007042519735425926e-02
3.035699010583095200e-02
2.975747708103336150e-02
3.010330111353392082e-02
2.954014474462055354e-02
2.992318597609532754e-02
3.023416323056075244e-02
3.049181046998280034e-02
2.987066100807159175e-02
3.019658094556039105e-02
3.046046132808988283e-02
3.067930611963230400e-02
3.086093094475900536e-02
3.101175203310072709e-02
3.113700145973093136e-02
3.124103382383086602e-02
3.132743104550492208e-02
3.057689242175183619e-02
2.992635327215906194e-02
3.026110534979821465e-02
3.051442721840972802e-02
3.072397459939474676e-02
3.089779096061187960e-02
3.104212811930814192e-02
3.116207933413336906e-02
3.126175993862106289e-02
3.134462507385451374e-02
3.141351057177666634e-02
3.147077711962529417e-02
3.070014929197598455e-02
3.003066069152377296e-02
3.035148027016465466e-02
3.059014084909025127e-02
3.078719500148125246e-02
3.095055997248130283e-02
3.108622977921716643e-02
3.119898426763356714e-02
3.129273162202089037e-02
3.137068849480294241e-02
3.143552498498508596e-02
3.067292275223866549e-02
3.086656996693601732e-02
3.101705964304553656e-02
3.114174615150718320e-02
3.124533836033140111e-02
3.133149310934014997e-02
3.140318750320423430e-02
3.064707106820569252e-02
3.084582759323275733e-02
3.100029323886727486e-02
3.112822387507135913e-02
3.041572777178796344e-02
2.979401769467942759e-02
3.015856100517723404e-02
3.043177065524021313e-02
3.065699644699430848e-02
3.001884137868739838e-02
2.946100731305410433e-02
2.988093122233219032e-02
3.020084965114221837e-02
3.046528325495112197e-02
2.985685949768772732e-02
3.018972481128368371e-02
3.045594550787716209e-02
2.984861605469491322e-02
3.018242253470493353e-02
3.044973549096783444e-02
3.067126681877043945e-02
3.085513979239434476e-02
3.018621871898253400e-02
2.960297018390091461e-02
2.999759755605401965e-02
3.029732801759308508e-02
3.054454319857384179e-02
3.074985384774722372e-02
3.092049946606857322e-02
3.024098000213326642e-02
2.964873208742014113e-02
2.912651907821097938e-02
2.866097682436776276e-02
2.928402744086903639e-02
2.971161603965550776e-02
2.921424291546931978e-02
2.965875972083143602e-02
3.001691738316166619e-02
2.947516668346171487e-02
2.987196747805512601e-02
3.019230119415810751e-02
3.045771696686642646e-02
2.984828893660297286e-02
3.018025259582520631e-02
2.961149177301602639e-02
2.998411223716084678e-02
3.028492805566969370e-02
2.970103300057698112e-02
2.919365701152068157e-02
2.965171558364038118e-02
2.916256010216903075e-02
2.873693584308601931e-02
2.927331833119932100e-02
2.969783422260350442e-02
3.004833727492826206e-02
2.950080101415865352e-02
2.989134775101216779e-02
3.020827754466024959e-02
3.047108509059692771e-02
3.068939661347034470e-02
3.087076054282199625e-02
3.019479398992018504e-02
3.046727533176257774e-02
2.985143433140018468e-02
3.018248035332795134e-02
2.961058417018278682e-02
2.998275211515453315e-02
3.028388886433837010e-02
3.053362573153048723e-02
3.074116740930488492e-02
3.091367075478555423e-02
3.023140759567612482e-02
3.049797892266733340e-02
3.071147585982183376e-02
3.088880471502592276e-02
3.103623182576021114e-02
3.115853721171845878e-02
3.126052029067781513e-02
3.134552053222632723e-02
3.141621237630364688e-02
3.065527526526107618e-02
3.085176771697269865e-02
3.100570949262042297e-02
3.030845609279741310e-02
3.056378710641073290e-02
2.993422437267548655e-02
3.025370707458765324e-02
3.050929810480727811e-02
3.072124146025721758e-02
3.007114320434926130e-02
3.036649719820969442e-02
2.976972628901427068e-02
3.011690018135291386e-02
3.039580437866910498e-02
3.062704065126022057e-02
3.081919933162615907e-02
3.097889811191613385e-02
3.111171575183752785e-02
3.040155182080470433e-02
3.064125915450275836e-02
3.083121761100659011e-02
3.098884484827204785e-02
3.029748520945026863e-02
2.969613924135298261e-02
3.007409708624204231e-02
2.952036142291773399e-02
2.991231590609012142e-02
2.938473528642998253e-02
2.892432392906763364e-02
2.851831828526769225e-02
2.815673943556394263e-02
2.783289876151580702e-02
2.754387628361897392e-02
2.841012258240089086e-02
2.899937547260085513e-02
2.947743575911645000e-02
2.901355630488946374e-02
2.860670186894213873e-02
2.916654655489890613e-02
2.874364631501349562e-02
2.926884267890938682e-02
2.883089899225205199e-02
2.845043021616254844e-02
2.903315526977490180e-02
2.862871958300657743e-02
2.827799984840779352e-02
2.797311874559561123e-02
2.864801395449043456e-02
2.829819221547959576e-02
2.890115038035183728e-02
2.851370351331213027e-02
2.817841104861630239e-02
2.788839249905940287e-02
2.857417609862978464e-02
2.823242052140769939e-02
2.884692497857167456e-02
2.846426174061687450e-02
2.903666833776900880e-02
2.950568031694806095e-02
2.989249486746603512e-02
2.935400757291465462e-02
2.976921869471118101e-02
3.011016612570987377e-02
3.039238386947766546e-02
3.062668195218934755e-02
3.082120478148435774e-02
3.098278870009045505e-02
3.111708059838646720e-02
3.122871857702622447e-02
3.132108438044518134e-02
3.139834042961892058e-02
3.063183734933371330e-02
3.082973819309739461e-02
3.014719767138573925e-02
3.042690065466734095e-02
3.065352823876531241e-02
3.000118780607876484e-02
3.030513792907297416e-02
3.055212159285947832e-02
2.991751795557532831e-02
2.937030270804844370e-02
2.979173501251134934e-02
3.012641586177896430e-02
3.040354991741038918e-02
2.979486039617623011e-02
3.013386088450258765e-02
3.040979521013143644e-02
3.063868184457528218e-02
3.082914121450285039e-02
3.015596000533007567e-02
2.957424832264426984e-02
2.906932924065071602e-02
2.956230607322233445e-02
2.908114323073548654e-02
2.954427492824870244e-02
2.992130348519101216e-02
3.023387633911005928e-02
2.965426014358135340e-02
3.001724728381584967e-02
3.031302653374637682e-02
3.055859442726879122e-02
3.076276856713062308e-02
3.093232851512895537e-02
3.107353153098525028e-02
3.119078954311545540e-02
3.128853879234128749e-02
3.136967641257348144e-02
3.061311511693370555e-02
3.081566533622256271e-02
3.097621767941592663e-02
3.028032852528324617e-02
3.053915085833623644e-02
3.074633750565270926e-02
3.008758309734154215e-02
2.951763146498388724e-02
2.902066152233776300e-02
2.858315017748921244e-02
2.919467320498126892e-02
2.963565479871046668e-02
2.914853942349735286e-02
2.960157328315847144e-02
2.996950055910202471e-02
3.027412706925159888e-02
2.969093859181596434e-02
2.918568523430961625e-02
2.964121439146688922e-02
3.000161451086028053e-02
3.030051662899192061e-02
2.971244207659493736e-02
3.006613771580841227e-02
2.951245621644335224e-02
2.990044993111211358e-02
3.021608724241115623e-02
3.046727718670072874e-02
3.068654637095288851e-02
3.086918282992955065e-02
3.102093699587836831e-02
3.032045043369888115e-02
3.057203113665183519e-02
3.077387467122883954e-02
3.011092260828738057e-02
3.039778376195112833e-02
2.978266498063873724e-02
3.012516292866931900e-02
3.040273463585709338e-02
2.979877210871037865e-02
3.013842334592617411e-02
3.041369406265221481e-02
3.064237587607076402e-02
3.000241004410156287e-02
2.944862341487898549e-02
2.986162985789457547e-02
3.018443194757280262e-02
3.045221373940309312e-02
3.067467093992666191e-02
3.003030452558575272e-02
2.947247019682781508e-02
2.898627739271091713e-02
2.949835438460999409e-02
2.903157163881040642e-02
2.950479083470232411e-02
2.903832474073353431e-02
2.950948151806648614e-02
2.989317830730786607e-02
3.021120456064446333e-02
3.047490821377383044e-02
3.069415100089101581e-02
3.087617769529107936e-02
3.019950250471422487e-02
3.047176431301345731e-02
3.069097041581071370e-02
3.087312986002556728e-02
3.019581637305846986e-02
3.046882547085825316e-02
2.985277780268345837e-02
3.018410472649797616e-02
2.961249440713340647e-02
2.998428771387124173e-02
2.944411283540726218e-02
2.897714760277520646e-02
2.946923757522439125e-02
2.985984883963484562e-02
3.018355173778368428e-02
2.961537974197385806e-02
2.998619186232370781e-02
3.028800674315343389e-02
3.053861560691932195e-02
3.074690951538564324e-02
3.092013096431751179e-02
3.106419771786380485e-02
3.118418118294639940e-02
3.045913763565876939e-02
3.069001213639787479e-02
3.087234661441184622e-02
3.102423433355253751e-02
3.115043960626229583e-02
3.043069155005394266e-02
2.980753564278688927e-02
2.926399764064204975e-02
2.973505101718713559e-02
3.008182626392816653e-02
3.036825707729086041e-02
2.977178928225878221e-02
2.925470684587777245e-02
2.880317901325809074e-02
2.840508015672920175e-02
2.904309406133111227e-02
2.951080311325180242e-02
2.989548131940760259e-02
2.937193170995576127e-02
2.978558439520253426e-02
2.927686784481699916e-02
2.970588203325121718e-02
2.920847664926714063e-02
2.877839600225767444e-02
2.930230963181561926e-02
2.972184730484051657e-02
3.006944006162335856e-02
3.035754757295732603e-02
3.059699772885505348e-02
3.079578791121983378e-02
3.096127806151439954e-02
3.109867196840865322e-02
3.121317425081848729e-02
3.130819831473417164e-02
3.138749945472156522e-02
3.062912113826971733e-02
3.082982661311124001e-02
3.098903832945593823e-02
3.112120010617390811e-02
3.123142184042963440e-02
3.049800808558752671e-02
2.986303418403670959e-02
2.930938818123996967e-02
2.977261805235780975e-02
2.926053881582750538e-02
2.969679429792004832e-02
3.004978677984083621e-02
2.950093015904259319e-02
2.989280926668715088e-02
3.021110351046047901e-02
3.047519516187305322e-02
3.069435355750079614e-02
3.087672750948886741e-02
3.102820586552577919e-02
3.115441644734613311e-02
3.125923718160117382e-02
3.052349621358864049e-02
3.074302679741182723e-02
3.091681530718220008e-02
3.106150081904602775e-02
3.035648463132663635e-02
3.060424275673133063e-02
3.080178255004082516e-02
3.096554340717617981e-02
3.110218433982102001e-02
3.121574664879945074e-02
3.131054467891020154e-02
3.138932547749253427e-02
3.145518896677514803e-02
3.150987137150619566e-02
3.073673004559453886e-02
3.092342305328137780e-02
3.106775385591101224e-02
3.118781759946779100e-02
3.128752490603294023e-02
3.137076278045352468e-02
3.143996215155112767e-02
3.149784653689192276e-02
3.072857072151114963e-02
3.091676714768141349e-02
3.106319601415478970e-02
3.036121803291526658e-02
2.974969912933214319e-02
2.921115380004861081e-02
2.873258589784596570e-02
2.830671102491636934e-02
2.903004535541935452e-02
2.951076396149386258e-02
2.990085070293760361e-02
2.937598364569232734e-02
2.891578153687767230e-02
2.942719560630817008e-02
2.982861059915959193e-02
3.015949706675141034e-02
3.043324490580605335e-02
3.066036215227737477e-02
3.084871522795464352e-02
3.100530427334251271e-02
3.031116211139849026e-02
3.056695169758080061e-02
3.077073726606228965e-02
3.094005168982806586e-02
3.108086425825770313e-02
3.118104132149704388e-02
3.128102644623584339e-02
3.136457360092780727e-02
3.143405983437327217e-02
3.149222106330271803e-02
3.072204540501315834e-02
3.090985699393646730e-02
3.022740311860058759e-02
2.963366349525296470e-02
3.002477662155684374e-02
3.032304048111035197e-02
2.973338446815506492e-02
3.008917611121716962e-02
2.953524014547260004e-02
2.992421368308099960e-02
3.023827416926281805e-02
2.966374729915328273e-02
3.002979742290951687e-02
3.032516459587331764e-02
2.973744086527208355e-02
2.922639317299076042e-02
2.968036038549766095e-02
3.003606567411206893e-02
2.949196739988017499e-02
2.988634901761911752e-02
3.020581236126486727e-02
3.047104082667227015e-02
3.069111246614520186e-02
3.087465589223033560e-02
3.102670552604096590e-02
3.115337851291927890e-02
3.125857668136022144e-02
3.134635018113917510e-02
3.141921432266212705e-02
3.148008727294016040e-02
3.153060590235579053e-02
3.157290807982329056e-02
3.078972176038912920e-02
3.010915009895999070e-02
3.041969036235759802e-02
2.981032587306517087e-02
3.015456034633576948e-02
2.958777450103025966e-02
2.996945390033700640e-02
3.027653706987896640e-02
3.053034563012269401e-02
2.991141823488081483e-02
3.023540393832755552e-02
2.966010892037685212e-02
2.915965485054719877e-02
