3.298881916225033351e+00
2.939633258930907544e+00
2.716485611728967520e+00
2.598297866164645864e+00
2.524741396731833287e+00
2.473992313113899222e+00
2.437131085974747258e+00
2.409682873770065292e+00
2.389284900200407957e+00
2.374097692903398560e+00
2.363083403695108053e+00
2.355480549752961394e+00
2.350679397066469001e+00
2.348218509293294787e+00
2.349440543315351793e+00
2.352070536314578408e+00
2.354405818325594701e+00
2.357974295133226317e+00
2.362580799616816218e+00
2.369274647668893508e+00
2.375323240545883507e+00
2.383139585937803062e+00
2.390292409973641341e+00
2.397901543233377009e+00
2.406052426489388107e+00
2.414484539698730892e+00
2.423331309212093831e+00
2.432340720596281258e+00
2.441506038480667495e+00
2.450755906807186246e+00
2.460014733996503722e+00
2.469350537189959560e+00
2.478716035951209928e+00
2.488081090847973353e+00
2.497438415244122911e+00
2.506759681999121803e+00
2.516053093423555431e+00
2.525251734482765187e+00
2.534422738155539090e+00
2.543549702626431319e+00
2.552593693830568444e+00
2.561520114897028577e+00
2.570339715896003074e+00
2.579026115986627676e+00
2.587429366477815407e+00
2.595729401531709613e+00
2.603953505365300902e+00
2.612046428540851117e+00
2.620031993468072695e+00
2.628116671330972487e+00
2.636064827508333597e+00
2.643725096821617715e+00
2.651278781696192688e+00
2.658727833485032832e+00
2.666071960435604016e+00
2.673312383080507004e+00
2.680634526105206028e+00
2.687668817449246017e+00
2.694602598102858071e+00
2.701446821587090596e+00
2.708184097610623287e+00
2.714825349548726230e+00
2.721372331222040142e+00
2.727814539358615509e+00
2.734179724790434474e+00
2.740454919208018758e+00
2.746641604558294425e+00
2.752912622239501506e+00
2.758924352291391990e+00
2.764852030078709610e+00
2.770696940833223376e+00
2.776460758455018496e+00
2.782144823165308534e+00
2.787750233724511251e+00
2.793278907248654797e+00
2.798732545162095242e+00
2.804111906169543644e+00
2.809402715092359060e+00
2.814639555778938540e+00
2.819776770578878988e+00
2.824875861656162002e+00
2.829906889610227072e+00
2.834871108495065961e+00
2.839769526087610796e+00
2.844603250326934951e+00
2.849373308515389169e+00
2.854080868216323896e+00
2.858727003937324707e+00
2.863312849665128557e+00
2.867838726987776088e+00
2.872306193433775245e+00
2.876716215727759707e+00
2.881069756391317238e+00
2.885367808247609300e+00
2.889611289579070874e+00
2.893801084876982621e+00
2.897938074941559528e+00
2.902023117004769226e+00
2.906057046388336396e+00
2.910040796276954111e+00
2.913975063076427396e+00
2.917860642273372829e+00
2.921695765289569202e+00
2.925483127186759180e+00
2.929223376846260773e+00
2.932922262148759174e+00
2.936576215376504262e+00
2.940185898910518070e+00
2.943748906645201391e+00
2.947273452714209263e+00
2.950755748111404841e+00
2.954196529026611451e+00
2.957583088631887680e+00
2.960943847852948174e+00
2.964262540021374459e+00
2.967544375250930955e+00
2.970787641328218154e+00
2.973991836717488901e+00
2.977158466888637278e+00
2.980289550977523128e+00
2.983384345665681003e+00
2.986440793791161230e+00
2.989461293647785567e+00
2.992428606090337784e+00
2.995383694912141515e+00
2.998305125804917370e+00
3.001193417966816490e+00
3.004044102757302159e+00
3.006861097838693819e+00
3.009645554923024768e+00
3.012400897219574158e+00
3.015125783759886602e+00
3.017819316286109110e+00
3.020484912540858602e+00
3.023116346687876543e+00
3.025701917499547644e+00
3.028279455545849430e+00
3.030836062113406726e+00
3.033364763967210109e+00
3.035858748512194172e+00
3.038325767631590679e+00
3.040766223756161679e+00
3.043180469765084162e+00
3.045568870021287733e+00
3.047931807924155745e+00
3.050269626376201693e+00
3.052582675456702699e+00
3.054853165862829734e+00
3.057118317220309134e+00
3.059359716668631712e+00
3.061577717951401212e+00
3.063770101011260127e+00
3.065939759678253385e+00
3.068086949867198321e+00
3.070211973208036849e+00
3.072315188727747781e+00
3.074397411528234425e+00
3.076458383229088156e+00
3.078499734092186024e+00
3.080518438979200635e+00
3.082516775125010433e+00
3.084495059257386984e+00
3.086453850223144446e+00
3.088395187492813942e+00
3.090316314606339265e+00
3.092218537575769144e+00
3.094102036548400214e+00
3.095964255795312425e+00
3.097810151213532315e+00
3.099640084160591336e+00
3.101448579812443818e+00
3.103240438279966984e+00
3.105014251490648469e+00
3.106755605089279282e+00
3.108496054151439925e+00
3.110220011050273570e+00
3.111929223286812540e+00
3.113622454575638798e+00
3.115293151873960387e+00
3.116953037403829896e+00
3.118597830870937671e+00
3.120226150577177116e+00
3.121840217797432704e+00
3.123440704124610168e+00
3.125026414707443134e+00
3.126597554644790833e+00
3.128145172868672219e+00
3.129678815112111323e+00
3.131199824863099668e+00
3.132707515430976919e+00
3.134199648374801139e+00
3.135679734016378006e+00
3.137144922079035503e+00
3.138597453006890969e+00
3.140037420491478937e+00
3.141460201269328678e+00
3.142870832474972342e+00
3.144269806260421962e+00
3.145657025370715232e+00
3.147027732317008386e+00
3.148389700235776800e+00
3.149740249086555366e+00
3.151078474678171037e+00
3.152404878901990060e+00
3.153719754847069012e+00
3.155020814640760562e+00
3.156311245799942267e+00
3.157593538449061210e+00
3.158860503760393179e+00
3.160118496304657576e+00
3.161354490124811623e+00
3.162591653767699906e+00
3.163819355772650166e+00
3.165037271789641782e+00
3.166240788680463769e+00
3.167419888345967660e+00
3.168602519188764788e+00
3.169785644263045210e+00
3.170950987809609156e+00
3.172107394164827010e+00
3.173253433371497678e+00
3.174394400761413326e+00
3.175521393585595487e+00
3.176639806233430896e+00
3.177751309856734263e+00
3.178855196830858709e+00
3.179947847289084528e+00
3.181035034323838939e+00
3.182113787789457859e+00
3.183182454697265573e+00
3.184243072742713121e+00
3.185295723495394693e+00
3.186340708162265223e+00
3.187377889119495045e+00
3.188404194442397088e+00
3.189423054965738746e+00
3.190432269666824805e+00
3.191432466790570910e+00
3.192397560657435740e+00
3.193384438184790231e+00
3.194363090747819989e+00
3.195323710828450015e+00
3.196292129600667664e+00
3.197253747264298340e+00
3.198208510439258134e+00
3.199148541042413196e+00
3.200077695550894941e+00
3.200972093655832129e+00
3.201886061462526634e+00
3.202783680371338981e+00
3.203684213261690061e+00
3.204567662688199814e+00
3.205446478805307642e+00
3.206325295461407876e+00
3.207169659937634254e+00
3.208036617398453583e+00
3.208896840906114711e+00
3.209750428081169282e+00
3.210597585040011914e+00
3.211439490517860929e+00
3.212274553744682848e+00
3.213102748980062540e+00
3.213916453656600059e+00
3.214725449913380828e+00
3.215530062327879968e+00
3.216330091898688348e+00
3.217126521510089709e+00
3.217919463251367684e+00
3.218674248599493026e+00
3.219457358392131319e+00
3.220237814474987026e+00
3.221015617047150226e+00
3.221789488044425998e+00
3.222558799787865524e+00
3.223324164832538141e+00
3.224084918045614589e+00
3.224842051794610143e+00
3.225544815191186743e+00
3.226292227671462509e+00
3.227035601546557775e+00
3.227774265114739194e+00
3.228455175520178688e+00
3.229162508146233179e+00
3.229864995758452650e+00
3.230561088996040997e+00
3.231221540565349937e+00
3.231906369198556561e+00
3.232584269131055343e+00
3.233254725731485202e+00
3.233917492248175929e+00
3.234594560618216708e+00
3.235267742448066475e+00
3.235936843605470514e+00
3.236599682038233894e+00
3.237256043859413346e+00
3.237906451529931395e+00
3.238554395941700914e+00
3.239198194639011152e+00
3.239836130891879051e+00
3.240464797304874356e+00
3.241067985756363790e+00
3.241667727884760097e+00
3.242258152631838808e+00
3.242836637801753685e+00
3.243403482917355696e+00
3.243991374898318902e+00
3.244543203928699882e+00
3.245107666123302259e+00
3.245661374644303265e+00
3.246206567453586711e+00
3.246775844777361364e+00
3.247341176788816952e+00
3.247864588730342561e+00
3.248405460010580281e+00
3.248960121195138662e+00
3.249493181727562519e+00
3.250021758087126678e+00
3.250545392398656475e+00
3.251086305892754158e+00
3.251623731247113458e+00
3.252134375510946640e+00
3.252639558249790674e+00
3.253139042362831912e+00
3.253632623238944532e+00
3.254095140761717353e+00
3.254557768216145952e+00
3.255020392610589841e+00
3.255482580012421412e+00
3.255943385711801419e+00
3.256402258780450421e+00
3.256858654919381646e+00
3.257360007555508918e+00
3.257810211709615267e+00
3.258256041235194633e+00
3.258696553572022925e+00
3.259130662356962915e+00
3.259557059068928009e+00
3.260002425577722907e+00
3.260445010622615492e+00
3.260886805747293504e+00
3.261363326640562832e+00
3.261800547900439273e+00
3.262208128976550547e+00
3.262616005821997067e+00
3.263020921920080752e+00
3.263484526691932341e+00
3.263945480281286393e+00
3.264335146853448499e+00
3.264791140513370937e+00
3.265166711242119657e+00
3.265531231056359118e+00
3.265911598280661909e+00
3.266289269454037303e+00
3.266733697284239568e+00
3.267105401246359619e+00
3.267473633795741517e+00
3.267911226567318472e+00
3.268272538943454819e+00
3.268629539112410498e+00
3.268981957676892591e+00
3.269329643343561020e+00
3.269672505799057660e+00
3.269992021821954697e+00
3.270311847972694697e+00
3.270631273382452520e+00
3.270950710088300628e+00
3.271269883481264351e+00
3.271588417034290597e+00
3.271905977882680006e+00
3.272317578698102469e+00
3.272630969550339053e+00
3.272940621001567685e+00
3.273245581823099215e+00
3.273547532685703310e+00
3.273846811374315990e+00
3.274143290929121264e+00
3.274440109886768369e+00
3.274837222212603205e+00
3.275232345935295442e+00
3.275527078031465589e+00
3.275818186092891882e+00
3.276207967919162467e+00
3.276494219408733866e+00
3.276775345101591963e+00
3.277048784471533249e+00
3.277313559960708389e+00
3.277569342190387758e+00
3.277841307070993082e+00
3.278111759231719713e+00
3.278380430660179812e+00
3.278646999409715601e+00
3.278911138491305000e+00
3.279172457721001077e+00
3.279430612448315241e+00
3.279685415261180292e+00
3.279936809775183093e+00
3.280184758748135643e+00
3.280429231687075564e+00
3.280651172837125262e+00
3.280874542392271387e+00
3.281099011388559195e+00
3.281324192537591333e+00
3.281682597558122971e+00
3.281906512327342540e+00
3.282130411651753121e+00
3.282353758034830093e+00
3.282576371343123967e+00
3.282798125422594193e+00
3.283017577561598621e+00
3.283235206486346147e+00
3.283451354421416113e+00
3.283665801901365366e+00
3.283878943442652965e+00
3.284094470932769294e+00
3.284311519256204459e+00
3.284527160892753983e+00
3.284739484797727371e+00
3.284948870986493574e+00
3.285287063777160288e+00
3.285488605219274216e+00
3.285684205792769319e+00
3.285873033411891075e+00
3.286054379992044527e+00
3.286251100133804837e+00
3.286447063314493988e+00
3.286777203023914407e+00
3.287105876267777838e+00
3.287297418364884205e+00
3.287623576733762931e+00
3.287812060368601852e+00
3.287998972822831156e+00
3.288184062754226922e+00
3.288367124751635284e+00
3.288547987189944344e+00
3.288726506488304224e+00
3.289045104001246056e+00
3.289219177368056357e+00
3.289390778551842143e+00
3.289559934859956680e+00
3.289726703795988083e+00
3.289872975451601178e+00
3.290020613898549939e+00
3.290169429502568743e+00
3.290319211134194344e+00
3.290469744294102217e+00
3.290620797407576958e+00
3.290772138183136075e+00
3.290923567467841870e+00
3.291074900708572226e+00
3.291225980889514791e+00
3.291376681866256426e+00
3.291526937217942095e+00
3.291676781696742715e+00
3.291826046411214790e+00
3.291974468674401688e+00
3.292121941826999798e+00
3.292269314228281285e+00
3.292418660044647449e+00
3.292569552608155981e+00
3.292721622053105257e+00
3.292871937073219790e+00
3.293019079139781535e+00
3.293162721045684638e+00
3.293302762114168836e+00
3.293438811897124285e+00
3.293570465501193922e+00
3.293862687720267246e+00
3.293986516000241949e+00
3.294105253064158578e+00
3.294239123479477005e+00
3.294372718255657251e+00
3.294505953999345316e+00
3.294638717164830144e+00
3.294925528340319154e+00
3.295056285452727884e+00
3.295186226941646090e+00
3.295315190768825619e+00
3.295443020699828640e+00
3.295569577915849813e+00
3.295694751676696121e+00
3.295976357299009063e+00
3.296256930678523211e+00
3.296376822913012816e+00
3.296495057146890506e+00
3.296611602986041500e+00
3.296726448201928950e+00
3.296839599682360511e+00
3.296951074422706629e+00
3.297042085707908132e+00
3.297134530567793043e+00
3.297228282427198121e+00
3.297323207350453700e+00
3.297419171854198527e+00
3.297516039742394600e+00
3.297613671973434357e+00
3.297711931689107256e+00
3.297810690533209854e+00
3.298081838437386892e+00
3.298180767418699588e+00
3.298279800874873935e+00
3.298378838423430714e+00
3.298477822590331510e+00
3.298576722123377269e+00
3.298675515155061966e+00
3.298774172104776969e+00
3.298872675822538181e+00
3.298970798933712700e+00
3.299069793565009512e+00
3.299170583399439582e+00
3.299272910180265583e+00
3.299376504962196144e+00
3.299480498189153010e+00
3.299582191094821759e+00
3.299681312981316506e+00
3.299777839761373066e+00
3.299871576174644883e+00
3.299962238199996456e+00
3.300049548015060008e+00
3.300133249599869423e+00
3.300213149399102708e+00
3.300289128624970036e+00
3.300380444637988298e+00
3.300471808560984766e+00
3.300563161911835408e+00
3.300820275828620698e+00
3.301076533585680206e+00
3.301166216243213380e+00
3.301255347520393180e+00
3.301343798779284189e+00
3.301431449255692652e+00
3.301518195031927672e+00
3.301603953395700675e+00
3.301688656469720762e+00
3.301772256492252922e+00
3.302024063434203072e+00
3.302104101914579815e+00
3.302182969940806512e+00
3.302260675841399262e+00
3.302337232895066421e+00
3.302412657913174954e+00
3.302661639463509324e+00
3.302719873181370946e+00
3.302779127425744754e+00
3.302839331912510890e+00
3.302900413801767687e+00
3.302962298924893236e+00
3.303024911759203430e+00
3.303088177537117698e+00
3.303152025185847496e+00
3.303216381014757452e+00
3.303281173285796957e+00
3.303526087178773718e+00
3.303591715580324273e+00
3.303657462275360057e+00
3.303723307325706404e+00
3.303789233981802465e+00
3.303855227986879584e+00
3.303921272867150982e+00
3.303987222679477309e+00
3.304052769967245506e+00
3.304117898840487122e+00
3.304183436629676063e+00
3.304250543179328314e+00
3.304319073585235689e+00
3.304388878179616018e+00
3.304459806495035235e+00
3.304531713850944907e+00
3.304770389228690153e+00
3.304837651332635406e+00
3.304902975603741133e+00
3.304966122119896266e+00
3.305026931552404346e+00
3.305085256641654201e+00
3.305140972065050864e+00
3.305193994735011298e+00
3.305244283652580162e+00
3.305291842979992900e+00
3.305336717500544363e+00
3.305399728269301729e+00
3.305462901687428623e+00
3.305526202336753538e+00
3.305589579006027900e+00
3.305652970090246168e+00
3.305716263799778343e+00
3.305779388284006526e+00
3.305842298916159105e+00
3.306074317987059086e+00
3.306135882812498039e+00
3.306197100668212041e+00
3.306257930064127493e+00
3.306318331721074255e+00
3.306378270149420651e+00
3.306437712974713783e+00
3.306496632321558771e+00
3.306555005045009654e+00
3.306612812250345534e+00
3.306670039072663769e+00
3.306726673870316269e+00
3.306782707894737161e+00
3.306838134322207523e+00
3.306892951452261364e+00
3.306947159902689393e+00
3.307000762056697241e+00
3.307053761909393153e+00
3.307106164078660537e+00
3.307157974599595818e+00
3.307209201279684763e+00
3.307259851748213464e+00
3.307309933237348343e+00
3.307359455257720349e+00
3.307583813277933160e+00
3.307631161715067325e+00
3.307677997814786774e+00
3.307901056874801515e+00
3.308123333748921535e+00
3.308152685911607715e+00
3.308182306919138060e+00
3.308212198764389100e+00
3.308242362522939573e+00
3.308272799898591021e+00
3.308303512021629533e+00
3.308334499578775567e+00
3.308365763116887681e+00
3.308397302471164370e+00
3.308617167963938677e+00
3.308649191565589565e+00
3.308681471061505341e+00
3.308714003183798713e+00
3.308746784243759453e+00
3.308779810013277700e+00
3.308813075918799917e+00
3.308846577324617400e+00
3.308880309216958082e+00
3.309097894615914193e+00
3.309131747684869840e+00
3.309165795068115035e+00
3.309200030529136249e+00
3.309234446868672741e+00
3.309269042327579236e+00
3.309303807357704574e+00
3.309338734828731976e+00
3.309554211998894768e+00
3.309588951168085824e+00
3.309623815391099733e+00
3.309658798329331741e+00
3.309693891725168591e+00
3.309729089054966877e+00
3.309764383019353939e+00
3.309799748422050936e+00
3.309835161207184573e+00
3.309870620105027417e+00
3.309906123107926312e+00
3.309941668095918832e+00
3.309977252961237237e+00
3.310012875618813410e+00
3.310048534043783963e+00
3.310084226176155386e+00
3.310119951465563926e+00
3.310331578318215229e+00
3.310366412318004325e+00
3.310401140453806068e+00
3.310435762665756343e+00
3.310470279193061138e+00
3.310680427223718247e+00
3.310713726277008551e+00
3.310746919775443775e+00
3.310780006673204046e+00
3.310812985968038191e+00
3.310845856733139136e+00
3.310878617958294523e+00
3.310911752067049463e+00
3.310945425639183259e+00
3.310979635714131675e+00
3.311014377522659480e+00
3.311049644769650246e+00
3.311085431335857976e+00
3.311121730163677057e+00
3.311158531194384746e+00
3.311195820962474112e+00
3.311233584357291093e+00
3.311440046528903558e+00
3.311478602720052233e+00
3.311684165872168517e+00
3.311722656643055984e+00
3.311927326724743104e+00
3.311963887382550986e+00
3.312167677912286390e+00
3.312201773412009498e+00
3.312235249818622940e+00
3.312268119368169117e+00
3.312300393970534884e+00
3.312332012629011224e+00
3.312362947705576488e+00
3.312393205862482315e+00
3.312422797180905043e+00
3.312451728824187036e+00
3.312480015289160029e+00
3.312681439836508979e+00
3.312705461531471052e+00
3.312729020962294602e+00
3.312752140167221970e+00
3.312774841325592856e+00
3.312797144827910767e+00
3.312819074253580798e+00
3.312840650706873724e+00
3.312861894841019783e+00
3.313061599951556691e+00
3.313260641314159205e+00
3.313289682391887592e+00
3.313318811477376613e+00
3.313348026063904328e+00
3.313377318664431748e+00
3.313406693646641532e+00
3.313436144552782903e+00
3.313465667429313477e+00
3.313495257925767490e+00
3.313692383507153671e+00
3.313721537792943650e+00
3.313750730865874239e+00
3.313779955927731891e+00
3.313809206670709884e+00
3.313838474828280756e+00
3.313867754376689234e+00
3.313897037774717003e+00
3.314092426526366708e+00
3.314120952345527726e+00
3.314149441935653417e+00
3.314177887622369756e+00
3.314206281804481069e+00
3.314234616979583770e+00
3.314262884630474471e+00
3.314291078750206232e+00
3.314319192356736554e+00
3.314347218722115240e+00
3.314375151394546748e+00
3.314402984225087057e+00
3.314430711390207840e+00
3.314458327100085366e+00
3.314651138279917308e+00
3.314677428708280527e+00
3.314703592462118209e+00
3.314729626904670212e+00
3.314755529757517305e+00
3.314781299050227670e+00
3.314806933109786247e+00
3.314832430548621200e+00
3.314857790251925174e+00
3.314883011364141208e+00
3.314908093275094725e+00
3.314933035605891476e+00
3.314957838194517947e+00
3.314982501081648270e+00
3.315007024496647414e+00
3.315031408843775562e+00
3.315055654688752629e+00
3.315245680218485980e+00
3.315268286272186504e+00
3.315457570361272310e+00
3.315478523601372629e+00
3.315499388067715714e+00
3.315687826053577592e+00
3.315707041451249726e+00
3.315726199942447661e+00
3.315913810315754162e+00
3.315931336349462022e+00
3.315948838778786989e+00
3.316135639261663215e+00
3.316151536402528688e+00
3.316167443224594891e+00
3.316183358985913987e+00
3.316199283035733192e+00
3.316215214741043749e+00
3.316231153486163485e+00
3.316247098672527205e+00
3.316263049718492173e+00
3.316279006997038703e+00
3.316294968968220847e+00
3.316310935131686843e+00
3.316326904971341083e+00
3.316342877986813154e+00
3.316527848247130983e+00
3.316542236334177662e+00
3.316556660397792289e+00
3.316571119130665490e+00
3.316585611306118064e+00
3.316600135729446563e+00
3.316614691237534718e+00
3.316629275855650594e+00
3.316643889371971632e+00
3.316658530685413275e+00
3.316673198752810414e+00
3.316687892413630934e+00
3.316871308338894320e+00
3.316869779464922452e+00
3.316867847845392347e+00
3.316881773399281030e+00
3.316895737352730578e+00
3.316909738415548148e+00
3.316923775327966339e+00
3.316937846864242978e+00
3.317120211314119160e+00
3.317119416603896198e+00
3.317118274002808231e+00
3.317116760358424177e+00
3.317114848284923312e+00
3.317128895354362061e+00
3.317142971645318461e+00
3.317157076098445234e+00
3.317171207670036814e+00
3.317185365345740600e+00
3.317199548140068455e+00
3.317197735966543437e+00
3.317212329659072534e+00
3.317226937344873061e+00
3.317241559123885075e+00
3.317256193522129859e+00
3.317270839905679392e+00
3.317451590555781316e+00
3.317451114297170101e+00
3.317450302473803792e+00
3.317449133455286248e+00
3.317629236372266366e+00
3.317628871662129608e+00
3.317628193947385284e+00
3.317627178733074444e+00
3.317625804019637137e+00
3.317624041799960732e+00
3.317803459190305837e+00
3.317802547767764398e+00
3.317801295881587009e+00
3.317980098469495154e+00
3.317979643938999246e+00
3.317978887867107929e+00
3.317977813074062698e+00
3.317976396130930983e+00
3.317974611507898519e+00
3.317972435134747933e+00
3.317986485242809813e+00
3.318000543205104069e+00
3.318014608429500356e+00
3.318028682019152242e+00
3.318042761666772922e+00
3.318056846881928479e+00
3.318070937145529697e+00
3.318085031963013520e+00
3.318083327261438953e+00
3.318260784413694431e+00
3.318259977583734699e+00
3.318258844099569949e+00
3.318257358685805514e+00
3.318255499420895038e+00
3.318432316399486215e+00
3.318431358597506264e+00
3.318430070222943229e+00
3.318428434402493021e+00
3.318426426061523493e+00
3.318440513039383255e+00
3.318454595632329696e+00
3.318468673512713352e+00
3.318644623489263257e+00
3.318643868998236712e+00
3.318642803200225533e+00
3.318641407242462371e+00
3.318639660000211489e+00
3.318653507945592551e+00
3.318667351942457877e+00
3.318681191649605289e+00
3.318679427565835560e+00
3.318693610194275223e+00
3.318707780599977397e+00
3.318721937727687532e+00
3.318896780238936639e+00
3.318896314063668918e+00
3.318895557532426377e+00
3.318894489166718031e+00
3.318893090627716091e+00
3.318891338326531937e+00
3.318905542071770576e+00
3.318919726862653352e+00
3.318933892761862570e+00
3.318948039839203723e+00
3.318962168171656124e+00
3.318960732331755370e+00
3.318975173818040414e+00
3.318989588909146082e+00
3.319003977864560362e+00
3.319018340971292780e+00
3.319017128664659921e+00
3.319190607884263233e+00
3.319190374035060120e+00
3.319189856319932908e+00
3.319189037572174872e+00
3.319187897823399958e+00
3.319202217776564101e+00
3.319216508519712061e+00
3.319215325590283427e+00
3.319229906368530880e+00
3.319244451209982127e+00
3.319258961633027916e+00
3.319257903931051690e+00
3.319272694382746636e+00
3.319287443113723146e+00
3.319302149894999499e+00
3.319316816439385587e+00
3.319316066836723422e+00
3.319331000491909212e+00
3.319345888154152657e+00
3.319360730685875005e+00
3.319360154399724205e+00
3.319375254509295825e+00
3.319390304209719478e+00
3.319405304488581177e+00
3.319404921153095600e+00
3.319420169826224676e+00
3.319435364240316488e+00
3.319450504853325157e+00
3.319621902118821133e+00
3.319623059643014518e+00
3.319793893464051848e+00
3.319795942281731804e+00
3.319966213038641811e+00
3.320135950796498925e+00
3.320139456826368907e+00
3.320142886966037654e+00
3.320312029980120982e+00
3.320480646888769538e+00
3.320648740663828757e+00
3.320653301555175130e+00
3.320657854897017813e+00
3.320662398178548802e+00
3.320666929891964880e+00
3.320834355896193912e+00
3.320839047126330268e+00
3.320843738613442397e+00
3.320848429760578480e+00
3.320853119661006936e+00
3.320857807108435367e+00
3.320862490910675646e+00
3.320867169731089419e+00
3.320871842484543368e+00
3.320876507937752464e+00
3.320881164941865915e+00
3.320885812122597258e+00
3.321052315361290308e+00
3.321057135624291945e+00
3.321061958330392194e+00
3.321066782635437864e+00
3.321071607450344132e+00
3.321076431784324434e+00
3.321081254639336677e+00
3.321086075008102156e+00
3.321090891872669371e+00
3.321095704203068877e+00
3.321100510955720786e+00
3.321105311074405986e+00
3.321110103480093834e+00
3.321114887079602340e+00
3.321280400962665524e+00
3.321285385248456734e+00
3.321450353433821334e+00
3.321455434723421973e+00
3.321460529820591923e+00
3.321465638121354758e+00
3.321470759021447172e+00
3.321475891884546172e+00
3.321481036069568571e+00
3.321486191054779713e+00
3.321491356249218985e+00
3.321496531127228202e+00
3.321660658775034580e+00
3.321665903139074505e+00
3.321671165602972042e+00
3.321676445789866428e+00
3.321681743174365042e+00
3.321687057309155922e+00
3.321692387755551756e+00
3.321855789314371865e+00
3.321861065501845012e+00
3.321866380128067231e+00
3.322029209261984306e+00
3.322034290118180966e+00
3.322196587691323977e+00
3.322201231006654876e+00
3.322205950398323449e+00
3.322210744575675001e+00
3.322215612567727128e+00
3.322220553253439679e+00
3.322225565566101046e+00
3.322230640739376017e+00
3.322235756891885661e+00
3.322240912387693701e+00
3.322246107307307295e+00
3.322251341532179048e+00
3.322256614881724524e+00
3.322261927208425281e+00
3.322267278350714115e+00
3.322272668152796093e+00
3.322278096462301100e+00
3.322283563131441575e+00
3.322289068017702185e+00
