3.009999999855161423e+00
3.010273507766162648e+00
3.009728704777395070e+00
3.008960517617393471e+00
3.007972992559929004e+00
3.006365518231387757e+00
3.008366763144083578e+00
3.010101477166472250e+00
3.011960334174503373e+00
3.009849997399776544e+00
3.007445261846375395e+00
3.010208025960763312e+00
3.012808417420093310e+00
3.015495909142104303e+00
3.012507267223772711e+00
3.015515572429116720e+00
3.018554571757317895e+00
3.021634255629193078e+00
3.024746671965012457e+00
3.021091948911176051e+00
3.017174534446736445e+00
3.021403136294687819e+00
3.025838309504845114e+00
3.021137056170267954e+00
3.026061043468782241e+00
3.031143455154714950e+00
3.036371020323783032e+00
3.030707211810583779e+00
3.024849123684174135e+00
3.030817608654707840e+00
3.036872835052298214e+00
3.043393221944560967e+00
3.049625630764316586e+00
3.055915489209088953e+00
3.049142481100926005e+00
3.055461942632121897e+00
3.062701698146820029e+00
3.069439635531123756e+00
3.076181033585934088e+00
3.069148328682959725e+00
3.061796784498851842e+00
3.054155846471148017e+00
3.060967074379911335e+00
3.069049494106470100e+00
3.077061564047507858e+00
3.068944869193509728e+00
3.060560166999641396e+00
3.068064584245582704e+00
3.076561339520672789e+00
3.084941297780767755e+00
3.076206681483956817e+00
3.084133281150964301e+00
3.075164800647125940e+00
3.083306783390204586e+00
3.074122503173267518e+00
3.082471374753320781e+00
3.091365566270554144e+00
3.100076708479015952e+00
3.090668010936564958e+00
3.080977211119642067e+00
3.071030979430616092e+00
3.081867820246662948e+00
3.092602869606458693e+00
3.082181951773682815e+00
3.093207689162837504e+00
3.082456542812996858e+00
3.071512740480019321e+00
3.060401330517235952e+00
3.048668741303083074e+00
3.061082569624919980e+00
3.049095578714675181e+00
3.036988002503192341e+00
3.050850590850209709e+00
3.063714994349639120e+00
3.051231858552389209e+00
3.064720431069070994e+00
3.077611397954457484e+00
3.090766554982212977e+00
3.103264335139120256e+00
3.115570755738016118e+00
3.102901668663700097e+00
3.090116170292097397e+00
3.077238643435637577e+00
3.063786520199133889e+00
3.050271093475550810e+00
3.036028756787124916e+00
3.051267713028964046e+00
3.066092797721828411e+00
3.080013358840561377e+00
3.094194080070168162e+00
3.107620065733722292e+00
3.093975209135136684e+00
3.079777628304249948e+00
3.065522911059366251e+00
3.050572690313585245e+00
3.035478239061351502e+00
3.052593393920986831e+00
3.067430198045105527e+00
3.052109968938119700e+00
3.068236681174783875e+00
3.052793276665668465e+00
3.037210117407225241e+00
3.021510805202945349e+00
3.041219937426441700e+00
3.025562821212263831e+00
3.009831618694915445e+00
2.994053305930733266e+00
3.012853899293482574e+00
2.997249990419338594e+00
3.014181408813562779e+00
3.030046849376250240e+00
3.014254837048028435e+00
3.031163709149208962e+00
3.047029430025523844e+00
3.062708080916404896e+00
3.046658528401953170e+00
3.030516944623007358e+00
3.014309221946781303e+00
2.998062478441193335e+00
3.014502342844938454e+00
3.030901795188432057e+00
3.014244505107279704e+00
2.997529147940867666e+00
3.014650731717507526e+00
3.031627479825197202e+00
3.048406492718219951e+00
3.031271711492001142e+00
3.014026330459971259e+00
2.996701583709406425e+00
2.979330738437578674e+00
2.997717238290960040e+00
3.015851257038697497e+00
2.998217759507603386e+00
2.980528063757991841e+00
2.962819168247756263e+00
2.982013259575890363e+00
3.000915212245260477e+00
2.982963263143187049e+00
3.002008094890483481e+00
2.983932558676349878e+00
3.003108097072929361e+00
3.021911173060266798e+00
3.003678994711452610e+00
3.022608616713861274e+00
3.004268311806361780e+00
3.023314420572475125e+00
3.004872498587141116e+00
2.986346384896236383e+00
3.006016074085603229e+00
3.025243437648282185e+00
3.006625129932543938e+00
3.025945352363589969e+00
3.044783131547737831e+00
3.063117791266431134e+00
3.081475222742968700e+00
3.063375686449270940e+00
3.044951189804913749e+00
3.026259257486235921e+00
3.007358140705282068e+00
3.025802284275543208e+00
3.045046204697842818e+00
3.063736143734540729e+00
3.082413055888532316e+00
3.064044398147814707e+00
3.081919856124393675e+00
3.099600801777405934e+00
3.081368192115514049e+00
3.098739796534252466e+00
3.116671761280488617e+00
3.099117099274766751e+00
3.081009332284863511e+00
3.096644608570672030e+00
3.114792595976197287e+00
3.097083835097269144e+00
3.078819302518729817e+00
3.094676633699316781e+00
3.113019986828748475e+00
3.095172442205779362e+00
3.076767364338779842e+00
3.057881298768750256e+00
3.038591064482677240e+00
3.054769457853992787e+00
3.035138286060899304e+00
3.054981640751129213e+00
3.035323084205497235e+00
3.055191785005968441e+00
3.035506797731586381e+00
3.015639011621953802e+00
3.036194513843822662e+00
3.056084468243498442e+00
3.036359739768853316e+00
3.056272756133516566e+00
3.076071214648407270e+00
3.056890194193347288e+00
3.075812182178174314e+00
3.056597304964187689e+00
3.037036950690125803e+00
3.055899885809057803e+00
3.075804357082784435e+00
3.056538412449208320e+00
3.036926189129867115e+00
3.055842610014475547e+00
3.035952040572190036e+00
3.056049441426143431e+00
3.076020688001726899e+00
3.056694786718820112e+00
3.075772007997538804e+00
3.094549457226930311e+00
3.113385794509513804e+00
3.130824789312331546e+00
3.112943440089462221e+00
3.129354772034862009e+00
3.146202114507589798e+00
3.165196186497215791e+00
3.180471480287777375e+00
3.199351039034619149e+00
3.212735065129129097e+00
3.225611415403239146e+00
3.211332245132786589e+00
3.222743444178114647e+00
3.235238855005715397e+00
3.221173266506905719e+00
3.235786167481286668e+00
3.221145010336574188e+00
3.205970225565563325e+00
3.190325455778518560e+00
3.174275793462967066e+00
3.190582217720868030e+00
3.174212645185569670e+00
3.190620183994581804e+00
3.206612032821832159e+00
3.190013293801248206e+00
3.206128151086926170e+00
3.189288109593702458e+00
3.205526033211426373e+00
3.188471517361449958e+00
3.171180822830059753e+00
3.153708673599009860e+00
3.171060305366839582e+00
3.188016311927860169e+00
3.170408053756184064e+00
3.152656096530285446e+00
3.170178388770251043e+00
3.152306967780233560e+00
3.133814704663651085e+00
3.152382329662050786e+00
3.133794927060918667e+00
3.115169016808802205e+00
3.134139838341678974e+00
3.115440678269517871e+00
3.134488244931765699e+00
3.153226299316534309e+00
3.171008580752748607e+00
3.152681684489533342e+00
3.170527251886972930e+00
3.152126839430100969e+00
3.170032611591002247e+00
3.187560650423042929e+00
3.169070083398197735e+00
3.150535425009845625e+00
3.168568324075424325e+00
3.186225396333249638e+00
3.167603356885877908e+00
3.148953199952166493e+00
3.167100862386927229e+00
3.148400641891495599e+00
3.129161153734374423e+00
3.109258666435718244e+00
3.129413163939088971e+00
3.148045201770888202e+00
3.128744901978578241e+00
3.147895657677457493e+00
3.128560887410625213e+00
3.147737610336271530e+00
3.128370613417583268e+00
3.108362687388956935e+00
3.129112060773758142e+00
3.147829106037809854e+00
3.166724283164866538e+00
3.184685289288211152e+00
3.202258805661452268e+00
3.219425942851749323e+00
3.236171447856773575e+00
3.252483425657797245e+00
3.233642796318103141e+00
3.250075636110417499e+00
3.231165083069881927e+00
3.212103357176736562e+00
3.192938110062362167e+00
3.210522187821049034e+00
3.191317402896093114e+00
3.208969581749431033e+00
3.189728018737496118e+00
3.170445581923523992e+00
3.151176647910192585e+00
3.169761943910958557e+00
3.150477740586644426e+00
3.130683288036276046e+00
3.149655703505167104e+00
3.129865868769708293e+00
3.109445554523412092e+00
3.089011170768707348e+00
3.068609894815023775e+00
3.090011964496853114e+00
3.069746369541751285e+00
3.049570186864402732e+00
3.029529015016168891e+00
3.052853778148370001e+00
3.072843862348937360e+00
3.052825648467212716e+00
3.073814902828334361e+00
3.053808141777103025e+00
3.074815190921224239e+00
3.094721179382446508e+00
3.114418211937501901e+00
3.094079847758032464e+00
3.073775614858420546e+00
3.095450875674587987e+00
3.075250501447795770e+00
3.055135415419061307e+00
3.077143481516177559e+00
3.057136993923576185e+00
3.037264422590634894e+00
3.017566761143654741e+00
2.998083430615508860e+00
2.978851838160258225e+00
2.996604568227883458e+00
2.977352065732433051e+00
2.997519040056400907e+00
2.978085733173590377e+00
2.998524761388949411e+00
3.019007272241409190e+00
3.039458309517259593e+00
3.059807768227737146e+00
3.080546117459188160e+00
3.060227491557191204e+00
3.039844501299637347e+00
3.059449341643415199e+00
3.080522751944442472e+00
3.100791034315244055e+00
3.120728147748762282e+00
3.100124909295524755e+00
3.119764473840288321e+00
3.099063664495183001e+00
3.118849744872629781e+00
3.098058978445390022e+00
3.117980286455634076e+00
3.097106467668224283e+00
3.076031787698100928e+00
3.096283156695716077e+00
3.116872242295736228e+00
3.095863327110532470e+00
3.116106656526165697e+00
3.136320189791407476e+00
3.156033107771050172e+00
3.175232810279238205e+00
3.154532860816201989e+00
3.173335600077320517e+00
3.195009521349034820e+00
3.217559760040598071e+00
3.234405914795525305e+00
3.215710099545688205e+00
3.232036619627670859e+00
3.248517840543993618e+00
3.264552234762311045e+00
3.246033568770823052e+00
3.227258714259205075e+00
3.208282158533785733e+00
3.189161518182653143e+00
3.169956959986638179e+00
3.188515908543751110e+00
3.206639498884758854e+00
3.224308409123866515e+00
3.204975344025817297e+00
3.222668956960080155e+00
3.203262609483790158e+00
3.220989453127273361e+00
3.201525221606251304e+00
3.219290965992574360e+00
3.236595819437544375e+00
3.217143351412781183e+00
3.234511458323843236e+00
3.215014535058746681e+00
3.195422507718912897e+00
3.213356589079686909e+00
3.230834150707286856e+00
3.211272886711599828e+00
3.191628892778146209e+00
3.171956731088675152e+00
3.190452820797495814e+00
3.170773996310302767e+00
3.189292260759505560e+00
3.169608581442981965e+00
3.149413684345465203e+00
3.168906872117075668e+00
3.148715145069149290e+00
3.128584579360610629e+00
3.148411753610166564e+00
3.128292356260558460e+00
3.148151947286433661e+00
3.128042472236530092e+00
3.147891032577060155e+00
3.167407302986939843e+00
3.147243109139725714e+00
3.166720910221550778e+00
3.146560297433207420e+00
3.126471960722591703e+00
3.146277345416183202e+00
3.126199721588122760e+00
3.146041273844757402e+00
3.165560977728476555e+00
3.145419434387230595e+00
3.164901832412402527e+00
3.183455842060281871e+00
3.163809587548926050e+00
3.182390323497056084e+00
3.162742696718835678e+00
3.142601964976160289e+00
3.161592338231350663e+00
3.180759831252256031e+00
3.161114854425219445e+00
3.140978267231417487e+00
3.120934748485379995e+00
3.100274131155892121e+00
3.120977506257672562e+00
3.100206887247885401e+00
3.121291052306828462e+00
3.141392836457065574e+00
3.160404869494720881e+00
3.179555329705280986e+00
3.159938493551456506e+00
3.178561144886646428e+00
3.196793543594854903e+00
3.177143657050763181e+00
3.195418810966060619e+00
3.175761320021829093e+00
3.156134690404643006e+00
3.174859256274819241e+00
3.155233795223577609e+00
3.135122378157877421e+00
3.114404686976772307e+00
3.135078711767800286e+00
3.114374596391617622e+00
3.093671537196980292e+00
3.115286782643949870e+00
3.094570424218707316e+00
3.073899223677956094e+00
3.096829403244894863e+00
3.076259604733456943e+00
3.097691016444480638e+00
3.077137231158900921e+00
3.056678668518743258e+00
3.036361823869732746e+00
3.016231810388811052e+00
2.996331778177399929e+00
2.976702403920451712e+00
2.957381455722717600e+00
2.975394769296334729e+00
2.995505284597320905e+00
2.975807636303220427e+00
2.996248965026093281e+00
2.976428303380588947e+00
2.997152248017044052e+00
2.977211866081978631e+00
2.998179194573769912e+00
2.978123520014833936e+00
2.958307860158913893e+00
2.938770282768358832e+00
2.919547113026601526e+00
2.900167795220933264e+00
2.922424800321917537e+00
2.902912354850690324e+00
2.883737984347619410e+00
2.902192686858303450e+00
2.923893655485703125e+00
2.904794342897134563e+00
2.926537048201623747e+00
2.947606359080446214e+00
2.968451622629009634e+00
2.949253462594509934e+00
2.930210301513730631e+00
2.910845044214101396e+00
2.891691465078919610e+00
2.872100891053665173e+00
2.895674526087958167e+00
2.917453709047352461e+00
2.939537288563559336e+00
2.919985906180219359e+00
2.942056469001546493e+00
2.922444322724053301e+00
2.902997446874806986e+00
2.883081619171274035e+00
2.906832568646355863e+00
2.928737501874446369e+00
2.909174902628130166e+00
2.931572729761393603e+00
2.911953986064034883e+00
2.934360786743458682e+00
2.956475152858998978e+00
2.937130952393371519e+00
2.917394138585024166e+00
2.939308162811616221e+00
2.919533387585730555e+00
2.942499731049609046e+00
2.922672207134530353e+00
2.902992438299547562e+00
2.925707104168767447e+00
2.948170862807606873e+00
2.928267562743332775e+00
2.950673402560139102e+00
2.972170920396515204e+00
2.993237625704626481e+00
2.973594075236359213e+00
2.953990438076550262e+00
2.975519442218201860e+00
2.955882737772869362e+00
2.936332876923295032e+00
2.958259844059416999e+00
2.938677121222466049e+00
2.960587558558330556e+00
2.982064986174132404e+00
2.962350645744226352e+00
2.942701243022923574e+00
2.964599127638325893e+00
2.986046189898774017e+00
2.966284581904810480e+00
2.987727255025459439e+00
3.008666848248191972e+00
3.029067253413300076e+00
3.048899288944864949e+00
3.068700812359903995e+00
3.049517537876462292e+00
3.030044938439226510e+00
3.048843410357296779e+00
3.029085903041517369e+00
3.009197749630197372e+00
3.029794479373339566e+00
3.049788052842019592e+00
3.069721653747538692e+00
3.050439064828429192e+00
3.069506258357156181e+00
3.050189731736591359e+00
3.030569799647288676e+00
3.010717865658942394e+00
2.990706044560890398e+00
2.970606998573936064e+00
2.991103576606182202e+00
3.012404246039452893e+00
3.033095320626412406e+00
3.053152539342663285e+00
3.073131145757362681e+00
3.091917010279649602e+00
3.110801515598637934e+00
3.092492604320746796e+00
3.109702924575744820e+00
3.091340503241506887e+00
3.072423087290887089e+00
3.053034503670951416e+00
3.033258827670238134e+00
3.049917193989822639e+00
3.029818667320684611e+00
3.009567240237169816e+00
2.989219027331825984e+00
2.968833884136907297e+00
2.947932174113690795e+00
2.927076167586844413e+00
2.950730501505730796e+00
2.929890394194698544e+00
2.953492064051201460e+00
2.976566218625346316e+00
2.956242118749101699e+00
2.935416204817437258e+00
2.913968777213065575e+00
2.938492696552899908e+00
2.961881965214419044e+00
2.941085948363459490e+00
2.964340374676873946e+00
2.943554999205342693e+00
2.966730480329004216e+00
2.946492248848470386e+00
2.969055147274710205e+00
2.948819028842587286e+00
2.971316996461371041e+00
2.993269715697438826e+00
2.973010914414864647e+00
2.952772206688127454e+00
2.932044413286887696e+00
2.910708310351279859e+00
2.889361423737494494e+00
2.868056114013863400e+00
2.846845014366519599e+00
2.876004056416267218e+00
2.854955631334392674e+00
2.834050907009585174e+00
2.861542080403923549e+00
2.885385337735296485e+00
2.908943158049345445e+00
2.932813039553815226e+00
2.956028952269812216e+00
2.978154658622313988e+00
2.958036702306808152e+00
2.937444269137053698e+00
2.960508160841791359e+00
2.982533396610852261e+00
2.962408154458781695e+00
2.941805692420081275e+00
2.921280022502639628e+00
2.944622026952174565e+00
2.967560437081258495e+00
2.947483206515916887e+00
2.969796251513573626e+00
2.991595595688648856e+00
3.012837659498772691e+00
3.033487466109731301e+00
3.013451860036478358e+00
3.034111917095135613e+00
3.014062102492662376e+00
2.993916373284875476e+00
3.015174713493791181e+00
3.035823931999214409e+00
3.055838976010830432e+00
3.075782820639173298e+00
3.095242331461847130e+00
3.076611269463390919e+00
3.093773897267488859e+00
3.074609057860364647e+00
3.055065702849885323e+00
3.035212167019269547e+00
3.053996693544032137e+00
3.033934977667579247e+00
3.054191523219399240e+00
3.034119549005881655e+00
3.054387462331255243e+00
3.074548679839825827e+00
3.093479357636601978e+00
3.112488288074887421e+00
3.094076729296891592e+00
3.075094593734725379e+00
3.055626213010949943e+00
3.035756455444027058e+00
3.052412164178542220e+00
3.072749492124314141e+00
3.053133450006535021e+00
3.033185112218731661e+00
3.052487933754406413e+00
3.032273710983739878e+00
3.052759599082196740e+00
3.073114315421071385e+00
3.092218117637755448e+00
3.072862551088352046e+00
3.091572871295859226e+00
3.072191885129627043e+00
3.052422422944581104e+00
3.032335249151903334e+00
3.012003249601403532e+00
3.031736694717061198e+00
3.011297396042904140e+00
3.032534304699912919e+00
3.053069471338341057e+00
3.032810485491012731e+00
3.012382484289843010e+00
2.991843568969917211e+00
2.971255895054742524e+00
2.993645558088218195e+00
3.015390666593168234e+00
3.036459891363907815e+00
3.056831335601230215e+00
3.077077932202787469e+00
3.057476703725729994e+00
3.037527648844925210e+00
3.056719358692703281e+00
3.036497085469135548e+00
3.056899165081604419e+00
3.077171122586609187e+00
3.057551413470475765e+00
3.076887595534321118e+00
3.096639322610601930e+00
3.115000479122982835e+00
3.096517154129782678e+00
3.077444980815769782e+00
3.057868857200632284e+00
3.074719315551880161e+00
3.055003635035010934e+00
3.034941826835690915e+00
3.054337825821622943e+00
3.034012394769679766e+00
3.013510949025587138e+00
3.034775984656403747e+00
3.014288338625285668e+00
3.035517529391735359e+00
3.056031755118010285e+00
3.076404095580981046e+00
3.096223305179190977e+00
3.114644676162424464e+00
3.132338715811292751e+00
3.114205322422983091e+00
3.095432676923497439e+00
3.076100965950315569e+00
3.092095696623018863e+00
3.072589106360696043e+00
3.091488302828141244e+00
3.110853766737183612e+00
3.128763345851645283e+00
3.145940572021283188e+00
3.165312108816230374e+00
3.180839368321969118e+00
3.200193233340059784e+00
3.213721222758895824e+00
3.226722604079022894e+00
3.239205014738572252e+00
3.251178889246560733e+00
3.262656296685121138e+00
3.249183082839949943e+00
3.262996600917491108e+00
3.248896835556569496e+00
3.234196165721384908e+00
3.218950766784693496e+00
3.233999778732508545e+00
3.218345254793165910e+00
3.202251781953139975e+00
3.217994684561482188e+00
3.233294382191362448e+00
3.248153665298107118e+00
3.262577284048469028e+00
3.246496721112948070e+00
3.261094116574867030e+00
3.275258712415845430e+00
3.259041476111419922e+00
3.242431708099857701e+00
3.225466302368048765e+00
3.208187121085993354e+00
3.224318239129654540e+00
3.240000649127460886e+00
3.222654788315709951e+00
3.238479752126301126e+00
3.220964322486320253e+00
3.203187599256765328e+00
3.219716530333991855e+00
3.235795167222845770e+00
3.251421420225865333e+00
3.266595628845435417e+00
3.281320176642750663e+00
3.263924950790485724e+00
3.278823219071158146e+00
3.261267722316735895e+00
3.243408528499205801e+00
3.225283174978591294e+00
3.241544436736301105e+00
3.257339595774203733e+00
3.272668650123588652e+00
3.254710995993480793e+00
3.270191981876277687e+00
3.285204658207836026e+00
3.300306081019456439e+00
3.314426977800672525e+00
3.297280318351561768e+00
3.311165423572827393e+00
3.325722360367342922e+00
3.339164284781004799e+00
3.322879209682146673e+00
3.305980757553593996e+00
3.318404003238221822e+00
3.301525173432208859e+00
3.315016387698566547e+00
3.329018204856474483e+00
3.342550376395447831e+00
3.326102071263163928e+00
3.338721477512991420e+00
3.351985393015782133e+00
3.367482576515903769e+00
3.351857701277872970e+00
3.335582574362723207e+00
3.318710540301215151e+00
3.300745538410067237e+00
3.282273092746183618e+00
3.299435525156666049e+00
3.280630577318361940e+00
3.297990800279029244e+00
3.314395098424076647e+00
3.330365092906085955e+00
3.346410545871738140e+00
3.361509200998449298e+00
3.376207380072111519e+00
3.390516191386375056e+00
3.404446482177359012e+00
3.418008750235035365e+00
3.435091047930329822e+00
3.447481437787337732e+00
3.459590405758091070e+00
3.443452535317436336e+00
3.455764202090048087e+00
3.439406726010302506e+00
3.451915934993065704e+00
3.435354818204066074e+00
3.448055974634144594e+00
3.460463423596835231e+00
3.443782800398856203e+00
3.426851666278198483e+00
3.439932349477599960e+00
3.452711846600327039e+00
3.435684005209981073e+00
3.418433993251031922e+00
3.431868370180775507e+00
3.444996234907077515e+00
3.427666468137609002e+00
3.440966365082276823e+00
3.453956153724656808e+00
3.436559064067623126e+00
3.418957420605761133e+00
3.401190172774664511e+00
3.415280435488222466e+00
3.429058785041533497e+00
3.411232877526023000e+00
3.425158661064081400e+00
3.407230802080873033e+00
3.421298082881930380e+00
3.403276230188927443e+00
3.417479196481358006e+00
3.399370928107980028e+00
3.381165832341877397e+00
3.362911232749409063e+00
3.378051719251054408e+00
3.392896438447507101e+00
3.407436043602096287e+00
3.389120235836590833e+00
3.403775625084986434e+00
3.385399202437485044e+00
3.366977312383933274e+00
3.382133831732156093e+00
3.363672919446807352e+00
3.378914950123811600e+00
3.393862356365649813e+00
3.375344259860002527e+00
3.356817527886152508e+00
3.337752307881142855e+00
3.353494165977985553e+00
3.334426490386221964e+00
3.314697462766797997e+00
3.331855951593609255e+00
3.311996402141380802e+00
3.292101244826191486e+00
3.272215103728010721e+00
3.293366671448604954e+00
3.309853909978224262e+00
3.290043342662134940e+00
3.270264035560975113e+00
3.250560509181287916e+00
3.266582578719802399e+00
3.246760705205836928e+00
3.263203229277035433e+00
3.243264508638565413e+00
3.223438740310764494e+00
3.203769059733021507e+00
3.221084755210755546e+00
3.201315679073355458e+00
3.218907087395361355e+00
3.236496729467282396e+00
3.216380934532094393e+00
3.234203007745488634e+00
3.251946992483915722e+00
3.231534288139797706e+00
3.211226933637970848e+00
3.191070049015571897e+00
3.171108248983337319e+00
3.151385114300753187e+00
3.167990611130323764e+00
3.186530753203759225e+00
3.166635519097553253e+00
3.146975677184026932e+00
3.127592267921150526e+00
3.146603908389048243e+00
3.165543214570305075e+00
3.145796425486763859e+00
3.125789344496235689e+00
3.106065197452692939e+00
3.085956324242484783e+00
3.106364085371060124e+00
3.126469829712471338e+00
3.145796865014900856e+00
3.165515538959882136e+00
3.145626347902591657e+00
3.164871804604914463e+00
3.144947906639915303e+00
3.124731945240621034e+00
3.144209755957994457e+00
3.164124154145678158e+00
3.183320656911824198e+00
3.163080273909054885e+00
3.182343466919075770e+00
3.162073410054189182e+00
3.141495280810157276e+00
3.121154148611032575e+00
3.100380653540351528e+00
3.121970212444674875e+00
3.101156359665629303e+00
3.122335664339082939e+00
3.101498537380687814e+00
3.080819702805985383e+00
3.102762214786642936e+00
3.082031051856543691e+00
3.061486245677409457e+00
3.084632939311791500e+00
3.064147118692672311e+00
3.043883179424132557e+00
3.063844135753360121e+00
3.083332529184183102e+00
3.063369398775941388e+00
3.043556878844470681e+00
3.066294488016737763e+00
3.046556219299016099e+00
3.027006053778870776e+00
3.007679280858402304e+00
3.026481515691824775e+00
3.045557258294417924e+00
3.025716978876233476e+00
3.006069024018507285e+00
2.986647840247126595e+00
3.004114931841110003e+00
3.023846130880483596e+00
3.043610268306765843e+00
3.063336429567836472e+00
3.043082733898652581e+00
3.063063563471493556e+00
3.042694437874882585e+00
3.022421833814957548e+00
3.002282628051972324e+00
3.023139163690181430e+00
3.043842863824995693e+00
3.064343890068628173e+00
3.043697680505563774e+00
3.023120117192512168e+00
3.044162775183784753e+00
3.023495639145438840e+00
3.044668873232049933e+00
3.023917441105623105e+00
3.045208317134652898e+00
3.066194195330192329e+00
3.087406466624967649e+00
3.107718925860113224e+00
3.087050626189330238e+00
3.066216696179466350e+00
3.086413798037172196e+00
3.065592152410889337e+00
3.044644512637844969e+00
3.064946754113344163e+00
3.086587103334242688e+00
3.107258524329489457e+00
3.086350650610356183e+00
3.106686185678992462e+00
3.085714878782329862e+00
3.106143875288834177e+00
3.085113168929406680e+00
3.063892035633535293e+00
3.042543497104646999e+00
3.021131465591666121e+00
3.042026264522645018e+00
3.020457782683748427e+00
3.042922577572901854e+00
3.021325343971907884e+00
2.999787017371462028e+00
2.978359612886822383e+00
3.001674725051786563e+00
3.024573299956715200e+00
3.047021683335200848e+00
3.025366476085967093e+00
3.003757576036836241e+00
3.026676935717143913e+00
3.049135882640447104e+00
3.027436874828667079e+00
3.005777370766927081e+00
2.984210206006813859e+00
3.007558852869719246e+00
2.985974638843827300e+00
2.964532720848040093e+00
2.942726036912891807e+00
2.921131404179944990e+00
2.945926152746565663e+00
2.924316199187905863e+00
2.902211586738598914e+00
2.880243538038883333e+00
2.907337253612063410e+00
2.885310851052530712e+00
2.863448610836753172e+00
2.887253312630481350e+00
2.910922484263636534e+00
2.889551853270488024e+00
2.914511366689942040e+00
2.893157491590910180e+00
2.871858227541661535e+00
2.850662311328290066e+00
2.879197615453770620e+00
2.902817950456202389e+00
2.881629787284328170e+00
2.906585293031067163e+00
2.885403569596911577e+00
2.864293621224984321e+00
2.843303352346003177e+00
2.871856853329992632e+00
2.895426018560953718e+00
2.918697709604414214e+00
