1.898241656724590221e-01
1.896325523115734435e-01
1.894088788827384129e-01
1.891596321203185271e-01
1.888827014998480380e-01
1.885763262622495717e-01
1.882389446479976747e-01
1.878692873703742272e-01
1.874664776998904436e-01
1.870116928404650658e-01
1.865096525240233505e-01
1.859411422114792545e-01
1.853180655066266891e-01
1.846384844526346991e-01
1.839020664640115543e-01
1.831099993915414892e-01
1.822650438193869626e-01
1.813492174666893053e-01
1.803565696140908836e-01
1.793333759930087756e-01
1.781937601690135320e-01
1.770563599350414019e-01
1.758850815512080501e-01
1.746900170654702711e-01
1.734822013320931611e-01
1.721801143957771840e-01
1.709301187246252962e-01
1.696847605701321260e-01
1.684240937866923193e-01
1.671695515873238280e-01
1.659264100009621157e-01
1.646973781638698398e-01
1.634859944006976928e-01
1.622600232770716189e-01
1.610449369522774510e-01
1.598433743013748520e-01
1.586327601723663272e-01
1.574055754739607238e-01
1.561164348489244014e-01
1.549400608141186797e-01
1.537478586564780536e-01
1.525626829807552876e-01
1.513784305016732668e-01
1.501978735282464006e-01
1.489984815457490175e-01
1.478141796400518349e-01
1.466334421039734714e-01
1.454035663499584352e-01
1.441896733227407690e-01
1.429500571820481181e-01
1.417725912827931534e-01
1.406000840331749213e-01
1.394365547457209475e-01
1.381776546278236650e-01
1.370119191347410337e-01
1.357343107244853853e-01
1.345402126562383893e-01
1.334001535877538114e-01
1.322455260189288606e-01
1.310944740918774110e-01
1.299496160291441771e-01
1.287888743819306514e-01
1.276446276389759105e-01
1.265045073011004106e-01
1.253201773486128656e-01
1.242073783530202591e-01
1.230691440906753337e-01
1.219312240938288383e-01
1.207961111168286833e-01
1.196672145003642995e-01
1.185231564486720901e-01
1.173956625664924203e-01
1.162448211266431247e-01
1.151128330686396195e-01
1.139446924044898724e-01
1.128221007047521263e-01
1.116676733272779776e-01
1.105564810006188503e-01
1.094535432368561600e-01
1.083385448745070451e-01
1.072402847147488764e-01
1.060933312882047092e-01
1.050223454122419658e-01
1.038862463223070437e-01
1.028169023242195002e-01
1.017325845603903878e-01
1.005859475476462150e-01
9.950322755299259581e-02
9.845583602562185677e-02
9.739327990213450525e-02
9.627969301901480315e-02
9.523594072742309902e-02
9.413454589556090324e-02
9.308517911841630854e-02
9.197056249465228317e-02
9.084598610423361142e-02
8.979036146089741655e-02
8.873828650281115338e-02
8.766386690740464449e-02
8.652937479916067431e-02
8.539655468953794015e-02
8.426060268643806306e-02
8.318926479275914887e-02
8.202427145642753048e-02
8.092189523956512531e-02
7.982022178837706872e-02
7.869912333691279904e-02
7.758774612173084673e-02
7.639017616088307483e-02
7.530588214157492299e-02
7.422673542891856935e-02
7.315640738109359387e-02
7.206420269837734982e-02
7.097666896005117021e-02
6.989665624832923363e-02
6.880118279451044594e-02
6.775094293724177874e-02
6.665902396838824240e-02
6.558528814055640532e-02
6.455169909405671091e-02
6.347067326278872657e-02
6.244338379105549008e-02
6.140189622542819442e-02
6.036438306921865921e-02
5.925147800651431318e-02
5.813953327853537550e-02
5.711254269045049764e-02
5.603870181830480912e-02
5.501835753921797967e-02
5.402297514954422508e-02
5.303598708540168544e-02
5.204613732683594646e-02
5.104258017739327080e-02
4.999549215862506696e-02
4.901391124841695396e-02
4.791516733462732741e-02
4.697098031629114850e-02
4.601072318161077146e-02
4.505407794024720441e-02
4.410229840279878549e-02
4.315694205444979559e-02
4.220576911168141127e-02
4.123767187357593039e-02
4.024419283609100700e-02
3.928008466437895446e-02
3.831812955992913716e-02
3.730403880071569978e-02
3.633647523558512782e-02
3.536528771843125418e-02
3.439234730136276480e-02
3.341998911518866827e-02
3.233660257197560478e-02
3.133909867181806225e-02
3.030950882427987242e-02
2.931451452197566740e-02
2.819079859019459761e-02
2.722346666331690659e-02
2.623454867471132143e-02
2.524567485507972844e-02
2.420013305889526581e-02
2.321641001620544306e-02
2.222561342162856016e-02
2.121627799158653377e-02
2.017625810846750828e-02
1.916828711448489292e-02
1.802352771453970964e-02
1.703410923652556169e-02
1.604801345714641780e-02
1.506977175884668951e-02
1.410446954132530892e-02
1.315832484038995283e-02
1.212462807430021196e-02
1.118596967264275793e-02
1.031991508777323381e-02
9.400920296711023916e-03
8.540518029536569786e-03
7.819754371333946172e-03
7.106903795840823282e-03
6.482649031707568912e-03
5.907143296563661765e-03
5.350981074507154232e-03
4.812292422017938089e-03
4.387693758234145411e-03
4.005349105226533278e-03
3.662536047935165476e-03
3.303438320403180237e-03
3.038048550756025212e-03
2.802298880231758084e-03
2.556102170972516293e-03
2.374373554435199509e-03
2.213448031363456775e-03
2.071189543419409487e-03
1.945590254369660614e-03
1.834802022450134811e-03
1.733300621228695340e-03
1.644782909469079055e-03
1.570011479309566492e-03
1.469650898002086399e-03
1.412955519575749422e-03
1.362906347358489945e-03
1.318653697747473657e-03
1.279448864805852234e-03
1.244633225478340407e-03
1.215244825655903112e-03
1.187715642981115828e-03
1.163034995415962187e-03
1.140815450019650769e-03
1.120718490363476318e-03
1.102448585650170516e-03
1.085748016427367808e-03
1.070392291532330916e-03
1.065632494673947805e-03
1.061562758952303400e-03
1.058069907166209796e-03
1.053998531921861593e-03
1.050190207130703756e-03
1.046568903584043850e-03
1.043069257232988149e-03
1.039635349971330253e-03
1.036219393839146524e-03
1.032780606096621962e-03
1.029284248933980302e-03
1.025700810898636482e-03
9.605559405745314359e-04
9.579243184470735868e-04
9.551873944899565714e-04
9.523234751613647185e-04
9.493142376704595238e-04
9.461443035012805309e-04
9.453776941378735487e-04
9.445198871345356463e-04
9.409027641096010842e-04
9.371099494005559905e-04
9.331331153161153249e-04
9.321856129064012841e-04
9.278967649066958111e-04
9.234185879320203029e-04
9.282143405819276915e-04
9.326679820811470704e-04
9.367995713335510941e-04
9.396435366364848038e-04
9.455695639216290648e-04
9.474035085677623208e-04
9.488528249238084361e-04
9.520454796761884143e-04
9.526026920269269581e-04
9.528170315955149499e-04
9.526900857396704237e-04
9.522235629817715329e-04
9.535846125072948258e-04
9.524089033438967213e-04
9.509215690600150098e-04
9.491227005184574208e-04
9.470129001784662786e-04
9.445932915372769320e-04
9.418655538283714646e-04
9.388319561320927677e-04
9.387150573927415063e-04
9.384244205109769366e-04
9.379878721096291316e-04
9.340087243678959128e-04
9.297753092793926586e-04
9.252876772015244640e-04
9.339033686209109557e-04
9.333639234581657179e-04
9.373779435716824652e-04
9.285566279131685953e-04
9.330257424560655733e-04
9.362363733546368244e-04
9.390130221734510532e-04
9.413566328657152005e-04
9.432688044600634871e-04
9.476017565923095919e-04
9.484715787379519774e-04
9.489529861739845733e-04
9.490461446765878148e-04
9.487518857029892056e-04
9.480716918515766627e-04
9.498721420353909784e-04
9.483871693203526319e-04
9.495309307862077365e-04
9.473378615306882883e-04
9.448176976073760849e-04
9.419704453148569114e-04
9.387972454169624722e-04
9.353003225429522196e-04
9.314829648100503984e-04
9.273495011795829159e-04
9.273392447538497891e-04
9.363337662262864345e-04
9.403012524716389134e-04
9.321490538571526336e-04
9.364948904613115211e-04
9.396347053324073445e-04
9.423605072679772402e-04
9.446690941989037546e-04
9.465581875753222582e-04
9.480263763063238088e-04
9.384482338708332195e-04
9.398487155170634228e-04
9.408266099757829582e-04
9.413759971974265672e-04
9.414935151271855429e-04
9.411779694706504237e-04
9.427805171597908448e-04
9.416342415062385141e-04
9.400852157423293925e-04
9.381349825924808778e-04
9.357866041625637022e-04
9.330445024503098263e-04
9.299143550638746787e-04
9.134415581049606546e-04
9.107202693275676889e-04
9.167686778096852118e-04
9.224756219860671090e-04
9.278469383455271134e-04
9.319385951714110640e-04
9.384260993560315572e-04
9.414345323752962985e-04
9.476747207319924458e-04
9.498406370857545664e-04
9.515980790238032401e-04
9.529431165238983186e-04
9.552993739044505356e-04
9.557692898337505089e-04
9.558501420738783286e-04
9.555386392643947001e-04
9.548326310777652086e-04
9.537310322950347903e-04
9.522337895034176406e-04
9.543474385425777156e-04
9.520048289893962273e-04
9.493024872321422858e-04
9.462405350182339194e-04
9.428204020599746443e-04
9.390447549161902050e-04
9.349174703284636283e-04
9.304436076594182082e-04
9.354173906601229768e-04
9.243957378146040651e-04
9.297545881580714837e-04
9.205559763868058094e-04
9.253300813106938878e-04
9.296034870244811654e-04
9.333689673899801462e-04
9.366215142037024070e-04
9.441521163108556637e-04
9.460166957800950419e-04
9.474186430750288846e-04
9.483543933055586881e-04
9.488219145835254239e-04
9.488205752668227430e-04
9.483510522697382889e-04
9.474152619962094039e-04
9.460163088868668666e-04
9.305234170036822848e-04
9.316755622244026402e-04
9.301652584780723291e-04
9.282204276296530422e-04
9.288875168529979942e-04
9.292701188991322374e-04
9.263897549293582945e-04
9.231096996533785012e-04
9.233172809408950014e-04
9.287098928088782616e-04
9.338430882549995102e-04
9.387159627633059411e-04
9.423444289593249992e-04
9.455351418595558466e-04
9.482787797770996516e-04
9.505674422044649210e-04
9.568376004021656887e-04
9.578943848297232508e-04
9.585332813348221032e-04
9.587466652978953461e-04
9.585283883480421414e-04
9.612276768565928458e-04
9.600878336700682933e-04
9.585433777952603136e-04
9.394930068129412823e-04
9.385010217220207803e-04
9.392107425053078905e-04
9.375250676783215310e-04
9.379503539799315245e-04
9.356155782664738688e-04
9.328640252162139282e-04
9.296898839832895989e-04
9.260907636625316129e-04
9.357362241343306162e-04
9.405024931529102879e-04
9.450536943522795099e-04
9.493871135783967918e-04
9.524652922920748711e-04
9.551317815752498460e-04
9.573738521162041730e-04
9.637503416323769901e-04
9.647795400725095276e-04
9.683614990644523555e-04
9.684556734320450564e-04
9.681739737636142458e-04
9.675030718940680471e-04
9.664315616240193351e-04
9.686344805831429523e-04
9.667299014992201565e-04
9.683994786292140578e-04
9.657504221208354934e-04
9.627335893095352115e-04
9.593394511967335376e-04
9.555609540546878373e-04
9.513934081134235114e-04
9.468344276435900495e-04
9.509706280786921206e-04
9.549468238576340516e-04
9.587582671516841140e-04
9.614118397294856141e-04
9.550013010365121513e-04
9.650563383594948797e-04
9.669613487001736760e-04
9.684968724244698030e-04
9.729134252833457038e-04
9.734481866445908634e-04
9.736119510426472900e-04
9.767751800965958787e-04
9.760422821716033476e-04
9.749379631731493580e-04
9.734459018022987176e-04
9.715522643283849022e-04
9.692455881472455135e-04
9.665167243626291782e-04
9.633587961764651306e-04
9.597671666951673687e-04
9.472408250757224967e-04
9.439347869203899670e-04
9.401736395650154079e-04
9.451293551602436187e-04
9.498932397448789453e-04
9.544576760441832262e-04
9.649661292606942064e-04
9.674680260653390970e-04
9.744034970679318333e-04
9.759651554065591197e-04
9.771981899885035308e-04
9.780794636196448160e-04
9.785878747001182723e-04
9.824350168742949658e-04
9.855647047219602292e-04
9.880885506172222034e-04
9.901009382969764086e-04
9.884161525641893542e-04
9.864375496575303760e-04
9.881125233956542658e-04
9.894334028197656738e-04
9.904550528510641313e-04
9.873628935333739025e-04
9.839840312877673294e-04
9.850815535977018155e-04
9.811829461581034022e-04
9.769665118797960478e-04
9.570306337576267716e-04
9.539014923420626813e-04
9.542006539320131318e-04
9.505899046623015073e-04
9.465481155480702079e-04
9.420595125396475245e-04
9.468201794524106320e-04
9.514636851330877899e-04
9.549872308998309627e-04
9.581520009529899493e-04
9.609262706302572126e-04
9.632808280700877121e-04
9.651888969852013547e-04
9.666261333705590065e-04
9.675706478218793188e-04
9.746179622016130873e-04
9.742302696499680189e-04
9.733731265993462740e-04
9.720277548183103768e-04
9.701784307531202732e-04
9.678124764575844014e-04
9.649202791701826012e-04
9.614953031781394224e-04
9.575340891177787058e-04
9.481797411813404266e-04
9.443498627870381378e-04
9.495764660743415998e-04
9.546435078786283954e-04
9.595368073894863055e-04
9.460267055349876227e-04
9.500533070046572300e-04
9.536868254740356191e-04
9.568905178586788532e-04
9.596307533414238011e-04
9.618771093722168833e-04
9.636021667356741306e-04
9.647815828012365827e-04
9.653941121669658808e-04
9.654216385878368507e-04
9.648492118243007665e-04
9.636650836229055262e-04
9.618607375993004681e-04
9.594309083574455166e-04
9.563733557129638040e-04
9.526896162801800445e-04
9.505975711322159219e-04
9.557499098066790915e-04
9.607583096407811473e-04
9.656073356058411314e-04
9.522201010723245962e-04
9.572900723331287083e-04
9.609261088496879114e-04
9.642424779113630733e-04
9.671954118911914138e-04
9.697441278888522089e-04
9.718509356513065555e-04
9.734812280596593726e-04
9.613001749641282567e-04
9.631952498665378570e-04
9.645242004157199593e-04
9.652546815954095869e-04
9.653596667392930599e-04
9.648180543115428840e-04
9.636133938894189026e-04
9.617339577263731313e-04
9.591725321337225005e-04
9.559262373528735297e-04
9.612014031294195638e-04
9.663125499646741572e-04
9.712513819928892669e-04
9.759393721258299284e-04
9.791405942842883181e-04
9.818975035689497984e-04
9.841807969746790407e-04
9.859623466443245225e-04
9.872154361688016515e-04
9.879150087808534486e-04
9.800389562506675416e-04
9.855120639989023348e-04
9.898129680003598437e-04
9.893620178964516055e-04
9.928441001408213045e-04
9.915324745861191485e-04
9.897036878588711881e-04
9.873250646573515730e-04
9.843704527391819014e-04
9.808183001582834824e-04
9.766521006335554707e-04
9.832280560474766090e-04
9.779710702190707976e-04
9.824843311598708412e-04
9.855099184901414469e-04
9.885996747544024705e-04
9.917288408126966916e-04
9.938194983874952884e-04
9.956529909047110143e-04
9.971814076667445247e-04
9.983580897813737129e-04
9.991380501951866583e-04
9.994782529081393512e-04
9.993379814745707683e-04
9.986792357329463306e-04
9.974670169167079801e-04
9.934520426715194499e-04
9.919700401967870926e-04
9.978881552552751593e-04
1.002724361897640738e-03
9.998160746854658706e-04
9.963642166356009681e-04
9.923335704901919529e-04
9.974482908776465765e-04
9.925706636365963249e-04
9.871076929416431733e-04
9.924429190104366080e-04
9.862242789394316204e-04
9.892925592455456118e-04
9.924664139279071491e-04
9.946739986444713254e-04
9.966673842372729842e-04
9.983888256707520482e-04
9.997817575345853414e-04
1.000791192825474128e-03
1.001364184582977405e-03
9.913332458141507764e-04
9.924208865891030653e-04
9.929127962086800249e-04
9.927600230457368433e-04
1.003191339387740633e-03
1.001484613843376921e-03
9.991443967076931582e-04
9.961335289937406964e-04
9.924215602214229125e-04
9.999839539282331415e-04
9.952131146369657191e-04
9.897583898740914318e-04
9.932770289090629527e-04
9.968685678037071934e-04
9.994847831536752929e-04
1.001855100185887644e-03
9.545556645557135705e-04
9.597633933601066192e-04
9.645823939383187757e-04
9.689392196348551580e-04
9.727649365194301337e-04
9.759951941347521200e-04
9.785703960694721454e-04
9.804359428032655664e-04
9.815425336495051892e-04
9.818465173811086362e-04
9.813102280162560448e-04
9.799023520397592661e-04
9.775982168516257273e-04
9.743800411286341950e-04
9.808923780729224967e-04
9.863576216505110048e-04
9.907348798223198760e-04
9.947473909013976583e-04
9.580903573216478395e-04
9.638690982693951274e-04
9.692053343607088265e-04
9.740271683427711774e-04
9.782660715266452717e-04
9.818571017809491625e-04
9.847392417759366114e-04
9.868557790609683213e-04
9.881548173777579113e-04
9.885897832360539261e-04
9.881199533528152879e-04
9.876304402067074325e-04
9.693695073094931152e-04
9.690081066371698413e-04
9.675973593336064348e-04
9.774048252220199177e-04
9.748097771345934229e-04
9.811752385484942551e-04
9.874621128932918688e-04
9.926010663795640284e-04
9.973188485570235514e-04
1.001554692053607983e-03
1.005247399681542548e-03
1.028464749019368431e-03
1.040909481281129118e-03
1.050124622694557962e-03
1.051309112472334452e-03
1.059385626683568248e-03
1.060074334374979353e-03
1.066292766310744612e-03
1.066616078622367129e-03
1.066579928544040060e-03
1.073562433450490905e-03
1.073393171930005783e-03
1.072824715858643630e-03
1.071790745551319014e-03
1.074975152983393464e-03
1.073171353091417366e-03
1.070827614699452904e-03
1.067881159679743078e-03
1.064273817148132491e-03
1.059952559703933447e-03
1.066765043806386370e-03
1.061660545535293883e-03
1.055820899897009189e-03
1.063574687270000532e-03
1.069741313256294740e-03
1.063514503174196532e-03
1.069604602865476331e-03
1.063025863010423969e-03
1.055745319300748029e-03
1.047712487134498443e-03
1.056839210033878916e-03
1.048457852887253912e-03
1.048933064775160870e-03
1.059222868982444233e-03
1.059421111328760724e-03
1.059953369265220812e-03
1.012107462367770527e-03
1.013846838487329803e-03
1.018458521616965196e-03
1.011599296220238404e-03
1.016451228945563275e-03
1.021300143854029542e-03
1.025041035201680302e-03
1.028396929625942412e-03
1.031296357077939388e-03
1.033667338354311415e-03
1.048758547270846157e-03
1.051090658304095230e-03
1.052848918154500237e-03
1.053965680630587721e-03
1.054374570374705215e-03
1.054011312948418795e-03
1.052814664332911822e-03
1.050727534134346126e-03
1.064658074779587914e-03
1.073813610391124865e-03
1.070195142056072765e-03
1.065772436792318230e-03
1.060484412624598978e-03
1.054278679176995749e-03
1.047112195106647851e-03
1.048990131485578363e-03
1.051124765308092792e-03
1.052391928729100963e-03
1.053527278714601161e-03
1.054451223403674986e-03
1.015052514597781933e-03
1.017783373738869032e-03
1.020293272377409931e-03
1.022480527064363381e-03
1.024242192603476648e-03
1.025475190802050676e-03
1.049790217364468970e-03
1.068000493715869992e-03
1.089020017985940433e-03
1.089147968458559169e-03
1.088879875899051919e-03
1.088126496811400853e-03
1.086800330889266470e-03
1.084816339154066759e-03
1.096141711642925707e-03
1.093177512944692878e-03
1.102587988853380397e-03
1.098953982601820608e-03
1.094577058210165210e-03
1.104184631838934930e-03
1.110676769488012266e-03
1.106341294971071925e-03
1.101258307089584589e-03
1.095344327248246128e-03
1.088524235171721508e-03
1.080732281231483244e-03
1.081007824391694164e-03
1.081610406008133357e-03
1.082536536712722704e-03
1.082563687995340748e-03
1.082489650244351049e-03
1.082227555543363541e-03
1.081682481464009112e-03
1.080752996746814788e-03
1.079333090268222830e-03
1.090803665799004903e-03
1.089419732047652422e-03
1.087300186373733098e-03
1.053502562914262509e-03
1.062402401280171469e-03
1.067828625308911688e-03
1.070245712701984285e-03
1.055953889690775362e-03
1.056733575577953809e-03
1.067851952638152260e-03
1.064559026748425384e-03
1.055129721565397629e-03
1.068903070084343014e-03
1.078323776562213577e-03
1.083990019042314120e-03
1.086376391748566320e-03
1.064216510617525032e-03
1.072482942138464502e-03
1.076666941375734954e-03
1.077306616303067704e-03
1.066196284318294109e-03
1.062567110924368370e-03
1.071727844125065169e-03
1.076604266868421127e-03
1.077761767285820380e-03
1.075653133806334484e-03
1.080466033383941423e-03
1.084392122579779655e-03
1.086520223415253202e-03
1.060580513629032521e-03
1.064961992419360352e-03
1.068073371597429589e-03
1.070718147434704653e-03
1.072835814347436988e-03
1.074353676608369489e-03
1.075187665173841589e-03
1.075244101788859399e-03
1.074422226632612424e-03
1.048544914987248073e-03
1.059530344832920832e-03
1.066593156228108803e-03
1.070255236519149526e-03
1.070918290363429611e-03
1.068890209612139569e-03
1.065969504422990301e-03
1.064835261824852468e-03
1.061840149999411639e-03
1.067186411258800151e-03
1.085213209668590452e-03
1.088966772541478294e-03
1.092739140565524838e-03
1.096560331886598178e-03
1.099189717888773366e-03
1.101430820098755863e-03
1.103201584481531584e-03
1.104405740515559389e-03
1.104934225491586465e-03
1.104667461748026899e-03
1.103478419553247363e-03
1.101236341315748029e-03
1.099157230168162436e-03
1.100226094786069773e-03
1.138097892490993676e-03
1.147504768665889548e-03
1.153599138385680246e-03
1.156871344766111781e-03
1.157678417747765726e-03
1.156273275132475593e-03
1.152829301078027923e-03
1.147461133118724171e-03
1.149430771570081160e-03
1.151368628757574921e-03
1.153381396743706445e-03
1.154353410232131791e-03
1.146953029105590802e-03
1.084934249163794487e-03
1.098787409694445627e-03
1.109407260497909022e-03
1.117366117085661107e-03
1.123086818596812433e-03
1.126868145646738430e-03
1.128906458121888565e-03
1.129314901350677225e-03
1.063138215185102740e-03
1.103344213911531093e-03
1.111424458547595473e-03
1.116811143823383864e-03
1.107714443801799875e-03
1.118059743959723927e-03
1.131589073956625665e-03
1.140890433042590158e-03
1.147423857508924824e-03
1.151694742962669667e-03
1.154066362938390312e-03
1.154785003599692996e-03
1.094262879597083463e-03
1.102349849103875616e-03
1.107636960823100286e-03
1.110662105194141699e-03
1.090164727128106010e-03
1.097967433381515177e-03
1.101709735715083018e-03
1.109265414005148210e-03
1.124683567397709999e-03
1.135500768922669251e-03
1.143211545392636315e-03
1.148381679792740079e-03
1.098396771305656895e-03
1.110475725969737974e-03
1.118995906060525668e-03
1.124624025876584795e-03
1.127851854784036548e-03
1.088062522947125590e-03
1.098139889772398051e-03
1.094814538362883297e-03
1.107744997832551094e-03
1.116953929711182129e-03
1.123135670512578335e-03
1.126805818632334267e-03
1.128332513085907214e-03
1.127962879036861245e-03
1.125846212447768370e-03
1.122054831311368418e-03
1.116603139937656598e-03
1.109465164491296469e-03
1.110655934344538043e-03
1.112423422544184075e-03
1.044287303686097616e-03
1.069008065336237052e-03
1.036001796520823410e-03
1.057897596258986980e-03
1.072549940986768004e-03
1.033685472523610850e-03
1.059067045100825109e-03
1.076827069411484409e-03
1.097250979997387195e-03
1.039099519358078604e-03
1.063784670073695659e-03
1.080710536272616075e-03
1.100788647150255373e-03
1.117046012315032468e-03
1.129030150171132091e-03
1.138092643198145189e-03
1.144665241695715097e-03
1.149065733467952936e-03
1.151510231874666940e-03
1.152125754676722961e-03
1.150963767158379647e-03
1.148014655003179452e-03
1.143222907518822405e-03
1.136502681521786443e-03
1.138372936115232114e-03
1.140832156308060289e-03
1.142611422750051953e-03
1.120191083736737578e-03
1.138587523531205733e-03
1.153479068292399302e-03
1.164413495552876071e-03
1.172827883677135790e-03
1.149512702323848487e-03
1.165616948730736511e-03
1.148048045454106878e-03
9.850734607951996784e-04
1.012498351267979895e-03
1.033776720218788610e-03
1.049938961196294910e-03
9.772185635050340512e-04
9.670637521560728790e-04
1.005110589917571420e-03
1.035539544414505698e-03
1.059563329471869186e-03
9.577457278293120910e-04
9.966197300256207040e-04
9.344324596150039479e-04
9.810418691976918910e-04
1.018682387421886376e-03
9.156893752746009122e-04
8.561498139326315310e-04
9.062942295619529770e-04
9.456021021102822832e-04
9.857015955624319047e-04
9.835473835487003758e-04
1.008808909234567988e-03
1.036732572712406424e-03
1.044438670293811088e-03
1.066573231307086029e-03
1.082457111108678675e-03
1.080020581131253040e-03
9.596985519396780294e-04
9.726611505153960353e-04
1.001058037452984273e-03
1.024371635144936911e-03
1.043340267111520859e-03
1.058537073008653396e-03
1.070399915836044678e-03
1.079255508933312912e-03
1.085339821563466181e-03
1.088815921146722623e-03
1.089789853655592691e-03
1.088325168536811256e-03
1.094328317015606572e-03
1.100144539003947109e-03
1.104701529858251492e-03
1.108805962488163856e-03
1.112416870911967079e-03
1.115449738406158178e-03
1.117781188540937836e-03
1.119254108199610161e-03
1.119684055550510936e-03
1.065104038659825869e-03
1.067386839451773531e-03
1.069515844654882978e-03
1.097585736443830494e-03
1.099001412467471694e-03
1.100185725869065861e-03
1.100997417651395282e-03
1.101270274649294089e-03
1.099692680369958927e-03
1.146896538791986617e-03
1.155365910470804213e-03
1.160705062633675096e-03
1.152087315263596468e-03
1.143129079622920994e-03
1.151764762310265693e-03
1.164096915734039476e-03
1.173445493203981518e-03
1.179362422009719042e-03
1.183113517264741199e-03
1.144547218693706039e-03
1.158824429113606983e-03
1.130982670625388332e-03
1.140492546592256377e-03
1.117307873616644196e-03
1.133819216142807748e-03
1.143696264681760702e-03
1.156876943762991192e-03
1.167053013824157024e-03
1.174944678541085114e-03
1.179760602011042979e-03
1.182759878927088252e-03
1.184192886838447440e-03
1.184215549694134142e-03
1.121235496614348542e-03
1.130707083722892877e-03
1.132725319176480609e-03
1.148002396462178588e-03
1.158425235856171435e-03
1.165611317722110548e-03
1.170141674828610936e-03
1.172436930194261035e-03
1.172782650560196026e-03
1.171351489020293606e-03
1.168223647979490945e-03
1.097436657860530618e-03
1.103010168757939018e-03
1.124598397774906203e-03
1.133051058005728196e-03
1.138243598992765048e-03
1.140807064880347598e-03
1.141190364812296951e-03
1.139690856812882206e-03
1.136481486581700446e-03
1.131635902225291632e-03
1.125152110162864214e-03
1.126072927441588468e-03
1.127767188335346239e-03
1.130235538090767740e-03
1.080904323238002489e-03
1.105012940431487727e-03
1.124737370003928540e-03
1.139898802185957717e-03
1.151913816663044767e-03
1.161297543404662350e-03
1.168407857066486788e-03
1.173466421015982239e-03
1.176579306350948161e-03
1.177757898675865257e-03
1.176940224103518746e-03
9.559541459281743455e-04
9.890416208493833707e-04
9.452562328404501583e-04
8.919113431735434076e-04
9.574391355132944124e-04
8.344889600030194450e-04
5.637762084177736985e-04
6.510913036801434413e-04
7.253280060962302017e-04
7.881881333887736556e-04
8.410555217905077777e-04
8.850606327386475146e-04
9.211305252447018295e-04
9.500289567111329554e-04
8.070870917850446859e-04
8.520538308391707597e-04
8.387187327372384133e-04
8.847326350276111693e-04
9.226580331623939748e-04
9.536876501665023879e-04
9.787558677988451427e-04
9.985877072432982129e-04
1.013738768239520532e-03
1.024629316042282180e-03
1.031574071861835439e-03
1.045514694389549975e-03
1.058555203051844956e-03
1.069716251477248383e-03
1.079909206182827095e-03
1.089154992793358321e-03
1.097402704864390522e-03
9.153696443279328836e-04
9.577730395346935321e-04
9.074765158437988252e-04
9.643612193488864445e-04
1.010644649887396064e-03
1.048487188076575221e-03
1.079140315474323448e-03
1.103616308275401272e-03
9.369489729726278695e-04
9.824369395619151919e-04
1.020003820447575775e-03
9.246826510541392239e-04
9.826459392116378058e-04
1.029501591753420077e-03
1.067490304321092346e-03
1.097905285655164168e-03
9.321262968204399981e-04
9.870735651509076128e-04
8.764743790498900249e-04
9.448344956182161457e-04
1.002011311174639359e-03
1.048713325669779501e-03
8.589218252531999895e-04
9.297840297502401544e-04
5.971580577419918290e-04
6.771478050598952808e-04
5.542319854672207117e-04
6.419600565884121379e-04
7.166733824978551402e-04
7.800634945744802217e-04
8.335048165770456673e-04
8.781189633067467597e-04
9.148244424138652622e-04
9.443766233614426771e-04
9.674005516556011784e-04
9.942670593717907544e-04
1.018084753677487003e-03
1.038282613579624356e-03
1.055912402271326706e-03
1.071227809707264462e-03
1.084389684111509034e-03
8.971166097444232407e-04
9.430687282157381758e-04
9.814524713935937096e-04
9.042666337526637701e-04
9.611075183557668371e-04
1.007257985704079241e-03
1.044930989094825045e-03
1.075379149121302334e-03
9.250219503221561923e-04
8.449669264664015893e-04
5.880172786473250807e-04
6.704755968567065487e-04
5.420162938603075974e-04
4.775066808781496972e-04
5.768093723807501093e-04
6.622630744141386541e-04
7.360357361240126668e-04
7.995811537643647939e-04
8.540727490897322919e-04
9.004628534766116353e-04
9.395250470954341886e-04
9.718884256991298801e-04
9.980659643017478471e-04
1.018478864618678698e-03
8.389258585884538282e-04
8.799444447606743786e-04
9.137517434352286074e-04
9.414128345970472662e-04
9.637481879852072102e-04
9.813812920426755529e-04
9.947782462135369534e-04
8.840746398984070413e-04
9.124584242553301916e-04
9.356479356795948483e-04
9.544373023115731644e-04
9.694026994727423813e-04
9.809480922182475110e-04
9.893443246630402328e-04
1.004557870098402722e-03
1.019346472479685552e-03
1.032799487513658175e-03
1.045617764085909548e-03
1.057738336250212911e-03
9.076431692427844701e-04
9.505939065156670132e-04
9.867350510568736587e-04
1.016975013297196934e-03
1.042042205895389465e-03
1.062505237639857058e-03
9.653509477215734382e-04
1.002042227128960251e-03
9.512562628132442992e-04
9.980197717839160189e-04
1.036466552604279386e-03
1.068314684135693955e-03
1.094398109756965134e-03
1.115402292165289938e-03
1.131877164324577266e-03
1.144249777192590627e-03
1.152838729933960060e-03
1.157870119406118102e-03
1.026029123620212074e-03
1.047965911154022118e-03
1.064820594667889326e-03
1.077448612257985577e-03
1.086477278221219690e-03
1.092347382662331098e-03
1.095349568668266358e-03
1.012701902035118874e-03
1.030353948165278191e-03
1.043810371669715888e-03
1.053796938505004036e-03
1.028646475695071906e-03
1.048004562482091019e-03
1.062619151349352862e-03
1.044370524778839284e-03
1.068280448107327947e-03
1.086453713510827056e-03
1.099859536518571447e-03
1.109229066342521958e-03
1.115096362640373559e-03
1.117834001655915697e-03
1.117685223225073831e-03
1.124209520212837580e-03
1.130794743941424809e-03
1.136523237797927794e-03
1.142186890568676642e-03
1.147762620243100024e-03
1.153137684065935016e-03
6.374783016089625477e-04
6.901270314894452891e-04
7.370684913215647159e-04
6.427002613060591027e-04
6.959667043463102368e-04
7.482791357692600070e-04
7.934609532459211724e-04
8.328103092170322051e-04
8.673120728584204344e-04
8.976959422431313954e-04
9.244648491751469247e-04
9.479292202463874498e-04
9.682406737797574509e-04
9.862946784519265563e-04
1.000584103187906245e-03
1.023792909628463412e-03
1.045308506995289936e-03
1.065336179576852798e-03
1.084343001974476771e-03
1.102183920250078683e-03
1.118653244935288683e-03
1.133472302475759018e-03
1.146288105151505856e-03
1.157774462144763733e-03
1.156401189049955855e-03
1.172812027006563292e-03
1.724013288832087034e-04
1.688836067054078798e-04
1.666991147768835245e-04
2.794347569463983107e-04
3.794138753110420123e-04
1.653891946636217275e-04
2.781536955618156147e-04
3.782178474246237739e-04
1.648024229160627914e-04
2.774670363157911860e-04
3.774597426887638064e-04
4.663680396184900117e-04
1.646929495294721408e-04
2.772798816503732177e-04
3.771985547868924541e-04
1.640710996261614686e-04
1.623947951686144429e-04
2.726095849585354319e-04
3.688618126607549376e-04
1.553485662152525042e-04
2.627981327210153983e-04
3.575728751548612428e-04
4.509185041812382847e-04
5.325395591041300232e-04
6.035440505761053903e-04
6.648454731854529058e-04
7.274856926685768386e-04
7.842003875915945412e-04
5.982752909088047497e-04
6.573148452954380178e-04
7.090925427919878227e-04
7.542922547284517049e-04
7.934389414259441879e-04
8.269366855032266777e-04
6.888250465542586094e-04
7.375276855615335147e-04
7.797781915014728423e-04
8.162578640618125799e-04
8.474717958772418546e-04
8.737914539983227240e-04
9.060387924717442200e-04
7.113024159630139528e-04
7.563033871499419327e-04
7.951510147195754025e-04
7.674535890891770419e-04
8.249819377319140591e-04
8.727872435053304597e-04
9.122220079546853808e-04
9.443398793619550919e-04
9.699615340468809152e-04
9.996090927903420777e-04
1.026405785539552659e-03
1.049825444074428812e-03
1.070845644989414916e-03
1.089688792431711510e-03
1.106458651483860399e-03
6.381662570031572694e-04
6.853476764062585826e-04
7.285134254151119605e-04
7.682276900672249491e-04
8.048193868280090982e-04
8.384274408134596152e-04
8.690426853100931704e-04
8.965433817571490842e-04
9.207298169796072429e-04
9.413575096271755089e-04
1.672000759589643772e-04
2.814157162320475494e-04
3.831505600323257058e-04
4.736091406168835868e-04
5.537359163372248183e-04
6.242722871852141291e-04
6.858041508081433530e-04
7.483491471462623383e-04
1.675310872325412918e-04
2.814959815090530026e-04
3.828263130761958922e-04
4.726874208434910332e-04
5.520010257010927188e-04
6.215026102469135621e-04
1.671566568073142760e-04
2.810863252162624473e-04
3.823463698166645300e-04
4.721033736164080238e-04
5.512778901094251595e-04
6.206046432162009739e-04
6.901181991342072606e-04
1.676228001622249466e-04
2.813955518230073583e-04
3.824337744435195698e-04
4.718909344140920377e-04
5.506826655987165885e-04
1.669538499584774733e-04
1.649618270660855213e-04
1.634867865697019901e-04
1.618375086674951038e-04
2.742744614284032688e-04
3.733616585229180044e-04
4.606960238866421981e-04
5.375178438687278765e-04
6.047928639613257048e-04
6.632777994658300025e-04
7.230124587851210951e-04
7.775946818277869885e-04
8.267976532754683265e-04
8.714775079901088042e-04
9.119375155800139377e-04
1.647973484872307999e-04
2.791211538166670988e-04
3.812053831702786754e-04
4.725053527072727477e-04
5.541418688478017213e-04
6.269651593823764900e-04
6.916050758822657246e-04
7.485126780943410999e-04
7.979943843819184424e-04
8.402430256788896365e-04
8.855903155480162204e-04
9.271508323140266851e-04
9.642394487017351455e-04
9.975152300686813706e-04
1.027531789059848424e-03
1.054420600097434775e-03
1.078231064119647550e-03
1.098915568012539569e-03
1.117346803747751045e-03
1.130982776307999215e-03
1.142897871033422830e-03
1.162815473319769866e-03
1.180692614276492415e-03
1.197023311961755874e-03
1.736640392437549703e-04
2.867361436934821894e-04
3.875804020966919878e-04
4.772684577449741797e-04
5.565835260128823743e-04
6.355523841035991359e-04
7.084156910544029372e-04
7.750553123791527896e-04
8.361059523620926895e-04
8.920681389109660474e-04
9.431097793218012372e-04
9.892838412743352235e-04
1.759081447086259791e-04
1.721735603159534587e-04
2.835052380612174713e-04
3.820734284961247308e-04
4.691644749747979869e-04
5.457977298774910118e-04
6.242218583031993459e-04
6.966857043664087881e-04
7.631049300364714646e-04
8.238333082138559653e-04
8.796504769774684228e-04
9.307163339690502748e-04
1.752766880863506813e-04
2.863218026028230951e-04
3.845016100489156638e-04
4.710615711653563797e-04
5.580147135014675583e-04
6.381078823575729196e-04
1.739424441291660434e-04
2.851377016111136939e-04
3.834576358163193244e-04
4.701478785648340801e-04
5.571491835701728986e-04
6.372849136575854667e-04
7.106202600979331235e-04
1.742569582637639597e-04
2.854244115454777605e-04
3.836984872503013838e-04
4.703349409364829042e-04
5.574714909377419866e-04
6.377277500702327462e-04
7.111545447083208495e-04
7.782164130534407120e-04
8.397108922814649915e-04
8.958731610716022834e-04
9.468183031852594371e-04
9.925393667310710398e-04
1.032905765025125041e-03
1.067661456897263427e-03
1.105997433878982928e-03
1.141503540444710561e-03
1.787654464141188060e-04
2.910340153639601234e-04
1.763679322153994112e-04
2.888515825428918712e-04
3.896306675330391748e-04
1.765248417494228014e-04
2.889854444786088246e-04
3.897537507107576705e-04
4.799663320646990533e-04
5.604037812471892362e-04
1.771725272079923677e-04
2.896099577094849841e-04
1.763742979288106119e-04
2.888588514957366772e-04
3.896365100965296937e-04
4.798328571449577903e-04
5.602178653124079968e-04
6.312807442518397500e-04
7.047053341318840767e-04
7.723053872931704474e-04
8.351939724290335888e-04
8.935211403344810004e-04
9.474772930698360405e-04
9.963083857587283487e-04
1.039681118708397911e-03
1.076745897178938609e-03
1.116526086650560922e-03
1.153922132990396841e-03
1.840148879474506243e-04
2.907188604735444449e-04
3.938320093813984287e-04
4.982960928806500715e-04
1.773487673786042879e-04
1.763738837354215797e-04
2.840296050517298427e-04
3.877923400956828203e-04
1.770051454916064641e-04
2.845821380848059801e-04
1.766938241109993152e-04
2.843096221159885579e-04
1.766929844096899076e-04
2.843088870688826393e-04
3.880445358689769454e-04
4.929384552717946044e-04
5.893181630817063673e-04
1.776652481760903561e-04
2.851599622210771205e-04
3.888129656863328096e-04
4.936498544701458735e-04
5.899742417852742562e-04
6.786410103927271618e-04
7.600929273552519154e-04
8.345934923735430977e-04
1.788101008725763007e-04
2.861621625644312247e-04
3.897178354665111139e-04
4.944874529129507932e-04
1.773351564181155566e-04
2.848710151300241499e-04
3.885520779762655433e-04
4.934083294020737359e-04
5.897515394093515075e-04
6.784363677282114142e-04
7.599056481401606378e-04
8.344229759351071704e-04
9.019741890501169722e-04
1.792521921541573022e-04
2.865493432395150816e-04
3.900674770903593699e-04
4.948111332480886184e-04
5.910449520272021773e-04
1.776720071820336974e-04
2.851658787594729422e-04
3.888183076682314170e-04
4.936547999686756666e-04
5.899788018475627489e-04
1.776678259552967566e-04
1.763748160458132824e-04
2.840304211698943190e-04
3.877930769634316049e-04
1.770051479362995937e-04
1.763728799821537936e-04
2.840287263944554622e-04
3.877915467617765481e-04
4.927041938597092685e-04
1.773287978308093192e-04
1.763738253984320980e-04
1.763710371157901327e-04
1.763710289961746927e-04
2.840271060934939718e-04
3.877900838026260787e-04
4.927028394693126669e-04
5.891009091077048683e-04
6.778383223314652815e-04
7.593583250433779720e-04
1.784019293255894797e-04
2.858048625462055923e-04
1.766975922230326233e-04
1.763719840697336959e-04
2.840279421380009252e-04
3.877908386617505052e-04
4.927035383090265204e-04
5.891015534866501447e-04
6.778389145671803945e-04
1.780223735827627990e-04
2.854727386552284476e-04
3.890953678923474461e-04
4.939112963387693681e-04
5.902151910698589903e-04
6.788624608160774825e-04
7.602955846338013560e-04
8.347780127322414721e-04
9.022945896653615603e-04
9.626540179805835639e-04
1.015425773082945021e-03
1.802758124610713520e-04
1.763824558746429052e-04
2.840371088589730558e-04
3.877991152339877487e-04
4.927112006618643552e-04
5.891086187091376051e-04
6.778454080695780733e-04
7.593648099357640756e-04
8.339305391129501165e-04
9.015297493389826632e-04
9.619720116358059913e-04
1.014826318208163951e-03
1.068665790754827396e-03
1.118632676377560994e-03
1.165322976824707812e-03
1.822955318823430619e-04
2.892136728192917327e-04
3.924730534354933971e-04
1.770206706084665805e-04
1.763729253284485466e-04
2.840287660893224303e-04
3.877915826020128173e-04
4.927042270401792504e-04
5.891021885447793836e-04
6.778394982363042777e-04
1.780223761479523420e-04
1.763758529770012779e-04
2.840313288701145364e-04
3.877938965200136549e-04
4.927063692382183243e-04
5.891041638005856335e-04
1.776644133631570565e-04
2.851592314621349388e-04
3.888123058914696962e-04
4.936492436454053678e-04
5.899736785661723656e-04
6.786404927666114719e-04
1.780258977765164627e-04
2.854758237062939691e-04
1.766965781497901718e-04
2.843120329116638977e-04
3.880473762380184217e-04
1.770059917258920174e-04
2.845828788424980909e-04
3.882919217370294483e-04
4.931674805181134481e-04
5.895294121863338789e-04
6.782322214246213352e-04
7.597188196085123994e-04
1.784037406606178450e-04
2.858064481322586717e-04
3.893966649774793548e-04
4.941901290054056791e-04
5.904723631306515053e-04
6.790988080746538985e-04
7.605118701931014519e-04
8.349750061558390297e-04
1.788122949341739343e-04
2.861640831760514886e-04
3.897195695629201160e-04
4.944890582497975381e-04
1.773351621463633480e-04
2.848710201442736906e-04
3.885520825035904558e-04
4.934083335933984321e-04
1.773313074586224723e-04
2.848676459248402617e-04
1.766947038977402518e-04
1.763719756095633061e-04
2.840279347322058182e-04
3.877908319751063198e-04
4.927035321186094179e-04
5.891015477786535693e-04
1.776644031582749240e-04
2.851592225292246463e-04
1.766956024269302958e-04
2.843111787957081473e-04
1.766929892062123805e-04
2.843088912676016485e-04
3.880445396599843297e-04
4.929384587814782505e-04
5.893181663178505758e-04
6.780380581455805293e-04
7.595411241513385942e-04
8.340911429637178163e-04
1.788072135718415923e-04
1.763781504877370019e-04
2.840333400458677619e-04
3.877957123974122436e-04
4.927080503560746835e-04
1.773288115719053352e-04
2.848654611384127512e-04
1.766946971652275653e-04
2.843103863591583914e-04
3.880458895722503914e-04
1.770059867925389207e-04
2.845828745240493347e-04
1.766938263802647928e-04
2.843096241024290838e-04
1.766929844158109336e-04
2.843088870742407665e-04
3.880445358738151976e-04
4.929384552762751783e-04
5.893181630858375028e-04
1.776652481761065920e-04
2.851599622210914862e-04
3.888129656863446274e-04
4.936498544701563903e-04
1.773321686018720358e-04
2.848683997307207704e-04
3.885497165530621888e-04
1.770076275214826065e-04
2.845843107522480963e-04
3.882932146011925604e-04
1.770068075913179897e-04
1.763728848304807473e-04
2.840287306385441582e-04
3.877915505937369590e-04
4.927041974072938037e-04
5.891021612211933900e-04
6.778394731237476038e-04
7.593593782527578153e-04
8.339256020639245490e-04
9.015252934881534024e-04
1.792491389008032444e-04
2.865466703594926785e-04
3.900650637681886868e-04
4.948088991327368076e-04
5.910428921054366796e-04
6.796231149284120239e-04
7.609916352041269606e-04
8.354117700818855085e-04
9.028664983974163264e-04
9.631640243780951061e-04
1.015873890799388500e-03
1.069593500362125190e-03
1.119447378421833776e-03
1.166032055158118530e-03
1.210033090614906319e-03
1.831619682212712688e-04
2.899721813911878719e-04
3.931577585880837236e-04
4.976719257709363506e-04
5.936825573436146182e-04
6.820488100026454552e-04
7.632111115179652941e-04
8.374323527513934584e-04
9.046895689038308075e-04
9.647892115466167803e-04
1.017283467565140154e-03
1.070836607096659326e-03
1.120533108631279048e-03
1.166970183736718144e-03
1.210834762959004827e-03
1.252921339148393987e-03
1.294117282091401680e-03
1.335355875298493717e-03
1.377525399070218164e-03
1.421323964889090446e-03
1.467472506116773972e-03
1.516201793138595173e-03
1.586957179201360733e-03
1.664325293194382971e-03
1.971810143033024066e-04
3.186480250354693463e-04
4.336522602984797391e-04
5.536545110199068325e-04
6.680765286560033916e-04
7.773584459207980284e-04
9.024687871321328226e-04
1.024744725152200832e-03
1.144333864092762602e-03
1.914846490874996354e-04
1.900371442278906678e-04
3.119047443080799598e-04
4.272544915047093409e-04
5.474497947308155357e-04
1.906643173885701269e-04
3.124965578004378357e-04
4.278158569824461166e-04
5.479942564322800311e-04
6.625978538365034660e-04
1.908466528779962626e-04
3.126686116578577678e-04
4.279790632399667468e-04
5.481525471036009138e-04
6.627510737647721202e-04
7.722111457467106766e-04
8.973789874342370234e-04
1.019719504962062926e-03
1.139378342926803843e-03
1.256472723921089321e-03
1.371101972213314415e-03
1.483351264946156317e-03
1.918847399177455847e-04
3.136482617581218811e-04
4.289084093988715547e-04
5.490538932959838176e-04
6.636235395357145119e-04
7.730544501857426493e-04
8.982128886924534063e-04
1.020542836013774634e-03
1.140190257314252281e-03
1.257272594383358972e-03
1.371889426461610868e-03
1.484125917156001086e-03
1.594056004742577370e-03
1.701744134437202299e-03
1.807248070026877323e-03
1.910619543756446890e-03
1.923655876657327595e-04
3.141020773711187576e-04
4.293389267322463097e-04
5.494714338214269677e-04
6.640276973287875719e-04
7.734450964598120265e-04
8.985991771948056289e-04
1.020924229099406423e-03
1.913315006704043204e-04
3.131261561202978386e-04
4.284131246713739657e-04
5.485735331086448018e-04
6.631585723702979225e-04
7.726050252364874806e-04
8.977684757504879017e-04
1.020104053927075021e-03
1.139757557560597441e-03
1.256846331809201474e-03
1.371469781505664379e-03
1.917549624273819650e-04
3.135257836523507383e-04
4.287922214815299447e-04
1.904786086355217032e-04
3.123213154093341286e-04
4.276496281759894135e-04
5.478330337122071366e-04
6.624417954105080164e-04
1.908464013322392196e-04
3.126683742824223249e-04
4.279788380695590910e-04
5.481523287157566470e-04
6.627508623733467056e-04
7.722109414201326670e-04
8.973787853855288554e-04
1.019719305472783664e-03
1.139378146200606661e-03
1.256472530103815459e-03
1.371101781404195042e-03
1.917544908510360397e-04
3.135253386023800120e-04
4.287917992897497107e-04
5.489407974453120809e-04
6.635140681044316303e-04
1.908481273734783279e-04
3.126700030907750586e-04
4.279803831302876464e-04
1.904771101441978930e-04
3.123199013911890417e-04
4.276482869084993277e-04
5.478317328216785907e-04
1.906649645809082054e-04
1.900354532293848145e-04
3.119031486939519387e-04
4.272529780128468506e-04
5.474483268062726570e-04
6.620694099770689425e-04
7.715522604967505827e-04
8.967274455153642328e-04
1.019076214736503372e-03
1.138744012867420798e-03
1.255847771917949522e-03
1.370486718536479418e-03
1.482745926979490286e-03
1.592698930393047791e-03
1.700410147452105069e-03
1.805937236717628002e-03
1.909331849119686678e-03
1.923640589739162622e-04
3.141006345828372239e-04
4.293375579918603038e-04
1.904795920401242723e-04
1.900350702098279341e-04
1.900341509938280131e-04
3.119019199139738880e-04
1.902666994181208022e-04
3.121213534413473721e-04
4.274599536798293228e-04
5.476490707790778985e-04
6.622637247662450238e-04
1.908461141658032169e-04
3.126681032929364283e-04
4.279785810134266347e-04
5.481520794026461261e-04
6.627506210473978979e-04
7.722107081594598455e-04
8.973785547252908753e-04
1.019719077734413401e-03
1.913298102242459145e-04
1.900368249258451705e-04
3.119044430169241443e-04
4.272542057202403888e-04
5.474495175505815839e-04
6.620705625863958265e-04
7.715533745939405193e-04
8.967285471981236832e-04
1.911730635806299042e-04
3.129766387447680898e-04
4.282712551081466635e-04
5.484359375006577289e-04
6.630253852550072871e-04
7.724762895794558141e-04
8.976411754199301214e-04
1.019978366260365079e-03
1.139633618840271484e-03
1.256724186450857437e-03
1.916195202984563334e-04
3.133979611501078893e-04
4.286709646397958580e-04
5.488236041460252401e-04
6.634006303845499776e-04
7.728389924159276237e-04
8.979998339212934754e-04
1.911749257801790896e-04
1.900365056947451742e-04
3.119041417927233425e-04
4.272539199992874152e-04
5.474492404319488553e-04
1.906643164487816780e-04
3.124965569136056156e-04
4.278158561412221620e-04
1.904768123229886028e-04
1.900350644471661833e-04
3.119027818418667708e-04
4.272526300417477042e-04
5.474479893116718145e-04
6.620690832911228525e-04
7.715519447263599531e-04
1.910134975985314666e-04
3.128260582396052395e-04
4.281284149092020523e-04
5.482974002137868058e-04
1.906657525787493104e-04
3.124979121179318159e-04
4.278171416496140628e-04
5.479955024076271254e-04
6.625990598983593199e-04
7.720642120219218694e-04
8.972336915779940839e-04
1.911738041846605348e-04
3.129773376492083793e-04
4.282719180903354515e-04
5.484365805101264245e-04
1.906659878682059569e-04
3.124981341488978570e-04
4.278173522619076186e-04
5.479957066766563342e-04
6.625992576238413576e-04
7.720644031396809662e-04
8.972338805653944658e-04
1.911738044615591560e-04
3.129773379105167154e-04
4.282719183382123658e-04
5.484365807505356795e-04
6.630260078956762369e-04
7.724768914099650703e-04
1.910149303015800314e-04
1.900361755464869144e-04
3.119038302671810550e-04
4.272536245071846778e-04
1.904757932575850343e-04
3.123186587333046799e-04
4.276471081718715458e-04
1.904765066744298397e-04
3.123193319370744822e-04
4.276477467466005566e-04
5.478312089273275126e-04
6.624400290652941508e-04
7.719104955520994646e-04
8.970816884035982168e-04
1.019425971500240516e-03
1.139088874775517554e-03
1.256187535231369397e-03
1.370821209576280090e-03
1.483075027504955059e-03
1.593022566693555724e-03
1.920101313607408338e-04
1.900382264895722809e-04
3.119057655226396527e-04
4.272554601600108185e-04
1.904757965878625485e-04
3.123186618758645684e-04
4.276471111527825283e-04
5.478305924750754207e-04
6.624394323595262377e-04
1.908463975212114187e-04
3.126683706860807844e-04
4.279788346581287189e-04
5.481523254070854931e-04
6.627508591706756129e-04
7.722109383244960728e-04
8.973787823244038257e-04
1.019719302450437836e-03
1.139378143220125348e-03
1.256472527167406313e-03
1.916191892997293981e-04
3.133976487746303538e-04
4.286706683109854101e-04
5.488233167466776471e-04
6.634003521949219601e-04
7.728387235252580194e-04
1.910154897977325102e-04
1.900361767002376747e-04
3.119038313558513873e-04
4.272536255398242549e-04
5.474489548378979513e-04
6.620700178952503403e-04
7.715528481025641988e-04
8.967280265734658235e-04
1.911730628169045041e-04
3.129766380240446414e-04
4.282712544244659039e-04
5.484359368375736664e-04
6.630253846131675156e-04
7.724762889590668742e-04
8.976411748064579577e-04
1.911744009742108214e-04
3.129779008366600232e-04
4.282724523311361381e-04
5.484370986566065734e-04
6.630265092084454198e-04
7.724773759676436657e-04
8.976422496956303109e-04
1.019979426927026351e-03
1.139634664814996937e-03
1.256725216957686395e-03
1.371350546608018309e-03
1.483595832974375119e-03
1.593534724109980276e-03
1.701231722590989094e-03
1.806744552438375962e-03
1.910124914648135249e-03
2.011420187630789252e-03
1.924766555839100939e-04
3.142069045601758744e-04
4.294383742314786820e-04
1.904797736141956702e-04
3.123224147218685233e-04
1.902675068513627328e-04
3.121221153438890261e-04
1.902671223990693274e-04
3.121217525706322790e-04
4.274603322725302945e-04
5.476494379719932951e-04
6.622640801984502846e-04
7.717404261248691491e-04
8.969135143612659783e-04
1.911733348709987088e-04
1.900365024140138290e-04
3.119041386970482590e-04
4.272539170629401236e-04
5.474492375840072462e-04
1.906643164439534004e-04
3.124965569090501234e-04
4.278158561369011285e-04
5.479942556122016509e-04
6.625978530426945455e-04
7.720630454977516410e-04
8.972325380568569675e-04
1.019574910573479336e-03
1.139235751167507913e-03
1.256332240516972853e-03
1.916190046396301747e-04
3.133974745042152521e-04
4.286705029928085105e-04
1.904783888827360462e-04
3.123211080433313958e-04
1.902675043446505827e-04
3.121221129785288939e-04
1.902671223945274690e-04
3.121217525663459941e-04
4.274603322684652953e-04
5.476494379680513528e-04
6.622640801946337846e-04
7.717404261211808017e-04
8.969135143576200233e-04
1.019259927313916417e-03
1.138925180296069791e-03
1.256026261013156332e-03
1.370662437798036244e-03
1.482918814331711825e-03
1.592868947141109571e-03
1.700577271972842025e-03
1.806101460700834530e-03
1.922495458541479557e-04
3.139925572090174503e-04
4.292350279450721250e-04
5.493706671321882309e-04
1.906676221026928691e-04
