4.209999999886888666e+00
4.210086498770438723e+00
4.210249249413011263e+00
4.210485377516676841e+00
4.209662801471163895e+00
4.210059761951115753e+00
4.208840983128586899e+00
4.210004389282421045e+00
4.210868279696340366e+00
4.211761492784590111e+00
4.212679574301384733e+00
4.213618678937944395e+00
4.214575512131401247e+00
4.215547193791313596e+00
4.216531273194283891e+00
4.217525510044429105e+00
4.218527933171844602e+00
4.215593745360834532e+00
4.216405936814425104e+00
4.217339420447251186e+00
4.213879851681404887e+00
4.215048892202487352e+00
4.216308734667946645e+00
4.212339577600736185e+00
4.213805236340689042e+00
4.215339964822335084e+00
4.216937654822857873e+00
4.218592813390049656e+00
4.220300469721447456e+00
4.222056097258401586e+00
4.223855549639870866e+00
4.225695007881773435e+00
4.227570936681428471e+00
4.229869026015991906e+00
4.231826044642710727e+00
4.233810136554703618e+00
4.228129567938902156e+00
4.229948282747456823e+00
4.224050000189880194e+00
4.226012576551172018e+00
4.219909615588403717e+00
4.222013831674779283e+00
4.224459311119288074e+00
4.226910688294871044e+00
4.220401074818917131e+00
4.213333912143974125e+00
4.215394300772274505e+00
4.218127051515926595e+00
4.221447763056060509e+00
4.224195196155274168e+00
4.226935278454345912e+00
4.229666798160057084e+00
4.222573507357016531e+00
4.224853809854336006e+00
4.217600892096892373e+00
4.210151779550296958e+00
4.212848846164763295e+00
4.216344082649015945e+00
4.219793466036134255e+00
4.211220521073739675e+00
4.202409468783963042e+00
4.206003788483771544e+00
4.197150632548575011e+00
4.188087637033220290e+00
4.178832333206167426e+00
4.182567108626430219e+00
4.172963894553698871e+00
4.176932026714283097e+00
4.180971691581576444e+00
4.185074389911537018e+00
4.174819954383925058e+00
4.164424362781649513e+00
4.168889421905269010e+00
4.173396806923718394e+00
4.162567981277487839e+00
4.151627646027487017e+00
4.140591065096626444e+00
4.145606629189154013e+00
4.134341702059778356e+00
4.139537164298796590e+00
4.144749489247317342e+00
4.149975352654347915e+00
4.155211582908636458e+00
4.143315788255097054e+00
4.148722178218185341e+00
4.154130786129930364e+00
4.159539009831949130e+00
4.164944330213542045e+00
4.170344305102631211e+00
4.175736565892779417e+00
4.181118814832656128e+00
4.186488822866993864e+00
4.191844427934726447e+00
4.197183533643652709e+00
4.184032871803930576e+00
4.189540321675114143e+00
4.176222441114730621e+00
4.181894122274587566e+00
4.187539693456150403e+00
4.193157521886500483e+00
4.198746007196128005e+00
4.184990805243411494e+00
4.171186069550160802e+00
4.177129652684702599e+00
4.183037447250285368e+00
4.188908134697257424e+00
4.194740411498287358e+00
4.200532992861630177e+00
4.186259347810805664e+00
4.171948353037544521e+00
4.157622640069013720e+00
4.163963527385118546e+00
4.149552751166109665e+00
4.135167967057810756e+00
4.120275554907391502e+00
4.104752853623937270e+00
4.112212829817495141e+00
4.119888739435411118e+00
4.126797047965616194e+00
4.133655731805858657e+00
4.140463845543381538e+00
4.147758863893075798e+00
4.154447435623379370e+00
4.161082421528580433e+00
4.167662717914244475e+00
4.174187237434208164e+00
4.180654914033079983e+00
4.187064707409803965e+00
4.171755142451170073e+00
4.156466534588500572e+00
4.163219430913255970e+00
4.147896633308563175e+00
4.132069572503751509e+00
4.115614003952860145e+00
4.123331585496678997e+00
4.131256704042209016e+00
4.114695489692292263e+00
4.122499916008318444e+00
4.130482475284280142e+00
4.137657958669862523e+00
4.144770836866768171e+00
4.128678862998108379e+00
4.136413238956201610e+00
4.143578268602978731e+00
4.127401946351850093e+00
4.135192956139645659e+00
4.118287938260743353e+00
4.101379562217599251e+00
4.110756945622563663e+00
4.093804976967524212e+00
4.102892611739887840e+00
4.110494362120642897e+00
4.093473748522835187e+00
4.076498222161974105e+00
4.083130864625464262e+00
4.066089421705877172e+00
4.073045055168108775e+00
4.055938495841703961e+00
4.038919225972053439e+00
4.046339710686430280e+00
4.029272573000924673e+00
4.036934527427187724e+00
4.019824636459018663e+00
4.002847888241299223e+00
4.010883847395409596e+00
4.018956192399325111e+00
4.001784369926927987e+00
4.010039689482479908e+00
4.018311764557993548e+00
4.026592167311510373e+00
4.009072127562227195e+00
4.017520105942191222e+00
4.025962235997456062e+00
4.034391820499837245e+00
4.016550109548081338e+00
4.025139491238054923e+00
4.033705514512196721e+00
4.042242641149904614e+00
4.050745582590590033e+00
4.059209294969162940e+00
4.040840025745477959e+00
4.049466633248306913e+00
4.058046099167641252e+00
4.066574144534727431e+00
4.075046687418629965e+00
4.083459843175321069e+00
4.091809924793726516e+00
4.100093442698593549e+00
4.108307104018904532e+00
4.089331085999610593e+00
4.097728147925851161e+00
4.078674202361716183e+00
4.087247938076275844e+00
4.068130249144513932e+00
4.076873622401436137e+00
4.085537297789627154e+00
4.094118714213466070e+00
4.074836959861285024e+00
4.083590900040007021e+00
4.092258495271120289e+00
4.072873062758338492e+00
4.081711144480943076e+00
4.090459255000295613e+00
4.070977571734572642e+00
4.051507812874599601e+00
4.060670539998000095e+00
4.069741672750550876e+00
4.078719110074435328e+00
4.059115851609403691e+00
4.068252682079517513e+00
4.077293308152881046e+00
4.086235813745613399e+00
4.095078397317140961e+00
4.075320182837051775e+00
4.084332463673360891e+00
4.093242320167066239e+00
4.102048154663282098e+00
4.082189055542726486e+00
4.091168684182370008e+00
4.100041941751938701e+00
4.108807426609284441e+00
4.088858998732559868e+00
4.097802346763518955e+00
4.106635702968489454e+00
4.115357853871279836e+00
4.123967702116821954e+00
4.103938841238839785e+00
4.112736227081502882e+00
4.121419054020975636e+00
4.129986419134262121e+00
4.109892454697519071e+00
4.089723467861086093e+00
4.069522889297386925e+00
4.078854391087033626e+00
4.058633306857849732e+00
4.038451320569066638e+00
4.048187984952257956e+00
4.028028779222031730e+00
4.037894036483421267e+00
4.017772369199621885e+00
4.027757369481862249e+00
4.037634288126137783e+00
4.047401048121926692e+00
4.057055712336954834e+00
4.066596482338697527e+00
4.076021700335386022e+00
4.085329850298538013e+00
4.094519558342878618e+00
4.103589592433541711e+00
4.083191972659810709e+00
4.062780942903022385e+00
4.072298954155145978e+00
4.081697975127449141e+00
4.090976658195526028e+00
4.100133795942785930e+00
4.109168319952565263e+00
4.088694617691854383e+00
4.097904834835716770e+00
4.106991311087413443e+00
4.115953139597202437e+00
4.124789547765495890e+00
4.133499896119233519e+00
4.113024747754627342e+00
4.121927874662750568e+00
4.130703429760758993e+00
4.139350950052149258e+00
4.118852558189914248e+00
4.127696728796897752e+00
4.136411391371365376e+00
4.115861906241405244e+00
4.124771120042916017e+00
4.133549575165801571e+00
4.142196986479663501e+00
4.150713185362445046e+00
4.159098119437966368e+00
4.167351849901042904e+00
4.146923641212168832e+00
4.155392173385521914e+00
4.163727642250008465e+00
4.143234700908884349e+00
4.122587645165612713e+00
4.131469576981195324e+00
4.140215723452301155e+00
4.148826118598491597e+00
4.157300901721098896e+00
4.165640317679016214e+00
4.145096017409786171e+00
4.153649440973504525e+00
4.132992909980245599e+00
4.141752541722181213e+00
4.150374031024920640e+00
4.129669668383367132e+00
4.138495184663840476e+00
4.117701483225125969e+00
4.096807050125343075e+00
4.106147694017783678e+00
4.085213302086237341e+00
4.094724632287107369e+00
4.073768076791551174e+00
4.083440664018700872e+00
4.092976236817075453e+00
4.102374093251695442e+00
4.111633677416302923e+00
4.120754576418569570e+00
4.129736517429552833e+00
4.138579364158000651e+00
4.147283112846227304e+00
4.155847887872953450e+00
4.135100203504729954e+00
4.143872889978151619e+00
4.152505511903041402e+00
4.160998335302273254e+00
4.169351738765811000e+00
4.148680002577861181e+00
4.157250132035732904e+00
4.165679507040686680e+00
4.144954758067849632e+00
4.153598515929648904e+00
4.162100406448866252e+00
4.141326739271634416e+00
4.150040687725661925e+00
4.158611842595279384e+00
4.167040712276949499e+00
4.175327905135630679e+00
4.183474128922456181e+00
4.191480186624715110e+00
4.199346972052510729e+00
4.207075465232251510e+00
4.214666727667033541e+00
4.222722318004164421e+00
4.202974432119973791e+00
4.182826388030048470e+00
4.189619837184248574e+00
4.197553732757976164e+00
4.205346298488441548e+00
4.212998756891435548e+00
4.221110079544803106e+00
4.201287945380341782e+00
4.181065402520952823e+00
4.187926132293799064e+00
4.195918304985660541e+00
4.203766722596949279e+00
4.183269288686538800e+00
4.191356120628423554e+00
4.199297567658505592e+00
4.207094981780053367e+00
4.214749769916404709e+00
4.194378421662772638e+00
4.202277347858728085e+00
4.210031774661682213e+00
4.189579348767191291e+00
4.197575583219027351e+00
4.176948870135828606e+00
4.185180171727663989e+00
4.164397025670528940e+00
4.143395064047667553e+00
4.152220276835731028e+00
4.160892349608889873e+00
4.169412346809901138e+00
4.148454931706464954e+00
4.157192608319918214e+00
4.165777966362709250e+00
4.174212079927297481e+00
4.182496104907125201e+00
4.190631278433652795e+00
4.198618914509731681e+00
4.206460399440601350e+00
4.185917863691880569e+00
4.193999514819179097e+00
4.201933492657968117e+00
4.181319801902362521e+00
4.189491529466238262e+00
4.168715349183004015e+00
4.147710330300358628e+00
4.156482283087822083e+00
4.135364981477241741e+00
4.114093416215296450e+00
4.123421825296212262e+00
4.102091014306621375e+00
4.080688755716998628e+00
4.090518943529985130e+00
4.069111244295750218e+00
4.079095878624286797e+00
4.057701377284555377e+00
4.036355574424362658e+00
4.046753872543463082e+00
4.025472572681183969e+00
4.035984382807590087e+00
4.046358667808423348e+00
4.025112808765604733e+00
4.035601120053656565e+00
4.014436525507184328e+00
3.992817842598496814e+00
4.003609990570980770e+00
4.014318708858739093e+00
4.025481483711483399e+00
4.035907450257928630e+00
4.046202502810971602e+00
4.056364469592407040e+00
4.066391415327017533e+00
4.076281635506081358e+00
4.086033650042661947e+00
4.095646196419694185e+00
4.105118222421918261e+00
4.083897710595522312e+00
4.062667636466536614e+00
4.072598913593986403e+00
4.082392847250419621e+00
4.092048145230156031e+00
4.101563717266489384e+00
4.110938667952815706e+00
4.120172290578454799e+00
4.129264060544887371e+00
4.108131680728481783e+00
4.086929110759338180e+00
4.096522329801817186e+00
4.105974756434700446e+00
4.084771698476441948e+00
4.094393594327912389e+00
4.103875017129023028e+00
4.113215207199081291e+00
4.122413579898994485e+00
4.131469720488966324e+00
4.140383378477499932e+00
4.149154461558391738e+00
4.157783029222587245e+00
4.136818415733300114e+00
4.115713908490815420e+00
4.124889073739375966e+00
4.103726364298541540e+00
4.113086086704049293e+00
4.122302230472028484e+00
4.131374527916098494e+00
4.140302861626997455e+00
4.149087260881825223e+00
4.157727896435752690e+00
4.166225074916360072e+00
4.174579232911157511e+00
4.182790930827819054e+00
4.190860846597041167e+00
4.198789769279176909e+00
4.206578592628122948e+00
4.214228308658866773e+00
4.222346687596633785e+00
4.202460650129924424e+00
4.209204462583987727e+00
4.188711626236416130e+00
4.196710545013258020e+00
4.204565982712718863e+00
4.183999330815139750e+00
4.192093321440658826e+00
4.200042135041763380e+00
4.207847016568822873e+00
4.215509276902848157e+00
4.223638279461782830e+00
4.231033716782655496e+00
4.238290668297422847e+00
4.245410681154996091e+00
4.253172211503895461e+00
4.234333193750352109e+00
4.239738320923986059e+00
4.246845185755982577e+00
4.254596022044180970e+00
4.261451760149565615e+00
4.268174765066128806e+00
4.249642303365914309e+00
4.230479746880481784e+00
4.235056774516927192e+00
4.242280779938624846e+00
4.250131484423932626e+00
4.257097305454410119e+00
4.263926829053491296e+00
4.270622211018688219e+00
4.252113268904754051e+00
4.232965121243682738e+00
4.237496301954799982e+00
4.217704777110230729e+00
4.224836526432556028e+00
4.232288985551230454e+00
4.239596028934045968e+00
4.246759691877049825e+00
4.254560474722858032e+00
4.235652823287277435e+00
4.241093745424829642e+00
4.221349915688697330e+00
4.201146504467368814e+00
4.207693853464680167e+00
4.215468427216399583e+00
4.223699455973393135e+00
4.231188725041532095e+00
4.238531122293863973e+00
4.218730582457824063e+00
4.225860464975713882e+00
4.233311459776747832e+00
4.213409027049389799e+00
4.220653327189098469e+00
4.228209063346247909e+00
4.235616555771950509e+00
4.242877909084077359e+00
4.223149911729856321e+00
4.230193947213282790e+00
4.210224204159284334e+00
4.189814126531787863e+00
4.196640859708518079e+00
4.204640776216704623e+00
4.183853902529772739e+00
4.192095214079948562e+00
4.200179416944808786e+00
4.208108452707619129e+00
4.187376542686050307e+00
4.195548660364364579e+00
4.203564731210859051e+00
4.211426693629270801e+00
4.219736931237035193e+00
4.227311025924609389e+00
4.234736862072557173e+00
4.214853430864945238e+00
4.222070351461859161e+00
4.201956498606040036e+00
4.181419918932043345e+00
4.188436202968599531e+00
4.196588334452236779e+00
4.175692893992937194e+00
4.184081624932381338e+00
4.192312347403817085e+00
4.200386862821873457e+00
4.208307022466912350e+00
4.216669839280882570e+00
4.224301478987238845e+00
4.231784418368226497e+00
4.239120674950364709e+00
4.219317385367540751e+00
4.226439566146710014e+00
4.206399937405523204e+00
4.213203964691873082e+00
4.221487016951024351e+00
4.229030538988816090e+00
4.236426074032029199e+00
4.216564350485628054e+00
4.223749114845636754e+00
4.203654776627318235e+00
4.210525174250763669e+00
4.218859254764718791e+00
4.198679708021630042e+00
4.205661617248862783e+00
4.213490643211799558e+00
4.192823985925338448e+00
4.200899146273695983e+00
4.208819130606397785e+00
4.188085745654415604e+00
4.196249190927236583e+00
4.204256574351820319e+00
4.212109833281759030e+00
4.191428266624262378e+00
4.170460478118905634e+00
4.178949003531936768e+00
4.187278414769486368e+00
4.195450470999266379e+00
4.203466984910063431e+00
4.211329823186987120e+00
4.219641780536001363e+00
4.227217438916285097e+00
4.207194636145676903e+00
4.213977530070670774e+00
4.222244974635541048e+00
4.229771672380529424e+00
4.237150892950208636e+00
4.244384692949143556e+00
4.252248142124626540e+00
4.259217345830411894e+00
4.266047558144799190e+00
4.247363728607646216e+00
4.253290439796598932e+00
4.260246063635600322e+00
4.241416728787473112e+00
4.221960554339417193e+00
4.226861289445887238e+00
4.234316725339215992e+00
4.214385800128066073e+00
4.221633525202495463e+00
4.201472821797953117e+00
4.208409285848595083e+00
4.187637598813163997e+00
4.195828509524136329e+00
4.203861641797347559e+00
4.183030303320860455e+00
4.191304448525693616e+00
4.199420230081619465e+00
4.178533164697393332e+00
4.186887218299531810e+00
4.165841124643796078e+00
4.174425619043542035e+00
4.182849454490851215e+00
4.191114373369616786e+00
4.170132608972640931e+00
4.178630555904898181e+00
4.186969311307373154e+00
4.195150603453329019e+00
4.203176219579687789e+00
4.211048005587250564e+00
4.219368738886884351e+00
4.226952984792066381e+00
4.234389050954412426e+00
4.241678958161599233e+00
4.249590840135975434e+00
4.256614621716998670e+00
4.263498398530870759e+00
4.244750662467454916e+00
4.250740109440513059e+00
4.257747861979504833e+00
4.264615353331297598e+00
4.245883289673272110e+00
4.251853275522746500e+00
4.258845094071286752e+00
4.239970022129297078e+00
4.245331356028293257e+00
4.253198913706890849e+00
4.260168324204462564e+00
4.266997226788951991e+00
4.273687290893818158e+00
4.282666755285264415e+00
4.264638936219208531e+00
4.270189526469405195e+00
4.251856720275024593e+00
4.232899846236625407e+00
4.213383058448854968e+00
4.193370376009069922e+00
4.202570502100174465e+00
4.211609941661436984e+00
4.220493734809742215e+00
4.229226551823956903e+00
4.237812722945371924e+00
4.217457851177749184e+00
4.226238052016781488e+00
4.205538693685765494e+00
4.214517735787831398e+00
4.223354729861214629e+00
4.232052537437219542e+00
4.240613882764249887e+00
4.249041361405102357e+00
4.257337449951611674e+00
4.265504515079069137e+00
4.244795721773976460e+00
4.253190419218764617e+00
4.261455153209857905e+00
4.269592076468049946e+00
4.277603262820316665e+00
4.285490713274340280e+00
4.293256361347348893e+00
4.300902078023820962e+00
4.308429676362951710e+00
4.315840915775688735e+00
4.323137505990227503e+00
4.330321110723898137e+00
4.309975983455823112e+00
4.317408724289774291e+00
4.324725165228931800e+00
4.331927044767011736e+00
4.339016050364361554e+00
4.345993825285442647e+00
4.325643023098323603e+00
4.332874285542132498e+00
4.339990773244292832e+00
4.346994224849013655e+00
4.326496718546917641e+00
4.305616531180213258e+00
4.313244198340333568e+00
4.320748695556127394e+00
4.328132032667814322e+00
4.335396149864993554e+00
4.342542926805173842e+00
4.349574187923749058e+00
4.356491707182153839e+00
4.363297212316429530e+00
4.369992388640412173e+00
4.376578882451154229e+00
4.386777909128713127e+00
4.367391585704643475e+00
4.373911170548058003e+00
4.380330930362379860e+00
4.386652040571896727e+00
4.392875658539719730e+00
4.373457375560641403e+00
4.379902828185867847e+00
4.386249125727334608e+00
4.392497408868135444e+00
4.398648803908534966e+00
4.404704428442874686e+00
4.385321275840315280e+00
4.365676193565349195e+00
4.372276968387049045e+00
4.378776330290620855e+00
4.385175399096571169e+00
4.391475282678776182e+00
4.397677082700353957e+00
4.403781896329617140e+00
4.384250301140731665e+00
4.390582582832468717e+00
4.396815944286296407e+00
4.402951497343129184e+00
4.408990345809645106e+00
4.414933591397013579e+00
4.395462155465925669e+00
4.401637573398804015e+00
4.407715207119199619e+00
4.388100867415516859e+00
4.394408276254607060e+00
4.400615957720378724e+00
4.406725057005944635e+00
4.412736710811092422e+00
4.418652053677577740e+00
4.425066008032810139e+00
4.430803654048407481e+00
4.436448253157601052e+00
4.442000933931172568e+00
4.423205400286659206e+00
4.403975495470464629e+00
4.384362573341215708e+00
4.364418979259049536e+00
4.369495785505122853e+00
4.376154071546390689e+00
4.382707369086274340e+00
4.389156800727072927e+00
4.369090467824536361e+00
4.375763577437383312e+00
4.382331390707991048e+00
4.388795029999552177e+00
4.395155617787740887e+00
4.401414281743652346e+00
4.381452734700010510e+00
4.387940394723097270e+00
4.367799659200762186e+00
4.374510118520836599e+00
4.354211265656883434e+00
4.333722536298827421e+00
4.340962416792538470e+00
4.348091945615625065e+00
4.355112095393850247e+00
4.362023846618273915e+00
4.368828191684388962e+00
4.375526136210670991e+00
4.382118699866228262e+00
4.388606916794138613e+00
4.394991835703178751e+00
4.374863486191912898e+00
4.381474564314247644e+00
4.387980789304747553e+00
4.394383234132816618e+00
4.400682979114887594e+00
4.406881116541592647e+00
4.386867152340728992e+00
4.393296847627468971e+00
4.373100588176338732e+00
4.352679510583095990e+00
4.359656933593170081e+00
4.366525470700735490e+00
4.373286160033845071e+00
4.379940046809296383e+00
4.386488187937604089e+00
4.392931652837375189e+00
4.399271523841232323e+00
4.379110123561379631e+00
4.385678461600787337e+00
4.392141606425782996e+00
4.398500663508162489e+00
4.378311791487951687e+00
4.384899045183188626e+00
4.391380666423942536e+00
4.397757771691749973e+00
4.377543358184443179e+00
4.384148402325450000e+00
4.390647428936086172e+00
4.370336948884159689e+00
4.377060566094749916e+00
4.356595818876887627e+00
4.363537017248606986e+00
4.370368988524965026e+00
4.349832444843383605e+00
4.356878331205649602e+00
4.363814318334688025e+00
4.370641405103978805e+00
4.377360603255507243e+00
4.383972941406471868e+00
4.390479465420571437e+00
4.370139089823194212e+00
4.376870220383226595e+00
4.383494201233514964e+00
4.390012093543616878e+00
4.396424969879091371e+00
4.376140826069765843e+00
4.382781228788991790e+00
4.362335649652700376e+00
4.369196769730000263e+00
4.375949274814850298e+00
4.382594215624560086e+00
4.389132653895094549e+00
4.368747434516109251e+00
4.375509906209888555e+00
4.382164620371864494e+00
4.388712645137752943e+00
4.395155059584279655e+00
4.401492958217451346e+00
4.407727450806992131e+00
4.414460221244688398e+00
4.420502815056833512e+00
4.426445280185710374e+00
4.432288776995788382e+00
4.438034477646886522e+00
4.418732994801530367e+00
4.424242805895463704e+00
4.430132391805660319e+00
4.435923048362653276e+00
4.441615980969936039e+00
4.447988683425883494e+00
4.453505659974564601e+00
4.458928535371110335e+00
4.440582729271538298e+00
4.445086792060121361e+00
4.426433070928007751e+00
4.430510714925070204e+00
4.411024467196779320e+00
4.416703425161198737e+00
4.422746807135257363e+00
4.428687681941157805e+00
4.409161160516377187e+00
4.389219080357512404e+00
4.394373545172240547e+00
4.400775460508661752e+00
4.407070239016456448e+00
4.413859634215800298e+00
4.394080861193597976e+00
4.399499393512346757e+00
4.405817057691553629e+00
4.412028614847640640e+00
4.418745396230647771e+00
4.399038973601165914e+00
4.404360203399272145e+00
4.384031491217669441e+00
4.390609172186358045e+00
4.370106918734653512e+00
4.376910640667530217e+00
4.383602776217038866e+00
4.363022180687164742e+00
4.369936589630943224e+00
4.349216070621769958e+00
4.328320213665701743e+00
4.335765800867850572e+00
4.314788569705098276e+00
4.293718695564469279e+00
4.301650766564153905e+00
4.309466466741734614e+00
4.317166435259045976e+00
4.296129858530028933e+00
4.275050441900067000e+00
4.283207508602385083e+00
4.291250549155709137e+00
4.270190915514593399e+00
4.249158181964717507e+00
4.257614123985142385e+00
4.265959641133122204e+00
4.274194607532679768e+00
4.282318965995744797e+00
4.290332725978338146e+00
4.269328617898351830e+00
4.248357497858078702e+00
4.227475091152511411e+00
4.236128288320564650e+00
4.215340211386585878e+00
4.224105780040302349e+00
4.202810070399542575e+00
4.211663706666476159e+00
4.190503343121331881e+00
4.200040420779782124e+00
4.178228921376582861e+00
4.187853836726173284e+00
4.197625875702135190e+00
4.175881916796057247e+00
4.185498184298063862e+00
4.163774070310477526e+00
4.174361746845110410e+00
4.152762522960369296e+00
4.131323317733840206e+00
4.142059739050978351e+00
4.150940308271679591e+00
4.159824385915430689e+00
4.168697118393782652e+00
4.177545617583378501e+00
4.187118670947598709e+00
4.165764816543678251e+00
4.144542980838675561e+00
4.154447882050130048e+00
4.163505768134601936e+00
4.172511220128389375e+00
4.182224839489209423e+00
4.191076657476897616e+00
4.199860962996722513e+00
4.208573459958381946e+00
4.217210326843418677e+00
4.225768164108959724e+00
4.234243948993545281e+00
4.242634996593765528e+00
4.250938926255298789e+00
4.229956048449695416e+00
4.238403160024226679e+00
4.246762146425894002e+00
4.255031089603753536e+00
4.263208286062155850e+00
4.242180300915387114e+00
4.250508030075604182e+00
4.258743665021227365e+00
4.266885749943078565e+00
4.274932998649251026e+00
4.253873455345386745e+00
4.262079289277718175e+00
4.241045933928707434e+00
4.249400298026111855e+00
4.257661121582660968e+00
4.265827095462239704e+00
4.273897061420699472e+00
4.281870003155896498e+00
4.289745039565662665e+00
4.268665366991647225e+00
4.247601798924108607e+00
4.226608167299643171e+00
4.235133704677565447e+00
4.214210601609152285e+00
4.193444283138253681e+00
4.202292815340895160e+00
4.181649082318233290e+00
4.190595790765343054e+00
4.199460584399282048e+00
4.208241212088728922e+00
4.216935599751181485e+00
4.225541838912044490e+00
4.234058180813778272e+00
4.213184040459734270e+00
4.221825269380824253e+00
4.230377456639205391e+00
4.238838940424848545e+00
4.247208212536703442e+00
4.255483909493754879e+00
4.263664807203183749e+00
4.242660726468249877e+00
4.250990452380703388e+00
4.230029391716611187e+00
4.209183628641588015e+00
4.217864982201735558e+00
4.197115973464224048e+00
4.176567434018680025e+00
4.185537625866891709e+00
4.164356440076208976e+00
4.143301533172981443e+00
4.153331549804698319e+00
4.162491012630250786e+00
4.171576960153172919e+00
4.150479505988959872e+00
4.129532081932517862e+00
4.140620650319259077e+00
4.149842436278518676e+00
4.129036768297753568e+00
4.139211762635436997e+00
4.148425492076210475e+00
4.157572267027718205e+00
4.136711874338426576e+00
4.146786596116844414e+00
4.126080517181692109e+00
4.105576514373004748e+00
4.114171373498709094e+00
4.122815163061622989e+00
4.102109356033642129e+00
4.081631184942246193e+00
4.090557031568509139e+00
4.099518451578921585e+00
4.108504468072445626e+00
4.087653866128055036e+00
4.067037441188699809e+00
4.074186130407385420e+00
4.083313994413660275e+00
4.092444876099962769e+00
4.101570347225274915e+00
4.110682444488298337e+00
4.119773656403970641e+00
4.128836910953833872e+00
4.137865563017710357e+00
4.146853381790188031e+00
4.125279084178987254e+00
4.103823377688617491e+00
4.113179575350100592e+00
4.122489098283558917e+00
4.131746815485668023e+00
4.140947892226386706e+00
4.150087786179847527e+00
4.159162242959936862e+00
4.137269172670807293e+00
4.115451132562871983e+00
4.124925222844897377e+00
4.134329871017266456e+00
4.143661496432109459e+00
4.121705317336226138e+00
4.131199601536136079e+00
