1.475196969386487005e-04
2.523148688629006371e-04
3.645960356668942600e-04
4.542202842787678688e-04
5.250318600623705197e-04
5.963986725031754799e-04
6.586124514542454492e-04
6.616389925496598493e-04
7.166093021039552377e-04
7.191995568900364823e-04
7.680482056947788259e-04
7.748512531355411861e-04
8.333612760126316065e-04
8.827363157548876902e-04
9.243140356774999901e-04
9.591716441895283083e-04
8.902544688813187994e-04
9.286798198134955896e-04
9.609088461012939633e-04
9.877687457501770855e-04
1.009923263176536147e-03
1.027905393152716076e-03
1.005894804309916861e-03
1.013931534449244876e-03
1.020053942883905433e-03
1.024313784895766223e-03
1.026747096090562970e-03
1.027378813433464265e-03
1.036121464903930764e-03
1.044525134776957314e-03
1.051587436461925073e-03
1.058027694312922056e-03
1.063803653490139490e-03
1.068855538910067028e-03
1.073108052841112697e-03
1.076472247677152634e-03
1.040305404510064166e-03
1.043485463778556386e-03
1.066151440333817360e-03
1.093780055297496109e-03
1.094197982103233251e-03
1.105941551270660022e-03
1.107304981635949970e-03
1.107856395245570809e-03
1.108373364231826511e-03
1.096608850372269781e-03
1.120532953585785026e-03
1.127570192328447053e-03
1.132989704046574123e-03
1.115942925468156946e-03
1.110818439649491254e-03
1.108871904022149012e-03
1.113995993171578184e-03
1.115037586602305288e-03
1.121785862925773515e-03
1.127001555595766313e-03
1.101174829507486474e-03
1.112807208669049867e-03
1.121893362289795928e-03
1.129061655700234123e-03
1.133525050887154327e-03
1.136485276287285164e-03
1.138154633220724065e-03
1.076244415242821537e-03
1.088311097128894780e-03
1.089476398348512409e-03
1.103640844824385061e-03
1.074205433766577079e-03
1.082197034855391163e-03
1.094584504592814589e-03
1.104335661533492607e-03
1.112092251585056679e-03
1.073377008744680035e-03
1.061380787351037238e-03
1.070985398867220929e-03
1.084790181912803370e-03
1.095732907210377654e-03
1.063811648866213374e-03
1.081232218631037433e-03
1.049755501147656882e-03
1.060707111482850004e-03
1.075743054753497407e-03
1.044286777097699079e-03
1.055791584174422962e-03
1.071364273214523268e-03
1.039599926854655951e-03
1.051593693144209319e-03
1.032821145306299284e-03
1.048143036187005510e-03
1.023610085839708706e-03
1.042200431433473436e-03
1.054510569891564317e-03
1.061426881464412175e-03
1.073781120561873416e-03
1.026810131974245730e-03
1.016827790493695987e-03
1.035970009765200357e-03
1.006249632286490602e-03
9.848150769251524418e-04
1.013153920975738091e-03
1.034369581820951921e-03
1.049488692294925276e-03
1.059329132702467851e-03
1.071103068590206113e-03
1.078128244003740202e-03
1.081457721795520350e-03
1.081433312428334206e-03
1.088121912554864193e-03
1.093785551258608969e-03
1.097493107962189051e-03
1.100214387879034196e-03
1.102035636500132455e-03
1.102994537572234059e-03
1.103086795655981072e-03
1.102272760464247624e-03
1.011220877898981766e-03
1.022707253752220711e-03
1.024809410719580965e-03
1.037659335172433882e-03
1.047167582619647729e-03
1.053951309446190913e-03
1.058459705183882734e-03
1.061006102136270984e-03
1.061795284358789913e-03
1.060947270651868774e-03
1.058518257447193600e-03
1.077349736224211384e-03
1.076287481638124989e-03
1.101016274633182532e-03
1.100516640492916684e-03
1.123885192263799097e-03
1.130061001263273036e-03
1.132318891906146591e-03
1.131172335526311979e-03
1.127006129513547514e-03
1.124924348979964520e-03
1.122147638360249198e-03
1.140744516709151987e-03
1.145287188079348144e-03
1.145700977761700745e-03
1.143239630781609341e-03
1.150673504182385789e-03
1.163685099495652409e-03
1.172736952192446596e-03
1.178435572302917759e-03
1.181233042776098485e-03
1.181459375832538856e-03
1.179349525276696163e-03
1.175066150082035342e-03
1.156862652829230382e-03
1.173909070681250022e-03
1.155233876821280597e-03
1.168626509886417026e-03
1.177975533016962758e-03
1.183900688498859804e-03
1.158335881303288080e-03
1.170847122387432037e-03
1.145822049112265586e-03
1.160841908743871732e-03
1.171625073377154970e-03
1.178825118387819828e-03
1.182933544609342811e-03
1.184313057165881826e-03
1.183225256912253829e-03
1.179854013893076072e-03
1.174325378591964354e-03
1.166724583012079862e-03
1.157181383800611266e-03
1.153070162708639060e-03
1.147073284446596458e-03
1.148994799041106255e-03
1.150898675106852174e-03
1.151676347404018011e-03
1.152066450804294486e-03
1.152008422112876709e-03
1.151421565564909703e-03
1.150205428001408250e-03
1.062701791895827872e-03
1.075399155800478308e-03
1.084668401708624051e-03
1.091118164876177027e-03
1.095194132623632200e-03
1.097206539120486627e-03
1.097355060354567643e-03
1.095751556648982611e-03
1.023439435901857264e-03
1.026221892914433702e-03
1.028816145981248029e-03
1.039858317842036169e-03
1.042168090171617569e-03
1.044258678306663173e-03
1.045973051311623958e-03
1.047137152599398246e-03
1.047564926842340033e-03
1.047064102173374906e-03
8.846594402762229109e-04
9.109684084514328966e-04
8.946183786068170321e-04
8.902000472241530359e-04
9.268861658196845101e-04
9.570375571242589361e-04
9.815304514461001099e-04
8.839145460401968577e-04
9.208965479095762574e-04
9.513280326140046870e-04
9.760853751697179002e-04
8.797762681996144007e-04
9.168340235146375545e-04
8.726564389618332194e-04
9.194598739075054636e-04
8.497014823522018156e-04
9.030307682094267140e-04
9.465081725141971398e-04
9.816378379506145429e-04
1.009647253756153912e-03
8.593066487084444942e-04
8.226775879889507799e-04
8.828504986490851502e-04
7.886144200262833756e-04
7.214085380251165263e-04
6.575624313223642084e-04
7.354276333991732577e-04
6.163041501444003036e-04
6.993054090665187230e-04
5.836918434088852721e-04
4.350893514349388701e-04
3.969961406701077696e-04
4.972343319702291278e-04
5.839625811045561204e-04
6.585510904022099732e-04
7.229995292145725491e-04
7.786270458320095718e-04
7.642527294419317573e-04
8.076078680303792456e-04
8.454250222214033375e-04
8.782861410509264048e-04
9.066607599507423053e-04
9.309249945174353840e-04
9.060903765571412831e-04
9.382156711898347783e-04
9.728610870231601572e-04
9.970728177753471113e-04
9.969537191902709972e-04
1.018913700356142635e-03
1.037485367170877136e-03
1.052201913557563586e-03
1.064274822467436423e-03
1.074044635108035300e-03
1.081759119176096788e-03
1.024269713478117476e-03
1.037220667242151010e-03
1.047244619904196244e-03
1.054810325418046668e-03
1.060258738033719112e-03
1.063826260966713004e-03
1.065664773635158560e-03
1.065859345613132895e-03
1.081776761090340495e-03
1.082207578401582666e-03
1.081353974639594900e-03
1.107122696500591891e-03
1.043529781163829873e-03
1.052275861497033952e-03
1.058464853153573242e-03
1.046330477151147633e-03
1.055591841179711211e-03
1.062140673444847893e-03
1.066473912961692647e-03
1.068944831601164073e-03
1.069790123744832023e-03
1.069153384025153678e-03
1.099885484080409537e-03
1.102335484593813938e-03
1.130083743773116272e-03
1.137717385456602079e-03
1.142457119730014466e-03
1.144727678445690800e-03
1.144830593499141652e-03
1.142971205972874394e-03
1.139281634369655348e-03
1.133840389813407356e-03
1.135773947534076452e-03
1.137824648436034638e-03
1.058812242108219878e-03
1.080636086972224831e-03
1.045184049589685873e-03
1.021091317906635057e-03
1.046087745599599654e-03
1.064122504955215907e-03
1.011576417877601154e-03
9.820253307174845164e-04
9.336708064773745165e-04
7.989379054525937596e-04
7.530730456903391443e-04
8.205268770925252609e-04
8.771703179915187835e-04
9.238320110403358282e-04
9.624617833428415065e-04
9.000910088466879209e-04
9.414801974938093567e-04
9.207150714073547570e-04
9.053155236243314637e-04
9.387190136251070873e-04
9.727925007303442253e-04
1.001125047763874948e-03
1.024770881802364569e-03
9.730359166073682640e-04
1.003311978307105251e-03
1.028177807195856290e-03
9.886632098741053760e-04
1.016597549634755838e-03
1.039428439912319906e-03
9.992806194368847750e-04
1.025682333453557934e-03
1.047173630286036237e-03
1.063571375034702213e-03
1.076407963689750540e-03
1.086249234166821852e-03
1.093522627869607852e-03
1.014188415527654237e-03
1.029904347801275733e-03
1.041818114228369729e-03
1.020450481146064617e-03
1.035921192937857725e-03
1.026926343805876834e-03
1.044129755782527468e-03
1.029700232389806113e-03
1.050227866508393615e-03
1.027331199557763577e-03
1.049931717507224466e-03
1.013003338047334650e-03
1.028693116543451551e-03
1.005685561524058890e-03
1.024891599662820047e-03
1.037355630018608468e-03
1.002656754477588901e-03
9.855481446797355761e-04
9.613220362312342900e-04
9.933982146143639780e-04
1.017820294891497949e-03
1.023405843781887261e-03
1.042032719994836132e-03
1.046147406150542544e-03
9.799850075428780550e-04
9.962673143915547896e-04
9.996865692726631444e-04
1.013678141240452121e-03
1.024915633826918842e-03
1.034429181529004840e-03
1.025042151355518710e-03
1.037062210513018962e-03
1.052412894663466757e-03
1.043104537994759629e-03
1.035953873206149579e-03
1.043778235428491569e-03
1.035545698234158337e-03
1.044725863669497502e-03
1.049462138279666067e-03
1.060194994466631853e-03
1.032559700139572788e-03
1.031335430058097184e-03
1.041822757792845375e-03
1.026273780145916040e-03
1.017277148146469292e-03
1.033808283333208233e-03
1.045072695658389155e-03
1.051827256025514128e-03
1.054673915554669083e-03
1.070043332487463248e-03
1.070555400604520854e-03
1.068304870749974033e-03
1.073556288902126430e-03
1.078076200639867428e-03
1.088626302581087880e-03
1.091606114439965273e-03
1.099027404902725965e-03
1.100908946003202691e-03
1.098256904046226480e-03
1.090722572572616405e-03
1.091452602676439487e-03
1.098110050098019281e-03
1.089627329398682939e-03
1.089888964479819155e-03
1.096613678968268949e-03
1.096596396912311424e-03
1.096895744570864674e-03
1.103586830663347501e-03
1.103754642339058005e-03
1.098941490254138047e-03
1.090370242401534186e-03
1.101247412256525001e-03
1.093694270691151224e-03
1.084974116972387123e-03
1.085225264885167828e-03
1.084777360210617721e-03
1.084316720505191199e-03
1.086324924440640631e-03
1.085791600984130313e-03
1.085253859574051693e-03
1.084623139500006869e-03
1.083798897282738311e-03
1.082669153990614393e-03
1.055742020886341623e-03
1.078872075226496507e-03
1.077716920159115617e-03
1.076566979443580865e-03
1.077641477338198541e-03
1.076550745054251053e-03
1.075458379825858539e-03
1.074260478613599332e-03
1.072841168723076902e-03
1.071074045432519276e-03
1.042974278324248312e-03
1.042257138537519556e-03
1.041621639480434921e-03
1.044977640998508714e-03
1.070760602801285911e-03
1.069455940630202606e-03
1.079408074345980344e-03
1.078251821399392419e-03
1.077092922671066483e-03
1.075827180309794342e-03
1.074338859703373146e-03
1.055921741771624839e-03
1.055032810237068863e-03
1.054180865977696934e-03
1.053244460569327740e-03
1.052089427332075300e-03
1.050571785809753349e-03
1.048541349822740059e-03
1.037303045164248263e-03
1.045929261242554411e-03
1.051050725590713802e-03
1.058369863236348048e-03
1.066023421921961922e-03
1.069926803621568286e-03
1.070568183525739785e-03
1.068323403362212484e-03
1.073509330910334776e-03
1.078193483428163462e-03
1.081418256562910246e-03
1.080481491002243961e-03
1.090417450030216210e-03
1.093532025135654333e-03
1.099436076844833091e-03
1.094730281278601244e-03
1.097613111945220559e-03
1.102190814659548442e-03
1.097196929214013612e-03
1.099916834223322410e-03
1.102687101686074039e-03
1.109550922508076602e-03
1.112481242111989978e-03
1.115409159045296613e-03
1.117200200931631844e-03
1.118585825697703201e-03
1.119492993868344754e-03
1.119835001525803586e-03
1.086803535310988146e-03
1.109981172351796365e-03
1.111840228283591473e-03
1.113699461239350211e-03
1.115612337417290923e-03
1.117614879321102541e-03
1.118444937648289646e-03
1.118929144380388782e-03
1.118990528717316718e-03
1.118537492912531715e-03
1.083993923476676098e-03
1.108167819737290597e-03
1.107699249972819537e-03
1.116596890279994122e-03
1.117966714302192450e-03
1.120042650147276640e-03
1.122029755412592587e-03
1.124059696788325124e-03
1.117616641490103970e-03
1.119875482114555303e-03
1.119687911299025026e-03
1.119364013624818150e-03
1.124316208989938623e-03
1.127696687270252291e-03
1.128841006402761136e-03
1.128864798598237058e-03
1.127981644201267323e-03
1.126318751730914780e-03
1.123931822262566951e-03
1.120818527304726997e-03
1.116931013862849931e-03
1.103507682861307312e-03
1.099016735877699023e-03
1.088265465488174417e-03
1.095384964570247270e-03
1.098769952397198523e-03
1.108601825267779535e-03
1.113985813479530327e-03
1.106343184873045558e-03
1.010189033910276809e-03
1.004901844198713640e-03
9.857999141936707281e-04
9.466182500761256965e-04
9.163576924743024226e-04
8.710691715213892457e-04
7.520879712649533632e-04
8.133476597239399372e-04
8.639574179026529620e-04
9.055488449028392586e-04
9.394562412896367886e-04
8.798082258202601048e-04
8.845877697539458523e-04
8.844477779942740495e-04
9.253315809026339865e-04
8.901607628650064913e-04
9.288840165052338581e-04
9.609727932974018770e-04
9.876622221760991780e-04
1.008803491103887331e-03
1.025926660904172890e-03
1.007844021348957468e-03
1.020519957419162510e-03
1.030728142228771581e-03
1.038788438137312796e-03
1.044939158466759400e-03
1.049349929856517073e-03
1.021945243564807660e-03
1.025978934498983711e-03
1.041742759807063852e-03
1.044226132254589320e-03
1.057791412744015164e-03
1.059201486572311154e-03
1.060186094313786452e-03
1.060710018511881996e-03
1.053012773989169069e-03
1.053247491849517922e-03
1.066355442032110084e-03
1.066083640968093927e-03
1.065686125851404101e-03
1.065076945370825763e-03
1.056976693335569132e-03
1.056384073551634457e-03
1.055769781966750705e-03
1.058227788446677430e-03
1.057430959369255307e-03
1.056647360426065697e-03
1.055761840181485911e-03
1.054645685553100504e-03
1.053159528691212897e-03
1.051156958255628632e-03
1.036983580836523195e-03
1.046148139824334185e-03
1.051718101220774481e-03
1.054175934360207338e-03
1.053885755284483241e-03
1.055301253065828518e-03
1.054896165208353337e-03
1.052787211786803930e-03
1.058495158862975301e-03
1.078203112692733634e-03
1.073734418722488123e-03
1.077569561691415394e-03
1.081514926439442305e-03
1.084409316013345420e-03
1.091639873834073828e-03
1.094759682778306603e-03
1.096822750139896498e-03
1.098583825850800704e-03
1.099962367406009164e-03
1.100862930978563532e-03
1.101176279856344196e-03
1.003541684852830851e-03
1.011730475074404043e-03
1.005772476289529564e-03
1.031006902564484632e-03
1.050585633958077371e-03
1.066027543835970605e-03
1.077987333670545706e-03
1.086980647442314799e-03
1.093403812552493993e-03
1.008527615926997070e-03
1.010841214673148568e-03
9.992654861815278115e-04
1.026587579654125075e-03
9.758199439934693879e-04
9.971081906356700324e-04
1.021604320210672823e-03
1.041776140178674558e-03
9.875535300233897161e-04
9.544157225918808779e-04
9.287908209962804839e-04
9.680706236915602230e-04
9.058380702764949740e-04
9.497129941928669382e-04
9.835271922004563874e-04
1.008683598934106323e-03
1.026341239421972541e-03
1.046816694572761395e-03
1.023697647579435450e-03
1.033615818345119414e-03
1.046427166389545102e-03
1.061091479466108210e-03
1.069682945121198285e-03
1.082384794798058351e-03
1.092379874454429533e-03
1.099149318430635595e-03
1.103919455742402231e-03
1.107019758321974327e-03
1.108682727253956866e-03
1.109058738099957895e-03
1.108229559423099713e-03
1.106221229144895664e-03
1.094266889100210544e-03
1.091053516564052632e-03
1.086408165645905057e-03
1.089190752884979484e-03
1.092367377838443379e-03
1.095968109403182809e-03
1.099484969710390943e-03
1.114165660425763850e-03
1.110869106371476520e-03
1.105709067261702360e-03
1.125349282750344286e-03
1.121881259303116008e-03
1.116486420024026278e-03
1.119263103238021763e-03
1.130846253626675672e-03
1.147043394653560417e-03
1.151323560349472221e-03
1.151295220716231412e-03
1.147512776018730233e-03
1.147125707826306823e-03
1.144308163876618786e-03
1.151945212731794342e-03
1.150479008771376896e-03
1.164590250248500594e-03
1.174491981050329679e-03
1.180832810455678629e-03
1.184100030668239212e-03
1.184653244819703927e-03
1.182752381519676333e-03
1.178581261527448945e-03
1.172267585516937726e-03
1.172907606083600568e-03
1.173411325729335286e-03
1.155732458496200234e-03
1.157779794382802650e-03
1.159767868972663273e-03
1.157703018283388202e-03
1.170360755078682369e-03
1.172010963316635901e-03
1.166534816917164444e-03
1.171298197884908633e-03
1.171860129126500987e-03
1.161074614763543894e-03
1.166558524133523090e-03
1.167699083993766493e-03
1.165058191972715568e-03
1.159067808004981886e-03
1.160122222199023046e-03
1.145484685891163742e-03
1.139717903861660591e-03
1.141497587745967128e-03
1.143237861746301343e-03
1.142727760784827780e-03
1.157404016992600584e-03
1.160380915717160004e-03
1.159032595098837990e-03
1.153898979433092562e-03
1.155560841320422538e-03
1.156385334056840792e-03
1.155429618316932512e-03
1.153774314471936544e-03
1.151529721210618881e-03
1.148734347305976726e-03
1.145366169591278613e-03
1.141353549451546876e-03
1.128916002072066034e-03
1.124432946143497612e-03
1.025194611080757498e-03
1.061153803431733262e-03
1.071826858315360091e-03
1.072432837406896546e-03
1.086062801810127893e-03
1.095769158433089691e-03
1.102294765206404291e-03
1.106190340742486695e-03
1.107848352031418375e-03
1.056452320030133729e-03
1.066331818243945913e-03
1.071004318176490980e-03
1.078161029167753289e-03
1.097355338480478833e-03
1.070606380586902693e-03
1.093399340622987171e-03
1.050013230070295095e-03
1.024776443913459189e-03
1.051838100509215135e-03
1.071313145705181163e-03
1.084234311567934539e-03
1.091427603190853234e-03
1.103675882791990909e-03
1.113494782081788466e-03
1.043068447382179123e-03
1.011428907794685757e-03
9.741757140753865788e-04
8.466343634896339801e-04
8.910782645468551342e-04
8.201849568537462540e-04
7.880296269262311842e-04
8.489713857659185719e-04
9.002901372678446482e-04
9.425798413790611790e-04
9.092192792106368803e-04
9.490133009365858338e-04
9.823752817201337247e-04
9.585402829437539513e-04
9.902159585189833878e-04
1.016636028469607112e-03
9.910129864880853293e-04
9.829667447210650288e-04
1.003325750045104591e-03
1.026475852125881575e-03
1.045644001555805051e-03
1.017104803063132931e-03
1.040704227488391123e-03
1.012300525477652759e-03
1.028277008427253220e-03
1.047543595149872265e-03
1.063295850187680365e-03
1.031521907909176096e-03
1.053019295337740682e-03
1.022415565812658054e-03
1.037034047945840703e-03
1.055052341822121723e-03
1.023214679761144446e-03
1.012946780771365341e-03
9.950392388832561379e-04
1.021021567185632873e-03
9.818605487671699245e-04
1.010576911620305945e-03
9.677702150772277958e-04
9.991498834084891131e-04
1.023310502932598927e-03
1.041298474690659356e-03
1.053944824849070141e-03
1.064147701094359964e-03
1.073426416073921348e-03
1.081033124505841958e-03
1.087840482507480009e-03
1.092739224356426789e-03
1.097819950802394594e-03
1.100566205450759791e-03
1.101079038722029956e-03
1.099426450637768339e-03
1.095652693083838929e-03
1.098898670203714203e-03
1.101878866616814914e-03
1.103567651651478181e-03
1.104761186102341114e-03
1.105443202061234288e-03
1.096171048193550880e-03
1.095650699835531202e-03
1.094897915978546759e-03
1.103732424585971263e-03
1.102586049810611816e-03
1.117726759166774893e-03
1.117879709294109132e-03
1.117155256563200040e-03
1.119790122906579076e-03
1.123811521702667996e-03
1.116096650416723100e-03
1.116121879748033403e-03
1.120929548632172571e-03
1.113594835891955565e-03
1.113927467032137806e-03
1.114523148154464684e-03
1.113033090097481810e-03
1.113554422773652564e-03
1.114314782921559544e-03
1.114187272169363425e-03
1.113886839684446453e-03
1.109675362260229047e-03
1.114066523810829708e-03
1.106202389775107079e-03
1.106787668898123874e-03
1.107637422832389185e-03
1.107498778906693430e-03
1.107184094741231559e-03
1.106609891326926914e-03
1.093289365438129303e-03
1.114651581655412994e-03
1.115732742139418634e-03
1.109000802832002227e-03
1.109991493713663978e-03
1.111165691706211519e-03
1.111364722372263671e-03
1.111334175962458643e-03
1.110996716374835916e-03
1.110259526940188908e-03
1.109014540968292478e-03
1.107140069466650044e-03
1.104503602322846065e-03
1.100965662811727785e-03
1.096384500518153560e-03
1.090621357410833736e-03
1.092288971737926306e-03
1.090970754923932529e-03
1.117951318147690108e-03
1.135360391136149482e-03
1.039376651835642379e-03
1.040531962312544025e-03
1.020662478046161122e-03
1.036762667438345361e-03
1.008201208279738310e-03
1.028324745998031742e-03
1.041478046034293543e-03
1.001181888974026412e-03
9.807385834603250720e-04
1.008180094195464593e-03
1.028140969344665170e-03
1.041683963199363863e-03
1.049662872668366423e-03
1.063040317431440196e-03
1.073989558415219467e-03
1.081816688028284720e-03
1.087740294584768055e-03
1.092029559254829082e-03
1.079652927729231066e-03
1.082014871461705382e-03
1.083474087608274870e-03
1.084105316760146463e-03
1.083727204713067502e-03
1.083603924097758207e-03
1.083097338273419138e-03
1.092803938737749040e-03
1.117723527442033129e-03
1.118199129482859606e-03
1.117646163769640561e-03
1.116885125751714784e-03
1.110839229382163187e-03
1.109413771567410506e-03
1.107850695065300522e-03
1.106074311657857367e-03
1.103989284888180636e-03
1.101481936851315567e-03
1.081765132581451617e-03
1.079749870315115622e-03
1.099815321850350488e-03
1.122340278976664569e-03
1.122121345869716777e-03
1.127304472611111467e-03
1.127637214277910430e-03
1.120819277181330084e-03
1.133384307715470159e-03
1.135156109636485016e-03
1.133141474965925150e-03
1.127824365562661449e-03
1.129228535155824952e-03
1.111167888467793621e-03
1.104451115393988853e-03
1.105689362928941434e-03
1.108714135178283508e-03
1.102385503163776266e-03
1.119434059211724813e-03
1.120571368577563546e-03
1.118511394637674954e-03
1.112802710997958184e-03
1.101055600773989456e-03
1.031301362207681692e-03
1.011848545313108775e-03
1.025590100773353256e-03
1.043186195223291942e-03
1.057261202852892998e-03
1.067455210349106112e-03
1.065962465302251099e-03
1.074262729875755194e-03
1.079925584419366008e-03
1.084073737121343632e-03
1.073491513755572358e-03
1.075850000367992469e-03
1.077345561740285316e-03
1.078696193467518129e-03
1.095305472781780932e-03
1.097070833166356773e-03
1.097690162711365122e-03
1.097941871681740525e-03
1.088839648838573230e-03
1.088588652962455949e-03
1.088182223077568608e-03
1.087569755234321948e-03
1.086680919125062325e-03
1.068733803336233785e-03
1.067699455974024025e-03
1.066645024520235414e-03
1.065472087490072295e-03
1.057678799677573772e-03
1.056572917547777320e-03
1.055524476774170667e-03
1.058549657399632336e-03
1.057327822008697054e-03
1.056185969206670282e-03
1.055000049165293746e-03
1.053632902335043366e-03
1.051937319469145767e-03
1.049759772378405526e-03
1.046944714487626354e-03
1.043339187585935399e-03
1.046761515921907412e-03
1.075119920966817596e-03
1.083559318323411898e-03
1.091898633765634591e-03
1.096504823142418475e-03
1.097910422881932498e-03
1.094436740687536325e-03
1.100809063251009801e-03
1.103200990743857975e-03
1.099866605398657545e-03
1.097726897677595058e-03
1.099302376970869586e-03
1.115217880413479695e-03
1.126858067772714203e-03
1.134916465001384323e-03
1.139922207758818857e-03
1.142273508941200671e-03
1.142265162004305751e-03
1.140111501453965233e-03
1.135965648885922923e-03
1.129935848580003455e-03
1.114255859512167362e-03
1.110989306250546134e-03
1.106062303261805095e-03
1.109040680094300693e-03
1.112008252418984419e-03
1.115002397362992474e-03
1.115115381758926194e-03
1.117478536843762678e-03
1.118783851598885524e-03
1.117964286662432227e-03
1.119904162939658202e-03
1.123979277167598111e-03
1.121101582083788070e-03
1.116297051898026494e-03
1.109833211290936743e-03
1.117275447400798523e-03
1.112480509283566166e-03
1.125527616431568198e-03
1.127861317577461692e-03
1.126213370560644710e-03
1.121796927758909185e-03
1.124186344084811750e-03
1.122536310610067114e-03
1.126549972862667722e-03
1.129325595912254688e-03
1.130141807506327952e-03
1.130026673696030723e-03
1.129141075457568751e-03
1.097765101826178244e-03
1.114392690535048053e-03
1.116424591681133534e-03
1.118535545734072661e-03
1.113968266918631198e-03
1.116104568801664330e-03
1.118300180557669967e-03
1.119317291297333358e-03
1.108891201990164698e-03
1.110696194143587050e-03
1.111400176510661357e-03
1.109747997974345644e-03
1.118446406922075182e-03
1.117502036683900744e-03
1.119065198365216431e-03
1.120925806746398681e-03
1.118636546392893930e-03
1.115607015907169692e-03
1.112642265617814477e-03
1.119231185603632335e-03
1.121524516214139188e-03
1.107991050516286694e-03
1.098969614071706883e-03
1.110674609951150214e-03
1.117696237610263333e-03
1.094298616744386089e-03
1.016768048914128749e-03
1.034692205728386617e-03
1.048273838661301603e-03
1.058309882813404093e-03
1.065412042853023386e-03
1.070041121526242069e-03
1.072535267497573899e-03
1.073133797066560743e-03
1.071997718054598951e-03
1.068240809312666394e-03
1.075100732313299685e-03
1.078210599460780947e-03
1.082816355719177321e-03
1.088832725684676277e-03
1.089555118377665607e-03
1.096539511757251267e-03
1.099615817722479323e-03
1.099313474514949885e-03
1.096034578078772855e-03
