6.806696415636115383e+00
6.803378643652763458e+00
6.800169746885195821e+00
6.796725915713103028e+00
6.793220080035742292e+00
6.789727258663281084e+00
6.786536512937406229e+00
6.783154390284573232e+00
6.780260325397907906e+00
6.776943161141518068e+00
6.774099206574689447e+00
6.770658878364606892e+00
6.767294781463905728e+00
6.764037392838799789e+00
6.761648497837992267e+00
6.758717338106402295e+00
6.756016149764684009e+00
6.753451035074542474e+00
6.751897067740426195e+00
6.749437232229822392e+00
6.748189893152309438e+00
6.746150102201368348e+00
6.745388190744828094e+00
6.744866448439715612e+00
6.743513658445371206e+00
6.743123445694792828e+00
6.743315865640536089e+00
6.742034226106568440e+00
6.742019751525968552e+00
6.741963325382509531e+00
6.740909132775394497e+00
6.741117678267520397e+00
6.741411896379042368e+00
6.740540164544134072e+00
6.739422940530833017e+00
6.740164744922195972e+00
6.740640727401543408e+00
6.739546921750740438e+00
6.738506372508697773e+00
6.737629533324986042e+00
6.737880028747560424e+00
6.736982520021086884e+00
6.735845967484375585e+00
6.734695582482830289e+00
6.734977078270761197e+00
6.733798289136130322e+00
6.733916434091464787e+00
6.732716701490662814e+00
6.731719648272110668e+00
6.731846951913159849e+00
6.732626498193300613e+00
6.733145984244263360e+00
6.733866210065117208e+00
6.732723496677079034e+00
6.731695191082882168e+00
6.730844210901642199e+00
6.731223268775191393e+00
6.731768592137945539e+00
6.732424415168636322e+00
6.731491306070712888e+00
6.732674954947190926e+00
6.733697193738755082e+00
6.732966330437353264e+00
6.733530335187935201e+00
6.732902313453847043e+00
6.733683204286614377e+00
6.733245266492293268e+00
6.734262379769435647e+00
6.733678170697531051e+00
6.735175447388141556e+00
6.734581457131015192e+00
6.734068830411700901e+00
6.733606274502236921e+00
6.734540108311546369e+00
6.735471024084094260e+00
6.735147497943311024e+00
6.734948506051956052e+00
6.734438542776370440e+00
6.733913139778076484e+00
6.733610897035524623e+00
6.734560047210107925e+00
6.733984706309293244e+00
6.733416617978371654e+00
6.733020714448306521e+00
6.732736606173515881e+00
6.732169104323681097e+00
6.731584992471487894e+00
6.732653758582605619e+00
6.731916270859240825e+00
6.732763228996766713e+00
6.732073941847183995e+00
6.731402882732936632e+00
6.730909326104097978e+00
6.730538389970044832e+00
6.729843373552578889e+00
6.729136688136740041e+00
6.728700013299032889e+00
6.727912745432208297e+00
6.727217800392526925e+00
6.727919336167439646e+00
6.728556770246284735e+00
6.727919519610491506e+00
6.727396003296727045e+00
6.726544361034846098e+00
6.725673397160875311e+00
6.726505671812955001e+00
6.727093335312982703e+00
6.725996671996504972e+00
6.724994601601337330e+00
6.725354903611325597e+00
6.724440648058203074e+00
6.725108718502837313e+00
6.724051368061667588e+00
6.722909363232647095e+00
6.722038608204177201e+00
6.722352332889716564e+00
6.721139741610794971e+00
6.721479341968532140e+00
6.720386315931762056e+00
6.719397513661901300e+00
6.718539720012763894e+00
6.717542156732850600e+00
6.718861966475366820e+00
6.719924283805377208e+00
6.718974503633537765e+00
6.719798325856757515e+00
6.718889480142151704e+00
6.718048101643585568e+00
6.717313127323419231e+00
6.718249543443634231e+00
6.719183217796086183e+00
6.718458520488655772e+00
6.717777781725407849e+00
6.718943372347398579e+00
6.719819376136040745e+00
6.720870427931108004e+00
6.719973627780687409e+00
6.720602252471524096e+00
6.721404588356501897e+00
6.720655986337888521e+00
6.720007645504826321e+00
6.719484117993754779e+00
6.720814183401627950e+00
6.719975546037976422e+00
6.719181674104682145e+00
6.718435738449755945e+00
6.717741019906938504e+00
6.718760649042203603e+00
6.718231305105513584e+00
6.719349772188571102e+00
6.718979031541950420e+00
6.720412692668334742e+00
6.722030517598772015e+00
6.723393011469908309e+00
6.724978662493279913e+00
6.726861037028346146e+00
6.728575483068467200e+00
6.728188620736557546e+00
6.727909645954272655e+00
6.729077233695830884e+00
6.730174350243495418e+00
6.729921123801198668e+00
6.729760747673440235e+00
6.731541455045908506e+00
6.731054073441860908e+00
6.730565622064567322e+00
6.730075594162640229e+00
6.731070433304691569e+00
6.730526506714491042e+00
6.729989663217041951e+00
6.730941205152616291e+00
6.731841966813991718e+00
6.733125566301193743e+00
6.732432129766924511e+00
6.731401164627405898e+00
6.732327552516222724e+00
6.733010233565171809e+00
6.733571298460093502e+00
6.732197150018553344e+00
6.730708819013955235e+00
6.730516489123160362e+00
6.730706886476027329e+00
6.728696272571606407e+00
6.726581401899813351e+00
6.724365084704381879e+00
6.722051677731392338e+00
6.721380453495044094e+00
6.718833012537825056e+00
6.717687007483535311e+00
6.715005003539531891e+00
6.713940866623002712e+00
6.711127367371778618e+00
6.708268417988733745e+00
6.706663834781514844e+00
6.703172025679080548e+00
6.702528808752381551e+00
6.701372049528176333e+00
6.697696039199882101e+00
6.693943022433644252e+00
6.690116638297258334e+00
6.688809316347816392e+00
6.684836540585086695e+00
6.680802342599614363e+00
6.676709414192730563e+00
6.675029320834881652e+00
6.670836569829838858e+00
6.669199524165499327e+00
6.667573239479001934e+00
6.665959030694547316e+00
6.664357967212882983e+00
6.659971894133565939e+00
6.655542403787115369e+00
6.651071576840280386e+00
6.649622790077198253e+00
6.648189321831335263e+00
6.646771407554326494e+00
6.642186457975249425e+00
6.637567636654155834e+00
6.636269381563040248e+00
6.631598572602883657e+00
6.626481345389893640e+00
6.625311808551489712e+00
6.624138351053551865e+00
6.622979980725005156e+00
6.617772476167674611e+00
6.617075385520609032e+00
6.611807338136761913e+00
6.605908290235358749e+00
6.604163946576047550e+00
6.602892949289450364e+00
6.596930748042192150e+00
6.590899353400590854e+00
6.584798237603772364e+00
6.583067897997071150e+00
6.581369329229159959e+00
6.579699413573343314e+00
6.573406752931899355e+00
6.567039988650167359e+00
6.565495348925164620e+00
6.559014575625278454e+00
6.552462766978399245e+00
6.551039735961477817e+00
6.549634328507571546e+00
6.542934224395461129e+00
6.536168754371648681e+00
6.529341690954775679e+00
6.522457158993364423e+00
6.521281060917491601e+00
6.514308724423932162e+00
6.507288803376418684e+00
6.506239968243990646e+00
6.499146097455293258e+00
6.492016226548023461e+00
6.490611272293349110e+00
6.482968673630120193e+00
6.475316936273887158e+00
6.474164327237224015e+00
6.465846927528658306e+00
6.457450189011620267e+00
6.457173031491036497e+00
6.448721205441454885e+00
6.440196082535535105e+00
6.438665834921586395e+00
6.430011265350607630e+00
6.421290432021542927e+00
6.412508618062438437e+00
6.403671531539402828e+00
6.402381855288819423e+00
6.393437578405388066e+00
6.384450387855435949e+00
6.375427418206061070e+00
6.366376117311954630e+00
6.357304210284512536e+00
6.348219661063558839e+00
6.339130631614191103e+00
6.338280285560360383e+00
6.329146775145724213e+00
6.320026508718131986e+00
6.310928184457122114e+00
6.301361768215588910e+00
6.291850303562665836e+00
6.282401559061914220e+00
6.272346715687818985e+00
6.262286167861872421e+00
6.262335060426519995e+00
6.261743911200138513e+00
6.261188100119321476e+00
6.251071731862957392e+00
6.240955966601094751e+00
6.239779387747223183e+00
6.238629329339770990e+00
6.228363161919854285e+00
6.218107391423616015e+00
6.207868617091615526e+00
6.206921010267990368e+00
6.196630754336982072e+00
6.186371206114952948e+00
6.176149460513871148e+00
6.165972612468741509e+00
6.155847733123859022e+00
6.145781844718101183e+00
6.135781895307279576e+00
6.135312526865803306e+00
6.125320794604737884e+00
6.115410103055577196e+00
6.105587253428191197e+00
6.104837979374838852e+00
6.104595721567948274e+00
6.104363016699538846e+00
6.093969517532311642e+00
6.083696903389254729e+00
6.072864697608243212e+00
6.062078665163359581e+00
6.051341154485179175e+00
6.040654602514623051e+00
6.030021556992362974e+00
6.028083601536604164e+00
6.017474563842334589e+00
6.016754720344093421e+00
6.016064843261384354e+00
6.005347090006009303e+00
6.004753393694994834e+00
5.994012986464894333e+00
5.983337792782516651e+00
5.972732286824631309e+00
5.972370819677703224e+00
5.961759515646080310e+00
5.951228560848206506e+00
5.940783054953353570e+00
5.930428144544437785e+00
5.928937853769189914e+00
5.928845072965859941e+00
5.928764595518208225e+00
5.928695465246197394e+00
5.928636835243847436e+00
5.918085327314217103e+00
5.917601959579307902e+00
5.906616897881078465e+00
5.907164009243726532e+00
5.907280414714938921e+00
5.896250358882184628e+00
5.884671610827434840e+00
5.873152615477592597e+00
5.861695078424974170e+00
5.861019412681358176e+00
5.849537396012117085e+00
5.848991427508511975e+00
5.837482993569738099e+00
5.837054609940459216e+00
5.825520748499719126e+00
5.814056113200852138e+00
5.813811329736409128e+00
5.813593123300794474e+00
5.802020923121560259e+00
5.801900757137772757e+00
5.790318838254610689e+00
5.778822696707480944e+00
5.778872796505405418e+00
5.778939087269505670e+00
5.767363548214701652e+00
5.767521035334429946e+00
5.755963543745116873e+00
5.744515355191236239e+00
5.733183067964163548e+00
5.731835994516361055e+00
5.720698587162550197e+00
5.709150362306618653e+00
5.697743076585635613e+00
5.685796486129106597e+00
5.684791668795116770e+00
5.672914506123525769e+00
5.674028361740106163e+00
5.662215958984230468e+00
5.663532378516364041e+00
5.651786346913646675e+00
5.640110544674906023e+00
5.640012453353310029e+00
5.628305124262424464e+00
5.616674270771963684e+00
5.616765307762528359e+00
5.616887322586444853e+00
5.605129422149861540e+00
5.593457121214748362e+00
5.591739368157984558e+00
5.580225757796432262e+00
5.580555883791076255e+00
5.580905566090690328e+00
5.569294848099477058e+00
5.569745442660842372e+00
5.558139178370928413e+00
5.546634164230247244e+00
5.535237717611686037e+00
5.535954998279498440e+00
5.536683685798975851e+00
5.525234158268834683e+00
5.513910871659697399e+00
5.502194630271708853e+00
5.490631284503704634e+00
5.478551042294320439e+00
5.466542600996344703e+00
5.466973546948690199e+00
5.467829926522391304e+00
5.455880197018016631e+00
5.457661437601331933e+00
5.458697506237877306e+00
5.459760094291705279e+00
5.447746045927089220e+00
5.435812010797775429e+00
5.436238962416024556e+00
5.436703434057186257e+00
5.424612917266384393e+00
5.412608791758137805e+00
5.400695646752834200e+00
5.388878192209340057e+00
5.377161247971941727e+00
5.376306092477142862e+00
5.364732861446736223e+00
5.365637777779403983e+00
5.366563744064039909e+00
5.354883741259797603e+00
5.343311425493985745e+00
5.344424475164372801e+00
5.332866522694185818e+00
5.321430931089840222e+00
5.310124620613673407e+00
5.298455127927819142e+00
5.286936499570323633e+00
5.275575643992614694e+00
5.263696601721266077e+00
5.263973397917093955e+00
5.252142479024732857e+00
5.240385165652616806e+00
5.228703157762453202e+00
5.217098397382338604e+00
5.216103834593904587e+00
5.204621217335888339e+00
5.193206971208123690e+00
5.181864952701770832e+00
5.170599255993442611e+00
5.171879035413214254e+00
5.173192616460609017e+00
5.161770835975538319e+00
5.150434572788382681e+00
5.139189405118641751e+00
5.139349701573251217e+00
5.140904960493965170e+00
5.142481845658845252e+00
5.131066628152513687e+00
5.119757121331972805e+00
5.108559774459217273e+00
5.110421820689957428e+00
5.099236358604723129e+00
5.087656351198097227e+00
5.089676875525489308e+00
5.078132260573342549e+00
5.066057348355711198e+00
5.054039743098584836e+00
5.056665660986117139e+00
5.058654953560050238e+00
5.046584222074920412e+00
5.034576011212658742e+00
5.022633607310488024e+00
5.022262801257052267e+00
5.010418012111270691e+00
4.998632267138859220e+00
5.000318089422018275e+00
4.988465150438463169e+00
4.976680915965416396e+00
4.964971523001736387e+00
4.966972213746588594e+00
4.955213859326281778e+00
4.943543324296040709e+00
4.944288064511341396e+00
4.932653970070019156e+00
4.921123096072318681e+00
4.909702471073257968e+00
4.912141271980662083e+00
4.900716304580877924e+00
4.903263742883963161e+00
4.905826945929608662e+00
4.908404529589328824e+00
4.910995206335838859e+00
4.913597770061930881e+00
4.916211087496585641e+00
4.918834090807997050e+00
4.906197026001161809e+00
4.893703847868172474e+00
4.881365388109477621e+00
4.883173753842724452e+00
4.870141003700132920e+00
4.857170922495768650e+00
4.844268456772982567e+00
4.831438735052536515e+00
4.831527919025136342e+00
4.818830751897143827e+00
4.821160930609013739e+00
4.808393977345652992e+00
4.810879874549312873e+00
4.798047831644984385e+00
4.800680293243324570e+00
4.803350378948950450e+00
4.790326315145124525e+00
4.777383971725685186e+00
4.764532969605099311e+00
4.767539694989205046e+00
4.770571326002117196e+00
4.757555812699124864e+00
4.744650037353516758e+00
4.746238558659777951e+00
4.733406730929003992e+00
4.720706060606100429e+00
4.724086793820367447e+00
4.727478946142895211e+00
4.714667954797578275e+00
4.701471887263580562e+00
4.705042144939739934e+00
4.691887250554773736e+00
4.696067063713249112e+00
4.682233188884599606e+00
4.686502262026979615e+00
4.672584578760775820e+00
4.677754584948861094e+00
4.663823766302846785e+00
4.669157336551612580e+00
4.673137590053404011e+00
4.659088634406519880e+00
4.645146653354697897e+00
4.648023095854171949e+00
4.634053582188387033e+00
4.637169200637094590e+00
4.623167806149623971e+00
4.624050917380957415e+00
4.610258531713378183e+00
4.613625157455002679e+00
4.599796884131420072e+00
4.603342689661459985e+00
4.589481992992760162e+00
4.575734987943173238e+00
4.579558210991359957e+00
4.583419502207084051e+00
4.569512364813203220e+00
4.573517751664044617e+00
4.559598303972809852e+00
4.563739437608179017e+00
4.549816661885426328e+00
4.536043571169899202e+00
4.522432935162196799e+00
4.508483623763313020e+00
4.511554777455751619e+00
4.497732146430054812e+00
4.484105603620452740e+00
4.469971263674658246e+00
4.455940407865490727e+00
4.442018523644148509e+00
4.428211078687940727e+00
4.414523542367907893e+00
4.400961400430486670e+00
4.403363846474272592e+00
4.389935058565582970e+00
4.376622075664629463e+00
4.363432405068085274e+00
4.350373562974937158e+00
4.353380126422840668e+00
4.340369311840733602e+00
4.345031271532487693e+00
4.349742443125204971e+00
4.354497956716848250e+00
4.341116233732663865e+00
4.327877683320640045e+00
4.314791786811908558e+00
4.319896432849462009e+00
4.306799114052099142e+00
4.312030364472013488e+00
4.317285959551667496e+00
4.304013418999137919e+00
4.308874924215872149e+00
4.314272421498420940e+00
4.300350098383255215e+00
4.306298316843457208e+00
4.292362900410816806e+00
4.278619396743254200e+00
4.284553462022397063e+00
4.270011156127991647e+00
4.277059099114334906e+00
4.282888863877764685e+00
4.268161520172001566e+00
4.275357152071563860e+00
4.260607678027539258e+00
4.245969472807348488e+00
4.231450199247606569e+00
4.217057418709096339e+00
4.202798602808671014e+00
4.188681144238029397e+00
4.174712364075712223e+00
4.160899514949657707e+00
4.163591978739115795e+00
4.169089666857762388e+00
4.174667363583432156e+00
4.180315487918495165e+00
4.166161637417289398e+00
4.152142586313495087e+00
4.158098844041482778e+00
4.164102640552840739e+00
4.149865348128274789e+00
4.135775216853561531e+00
4.142055794626408272e+00
4.148368033091641038e+00
4.154707633097380004e+00
4.140231431914633831e+00
4.146712505592088149e+00
4.132215908537046900e+00
4.117887695127610215e+00
4.124611593019723799e+00
4.109769072684820834e+00
4.116589762903494432e+00
4.101754959240811793e+00
4.109179019867148952e+00
4.094333945813851905e+00
4.079001614576242218e+00
4.063769110038670362e+00
4.071390191934601610e+00
4.078370995221765938e+00
4.085407073287055546e+00
4.069891461490788842e+00
4.054481309344634354e+00
4.039186455031772205e+00
4.024016725778071901e+00
4.028510964812630490e+00
4.035241447690614436e+00
4.020028340624773655e+00
4.026972205484144141e+00
4.033981074670991873e+00
4.041044807802069094e+00
4.048153995575564323e+00
4.055299879293749576e+00
4.062474282406738801e+00
4.069669552854472627e+00
4.053292545495886579e+00
4.060675418605407927e+00
4.068065210827383815e+00
4.075455819085281206e+00
4.082841460180598681e+00
4.090216651657344826e+00
4.073190334727915918e+00
4.056178291204678210e+00
4.039202455931722113e+00
4.047143952858715643e+00
4.030088033124475722e+00
4.013102962512737903e+00
3.996212826131061657e+00
3.979442133777881363e+00
3.988049936240849025e+00
3.996635258374224620e+00
3.979679063236101655e+00
3.962869495597824532e+00
3.946232184858589509e+00
3.929237417158308876e+00
3.936454948960303124e+00
3.919616533740754694e+00
3.902287103681284730e+00
3.885067772674233311e+00
3.894783308774344643e+00
3.877615521873348126e+00
3.887592689423879033e+00
3.870480992079481375e+00
3.853514602296141511e+00
3.836709343718978094e+00
3.820080637711972038e+00
3.803643432074397701e+00
3.787412133743083054e+00
3.794491759145917964e+00
3.803504565997394504e+00
3.787208360453976130e+00
3.796436416704273231e+00
3.780074170234377195e+00
3.789501956035532970e+00
3.773079734633810300e+00
3.782693654122044169e+00
3.792356028394138434e+00
3.775645602114821919e+00
3.785480753897277673e+00
3.768722226083057958e+00
3.752158007057127431e+00
3.735809517810657621e+00
3.719697400968521084e+00
3.728319493828349263e+00
3.711812962544111194e+00
3.722087870852457847e+00
3.705584100678547266e+00
3.689335322701471132e+00
3.672669409056366963e+00
3.684591593292825706e+00
3.667762141866578229e+00
3.651093142670345237e+00
3.634595769439281199e+00
3.618280664577145700e+00
3.602157954966293651e+00
3.586237275044859008e+00
3.592713798109775425e+00
3.577053986139733688e+00
3.587221001708213564e+00
3.571471804747222922e+00
3.581908989728355142e+00
3.592446345156815823e+00
3.576346569127591746e+00
3.587120161400395801e+00
3.570929516993329944e+00
3.554908247261097110e+00
3.539071891595981789e+00
3.523435808962366966e+00
3.534827336617843319e+00
3.519120719874802461e+00
3.530682203618600745e+00
3.514909464981213372e+00
3.498864177113744756e+00
3.510674244948750911e+00
3.523046894112917826e+00
3.534931147136093799e+00
3.518765722161933063e+00
3.530791648177201481e+00
3.514574044267389397e+00
3.498047727831909093e+00
3.481754762656081859e+00
3.494602034943671942e+00
3.477581017759507009e+00
3.460680512433730538e+00
3.443912611504313936e+00
3.455249348760171646e+00
3.467306589256101024e+00
3.450729566098994283e+00
3.463764560977249829e+00
3.476032793507166208e+00
3.488306838787122111e+00
3.501230005172690340e+00
3.484153685410425805e+00
3.467138782426549604e+00
3.450203867672780422e+00
3.464476682333836433e+00
3.447596894062892492e+00
3.430826504893294882e+00
3.445553893844683913e+00
3.458434680756058199e+00
3.441513164062802499e+00
3.455358207297270390e+00
3.468297377342230092e+00
3.481195830307536543e+00
3.463843120533600661e+00
3.446578282874239729e+00
3.461435070964094862e+00
3.444246511087893037e+00
3.427179454719393004e+00
3.410254926436897538e+00
3.423006110268973945e+00
3.405903803259090701e+00
3.388962410882760956e+00
3.372202714109998389e+00
3.383395845358460718e+00
3.396552836019874011e+00
3.379470031077049352e+00
3.392861339940250964e+00
3.375649366524558381e+00
3.389260621567795173e+00
3.371927825944161405e+00
3.385745806872965336e+00
3.368300349787072268e+00
3.382312823756635112e+00
3.364762613417444648e+00
3.378958209079902186e+00
3.393150324765032089e+00
3.375241056902535952e+00
3.357499955996564367e+00
3.372043673701349942e+00
3.386561338096151896e+00
3.401035145223487266e+00
3.382722983835654063e+00
3.397356755698766051e+00
3.378965880169737090e+00
3.393751088572751762e+00
3.408457962493810278e+00
3.423070898156283182e+00
3.404215238153682321e+00
3.385471250620592176e+00
3.400481792143361659e+00
3.415384204719531969e+00
3.396393653323181994e+00
3.377527201732225759e+00
3.392810075502305178e+00
3.407974223527245439e+00
3.423005771955685006e+00
3.403740266448237684e+00
3.418907937447064338e+00
3.399587213017492449e+00
3.380383302241050991e+00
3.395935046252315015e+00
3.411342392575544835e+00
3.391931574185111931e+00
3.372652695276780577e+00
3.353544493762022682e+00
3.334087122582680252e+00
3.350261806476942716e+00
3.330801206664247616e+00
3.311570068869440053e+00
3.291840409699196446e+00
3.272256443489243161e+00
3.289498585996842195e+00
3.269933118571812791e+00
3.287401924121099217e+00
3.267856374788339124e+00
3.248494488613693498e+00
3.229343011110753281e+00
3.210427725611200156e+00
3.224348560483016879e+00
3.240581343314351770e+00
3.256899944271971048e+00
3.237559908595772029e+00
3.254161150547628001e+00
3.234684861013119139e+00
3.215341296385714198e+00
3.232436087694090521e+00
3.212969425200336016e+00
3.230288935040563469e+00
3.210706428568736115e+00
3.191284291116746719e+00
3.209034549194358377e+00
3.226732671345440284e+00
3.206946396288311352e+00
3.187316982181380265e+00
3.167881640456713388e+00
3.183825646351033711e+00
3.164485390785765073e+00
3.145372857882676065e+00
3.126522767806881653e+00
3.145039315147969194e+00
3.126126092589315508e+00
3.106953317345130472e+00
3.125686852437607577e+00
3.106463565296571527e+00
3.125808825931104096e+00
3.106522064441650688e+00
3.086845645351201650e+00
3.067343335484875144e+00
3.048037796277599742e+00
3.065449227315722780e+00
3.083896570847127094e+00
3.102997299000446851e+00
3.083799696370821852e+00
3.064705695624097004e+00
3.045743952985970893e+00
3.026942273815205198e+00
3.048647439314749352e+00
3.067579843925618110e+00
3.086459270647034181e+00
3.105920539860281604e+00
3.124478511139626935e+00
3.142846740581247467e+00
3.123777013830854710e+00
3.104867390269763217e+00
3.123589995026134769e+00
3.142105135180180309e+00
3.160373213983074248e+00
3.141089233559679172e+00
3.121914293247587402e+00
3.140582120908722352e+00
3.121375538181045961e+00
3.102329810629121276e+00
3.121328321584741605e+00
3.140096530680531739e+00
3.158595111351427231e+00
3.139192469456365764e+00
3.119898585449674133e+00
3.138783403234947755e+00
3.119463558110253221e+00
3.138393453921066723e+00
3.157042641573421182e+00
3.137560603649247160e+00
3.118189108517022134e+00
3.137215920912521216e+00
3.117822561677603410e+00
3.097880575032181838e+00
3.077985178663579013e+00
3.058174370871052705e+00
3.038485821648955643e+00
3.018956484087762071e+00
2.999622218403705798e+00
3.016965301848451908e+00
2.997618428346815023e+00
2.978486738331667549e+00
2.959602141888752147e+00
2.940995044900677424e+00
2.961360934013185453e+00
2.981835251819950905e+00
3.002348726276398150e+00
3.022834574844080358e+00
3.002913514706397891e+00
3.023596648283718658e+00
3.044152799019986144e+00
3.023852798812230347e+00
3.003663326761929930e+00
3.024711938018050716e+00
3.004408330973301844e+00
2.984246607347326385e+00
2.964267043570013360e+00
2.986018224716656899e+00
2.965934294730369736e+00
2.946065521464028780e+00
2.926452545355582302e+00
2.906588403062083881e+00
2.887024624399544770e+00
2.867072890640740113e+00
2.847328949610164806e+00
2.869361566595251212e+00
2.891438361262512302e+00
2.871672142153721463e+00
2.852022147673679342e+00
2.832519681890100838e+00
2.859179768413853129e+00
2.839758379350460160e+00
2.863571535745014440e+00
2.885808923794306757e+00
2.908547968566444375e+00
2.930328898611860744e+00
2.910835613735173411e+00
2.933109120435446027e+00
2.955106601076648243e+00
2.976218256724291411e+00
2.996934879314720579e+00
3.017212074923420584e+00
2.997688491998769855e+00
2.978149949106859928e+00
2.958646826687741704e+00
2.939230824883881876e+00
2.919405362649663438e+00
2.941409598233403422e+00
2.921552518426888234e+00
2.944602903388093385e+00
2.966218657497101230e+00
2.987412157625270126e+00
3.008138904191874463e+00
3.028361031090851085e+00
3.008720982185610904e+00
2.989021238181936546e+00
2.969313441332119385e+00
2.990609244203831452e+00
2.970873239398692078e+00
2.951176906053983640e+00
2.972923007334360435e+00
2.953200408742500116e+00
2.933030428468466067e+00
2.955697225099210623e+00
2.935505679287083947e+00
2.915409598242260092e+00
2.938380627788222732e+00
2.961003101694853257e+00
2.941295222223216488e+00
2.921139104199998116e+00
2.900415106561845757e+00
2.879711227735161749e+00
2.859072550076597885e+00
2.838544098923711179e+00
2.867033572136389541e+00
2.846630127752144190e+00
2.871616286617998615e+00
2.851182788776105870e+00
2.830890543677974769e+00
2.810783111394115075e+00
2.790902280132597557e+00
2.771287560019454865e+00
2.751975750537453358e+00
2.733000594367321678e+00
2.754723653485534385e+00
2.778247240460332890e+00
2.801955581165159526e+00
2.825727647031698542e+00
2.805362482015985925e+00
2.829430618512242201e+00
2.808904895666399781e+00
2.788531708325645120e+00
2.768350938198615552e+00
2.748401954581751738e+00
2.773578363441336680e+00
2.753460657459831040e+00
2.733595515477057702e+00
2.759163225533554975e+00
2.739130355242742620e+00
2.764832394153685868e+00
2.744641455606086300e+00
2.770455479160120138e+00
2.750115989673528549e+00
2.730017795757629706e+00
2.709691191083369866e+00
2.689647479743725089e+00
2.669250897580657700e+00
2.649047035624140012e+00
2.675191439789175618e+00
2.655200294490261292e+00
2.635349449240875330e+00
2.661586701825455314e+00
2.641902523876022091e+00
2.669127918276585021e+00
2.695963075445032775e+00
2.721316038395769965e+00
2.746785420266396827e+00
2.771289455920444400e+00
2.795288127851875970e+00
2.818718878228853697e+00
2.841529449529725415e+00
2.822404292880104748e+00
2.803083680270667788e+00
2.783625673754264174e+00
2.808193059872660324e+00
2.788564404462009261e+00
2.813037463592817033e+00
2.836812391678565248e+00
2.817068277338185656e+00
2.797195431847763647e+00
2.777247590910211450e+00
2.802172556258253344e+00
2.782152363622979241e+00
2.762104865457451819e+00
2.787495689052050807e+00
2.767390891045938606e+00
2.747304487091599690e+00
2.726767958971326955e+00
2.753571060157693928e+00
2.733503045045840185e+00
2.712991217222997520e+00
2.691915935603311549e+00
2.670854836922952114e+00
2.700010385965720516e+00
2.678883064936765201e+00
2.707495947884022147e+00
2.686333232170611485e+00
2.665188716737128427e+00
2.644109256867988034e+00
2.623141933323121400e+00
2.602333437449588782e+00
2.581729465993595429e+00
2.561374142319418290e+00
2.587999060380050231e+00
2.567567403467478471e+00
2.596314227961757037e+00
2.575655876366602648e+00
2.555217674936178796e+00
2.535040968939460182e+00
2.515165769272505791e+00
2.495630317854194313e+00
2.475971632737543171e+00
2.503502514576522398e+00
2.484010615382473475e+00
2.464797184480541858e+00
2.445259943807117420e+00
2.425911526834206189e+00
2.455319078985579218e+00
2.435888155987007586e+00
2.467366774570990628e+00
2.447831060998270747e+00
2.428449944402140570e+00
2.409246192800420516e+00
2.442251800134201289e+00
2.472717905522617610e+00
2.453022438295401564e+00
2.433454151579384384e+00
2.414038503785803869e+00
2.447310930707262244e+00
2.427748673282273284e+00
2.459241202401848625e+00
2.489799630152409016e+00
2.470427132146161053e+00
2.500726356855040855e+00
2.531194189508197745e+00
2.560088567111998170e+00
2.540872921107461657e+00
2.521653122615567177e+00
2.501986521761124571e+00
2.482400755949311755e+00
2.462281717737026199e+00
2.442189540914465606e+00
2.422168693907974291e+00
2.402261995489233026e+00
2.437181625661400730e+00
2.417307232649139603e+00
2.397591103691389058e+00
2.431846279557325019e+00
2.412046505675071728e+00
2.392414505438146488e+00
2.372983635812198511e+00
2.353786160762416202e+00
2.384976813848186605e+00
2.366634727611422129e+00
2.348477459873817175e+00
2.380488258862010653e+00
2.410041752037446638e+00
2.391422739919510931e+00
2.372914189786178518e+00
2.354553386263170900e+00
2.336376120283993885e+00
2.371403475898193225e+00
2.353442670203903742e+00
2.335690370037678765e+00
2.368021625806177699e+00
2.397843528396631285e+00
2.379485875612686208e+00
2.410321097152504866e+00
2.439794994099118153e+00
2.421000239669045317e+00
2.402219779923690179e+00
2.433721412994763078e+00
2.414955396965770440e+00
2.445302152611997126e+00
2.474804353191025097e+00
2.455966448919137513e+00
2.485109641454592566e+00
2.466868409052336730e+00
2.448002100573397399e+00
2.477484380543570008e+00
2.458586637019090748e+00
2.487770447270660767e+00
2.469476951753473148e+00
2.450548274272343896e+00
2.480071074501272399e+00
2.511543581441650019e+00
2.493562163828180633e+00
2.521308182676492038e+00
2.548121236243019005e+00
2.531300243767559355e+00
2.514117168978333705e+00
2.496148959346129903e+00
2.477965604313404846e+00
2.458952424302945694e+00
2.439722372990257071e+00
2.420347887192877856e+00
2.400899072209092378e+00
2.381443335647875248e+00
2.362044977911367916e+00
2.342764781601655244e+00
2.323659631319114904e+00
2.304782185709748799e+00
2.334893270089974493e+00
2.315874289172679124e+00
2.348440955210144843e+00
2.380792935313566616e+00
2.361091208227686700e+00
2.341473848413760273e+00
2.321989346722910241e+00
2.355536024929368200e+00
2.335804217249959791e+00
2.369394375321778323e+00
2.349457568162239607e+00
2.383005121659452108e+00
2.415709455364484448e+00
2.447382076392143890e+00
2.427225562186878349e+00
2.406927541645384139e+00
2.439292176412193758e+00
2.418954312222667102e+00
2.451027948311719218e+00
2.430677098996289587e+00
2.410153550312925663e+00
2.442877079654577344e+00
2.422354385097261531e+00
2.401669149420172289e+00
2.380872624909181390e+00
2.415117237690666663e+00
2.394315546302894226e+00
2.373416345705059882e+00
2.352477350905893605e+00
2.388032789822435831e+00
2.422198858169557933e+00
2.454864553755126799e+00
2.489818037671417628e+00
2.524439687314414371e+00
2.506879915951512938e+00
2.488623838155238577e+00
2.469579165554175226e+00
2.450310631806794870e+00
2.479538107949916803e+00
2.460181871029010203e+00
2.490702134479841678e+00
2.472164022073261247e+00
2.501333633850125082e+00
2.529651531840384493e+00
2.555674480464432907e+00
2.538835408948175942e+00
2.521596134823027135e+00
2.503545254578164680e+00
2.528979223639595819e+00
2.555102163147643601e+00
2.580001165512108230e+00
2.563484105420131165e+00
2.546473448681644491e+00
2.569909630499567221e+00
2.594130591799483465e+00
2.617058586586146873e+00
2.601247539727435054e+00
2.622519653425089636e+00
2.606811436240241253e+00
2.590463727741077360e+00
2.573559707543264796e+00
2.594676611696967505e+00
2.578289843163017014e+00
2.561346191663730121e+00
2.543938570789735287e+00
2.526160327536069783e+00
2.549679838821788724e+00
2.575225503440175867e+00
2.599422729064109205e+00
2.583103408607628992e+00
2.605675029233129436e+00
2.628174018090761344e+00
2.612517030077611935e+00
2.633282525530918239e+00
2.617740053794614941e+00
2.638201593451898752e+00
2.622773538699387341e+00
2.642937856326699642e+00
2.627623757530640702e+00
2.611598334755941497e+00
2.631363840297435086e+00
2.615698099819371958e+00
2.599347633497463228e+00
2.582393501282900239e+00
2.608635853072900357e+00
2.591417372222258653e+00
2.617478853512127834e+00
2.642340340723170922e+00
2.625216398431267972e+00
2.649945144804456199e+00
2.632641574743765478e+00
2.614853307040549080e+00
2.596632403410942480e+00
2.578037128068497719e+00
2.605663199661520046e+00
2.632067550966566305e+00
2.657253828258159700e+00
2.639177075349633750e+00
2.620686208275742946e+00
2.601827433948805446e+00
2.582653721754598397e+00
2.563224525266452947e+00
2.543605239426690812e+00
2.523339750858756503e+00
2.502973773437009886e+00
2.481855580674632744e+00
2.460598623960079667e+00
2.439268444503572830e+00
2.417932329026660554e+00
2.396658133108208411e+00
2.432215696329345533e+00
2.411470775719324777e+00
2.390846100952919162e+00
2.426190256573457216e+00
2.405582852171605612e+00
2.385125560218005702e+00
2.364873055807787505e+00
2.397287713653859953e+00
2.428786586755649513e+00
2.408925614604536136e+00
2.389128662282816062e+00
2.422870004540903732e+00
2.403148860461160830e+00
2.435444809196077198e+00
2.415680712576573352e+00
2.395953723134482516e+00
2.376316527671385348e+00
2.356820885673811539e+00
2.393544267499134293e+00
2.424793743545441860e+00
2.405256731147150440e+00
2.385789682371890041e+00
2.419232632347934508e+00
2.399806396785391538e+00
2.431837723575050791e+00
2.412339279264358094e+00
2.392884383034719065e+00
2.373522612028085454e+00
2.354302576354512233e+00
2.335271229276754568e+00
2.316473236942642622e+00
2.348763368443093302e+00
2.329545259133481316e+00
2.310551449144659930e+00
2.291825334923364821e+00
2.322123260647070975e+00
2.354756920604296422e+00
2.387073770535730777e+00
2.367733684600142219e+00
2.399619950335455165e+00
2.380122376038090959e+00
2.411937119412011388e+00
2.443335527067909574e+00
2.478945114543719352e+00
2.460399759732228908e+00
2.441657964653024315e+00
2.470471178330106987e+00
2.451809277404954912e+00
2.432957938589991542e+00
2.413969969986347497e+00
2.394899596979756851e+00
2.375801755761507650e+00
2.412355503821407066e+00
2.393614431039986279e+00
2.374919890714693782e+00
2.356321028870856260e+00
2.390847419166567178e+00
2.372310838652288201e+00
2.353905414371087801e+00
2.387109757404244803e+00
2.368621781540854787e+00
2.350283965106628070e+00
2.332138001442863651e+00
2.366800000489199363e+00
2.348688127693228100e+00
2.380499006902057957e+00
2.362152502535868059e+00
2.393849863563979330e+00
2.375305330476604304e+00
2.406843796034445759e+00
2.436925240259159242e+00
2.466377326129820968e+00
2.499428998032392268e+00
2.481368877247347449e+00
2.509187761630315094e+00
2.491141476336257377e+00
2.472961067568103299e+00
2.454015883851081714e+00
2.434909777282502574e+00
2.465429563440635352e+00
2.494849090103097300e+00
2.476732133769239841e+00
2.457831292116732236e+00
2.438741972653232892e+00
2.468893111029222709e+00
2.449632965085874581e+00
2.430273816700025513e+00
2.410862141914890344e+00
2.391445862524828492e+00
2.427913024223623761e+00
2.408777919398060519e+00
2.389672276488854052e+00
2.422991568978131838e+00
2.452317994949908986e+00
2.433118467695026599e+00
2.413871474459129640e+00
2.394624257961960989e+00
2.375424640786128805e+00
2.356320332609032508e+00
2.387057829011006937e+00
2.422261966355791163e+00
2.454457040792222156e+00
2.435298414792320454e+00
2.416085723720105882e+00
2.396865487072738166e+00
2.377684911304356774e+00
2.358591220714117753e+00
2.339631002674814386e+00
2.370771823875081896e+00
2.351521057987008057e+00
2.332400437268505211e+00
2.364447548954268452e+00
2.345053172588853041e+00
2.377365958168992766e+00
2.357739675379070921e+00
2.338195869397726501e+00
2.318783062994373978e+00
2.299549520723868312e+00
2.280542654881774212e+00
2.261293824980626699e+00
2.292913955634243717e+00
2.273580008263818897e+00
2.254472049657612498e+00
2.289774208773255992e+00
2.270379048060191529e+00
2.251210508994829773e+00
2.231635118741312596e+00
2.268681817077888851e+00
2.303340736880734152e+00
2.338448289159031912e+00
2.319237861438024684e+00
2.300056411122475275e+00
2.280454217437436260e+00
2.260964427883443317e+00
2.240960569807448177e+00
2.221005055431030772e+00
2.257867646073437040e+00
2.237658038921028325e+00
2.275468021807236063e+00
2.311200950956391775e+00
2.291506227535019313e+00
2.271854491292948808e+00
2.307712425202592232e+00
2.287972461121972501e+00
2.268283395327440832e+00
2.248028517093944689e+00
2.227774278613042558e+00
2.207570008723357180e+00
2.247295349906176298e+00
2.284169995324663915e+00
2.320625061609309814e+00
2.355169132153102307e+00
2.335587854655664319e+00
2.315964528622582286e+00
2.295857750352876536e+00
2.275796069374299346e+00
2.255161306112601238e+00
2.291685244563769430e+00
2.328308240288643471e+00
2.308720771521678206e+00
2.288628144801858166e+00
2.268587982742614084e+00
2.247945922172829736e+00
2.285027581195130164e+00
2.321961804379989669e+00
2.301849726936590734e+00
2.337493010323432152e+00
2.317784141125326602e+00
2.297557304795904365e+00
2.277351350434684285e+00
2.256538995877840126e+00
2.293566799157945812e+00
2.330472179003951094e+00
2.365259025640380042e+00
2.345431543300640520e+00
2.379374089892440924e+00
2.412495857332408011e+00
2.392726289436277298e+00
2.424928666237798236e+00
2.405176512874732886e+00
2.385181035979228259e+00
2.417477778861166104e+00
2.397598803534285228e+00
2.429846699860298997e+00
2.461153359772271898e+00
2.500195208552280057e+00
2.482585441405601223e+00
2.464226459544073045e+00
2.445654324491552511e+00
2.476577553657818509e+00
2.457854971868251415e+00
2.438949904566853455e+00
2.470535063117543118e+00
2.451657492177813147e+00
2.432634034115704669e+00
2.464444441423243592e+00
2.493245970573025883e+00
2.475060263532633975e+00
2.456179245060795324e+00
2.486166874120574910e+00
2.467928274812082989e+00
2.448989741499719486e+00
2.478568795167716221e+00
2.507376792874826066e+00
2.489442250035274196e+00
2.471370523341717362e+00
2.499644184042217887e+00
2.481646909644354970e+00
2.462858918396764629e+00
2.443855736390526889e+00
2.473728208279553975e+00
2.502771763633291346e+00
2.484752424620722433e+00
2.465943796804217936e+00
2.446911074856209733e+00
2.427716762918983751e+00
2.408422560671602763e+00
2.389089086623342961e+00
2.422027643473672054e+00
2.403039465994305512e+00
2.384097229010196717e+00
2.416354141954510482e+00
2.397454782182185884e+00
2.378620270155691330e+00
2.411051960273676187e+00
2.392238263324369285e+00
2.423373231112315285e+00
2.404461180810439025e+00
2.385593482492829320e+00
2.366814331062285337e+00
2.348167193053675383e+00
2.329694234598490343e+00
2.360912938123944205e+00
2.342039113753874968e+00
2.323330869711208280e+00
2.355349010964813417e+00
2.336278307010764888e+00
2.368602038861204129e+00
2.349227632996905957e+00
2.329966952379777467e+00
2.310866319369824229e+00
2.291971299011246632e+00
2.272851774392947277e+00
2.253977741967553516e+00
2.235395546900890373e+00
2.268126592701540822e+00
2.249352901045286401e+00
2.283873928266050068e+00
2.318667093466038942e+00
2.352038251060343033e+00
2.332918647856743632e+00
2.313802061418724243e+00
2.346929844856778580e+00
2.327713155258453348e+00
2.361008089754046413e+00
2.393854894183621962e+00
2.425694983434627527e+00
2.406266044581260033e+00
2.437333401899840712e+00
2.417874022952629876e+00
2.398171395551199847e+00
2.378282841221907251e+00
2.358268957025189128e+00
2.390656595569429665e+00
2.423282301731324306e+00
2.454598667687256430e+00
2.493802296166637067e+00
2.521579914158640801e+00
2.504924259627320904e+00
2.530612702404192671e+00
2.514303234124878106e+00
2.538868026897227459e+00
2.563913426581671651e+00
2.547891619775581873e+00
2.531400169395864097e+00
2.514531547736984951e+00
2.539019378709907127e+00
2.522411522865887878e+00
2.505442025763990443e+00
2.530970832144066041e+00
2.514148651275160073e+00
2.496484193270498420e+00
2.478550276250813145e+00
2.459731320983150837e+00
2.486819532881856087e+00
2.467762126425338653e+00
2.448545360971742912e+00
2.479202529268797583e+00
2.459970423552558572e+00
2.490439025125903427e+00
2.472003486280144546e+00
2.452861389888076449e+00
2.433613644477150562e+00
2.414307313780500674e+00
2.447903224277294232e+00
2.476810839637655803e+00
2.505906746956251929e+00
2.487814238386495180e+00
2.468926612334616078e+00
2.449804474833415568e+00
2.430511299058291108e+00
2.411109907119045825e+00
2.391662162458810137e+00
2.372228579907932122e+00
2.407179397121902653e+00
2.388258533892726465e+00
2.369434989130281721e+00
2.350754128251192121e+00
2.332259663115920478e+00
2.313993053689142432e+00
2.295992996710576772e+00
2.324486029160624856e+00
2.306576300421935954e+00
2.337529222236154336e+00
2.368858507299001825e+00
2.350171532452178358e+00
2.331495801655475653e+00
2.312892754405142082e+00
2.294421073213283702e+00
2.326145365161056855e+00
2.307563158965427075e+00
2.289083770562347464e+00
2.270289079368236873e+00
2.303114692319407908e+00
2.336943436241809557e+00
2.318027903583732119e+00
2.299167773729779984e+00
2.279941678245368752e+00
2.313781993788373015e+00
2.294920766211220542e+00
2.275659603204051251e+00
2.310108231377882237e+00
2.291182649000858440e+00
2.271841045606292742e+00
2.252631075939785621e+00
2.232913786390636091e+00
2.268828734812836423e+00
2.303849081678877919e+00
2.284026891634916012e+00
2.320352762316698847e+00
2.301150278410775130e+00
2.335469821044303895e+00
2.316108557628488107e+00
2.296280754525597878e+00
2.276495587114063746e+00
2.256170848034598553e+00
2.235838676567440508e+00
2.215546100867544332e+00
2.254393794016954278e+00
2.291070023565882074e+00
2.327336844768541635e+00
2.307892957371972198e+00
2.342463646157024737e+00
2.376433900919317832e+00
2.356779241169558059e+00
2.337023084594355371e+00
2.317234804242200852e+00
2.296969273125066824e+00
2.276756344171180224e+00
2.312184384503574108e+00
2.292091606746610832e+00
2.272027738568287880e+00
2.251357216094283853e+00
2.289083901406149479e+00
2.268809858856464690e+00
2.306196958171791600e+00
2.286092126184052553e+00
2.322826895023400340e+00
2.357828199491591281e+00
2.391676402801792278e+00
2.371869604269101650e+00
2.404837941694594861e+00
2.436960229083568130e+00
2.417311306268355775e+00
2.397394585985565207e+00
2.429117730868485925e+00
2.460372613542806786e+00
2.440822709276234015e+00
2.420948819553452758e+00
2.451805698041135795e+00
2.432079893116790625e+00
2.462943063938155763e+00
2.502121203185351028e+00
2.484471340890112234e+00
2.511308389976237176e+00
2.493667460233602196e+00
2.521350503663114306e+00
2.504665445073351648e+00
2.487204379954505384e+00
2.513822895403942326e+00
2.496231013026425138e+00
2.478443458782134456e+00
2.506685158100998567e+00
2.488901256181749400e+00
2.517053156983847462e+00
2.499243148946451054e+00
2.527139805584600385e+00
2.510259938800786461e+00
2.492550077207100756e+00
2.518368320408149064e+00
2.500435693816684513e+00
2.482318289160992730e+00
2.463408248524876942e+00
2.444286585818587820e+00
2.474134586499288524e+00
2.454896756420938519e+00
2.435527483584754016e+00
2.467496457287383205e+00
2.496910363246068965e+00
2.524590891873885301e+00
2.551357598047954589e+00
2.576263340446805827e+00
2.559803187223632204e+00
2.542866958870142025e+00
2.525549148198093174e+00
2.507442344692791369e+00
2.532035416542305573e+00
2.514950767891642069e+00
2.497028955548243001e+00
2.478849890761555042e+00
2.459788945682140238e+00
2.440476841436260536e+00
2.420991409878954670e+00
2.401408150366308281e+00
2.434100118631878917e+00
2.463530428884238344e+00
2.444120075786509805e+00
2.424620311040491138e+00
2.457163030111039426e+00
2.437775985422492298e+00
2.418320161951046821e+00
2.398845282402899404e+00
2.379402061010468916e+00
2.360041421929951699e+00
2.391098755422084388e+00
2.426550985382283532e+00
2.407421947668709095e+00
2.438275179044024465e+00
2.470566135952204867e+00
2.499879479229705659e+00
2.481741163597894761e+00
2.462810483795140559e+00
2.443669607617967365e+00
2.424383015584127055e+00
2.405014041008930903e+00
2.385624546580869421e+00
2.366274537852288251e+00
2.347021730720914245e+00
2.327921108752386559e+00
2.309024498347881149e+00
2.290380187361470643e+00
2.271336980981539355e+00
2.252945776159969160e+00
2.234881171219877061e+00
2.265803739833394559e+00
2.247498259253005948e+00
2.229510373328840611e+00
2.211231576089966122e+00
2.246264809482080516e+00
2.228168486290721173e+00
2.209736730102039637e+00
2.191496642087917390e+00
2.173461043248101632e+00
2.155641307870047818e+00
2.190967209081043254e+00
2.223380781092033853e+00
2.256159282598071858e+00
2.287721753243286305e+00
2.319480684249701330e+00
2.350027201827880940e+00
2.333109116688015572e+00
2.315861665085324983e+00
2.298382934004497447e+00
2.280280474064138474e+00
2.262078511213784449e+00
2.243224228654823627e+00
2.224254723011020562e+00
2.256632295782485809e+00
2.237609206697687814e+00
2.218536926671381693e+00
2.199451845992101084e+00
2.237771509392486813e+00
2.218770228889899609e+00
2.253916482745165872e+00
2.234816636220617436e+00
2.215662710942043034e+00
2.196493294817511988e+00
2.235201526978659814e+00
2.269397745577435455e+00
2.250966765257918389e+00
2.231925572090719179e+00
2.267244250481494028e+00
2.248137148721252032e+00
2.228943402954613795e+00
2.209703209842542648e+00
2.190457991073616384e+00
2.230079919803586996e+00
2.210910385797903110e+00
2.246736608367184918e+00
2.280808277544015272e+00
2.262247535115538444e+00
2.243061981912092051e+00
2.223797366091863736e+00
2.204495852072315909e+00
2.185200762268343588e+00
2.165956028810267053e+00
2.208669331903115207e+00
2.189567914971718654e+00
2.226113605657341399e+00
2.260294306033703737e+00
2.293985445308146964e+00
2.275364205869429668e+00
2.309354550793844663e+00
2.341193365198350307e+00
2.323944350494129285e+00
2.353756664225124418e+00
2.336607398185604811e+00
2.319059580944767163e+00
2.301213745324331761e+00
2.330443151404662405e+00
2.312568674144508840e+00
2.294018171075092649e+00
2.326068971468995272e+00
2.308131768509641635e+00
2.340071410535645491e+00
2.370218703223151646e+00
2.353173106069190723e+00
2.335655701166010623e+00
2.317765483646048175e+00
2.299105237596263951e+00
2.280209919583621847e+00
2.260502986794047597e+00
2.292352853330586360e+00
2.325971421491733082e+00
2.307896751778792499e+00
2.289129380087779886e+00
2.270215766719788864e+00
2.250531666634875361e+00
2.230670921099433990e+00
2.210698093772388351e+00
2.190677505601843933e+00
2.231154180369980811e+00
2.211312846842371282e+00
2.248428014749326742e+00
2.283522610062405089e+00
2.317497012087845309e+00
2.299389674972233344e+00
2.331295018737961300e+00
2.313253871472598977e+00
2.345215702817999404e+00
2.375304456953964749e+00
2.358236964659543133e+00
2.386610090997148603e+00
2.369718349535999025e+00
2.397414699820740847e+00
2.424459491740161621e+00
2.408367630425567896e+00
2.391607357180168592e+00
2.416920544597766174e+00
2.400585368800610908e+00
2.426370676727349629e+00
2.410245513286854102e+00
2.393437090246057330e+00
2.376029242509227757e+00
2.358107836908862165e+00
2.384607971945308158e+00
2.367438880857004158e+00
2.349715849855745997e+00
2.331538847406762649e+00
2.313008767127438414e+00
2.293683193174172352e+00
2.273472799587218152e+00
2.305499204007575464e+00
2.286346384702327761e+00
2.266345130368383476e+00
2.246072512064530624e+00
2.225603213575704675e+00
2.264354299946275351e+00
2.300248151096089266e+00
2.281138334280450319e+00
2.261192557602103470e+00
2.240999387806414944e+00
2.277669794108663659e+00
2.312824846603632079e+00
2.293845594529617671e+00
2.327653444646788028e+00
2.359846748404522021e+00
2.342304542535788237e+00
2.372094937852311514e+00
2.354745027068722241e+00
2.383771345532121888e+00
2.366625411498116893e+00
2.348934483317704380e+00
2.330798754564558539e+00
2.359893030251057677e+00
2.389692162759688099e+00
2.372637501970120244e+00
2.355014059774175994e+00
2.336920398169938462e+00
2.318456079399271452e+00
2.299196369735633461e+00
2.329210362727418993e+00
2.310758505347581870e+00
2.343631376347552475e+00
2.374461370555201345e+00
2.357087767168779546e+00
2.339200589834887989e+00
2.320903547976070680e+00
2.301784507659070389e+00
2.332776446620906885e+00
2.364259166925552602e+00
2.393843762933588248e+00
2.421503414657118824e+00
2.405157191489000201e+00
2.388135143002898531e+00
2.414040666348931552e+00
2.397469524729094914e+00
2.423775127301993404e+00
2.449461980334836753e+00
2.433848586918587742e+00
2.460523891874712987e+00
2.488777396692035015e+00
2.476004403839648038e+00
2.462200641437545023e+00
2.447923535565356357e+00
2.432551988831967549e+00
2.416696104728562222e+00
2.400425102310193015e+00
2.430985910822925700e+00
2.414573445618420244e+00
2.442642708537475560e+00
2.469065369681277211e+00
2.493793884024275265e+00
2.478212197111147930e+00
2.503656628772331860e+00
2.488405521210307114e+00
2.512686410840214268e+00
2.497294630975312124e+00
2.481187518892106869e+00
2.506570330550580206e+00
2.530438775584024302e+00
2.553744449288633422e+00
2.538631964541605779e+00
2.561005621710061853e+00
2.583274157211757238e+00
2.568813324115932772e+00
2.553826258453127718e+00
2.574177897913293211e+00
2.558900566089004958e+00
2.581433311956200072e+00
2.602663857536573921e+00
2.622794756679987849e+00
2.608759789004015950e+00
2.594104777148891650e+00
2.578889274754572636e+00
2.563173957894684385e+00
2.547021473035704808e+00
2.530496921498155860e+00
2.513668041918833751e+00
2.496086644940502364e+00
2.518859575436671605e+00
2.502133311700001972e+00
2.527810935366666012e+00
2.553320633225495850e+00
2.577054565541599285e+00
2.561377293783305920e+00
2.545197379982334418e+00
2.528596718864699611e+00
2.551584457812797524e+00
2.575656990571702831e+00
2.559788942560253577e+00
2.543423608879428865e+00
2.526645665869686752e+00
2.509540033864920083e+00
2.491648989560423910e+00
2.472872369108560786e+00
2.453784043077566146e+00
2.480319561759684710e+00
2.461280757536873587e+00
2.442042879463405924e+00
2.422653939131086620e+00
2.403165228275056187e+00
2.383630562428316502e+00
2.364105439467922842e+00
2.344646132836126107e+00
2.376778875410978209e+00
2.357088300634259781e+00
2.389473957572967322e+00
2.369593788929683864e+00
2.402090545271737820e+00
2.433768047897631348e+00
2.413726776952473507e+00
2.393561340285661920e+00
2.373325192199180922e+00
2.406608038693116569e+00
2.438808142523500422e+00
2.418549293658191157e+00
2.450502547651341789e+00
2.430228191567513019e+00
2.409759643776398619e+00
2.389148427329710334e+00
2.368450539525338350e+00
2.347725857783869330e+00
2.383015179732056676e+00
2.417038314801552623e+00
2.396313848661447921e+00
2.375474848624572033e+00
2.410012912398426632e+00
2.389168214500833720e+00
2.368225359366307181e+00
2.403227235124605343e+00
2.382281315513991249e+00
2.361254486517609941e+00
2.340209959586867949e+00
2.376449598675318686e+00
2.411293695493236910e+00
2.390300541727179873e+00
2.369200279008524923e+00
2.404474089538731096e+00
2.383392115349235230e+00
2.418127903820395552e+00
2.397084123166628444e+00
2.375910045816066241e+00
2.354667411156296630e+00
2.390747091922861056e+00
2.369517821408173130e+00
2.348239206759017428e+00
2.326978775517676734e+00
2.305258408936529779e+00
2.282965153085160459e+00
2.322659418459859459e+00
2.360476085774696919e+00
2.339212141325284211e+00
2.375904519177945318e+00
2.354631870651243908e+00
2.390752118459721132e+00
2.369494378896390252e+00
2.348190585026920463e+00
2.384613914551927838e+00
2.363318929707535876e+00
2.341996845049970410e+00
2.320716157867553697e+00
2.298980081282318899e+00
2.276666912765758166e+00
2.316614266831232616e+00
2.294925130569078320e+00
2.272668035339803438e+00
2.250422058481661214e+00
2.288888126312936144e+00
2.327762586723769012e+00
2.306704841514056525e+00
2.344375366921276349e+00
2.380081797765487117e+00
