1.416812659543995360e-04
3.576233220467941272e-04
4.431331786137330305e-04
7.675647101999058140e-04
8.067009875165091423e-04
8.376532372329034042e-04
8.625882920601067464e-04
8.826357664165043661e-04
1.374127149151780714e-03
1.320508297171449526e-03
1.941986883276709298e-03
2.722075164900587558e-03
2.491393968454230171e-03
2.287007203268352426e-03
3.159156823424570486e-03
2.888164497495137456e-03
2.644827841018030160e-03
2.427607593599065330e-03
3.348321553643120521e-03
3.055673700802262645e-03
4.098274328343570923e-03
3.726194952170257518e-03
4.868399423706675465e-03
4.424287860733414068e-03
5.640314928423834778e-03
5.133940625608368960e-03
6.421678516622227745e-03
5.878474692746968149e-03
5.364229304744768355e-03
6.678270098112235389e-03
6.104625623748960277e-03
5.564452784163824266e-03
5.061173525148850161e-03
4.596834215897922099e-03
5.862901521689129619e-03
5.331364821167548784e-03
6.662991633695195329e-03
6.086165943566377960e-03
7.452734881836532536e-03
8.815412711768447901e-03
8.131284494524300757e-03
7.474383084396025133e-03
6.848703782807687851e-03
6.257751301960513650e-03
5.704306273793793326e-03
5.184995565052990911e-03
4.706303521240848449e-03
4.268530455545758648e-03
3.871148238820084839e-03
5.073795485905762542e-03
4.599133826877305382e-03
5.886210035257184552e-03
5.343599145481128972e-03
6.691327157267649810e-03
8.071791956829459450e-03
7.401619141090107386e-03
6.765934043176560775e-03
6.168062163240223619e-03
5.610557669993337243e-03
5.095024541922643993e-03
6.420765389282926359e-03
7.792536066305249566e-03
7.139682193586119850e-03
6.521951202773807084e-03
5.942466816164308427e-03
7.299195217101798853e-03
8.671989924070004283e-03
9.991210998351315181e-03
9.281494394514887281e-03
1.057211285006501300e-02
1.175999526922531617e-02
1.102467685694688386e-02
1.029510931055631524e-02
1.151407997039099323e-02
1.077397371256972637e-02
1.004271026601460254e-02
1.128617104009665799e-02
1.054476922281377682e-02
1.176496486915660881e-02
1.102969253376558795e-02
1.222039963060251450e-02
1.330500287654831984e-02
1.254267397697515773e-02
1.178084793790795150e-02
1.102325278490515030e-02
1.027417024561364661e-02
1.155565191805905424e-02
1.272706170172835036e-02
1.379127392489936516e-02
1.476031533649312631e-02
1.396073914916663543e-02
1.316002054010772561e-02
1.420948932543506307e-02
1.340212564686944254e-02
1.259577356690011474e-02
1.179396806054016332e-02
1.298334231689453507e-02
1.406278047467876199e-02
1.505224339600129760e-02
1.424586907737101192e-02
1.343101054723323806e-02
1.261619532989083012e-02
1.377013198349987498e-02
1.295046944643315698e-02
1.213439340086575578e-02
1.333823562682827368e-02
1.442546975271922181e-02
1.359757808398519632e-02
1.467122898777402026e-02
1.384496236154289170e-02
1.302082154546871720e-02
1.415996529812046413e-02
1.518777200111671825e-02
1.435665647758627497e-02
1.352604461665303515e-02
1.269956481701965852e-02
1.388041932300072487e-02
1.494259114553647162e-02
1.411177231545414877e-02
1.328309655869616517e-02
1.440873243695757824e-02
1.358064281760184080e-02
1.467587231245685506e-02
1.384818299348665460e-02
1.491706629432303435e-02
1.408964025901610247e-02
1.326492104462458424e-02
1.243298251197154890e-02
1.160972831883318353e-02
1.079903882579081806e-02
1.000602049419671048e-02
9.235940955917903636e-03
8.493985786322960641e-03
7.784997005900721849e-03
7.113224864045392115e-03
8.621068549054707042e-03
1.009167805566711304e-02
1.146923505005342792e-02
1.272745688539636891e-02
1.386402636296252440e-02
1.489014450937150083e-02
1.583760524943993858e-02
1.501590061022088987e-02
1.418861948643318840e-02
1.335958745204805093e-02
1.252908328184344257e-02
1.374698038231244625e-02
1.291302031063064869e-02
1.208421412249336899e-02
1.126544680812429158e-02
1.046197241096894111e-02
9.679224905932825446e-03
1.112607465871145833e-02
1.033143000577039020e-02
1.172302571337620163e-02
1.299143029939751025e-02
1.217226705975228869e-02
1.136483436084032538e-02
1.057348220249384324e-02
1.193113473974770182e-02
1.317435554806245177e-02
1.430062040505043937e-02
1.348250478934947399e-02
1.267173864260554179e-02
1.385032008148511136e-02
1.303782389528735861e-02
1.223437106651793782e-02
1.144329310242686061e-02
1.273387851940055437e-02
1.194032614119541931e-02
1.114782860221034608e-02
1.037060898355555635e-02
9.612812798223586280e-03
8.878766433382539666e-03
1.033896974437661063e-02
9.584822382303199301e-03
1.099853047379568786e-02
1.023039598776099429e-02
9.482018245345868665e-03
1.089785527189486396e-02
1.013486677006386096e-02
9.391798224378758442e-03
8.672728181502855488e-03
7.981743463063581748e-03
7.304436372446670815e-03
8.797500852321850015e-03
8.105673596903881228e-03
7.444225602210293412e-03
6.816719090342062554e-03
8.312499356270319772e-03
7.641851782483495385e-03
7.004046772153922282e-03
8.501486139674319792e-03
7.826275802249434144e-03
9.304359037442254052e-03
8.600948784947626616e-03
7.925758373617872513e-03
9.393671232159898216e-03
1.077586506256200151e-02
1.003853954876501517e-02
1.136357139179132274e-02
1.061842227884379243e-02
9.889914322937475022e-03
9.181454659375663796e-03
8.487907413842480514e-03
9.917383514417793186e-03
9.204025367212056996e-03
8.512708595206166379e-03
7.847204774308025668e-03
7.192137138265687450e-03
6.591989755319017756e-03
6.026913578363878553e-03
5.475930728069954533e-03
6.885002881382187162e-03
6.304384959027600939e-03
5.759295112755671332e-03
5.251617166632312206e-03
4.782445760142554556e-03
4.327551760859740457e-03
5.635213712898485931e-03
5.138030216288183571e-03
6.508515356542942179e-03
7.921234357502627416e-03
7.308042669421536269e-03
8.704732229625330650e-03
8.065383054014834893e-03
7.447468000726902536e-03
8.839810369491571049e-03
8.197539083713628258e-03
7.575422062923779093e-03
6.977571456305162179e-03
6.407756398068108553e-03
5.869201288986180577e-03
5.364436379446496997e-03
4.895208234340576309e-03
4.444077567374022167e-03
5.793345521615742011e-03
5.290779898143753608e-03
4.819472689827531027e-03
4.385393406657663723e-03
3.964596238820520570e-03
3.608278833714989760e-03
4.840239389890569136e-03
4.402149234747238307e-03
5.737447797094045836e-03
5.234296258138997418e-03
4.768134516529685604e-03
4.339757764902161218e-03
3.949099067729712649e-03
3.595344374627932726e-03
3.262176487022517245e-03
2.979367050681131293e-03
4.111459118565733220e-03
5.414004104214768798e-03
4.932769835423659981e-03
4.489415834725896982e-03
4.084145147197377514e-03
5.383365927707891609e-03
4.904461659404700698e-03
4.463448651598506123e-03
5.799951731090197300e-03
7.202259936339504981e-03
6.615366536388250784e-03
8.020556830342315605e-03
7.414655905111594211e-03
6.831039941236904944e-03
6.273988537826295092e-03
7.690413255698831142e-03
9.051428705241164330e-03
1.031282256065533046e-02
9.686293274196235495e-03
9.057940816541492843e-03
8.434195166564954771e-03
7.821318811339945595e-03
7.225215031989310616e-03
8.649854495484341280e-03
8.025063771362478046e-03
7.417440386553135825e-03
8.839303583773680181e-03
8.206062373370895044e-03
9.598425732161665336e-03
1.086510190655729652e-02
1.022004512543331009e-02
9.574589538082805412e-03
8.934258222249868292e-03
8.304623644396633836e-03
7.691105073103348191e-03
7.091595095813833446e-03
6.517334425678068810e-03
8.017848896503108891e-03
7.399837076191306123e-03
6.806962711881314049e-03
8.304836050332775610e-03
7.673130345037442422e-03
7.065870775719216429e-03
6.486990656459756116e-03
5.939831435776552447e-03
7.424861758381346051e-03
8.894667213419882659e-03
8.237366389905359174e-03
7.602490842711824744e-03
9.062145858744491064e-03
8.399944744071848740e-03
7.759251858234277911e-03
9.219124602433168003e-03
8.563725680961115083e-03
7.927772795455714783e-03
7.315039077107211851e-03
8.801345259877193031e-03
8.156627397656558351e-03
7.533869028773861228e-03
9.031718884745116790e-03
8.380390387251064263e-03
7.749448202087952202e-03
9.221933591019989759e-03
8.565293953954541961e-03
9.985970945620186584e-03
9.313094667385054398e-03
1.067011744021485568e-02
1.190859571330145361e-02
1.122925288401287712e-02
1.242331208188192197e-02
1.173205263831057256e-02
1.290410574424937992e-02
1.220558674287118561e-02
1.150681941499370579e-02
1.081086029053885018e-02
1.012126807535256197e-02
1.146067836006825144e-02
1.076038613256086185e-02
1.006832692291432206e-02
9.388255171017581904e-03
8.724184828236267175e-03
8.071519883917471425e-03
7.430897206878621548e-03
6.830309374010347552e-03
6.260649865094843926e-03
5.724775939079781474e-03
5.203001031352016970e-03
4.743715126657319960e-03
4.296047393874353158e-03
3.876496395026064919e-03
5.193610523844262652e-03
4.738834000680651644e-03
4.319965451075893914e-03
3.937066921311286292e-03
3.589495552655095571e-03
3.276021137624801367e-03
2.994957008923366300e-03
2.744289140916528896e-03
2.521794956915760118e-03
2.308276796226202323e-03
2.137004327393037233e-03
1.986697212655441809e-03
1.853301419361320750e-03
1.736656625477804149e-03
1.634842749380062844e-03
1.546102517822301684e-03
1.450513479390940419e-03
1.384644925742087133e-03
2.110433334249506212e-03
1.957439633089230399e-03
1.823190882839334547e-03
1.705678150718657792e-03
1.603021193047087260e-03
2.416723069989055311e-03
2.223918028162363142e-03
2.053954869629573843e-03
1.904605731050983608e-03
1.773724982267069726e-03
1.659284133335399382e-03
1.559395356653689967e-03
1.472324371563375018e-03
2.244132778871556905e-03
3.245923221083676924e-03
2.962009659418425502e-03
2.708989216080843945e-03
3.834630337307721147e-03
3.504437766000390291e-03
4.783226099189178369e-03
4.368480980769621873e-03
3.987064642835204571e-03
3.638901741170492542e-03
3.323291755582906924e-03
4.584408630435091170e-03
4.180881233513955575e-03
3.811993739014824228e-03
3.477151164427763445e-03
3.175191816253032998e-03
4.416992321094613365e-03
5.825763159387238946e-03
5.326982861546556390e-03
4.862251393258453305e-03
4.432807704961419515e-03
4.039065325242177477e-03
3.676976193775098600e-03
3.349391972969951742e-03
3.054849992630718179e-03
4.273918539554596129e-03
3.887168183299743746e-03
5.249798022298458183e-03
4.781733324017894797e-03
4.349857829816061727e-03
3.954479359255086944e-03
3.595142596293383116e-03
4.906433150099320101e-03
4.462152064784832492e-03
4.054606780698847245e-03
3.683544457873614859e-03
5.028960213806508810e-03
6.504461521621079240e-03
5.972466714775570389e-03
7.478878866623984815e-03
8.925279331626963242e-03
1.027034843399686134e-02
9.672492488428930529e-03
9.067268674078917540e-03
8.461744898640261373e-03
7.862734528673254175e-03
7.276642933454988485e-03
8.807916333118316621e-03
8.187537823650002308e-03
7.581539860593992756e-03
6.995190461873674811e-03
6.433002605762418689e-03
5.898967544797215773e-03
5.396279539074258676e-03
4.927165100119165406e-03
6.462603503230923002e-03
8.044830092248381886e-03
9.589758132468338692e-03
8.938161193321659051e-03
8.301828344285853978e-03
7.684527398495315763e-03
7.090046914018288161e-03
6.521972228809728989e-03
5.983480370941068882e-03
5.477172017174350253e-03
5.004955796623691659e-03
6.573158217628128144e-03
8.193764112321798646e-03
9.742447323136192716e-03
9.078375661777155284e-03
8.430093376975571901e-03
9.958870130639988286e-03
9.294696106884442130e-03
8.646073741064677284e-03
8.016477106297397251e-03
7.409579540596288559e-03
6.828875868581565055e-03
8.442062488321962904e-03
7.822354390871559190e-03
7.218735426367322086e-03
6.641643146121793510e-03
8.263320558508195635e-03
9.797525552612191754e-03
1.121021101493607786e-02
1.056263989037557922e-02
1.188122324135100320e-02
1.304705053297391254e-02
1.410254410835856155e-02
1.344377028147305565e-02
1.452242498175846871e-02
1.547315122959593697e-02
1.478782046813021181e-02
1.409562726452901621e-02
1.339813972082154990e-02
1.269739431201896522e-02
1.198356078816199648e-02
1.331002801973025888e-02
1.259067776856487644e-02
1.187006789680318010e-02
1.321754432087580804e-02
1.249193602189190531e-02
1.176671872658866490e-02
1.104489861114919466e-02
1.033003520697632280e-02
1.184154213619526171e-02
1.111702431572604913e-02
1.040002948999419266e-02
9.694307693084526500e-03
9.003977049220313403e-03
1.064146244780955416e-02
9.931132105480225750e-03
9.236139742997974758e-03
1.084998001177108796e-02
1.013824476442209965e-02
1.165794514703635126e-02
1.300256590255399920e-02
1.420739978750049266e-02
1.347217398297779513e-02
1.273728470726524266e-02
1.200511327126546623e-02
1.127850450650797962e-02
1.056074395588720710e-02
9.855489952231564696e-03
9.166657894652081515e-03
8.478213178646444928e-03
7.825614620162740440e-03
7.182377141732635382e-03
6.591320511856516712e-03
6.033895626532826545e-03
7.768138423089267566e-03
7.146261726001092683e-03
6.555880973789841339e-03
5.999772607595483913e-03
5.458766187652637665e-03
4.980198914502373050e-03
4.500443558135687645e-03
6.084237127897346512e-03
5.562437324202359340e-03
5.077246629295673400e-03
4.629424831493513838e-03
4.196059169560803145e-03
3.800486306862990802e-03
3.469677588466268340e-03
3.171657890984391770e-03
2.904647734058605352e-03
4.204747394183968451e-03
5.720128929221552673e-03
5.231324501958883183e-03
4.777015341971262846e-03
4.358072263949824832e-03
3.974594845117745447e-03
3.622089113942395227e-03
3.303390120453025824e-03
3.000223336643083848e-03
2.746159966514003566e-03
2.520042709518735113e-03
2.319616301466879277e-03
2.142601234165117906e-03
1.986746202318848045e-03
1.849879336278233578e-03
1.712033869002240133e-03
1.608791881078479964e-03
1.510730154323377487e-03
1.432502023863095088e-03
1.364278537234743472e-03
1.304777110643076535e-03
2.097806259033599928e-03
1.941986253396013303e-03
2.965551266509259404e-03
4.261804089731251188e-03
5.765802374295482188e-03
5.292416732214564462e-03
6.876776728712240966e-03
8.447622846459057477e-03
7.867347883742110970e-03
9.339124794037371308e-03
8.747058594447781193e-03
8.161739487350177027e-03
9.622301470246981750e-03
9.041438299027530767e-03
8.460149374473882600e-03
7.884054030545822531e-03
9.396991395582560136e-03
8.800981730311628268e-03
8.210764468795674759e-03
9.710662230855430371e-03
9.115322387343071167e-03
8.524971195378410610e-03
7.943708762810733695e-03
7.375791933121074798e-03
6.825410957042171711e-03
6.296510509501267519e-03
5.792604784425067245e-03
7.462538129464362305e-03
6.901964396014841595e-03
8.555585413910609879e-03
7.959787454158911285e-03
7.380030085597507478e-03
6.820231342524186481e-03
6.284081572322580342e-03
5.769026752338899527e-03
7.471052885864067593e-03
9.111235985345023103e-03
8.500155372712068363e-03
7.903798773916774489e-03
9.509811260739338065e-03
1.097279906615287147e-02
1.224392476232366925e-02
1.164047690162476126e-02
1.285117980902271244e-02
1.397240439274840054e-02
1.336317946046001841e-02
1.274193212327982307e-02
1.211125370830002518e-02
1.147410341786563731e-02
1.083381940980068445e-02
1.228079377501789006e-02
1.355263762163522699e-02
1.288773580664166925e-02
1.222098793875086610e-02
1.155456110374382568e-02
1.087903768880536456e-02
1.020728914276386803e-02
9.542897597999729434e-03
1.117998924178263166e-02
1.049892241790878825e-02
1.203238928460945850e-02
1.133944402580312066e-02
1.065158042453805652e-02
9.971593414035436961e-03
9.302773895837687310e-03
8.648790930286661890e-03
8.013525967963461630e-03
9.800800409873760069e-03
1.142854019708892423e-02
1.073397608426135061e-02
1.004855409287923849e-02
9.375207195268818461e-03
8.718574419182516591e-03
1.045357711716494130e-02
9.774197682681734153e-03
9.109822787959801632e-03
8.463763747967209886e-03
7.839848653866094905e-03
7.221174102915921787e-03
6.646923616368160398e-03
6.102763330580826366e-03
5.591067933347021977e-03
7.405713193265358978e-03
6.820000268045458766e-03
6.264100709624196954e-03
5.740530561834677505e-03
7.561711981428763385e-03
6.967545911174832969e-03
6.402733310431871043e-03
8.230272770915357874e-03
7.609005375908652578e-03
7.013572567009054327e-03
6.447066933884854426e-03
5.888368102453774358e-03
5.390868354296957272e-03
7.148777116263539851e-03
6.579295797149076544e-03
6.039876823251660864e-03
5.532834185120214660e-03
7.329161495671986798e-03
6.762786947060485387e-03
6.223897327919291483e-03
5.714962384502267345e-03
5.237920211505364514e-03
7.034981692760842661e-03
6.479733192349286346e-03
8.302725689324955138e-03
7.696093936331428395e-03
7.111940296493933326e-03
8.915490907334832141e-03
1.058363134198006192e-02
9.946795564426260533e-03
9.315954734819739333e-03
8.695535251153171941e-03
8.089270244029988025e-03
7.501275254173625680e-03
9.312008934738529725e-03
1.097883555073806555e-02
1.032789855997150175e-02
9.685312820706960465e-03
9.054074149361143742e-03
8.437848630976322803e-03
7.830916368519119999e-03
7.244611311600822161e-03
9.074155252704553878e-03
8.447999152826750693e-03
7.839501735492139869e-03
7.252127644150352555e-03
6.689216857915561941e-03
6.153794892986541240e-03
7.997041992533626339e-03
7.400579880037025902e-03
6.828459390608080867e-03
8.669575153152841648e-03
8.060627534795562765e-03
7.471478316502006174e-03
6.905210665176243247e-03
6.341442856016030714e-03
5.833046159149541353e-03
5.342407318317164699e-03
7.173695967942145604e-03
6.620248172117212428e-03
8.470446882813464223e-03
7.868218812450485100e-03
7.286074767205064258e-03
6.727302600183387472e-03
6.194939416521163048e-03
5.691596756421996375e-03
7.555468801702149191e-03
9.369012953746917727e-03
8.745894012742984336e-03
1.045858138562611069e-02
9.835329591147169703e-03
9.217550806366308497e-03
1.091016650735416281e-02
1.027763273970087009e-02
9.650850990487248524e-03
9.032736843575285557e-03
8.426897136937103183e-03
7.828893880512156206e-03
9.653704029729238967e-03
1.127262723430530814e-02
1.062997470050728623e-02
1.212489510573286182e-02
1.343906607142450298e-02
1.463378745450522045e-02
1.397475461956486711e-02
1.512342348519387335e-02
1.617290828781462603e-02
1.547519703724549098e-02
1.477319415685509479e-02
1.406823926535841381e-02
1.336195684419736775e-02
1.264342508438226660e-02
1.409540149643013704e-02
1.534205272425647783e-02
1.648818444574416675e-02
1.577409426273456913e-02
1.505618114304007292e-02
1.432149456252282058e-02
1.560166046432978626e-02
1.488011487078662667e-02
1.608199124945671604e-02
1.535775950720525210e-02
1.652499010136845858e-02
1.581030048520567360e-02
1.507249970088578306e-02
1.432555228049540649e-02
1.357162282324951216e-02
1.281050997236193346e-02
1.204980702582140496e-02
1.129422334711665567e-02
1.054792879937792825e-02
9.815860709979017454e-03
1.174639515245837727e-02
1.100545967595475266e-02
1.276535267322637113e-02
1.427788814001188650e-02
1.353508873128291684e-02
1.279499039121178953e-02
1.430469964658410455e-02
1.356329779812833619e-02
1.282501107159302392e-02
1.432975476322992554e-02
1.359037820785513780e-02
1.285450733668072262e-02
1.435339930112999353e-02
1.361664334930759099e-02
1.288375550324868078e-02
1.214990386241300048e-02
1.141949549132391731e-02
1.069799645157974884e-02
9.988669987627780272e-03
9.276066052693883457e-03
1.119696662171503453e-02
1.049022520841356998e-02
9.795693633359529168e-03
9.116816487801488247e-03
1.103577225682113132e-02
1.033942114723427307e-02
9.655379963877155566e-03
8.986935586885302224e-03
1.090173698006171275e-02
1.021493324604491777e-02
9.541757505014980892e-03
8.885370140169438630e-03
8.237565983739023046e-03
1.019745917248699417e-02
1.192430735219818412e-02
1.123920709817563014e-02
1.281173595245625393e-02
1.211945794763838805e-02
1.358847780468577446e-02
1.290898052149231159e-02
1.223236069881459588e-02
1.156009001926245998e-02
1.313674013651330852e-02
1.245550011132211775e-02
1.177909168916830597e-02
1.110920948599282594e-02
1.043740572790426320e-02
9.774906257178474570e-03
1.162079852134371462e-02
1.319226767873814786e-02
1.251333105869504442e-02
1.399036922085215330e-02
1.526023298451983402e-02
1.455503621958025712e-02
1.385340293410354008e-02
1.314268933213080977e-02
1.243489766322058467e-02
1.173112435066694763e-02
1.334106685242680661e-02
1.476323218497998906e-02
1.404600027208681781e-02
1.332963997016930503e-02
1.474139000570052691e-02
1.602209912144460582e-02
1.531078603154318978e-02
1.459483567098824632e-02
1.590384835169779409e-02
1.517882868288654430e-02
1.444405079667072760e-02
1.370658650423135783e-02
1.514923515611642409e-02
1.640768066283810472e-02
1.761285954167858547e-02
1.688775955882338212e-02
1.615525993864723106e-02
1.734497809599410550e-02
1.660867361033398562e-02
1.586449081266100292e-02
1.511400276982150133e-02
1.435956775932318262e-02
1.360297443145796689e-02
1.283017887558618453e-02
1.208030174797790519e-02
1.132893209587731466e-02
1.319987603072912512e-02
1.246545686922176030e-02
1.413460654652855253e-02
1.554265554357155826e-02
1.676367242644228109e-02
1.787087324420127618e-02
1.714278094114637246e-02
1.640521256191751834e-02
1.565975031572268764e-02
1.490830699664393369e-02
1.632298985327953686e-02
1.557874299431695302e-02
1.481431919724689704e-02
1.625654711727559862e-02
1.551432049065632271e-02
1.475087635096085023e-02
1.620375768059162391e-02
1.544736188076271076e-02
1.468229022336898712e-02
1.614504473495040685e-02
1.739951974816658989e-02
1.665385816562540283e-02
1.785891804143275793e-02
1.713069781737138961e-02
1.637598643395405187e-02
1.560350900662848227e-02
1.698503210490589360e-02
1.622198836396511468e-02
1.544848018632175198e-02
1.682613164248611404e-02
1.806180762760761782e-02
1.732466225272260782e-02
1.657497393356413898e-02
1.581426655474429954e-02
1.504500663118850043e-02
1.426917203735471665e-02
1.347426522283730332e-02
1.515345214231271671e-02
1.653917699363661661e-02
1.579294031543581819e-02
1.503952337655544390e-02
1.644906862895441704e-02
1.570337135094254655e-02
1.495106327369193945e-02
1.418941710424740169e-02
1.571628258150236518e-02
1.497277899679629910e-02
1.637451932993753967e-02
1.565133611303027444e-02
1.696219720132928488e-02
1.624042270670709304e-02
1.551047854402768170e-02
1.475769402092138964e-02
1.399677670443212271e-02
1.559707331629473816e-02
1.484696641866948413e-02
1.408869417918347938e-02
1.564657818619119914e-02
1.489383009162707078e-02
1.412863945783946786e-02
1.335925794005459778e-02
1.258881522958218632e-02
1.438390547391186700e-02
1.587022270157067289e-02
1.512016624067420538e-02
1.436512998793068596e-02
1.586902205401598265e-02
1.511750041868672664e-02
1.651124580192658842e-02
1.576008965036775761e-02
1.500231713139206328e-02
1.424022595080991910e-02
1.578517740001138259e-02
1.503118349807022920e-02
1.645686454061735457e-02
1.570502737414724778e-02
1.494789295517419403e-02
1.416845359571417863e-02
1.340929061510968273e-02
1.263919754036341679e-02
1.187200712107354568e-02
1.111187083340310806e-02
1.036325075929281185e-02
9.613752726996240699e-03
8.905015684743892296e-03
8.222107283880326564e-03
7.556319397908848809e-03
6.937333296187515874e-03
6.335124923456266453e-03
8.708419438115061820e-03
8.055457636371499142e-03
7.429428886250132383e-03
9.740961167086240047e-03
9.073076827873390732e-03
1.119076936558347293e-02
1.296563718781046717e-02
1.227604229319639861e-02
1.159157378438455469e-02
1.329588893925903216e-02
1.476579970339411858e-02
1.409370876501420469e-02
1.545259595157004277e-02
1.669178890842122273e-02
1.600317975323046343e-02
1.530917342445657636e-02
1.461121056061375455e-02
1.599307019642703248e-02
1.720429316954686164e-02
1.649615406557049246e-02
1.766923959633650079e-02
1.879682084926323840e-02
1.811635350083915658e-02
1.742645591594802965e-02
1.851923390158990990e-02
1.951683604404181802e-02
1.885929402242629213e-02
1.818230346839008402e-02
1.748798667871054313e-02
1.677839919193483895e-02
1.605570624105774266e-02
1.530668470524901292e-02
1.683408514124688088e-02
1.810125918719410198e-02
1.738787700803984260e-02
1.666457368476384135e-02
1.797610513663409557e-02
1.725566774260508390e-02
1.652648155026277196e-02
1.787125864328478059e-02
1.715070459959417218e-02
1.840687299999824861e-02
1.768934393060744154e-02
1.694697686260762323e-02
1.618626501237158469e-02
1.541503053013388441e-02
1.463487033280185846e-02
1.384853948208271228e-02
1.305954271440839046e-02
1.227207721914916685e-02
1.431630571202962415e-02
1.596879795432623941e-02
1.521672976918922969e-02
1.446079076559220709e-02
1.607831099281395795e-02
1.533061427078653664e-02
1.457955189730237959e-02
1.382702994958050213e-02
1.307545945635793169e-02
1.489275513629470700e-02
1.415522555101723923e-02
1.341888002042787922e-02
1.513865817443816285e-02
1.441197746203136919e-02
1.367321140135407953e-02
1.290887464132075765e-02
1.217631671399517675e-02
1.407021550505241358e-02
1.335121307245809401e-02
1.501274088138281233e-02
1.431138910780129295e-02
1.360532206798391493e-02
1.289612208085075262e-02
1.218367845065684851e-02
1.403612522682334482e-02
1.557788969170987095e-02
1.486290395139973700e-02
1.414310491389603533e-02
1.342039522828245013e-02
1.268019723477734235e-02
1.196137441348346306e-02
1.123899884482451941e-02
1.053448596676573486e-02
9.842569973937464328e-03
1.207008527767848907e-02
1.138113109667620790e-02
1.070099514551422007e-02
1.003251543340667566e-02
9.368517517459575006e-03
1.162888506976228649e-02
1.349207505826279310e-02
1.281454894992009250e-02
1.214299556362177096e-02
1.146706662988883178e-02
