1.416812659543995360e-04
2.560996272808051277e-04
5.167318994148820729e-04
5.772392654016662546e-04
6.283940503324571703e-04
1.027306827751334889e-03
1.030683993013922512e-03
1.565718913901547986e-03
2.248069054151281658e-03
3.086978126571117073e-03
2.829845618779093172e-03
3.791466749621991497e-03
3.471055198605466942e-03
4.546538056229348576e-03
4.156897314216316704e-03
5.316633958999711536e-03
6.576009263920203247e-03
6.055869583901623415e-03
5.556445364309740495e-03
6.851467894917781347e-03
8.162143299572677604e-03
9.429303833515711303e-03
8.765682371031204359e-03
8.115721205899095736e-03
9.393529216610166724e-03
1.062173743019187086e-02
9.942468910484544842e-03
9.268210657888287934e-03
8.604415371820991337e-03
9.917626307224343754e-03
1.114960095666965578e-02
1.042999342802552673e-02
9.719683915337859123e-03
9.023034934385484873e-03
1.033434071005124438e-02
1.155632722365252350e-02
1.267884716017908531e-02
1.191474645179698214e-02
1.115776076284391918e-02
1.232735236049280550e-02
1.155989991029474431e-02
1.270030973841886936e-02
1.192370571415681327e-02
1.303771321571338057e-02
1.225297795799190972e-02
1.334345998243465815e-02
1.254883500096447106e-02
1.176191661560578409e-02
1.098600035249262634e-02
1.219222442681155809e-02
1.328744771722147923e-02
1.429892775520313214e-02
1.350524506739490642e-02
1.451471720922402169e-02
1.371022523219119112e-02
1.472008197341746760e-02
1.564531068422066531e-02
1.649752557355838381e-02
1.567293598035895963e-02
1.484242939281598013e-02
1.400909636375227522e-02
1.317652755110449922e-02
1.234876941985221278e-02
1.354998760068524752e-02
1.463150918928437377e-02
1.560753330574819568e-02
1.477203527901169156e-02
1.393509280767907949e-02
1.310032030920377406e-02
1.227180068451275141e-02
1.348651536372023028e-02
1.265963012457015265e-02
1.182861802079028177e-02
1.308750925597023176e-02
1.420913864337830859e-02
1.521892871213809291e-02
1.613284551168415321e-02
1.696560107003306297e-02
1.774203947497438039e-02
1.848380466151543569e-02
1.768052223161414860e-02
1.848055562256875270e-02
1.922843502777069752e-02
1.992594616075844122e-02
1.910828313979853060e-02
1.984235261687999560e-02
1.899844230422240154e-02
1.812906577772206360e-02
1.723746690425929581e-02
1.818551945336257039e-02
1.903403564297141345e-02
1.980202588630247673e-02
1.892166828048351054e-02
1.802346902827691583e-02
1.890307838861453663e-02
1.969360431145394247e-02
2.043152723652886041e-02
2.111494530057647645e-02
2.174828280368386671e-02
2.238610171828569681e-02
2.293067347095562036e-02
2.208420925586491307e-02
2.266200903203027112e-02
2.180510233897587150e-02
2.241064469733174830e-02
2.297016042581892167e-02
2.210418109131105993e-02
2.123338424324825238e-02
2.033554994912865552e-02
1.942608065558372801e-02
2.023374809476220434e-02
2.096280560393983319e-02
2.168645613113544257e-02
2.230412362154456443e-02
2.144856822415380782e-02
2.056073190872480250e-02
2.130293468002189897e-02
2.195001756367512616e-02
2.106848433569435963e-02
2.017955307154755892e-02
2.092988455732622960e-02
2.160884744147448591e-02
2.073149515320842420e-02
1.984855670272634223e-02
1.894089772450896839e-02
1.802153729372576660e-02
1.709122712494692484e-02
1.615196466221643229e-02
1.520690179880155452e-02
1.426135364682779016e-02
1.331992349840478533e-02
1.470366985114194072e-02
1.377354453317197747e-02
1.508957799137508604e-02
1.416950718562728050e-02
1.542746352381973128e-02
1.451594557769309880e-02
1.359553811390595661e-02
1.490446724000880040e-02
1.399086054617510073e-02
1.524694601862855090e-02
1.635741231962834288e-02
1.735759602569588930e-02
1.826815619997948156e-02
1.737669561339910337e-02
1.829418633244330600e-02
1.912878905889801515e-02
1.823932226384955904e-02
1.734554479828924120e-02
1.643083090663943063e-02
1.747454893228375314e-02
1.839125535913887013e-02
1.750858592493242591e-02
1.659609632834303794e-02
1.760074799746553717e-02
1.852213595193266671e-02
1.933027572673983938e-02
1.845565388751973027e-02
1.928285587952827812e-02
1.840969705753483371e-02
1.923429223996871162e-02
2.000809351527166324e-02
1.916810908795528803e-02
1.829423511966365642e-02
1.740173729085729704e-02
1.649171941289483134e-02
1.556747534904758673e-02
1.673534829916752467e-02
1.581601599712340739e-02
1.486697422054391454e-02
1.393900700085788300e-02
1.526399839361693850e-02
1.434586488010800888e-02
1.340482961990480983e-02
1.249821769142446699e-02
1.393564952611508166e-02
1.303734980118026465e-02
1.440239465315605594e-02
1.351208939773461230e-02
1.261544586401002789e-02
1.401410869852179504e-02
1.312297973848744297e-02
1.221276073546243880e-02
1.131813508724039026e-02
1.047552546075471332e-02
1.198376289247264984e-02
1.113575254320181215e-02
1.257778061585270411e-02
1.387686518244240358e-02
1.503823881203148610e-02
1.607862531060196346e-02
1.701974584651503447e-02
1.617254275163917607e-02
1.531449504049472998e-02
1.444874736189567452e-02
1.357548664770079176e-02
1.480750480324902717e-02
1.590077938511234509e-02
1.688212790352843981e-02
1.602729243797277811e-02
1.516130403495795365e-02
1.428808703580305463e-02
1.341233434872841392e-02
1.253947107467359885e-02
1.167553232767255811e-02
1.310267868191682290e-02
1.437093881186426308e-02
1.549240741555554628e-02
1.464096582867267619e-02
1.378689259607706295e-02
1.293460386109489095e-02
1.208907259647570669e-02
1.125571320587804430e-02
1.041080894257195508e-02
9.608687766179502959e-03
1.116437282401972625e-02
1.258460650308965319e-02
1.175901932004680059e-02
1.094508081837752313e-02
1.014792908368017388e-02
9.372904590892020688e-03
1.088974042128761088e-02
1.228200159449947294e-02
1.147295867652394982e-02
1.067681976557730873e-02
1.207690244146206356e-02
1.127603945727371701e-02
1.048881872475583392e-02
1.189486107279583149e-02
1.316385169025022575e-02
1.235894697681785316e-02
1.357786919789269811e-02
1.277141452451883118e-02
1.197024509554496692e-02
1.322692966025117677e-02
1.242428042490233489e-02
1.364802198005954197e-02
1.285357201624820131e-02
1.404255263029203366e-02
1.324161794954359719e-02
1.244211771784776814e-02
1.367826965728565630e-02
1.481467700820075263e-02
1.401418927476015541e-02
1.510271321885915674e-02
1.429695021435579971e-02
1.536650263160526005e-02
1.635991643574743679e-02
1.555413791678167054e-02
1.651171205854601309e-02
1.569982323781643485e-02
1.665608392989260597e-02
1.751999213077359147e-02
1.670609049381938799e-02
1.758103095024426965e-02
1.840453992883389969e-02
1.911451009983928043e-02
1.832063627934051378e-02
1.906630179321133420e-02
1.827697529167369300e-02
1.904477050495266555e-02
1.824992027313634274e-02
1.903185174973794774e-02
1.823324825667170176e-02
1.741319587905464789e-02
1.830348101202132483e-02
1.908758755106993582e-02
1.980691104585088902e-02
2.049791174459599657e-02
2.117069753051859654e-02
2.179319691369458259e-02
2.237992002258630542e-02
2.173680173255009701e-02
2.108237363312211871e-02
2.168969683707305460e-02
2.226510392309291944e-02
2.280976026949841154e-02
2.332536112243402404e-02
2.260703857520636115e-02
2.188694824344678339e-02
2.247011528617535309e-02
2.173978047561662616e-02
2.101654466136079411e-02
2.026258297490043242e-02
2.098560481425709376e-02
2.162934282731773447e-02
2.223624928080796329e-02
2.280724939738815182e-02
2.204674750472964198e-02
2.129891862003306310e-02
2.192738370594365938e-02
2.256045250744323841e-02
2.315135830029821373e-02
2.370825147478188705e-02
2.294175030346884761e-02
2.351901477109060584e-02
2.274810394253914264e-02
2.334307449700033510e-02
2.256968050443081131e-02
2.317999045402958577e-02
2.239347939654298680e-02
2.161946945122454958e-02
2.227639232655756474e-02
2.150004780422868148e-02
2.071872609703657997e-02
2.144734063137490251e-02
2.065581719324569368e-02
2.138827625494997900e-02
2.060497381977694636e-02
1.979593657188530309e-02
1.898961656787596930e-02
1.818602717052253404e-02
1.738533256542036318e-02
1.829905417420566588e-02
1.748101825679318835e-02
1.666574349623725637e-02
1.767136227574180735e-02
1.684589995201236576e-02
1.602289440670055451e-02
1.710091482025049084e-02
1.627204270192383201e-02
1.539447230786306423e-02
1.652925381541789709e-02
1.568669965521166804e-02
1.484269521957956757e-02
1.603392327835884493e-02
1.519011563449645941e-02
1.635296630447991353e-02
1.549958315787318582e-02
1.664325777672076914e-02
1.578523873319506374e-02
1.492705431447894499e-02
1.407044460083511569e-02
1.319406102829647799e-02
1.455629162125181807e-02
1.371333047334680720e-02
1.287550518991664207e-02
1.425640356523458392e-02
1.342204947857934816e-02
1.473318347474631210e-02
1.390121779487712289e-02
1.307507866702280371e-02
1.441090270708189451e-02
1.559959344796302619e-02
1.476999193064915811e-02
1.394484420930385167e-02
1.518018498876412894e-02
1.435603313952882147e-02
1.554389261982305412e-02
1.660987989309703483e-02
1.577859473937371151e-02
1.684206567910801269e-02
1.781339742206230342e-02
1.871765241645947583e-02
1.788008876528766541e-02
1.878949153060207461e-02
1.962241232192655713e-02
1.877717108837936161e-02
1.962917798666255487e-02
2.046120290772379322e-02
2.119652787847446651e-02
2.037638173194152372e-02
1.954248459957188752e-02
2.038854637136635825e-02
1.954774944922366489e-02
1.869636393684724271e-02
1.963705363087828171e-02
2.047953391089863198e-02
2.124355923730897669e-02
2.039899518167895970e-02
1.954609075951009578e-02
1.868477833476333075e-02
1.779678720037215084e-02
1.687685868488484134e-02
1.805017031138105368e-02
1.907832528717876008e-02
1.996691811480943990e-02
1.911625596922205891e-02
2.000890761913560328e-02
2.080440408400845154e-02
2.159237933967669831e-02
2.227815935299049671e-02
2.148211973782311601e-02
2.219605712537112141e-02
2.294681382685550761e-02
2.354699843826463246e-02
2.411470131108594053e-02
2.465219042565436336e-02
2.516169059165087457e-02
2.435670530115394833e-02
2.489277527852285302e-02
2.408658428658492362e-02
2.327634190031491190e-02
2.388636991299487172e-02
2.445955869459976936e-02
2.501273386362555529e-02
2.553818763258227514e-02
2.470624269483950863e-02
2.523690765754613152e-02
2.440233663274525913e-02
2.494239073143348501e-02
2.546504988712186557e-02
2.597025072897337847e-02
2.644354374628596349e-02
2.559451648828677678e-02
2.474182001985307869e-02
2.388995593455102776e-02
2.304073465990304215e-02
2.371685156426048963e-02
2.434988276629669948e-02
2.494274520349351251e-02
2.407824660165387709e-02
2.322122644659925517e-02
2.388840020526499658e-02
2.303344426666888503e-02
2.371772141648467377e-02
2.436036201866434436e-02
2.496205266746541473e-02
2.552579090963362149e-02
2.605459529787352083e-02
2.518290506508105014e-02
2.431535190751536041e-02
2.345709267492368869e-02
2.412696991657063000e-02
2.475216699836775558e-02
2.389281382273264823e-02
2.453298411126812045e-02
2.513026931754015411e-02
2.568798723414585095e-02
2.622973211439092595e-02
2.671494470601828986e-02
2.717008015459573475e-02
2.630384992822394977e-02
2.679129717101898234e-02
2.726030530717761524e-02
2.640501753823270084e-02
2.554583425010875999e-02
2.611281719700340662e-02
2.523854828392705849e-02
2.584249660531827419e-02
2.496852524340429855e-02
2.409019886550655895e-02
2.474440188167243218e-02
2.535581152096038834e-02
2.447703855174767490e-02
2.511456956349127773e-02
2.423352414076757749e-02
2.335821377106869420e-02
2.406588570433166804e-02
2.318911145289583378e-02
2.232663376699489319e-02
2.309076272768397289e-02
2.223316405839805346e-02
2.135364705166757637e-02
2.046509033994293666e-02
2.138830200191470937e-02
2.220697727626329970e-02
2.296424343756437586e-02
2.213134417561381240e-02
2.289225858917784406e-02
2.360601990762436347e-02
2.427421360882062867e-02
2.342362148440372410e-02
2.410322373852549424e-02
2.473882912040149817e-02
2.388483701167222473e-02
2.453523744074301988e-02
2.514310102950539222e-02
2.428679849497910812e-02
2.491220361997244573e-02
2.549628901612625148e-02
2.606308981921367368e-02
2.657202343024721650e-02
2.571085119308919378e-02
2.624654356618058570e-02
2.676068870656452686e-02
2.591086950566780234e-02
2.506136006873915453e-02
2.420083078675945576e-02
2.334070490879972329e-02
2.249771395983138356e-02
2.325641932777585894e-02
2.396797939404223324e-02
2.463448009613140172e-02
2.377198598925053807e-02
2.291888223544382916e-02
2.365865563876800443e-02
2.434895852012885359e-02
2.348251051969202363e-02
2.418909900660445519e-02
2.484760962899029701e-02
2.397256936639344596e-02
2.464163369979782345e-02
2.376768229909367869e-02
2.445017514599674355e-02
2.509283502186938561e-02
2.569411326998098655e-02
2.625641127393534696e-02
2.537424079223601914e-02
2.596272873603605938e-02
2.508039362535375780e-02
2.420316300683159061e-02
2.487419265456904116e-02
2.400162726561378551e-02
2.468459086867106148e-02
2.531938475721397935e-02
2.590982408294794509e-02
2.503523612927540179e-02
2.416681947167888950e-02
2.330974185625995371e-02
2.244035811869617147e-02
2.322901877362613249e-02
2.238507550192439174e-02
2.153038763210010642e-02
2.235990449310453973e-02
2.311699485071884788e-02
2.228034320607578250e-02
2.144097588268977297e-02
2.059655402348116449e-02
2.149110658348266090e-02
2.230875474324572894e-02
2.147549737776291434e-02
2.063655936888819653e-02
2.154119095348885557e-02
2.070985652732361057e-02
1.988889764680914010e-02
1.904101039390042674e-02
1.998232905910266380e-02
1.914386916180891782e-02
1.831011683526315506e-02
1.935414440723851048e-02
2.028074885795764365e-02
2.114175681346962266e-02
2.199079433211209231e-02
2.117778542800130906e-02
2.035630018050376550e-02
2.122592145416295900e-02
2.200741963833160314e-02
2.118031179675491926e-02
2.202423085966871003e-02
2.282595542688849177e-02
2.352172433265738855e-02
2.274177014490318463e-02
2.197704436057917182e-02
2.273050812601719664e-02
2.196538468261749130e-02
2.272121715532305491e-02
2.343137704174094726e-02
2.409795910902003471e-02
2.472385337428492647e-02
2.391721026021581195e-02
2.310979797499951305e-02
2.381777759410552350e-02
2.446813830992346922e-02
2.507745438333192078e-02
2.424974048339867405e-02
2.342402167372942268e-02
2.409309732716663835e-02
2.327211856771202805e-02
2.246381329649079286e-02
2.319720716920208731e-02
2.238911980092411422e-02
2.312712392061945163e-02
2.381776871532192627e-02
2.299691737922646834e-02
2.370091080297667685e-02
2.287690865840613652e-02
2.359867141279140684e-02
2.426914712045235428e-02
2.490166743326542934e-02
2.549612967597412669e-02
2.606003202127807339e-02
2.659229163451290456e-02
2.709434382629374166e-02
2.758905256937980305e-02
2.674001745313112424e-02
2.724811859133113509e-02
2.639129236824492783e-02
2.552968466378678983e-02
2.613407033810578525e-02
2.669485296853181533e-02
2.583219330175016981e-02
2.641823855571850607e-02
2.696158050177106108e-02
2.746648078297577594e-02
2.793665694462669699e-02
2.707765957820337105e-02
2.758159282931231526e-02
2.671766033114502878e-02
2.584717788826148416e-02
2.644698014353014451e-02
2.699884720903943103e-02
2.613434712501923329e-02
2.672266383625053129e-02
2.587125688670057280e-02
2.648482815666168555e-02
2.563345479793274068e-02
2.476508938913051655e-02
2.546287631949780209e-02
2.612198816479495769e-02
2.525330648858179275e-02
2.591928667568811628e-02
2.654600045995548704e-02
2.711187613906898206e-02
2.625094594230660203e-02
2.684190526521123069e-02
2.597576415083201543e-02
2.509133310523667740e-02
2.421617121310085455e-02
2.334704296294109679e-02
2.412914003415009973e-02
2.326296700130833783e-02
2.405218621275416815e-02
2.319615142215416051e-02
2.398725907976602401e-02
2.472087182329469821e-02
2.540085005181104416e-02
2.603168784692756407e-02
2.661789843657378848e-02
2.574987421474087684e-02
2.488215950561209130e-02
2.555683131782128178e-02
2.469176277602437575e-02
2.383363981322186159e-02
2.458190253108477955e-02
2.527331991491194724e-02
2.591266224028670670e-02
2.652366966599344414e-02
2.566801577170721438e-02
2.627848205895163061e-02
2.542405569770072801e-02
2.457330459053216204e-02
2.370056695662875121e-02
2.444866625529138957e-02
2.515262311088645869e-02
2.580385739711086451e-02
2.495808193143350673e-02
2.411762011837203026e-02
2.483690964484379718e-02
2.399371584525619716e-02
2.472973039226254027e-02
2.541103929064288114e-02
2.604617401667683185e-02
2.518933461732715887e-02
2.433183697739021642e-02
2.505332644032687642e-02
2.418973731206271183e-02
2.333259501850315498e-02
2.411985315605522096e-02
2.326442178589606044e-02
2.405346130761874812e-02
2.479151368125210100e-02
2.547764782188811569e-02
2.461742790324259259e-02
2.376406394253622115e-02
2.452528025115944046e-02
2.523085442969365613e-02
2.588534466594039768e-02
2.502551382708589206e-02
2.569717855452631483e-02
2.631993671448872030e-02
2.691701577278843988e-02
2.745299590709738766e-02
2.795292414482410462e-02
2.843155945326257886e-02
2.758738463129489782e-02
2.673187160296372489e-02
2.731846152820843060e-02
2.645987378881852620e-02
2.559617638690654673e-02
2.627564897352334394e-02
2.541445988376583864e-02
2.453438785626058452e-02
2.530811432162870592e-02
2.601269271923718762e-02
2.514225720658235311e-02
2.425884759821891890e-02
2.501805969719882519e-02
2.415001897496729666e-02
2.491709841722609606e-02
2.562733047223617749e-02
2.475640047467994251e-02
2.388779172697643588e-02
2.467579027581906503e-02
2.380435519199658456e-02
2.294317898674645695e-02
2.209752325588876243e-02
2.299551188662448883e-02
2.215350897573593186e-02
2.128866745520278242e-02
2.226586018068234599e-02
2.314522174073583433e-02
2.231704630645901105e-02
2.318946356075377024e-02
2.236573487296236382e-02
2.323020932259533405e-02
2.241095974685074557e-02
2.157688679618641539e-02
2.073575084588837394e-02
2.176225535884927093e-02
2.095751014685434330e-02
2.014764123574514995e-02
1.932893187170741864e-02
2.038606101932982986e-02
2.135975847671010841e-02
2.229911321133840052e-02
2.312627566603080512e-02
2.231987503023415489e-02
2.314406008073459711e-02
2.233820224940498769e-02
2.315959816616102590e-02
2.392568997640600811e-02
2.466200965734532263e-02
2.383160160655674667e-02
2.301220913323110545e-02
2.220750584715129247e-02
2.303864345765772870e-02
2.223497628205879997e-02
2.144785165178916472e-02
2.064013097032916383e-02
1.982583172011777306e-02
2.083253750684739905e-02
2.003743737154367946e-02
2.106590111631008455e-02
2.028140374125460624e-02
1.950808471635393990e-02
2.051547088921141723e-02
2.145115805752482313e-02
2.066761056096656085e-02
2.158647929370757779e-02
2.082470092158011932e-02
2.171643745171274523e-02
2.254994623008031024e-02
2.181593578441807027e-02
2.265079878156750146e-02
2.191308060250754877e-02
2.274471780254533337e-02
2.352317816214488308e-02
2.425145029505373223e-02
2.493352878667206424e-02
2.414700549628802026e-02
2.337137270936268454e-02
2.258929425511320421e-02
2.339385349739199482e-02
2.261581656930365669e-02
2.185230570973403438e-02
2.108434127615490053e-02
2.030852769879073344e-02
1.949777544928535736e-02
2.054776194527163299e-02
2.152218116787011845e-02
2.076487614816496449e-02
1.999899650381745456e-02
1.922001579918197409e-02
2.026180280560615707e-02
1.949250067902549496e-02
2.050894375557292537e-02
1.973334534270704960e-02
1.894469213028345672e-02
2.001513469845156781e-02
1.923786205668457164e-02
1.843525855420791171e-02
1.957029934148820163e-02
1.879696775727623947e-02
1.800851534990503475e-02
1.717058994094885702e-02
1.848028085388630365e-02
1.767857960838992160e-02
1.889060483425802905e-02
1.994528613022058736e-02
1.917613532366832171e-02
1.839071827713126273e-02
1.952433520773350431e-02
1.874920015073049118e-02
1.983502180369267620e-02
1.905893763459120052e-02
2.011466038446850513e-02
2.106632365214116884e-02
2.031507832139569508e-02
1.954167661757216096e-02
1.875827770423265511e-02
1.992259658531970665e-02
1.914253582325358555e-02
2.024351703196020091e-02
2.121497772419075195e-02
2.218795226692923256e-02
2.146298251487036013e-02
2.073337860992509676e-02
1.999478525576452170e-02
1.924107563957917419e-02
1.848834701765525099e-02
1.773632555175998909e-02
1.697420470551916707e-02
1.618696974373836500e-02
1.541958461293684024e-02
1.684062836755322728e-02
1.607159736790230581e-02
1.743418582695197352e-02
1.665793093381647341e-02
1.587769667171759144e-02
1.509460822713191465e-02
1.430934602115785555e-02
1.350203820879192392e-02
1.270716140934644023e-02
1.190849755035363298e-02
1.375488426860440108e-02
1.530860278088126691e-02
1.663633738369297080e-02
1.588073179299414814e-02
1.512184885753549944e-02
1.436099926447570278e-02
1.583772437439241038e-02
1.711512631616097374e-02
1.635606859638254890e-02
1.758767301833769406e-02
1.683675835400576942e-02
1.803365049246194451e-02
1.727833368160741970e-02
1.844209362320729448e-02
1.768367071983276487e-02
1.881676333864705161e-02
1.805654400918526442e-02
1.920083473035020388e-02
1.845741222736619128e-02
1.770407275535342689e-02
1.886286265115996383e-02
1.811597073624220122e-02
1.736047460130684533e-02
1.857341170138216910e-02
1.963689233023048139e-02
2.062872540784693037e-02
1.993212889513688510e-02
1.922590294980341605e-02
2.023767814806044438e-02
2.115426077661706344e-02
2.204375379297656562e-02
2.138316252098758016e-02
2.216801978689143457e-02
2.150998299992153834e-02
2.229224154365992000e-02
2.162962007827568672e-02
2.242562701528348634e-02
2.177317642186504809e-02
2.257439289966619786e-02
2.332187805629108712e-02
2.403703546006462008e-02
2.335809738939861185e-02
2.267973978479817174e-02
2.199219609308638093e-02
2.283197842096077596e-02
2.213061460705295289e-02
2.295589891581789957e-02
2.224133136063130220e-02
2.306739747864849574e-02
2.234156033027161897e-02
2.162514172389529490e-02
2.250601600686473469e-02
2.177971552823812496e-02
2.265236952542727666e-02
2.191830242556158659e-02
2.119645795735912788e-02
2.211140526430577236e-02
2.298136447542009630e-02
2.377346645843020009e-02
2.300907851998498441e-02
2.225653055583873621e-02
2.310035752706264545e-02
2.389962050042647099e-02
2.314288366079958817e-02
2.239533875251311160e-02
2.166049738516911960e-02
2.092066653944140570e-02
2.190371148815770455e-02
2.117784542180893223e-02
2.213287977864326211e-02
2.302765845362018601e-02
2.386218667628786996e-02
2.309947170952853304e-02
2.235134953545792058e-02
2.323939862144124360e-02
2.248155032088143199e-02
2.173639648671279664e-02
2.098688055497019422e-02
2.197403298797766594e-02
2.287737532857830880e-02
2.372011508582372308e-02
2.294315721578531198e-02
2.218009593457792236e-02
2.307612540370423959e-02
2.230872730642283891e-02
2.155764734191570678e-02
2.249926126597896064e-02
2.339310349979398587e-02
2.261939190914170200e-02
2.348622478503950561e-02
2.270935484567533288e-02
2.357110743870462904e-02
2.278869251808924787e-02
2.202156935523467279e-02
2.127308816582694842e-02
2.222749784889405111e-02
2.311236264929927842e-02
2.394805872958486251e-02
2.473072959510788996e-02
2.546694061346821067e-02
2.467361927849073475e-02
2.388669260532576277e-02
2.310968337097780642e-02
2.234591346887587066e-02
2.158375403289385791e-02
2.082804869476055989e-02
2.006245879919699854e-02
2.118212856781019615e-02
2.041087087468701489e-02
1.964628399809256395e-02
2.079110368235961501e-02
2.186122451895750746e-02
2.110126224262738950e-02
2.035403051154447904e-02
2.143859754841738116e-02
2.240748755744846263e-02
2.165668476700391074e-02
2.261058211133502860e-02
2.185508002233709987e-02
2.109644502536087152e-02
2.033104527774966599e-02
2.143284546059590068e-02
2.068520644645577278e-02
1.991197291734012748e-02
1.914795318809780350e-02
2.030500543792292112e-02
1.954891961620193810e-02
1.878059243026355268e-02
1.800449699652570401e-02
1.929419490369924453e-02
1.852648520378490093e-02
1.776040002606723775e-02
1.695504174669271863e-02
1.616388792217391193e-02
1.767144520660441157e-02
1.688532920150655550e-02
1.829872133096389908e-02
1.751650791587462327e-02
1.884548782409981721e-02
2.002961115881461349e-02
2.116349610449964197e-02
2.045185328921010279e-02
2.145944333236376317e-02
2.238663195499211375e-02
2.325207957786640939e-02
2.405994575949566699e-02
2.483363262810092328e-02
2.407558801181076263e-02
2.484268259339229845e-02
2.555978789932772041e-02
2.477986771581096315e-02
2.552149201054117883e-02
2.473261025415797801e-02
2.548428531281888426e-02
2.468881620940380217e-02
2.389585935932238281e-02
2.310895879253833593e-02
2.400143962216327170e-02
2.482219679725138420e-02
2.559325049992977261e-02
2.480140270838950695e-02
2.400958296310585008e-02
2.321812203512534090e-02
2.413972963066845709e-02
2.498999491466010608e-02
2.578150323003293443e-02
2.653396371839389020e-02
2.721186574330243871e-02
2.784439843526801892e-02
2.843456064924921450e-02
2.898540520317041680e-02
2.956899001843518379e-02
2.881213789643849096e-02
2.801821273932670817e-02
2.869890255740165791e-02
2.932327480979958489e-02
2.850483501481486728e-02
2.766573321777095196e-02
2.838298529385600150e-02
2.904972484022249821e-02
2.819933794444239375e-02
2.887867743354638472e-02
2.951337794585343760e-02
3.010438100913131673e-02
3.065493553150960490e-02
2.980651062622961464e-02
2.894369380407563197e-02
2.806706188050797288e-02
2.718168666776014583e-02
2.629044202301059063e-02
2.718625265398922144e-02
2.799418978370777494e-02
2.711605030273924952e-02
2.623551611643941059e-02
2.534061683182253083e-02
