1.895720433834558924e-04
1.900331924236662901e-04
1.900341471089442248e-04
3.119019162482262780e-04
4.272518089981509328e-04
1.904757899638261055e-04
1.900350623369753906e-04
3.119027798507056828e-04
4.272526281530675740e-04
1.904757914499681797e-04
1.900350623400426256e-04
3.119027798535994184e-04
1.902667010705206174e-04
3.121213550005693619e-04
4.274599551588236586e-04
5.476490722135385217e-04
6.622637261547642063e-04
1.908461141680431515e-04
3.126681032950505684e-04
1.902681697143771835e-04
3.121227408284902595e-04
4.274612696811523204e-04
1.904761698659893543e-04
3.123190141134634659e-04
4.276474452715666548e-04
5.478309165315280995e-04
1.906649631987846773e-04
3.124971672193409809e-04
1.902678420446691934e-04
3.121224316358567948e-04
4.274609763975268533e-04
5.476500627017640314e-04
6.622646849189286209e-04
7.717410106387160868e-04
8.969140923611433223e-04
1.019260497997489514e-03
1.913291658497007913e-04
1.900368235498702343e-04
1.900341546212206160e-04
1.900341490996040861e-04
3.119019181265985730e-04
1.902666994146865105e-04
1.900346306226391544e-04
3.119023724882029032e-04
1.902667002877567355e-04
1.900346306244402852e-04
1.900341500843888767e-04
1.900341490902180124e-04
1.900341490881609556e-04
3.119019181158010036e-04
4.272518107696059316e-04
1.904757899670396807e-04
1.900350623369821668e-04
3.119027798507121880e-04
4.272526281530732118e-04
5.474479874798593351e-04
6.620690815179767694e-04
1.908458000910845918e-04
1.900358265903765961e-04
1.900341525586671189e-04
1.900341490953369374e-04
1.900341490881715537e-04
3.119019181158104903e-04
1.902666994146656667e-04
3.121213534380873388e-04
4.274599536767375576e-04
5.476490707760788869e-04
1.906646551674935023e-04
1.900354525905663080e-04
3.119031480911680027e-04
4.272529774410871971e-04
5.474483262517264477e-04
1.906643148988274483e-04
3.124965554509912978e-04
4.278158547538270262e-04
5.479942542707831382e-04
6.625978517442466511e-04
1.908466528746247462e-04
3.126686116546765017e-04
4.279790632369490327e-04
5.481525471006753027e-04
6.627510737619405094e-04
7.722111457439730662e-04
8.973789874315304211e-04
1.019719504959388850e-03
1.139378342924165545e-03
1.914779585387153707e-04
3.132643651834981341e-04
4.285442320544397324e-04
1.904781295805176228e-04
1.900350671660331172e-04
3.119027844073692145e-04
4.272526324752104780e-04
5.474479916718675123e-04
6.620690855757318779e-04
7.715519469346333392e-04
8.967271354472792014e-04
1.019075908594875048e-03
1.138743710967008577e-03
1.255847474480705850e-03
1.370486425714902970e-03
1.917537017975149229e-04
3.135245939335312378e-04
1.902698084705581501e-04
1.900346370401286326e-04
3.119023785436997190e-04
4.272522475003703315e-04
5.474476182876084540e-04
6.620687241495304106e-04
1.908457995143086059e-04
3.126678063667187113e-04
4.279782993541460462e-04
5.481518062274745150e-04
6.627503566238477847e-04
1.908468985776973258e-04
3.126688435165708236e-04
1.902681711326349473e-04
3.121227421667728259e-04
4.274612709505750383e-04
1.904761698682908174e-04
1.900350631211139866e-04
3.119027805906135465e-04
4.272526288548936495e-04
5.474479881605501903e-04
6.620690821768676800e-04
7.715519436493338979e-04
1.910134975968611447e-04
3.128260582380295684e-04
4.281284149077070459e-04
5.482974002123369023e-04
1.906657525787469794e-04
1.900354548562251870e-04
3.119031502290271199e-04
4.272529794689160026e-04
1.904757920873375958e-04
3.123186576290195595e-04
1.902674996406677197e-04
1.900346322744157974e-04
3.119023740468073857e-04
4.272522432349228527e-04
5.474476141505825542e-04
1.906643136914853065e-04
3.124965543116831946e-04
4.278158536731123526e-04
5.479942532226178943e-04
1.906652397274560308e-04
3.124974281656784899e-04
1.902678425449859140e-04
3.121224321079615720e-04
1.902671230072686907e-04
3.121217531445359965e-04
4.274603328169043022e-04
1.904761681675111364e-04
3.123190125107232814e-04
4.276474437512701250e-04
1.904765072823295566e-04
3.123193325107079623e-04
4.276477472907263904e-04
5.478312094550673653e-04
6.624400295761289064e-04
7.719104960458629148e-04
1.910140533971535449e-04
3.128265827367242074e-04
1.902684733498527243e-04
3.121230273421751614e-04
1.902671241501398074e-04
1.900346314993242721e-04
3.119023733154366383e-04
1.902667002893466909e-04
3.121213542634454583e-04
4.274599544596276949e-04
5.476490715353959753e-04
1.906646551687799895e-04
3.124968765467751571e-04
1.902678414873574554e-04
3.121224311099718494e-04
4.274609758986997452e-04
1.904761693333801870e-04
3.123190136108761820e-04
1.902675003235760394e-04
3.121221091842007610e-04
1.902671223872422809e-04
3.121217525594720981e-04
1.902671217025075955e-04
1.900346314943211941e-04
1.900341500861885981e-04
3.119019190575320717e-04
4.272518116628676874e-04
5.474471955720217444e-04
6.620683149718913736e-04
7.715512020789622736e-04
8.967263988915533937e-04
1.911730604291856565e-04
1.900365018480651739e-04
3.119041381630233947e-04
4.272539165563989170e-04
5.474492370927171864e-04
1.906643164431206790e-04
1.900354518912042987e-04
1.900341517834707784e-04
1.900341490937332127e-04
3.119019181210587878e-04
4.272518107745929905e-04
5.474471947104903036e-04
6.620683141379517939e-04
1.908457988525681952e-04
3.126678057422569118e-04
1.902681691442671165e-04
3.121227402905282235e-04
4.274612691708706163e-04
1.904761698650645027e-04
3.123190141125909000e-04
4.276474452707383785e-04
5.478309165307242721e-04
1.906649631987835389e-04
3.124971672193406556e-04
1.902678420446693019e-04
3.121224316358573911e-04
1.902671230063625958e-04
3.121217531436805610e-04
4.274603328160935358e-04
5.476494384991908299e-04
6.622640807087626716e-04
7.717404266181303969e-04
1.910137898395026081e-04
1.900361731945637606e-04
3.119038280479227493e-04
4.272536224021459324e-04
1.904757932537657695e-04
3.123186587297007918e-04
1.902674996427799624e-04
3.121221085417936808e-04
4.274606699277536288e-04
1.904761687786735429e-04
3.123190130874368173e-04
4.276474442983190763e-04
1.904765072833207072e-04
3.123193325116437372e-04
1.902675009353476320e-04
1.900346322770880847e-04
1.900341500878075017e-04
3.119019190590592789e-04
1.902666994164782901e-04
3.121213534397978846e-04
1.902671209361790530e-04
1.900346314927385571e-04
1.900341500861851287e-04
1.900341490902218613e-04
3.119019181177453033e-04
1.902666994146693530e-04
3.121213534380913503e-04
4.274599536767409187e-04
5.476490707760830069e-04
6.622637247633480356e-04
7.717400825665721035e-04
8.969131746316682261e-04
1.019259591890319316e-03
1.913291645758828533e-04
3.131239515217239386e-04
4.284110333609731248e-04
5.485715048077094988e-04
1.906662158714672204e-04
3.124983493042506467e-04
1.902678443110920284e-04
3.121224337744783772e-04
4.274609784261086372e-04
5.476500646692649549e-04
6.622646868234145215e-04
7.717410124795647409e-04
1.910137907476117266e-04
1.900361731964367469e-04
3.119038280496902698e-04
1.902667030846517753e-04
1.900346306302074548e-04
1.900341500844007216e-04
1.900341490902179311e-04
3.119019181177412918e-04
1.902666994146698409e-04
1.900346306226384225e-04
3.119023724882025238e-04
4.272522417565354533e-04
5.474476127167063159e-04
6.620687187570423052e-04
7.715515923724501233e-04
8.967267848359926699e-04
1.911730609953456227e-04
3.129766363050489816e-04
1.902687606635208883e-04
3.121232984544381720e-04
1.902671246706838916e-04
3.121217547141517988e-04
1.902671217066445044e-04
3.121217519172527475e-04
4.274603316527694329e-04
1.904761681654007911e-04
1.900350631175993013e-04
3.119027805872965926e-04
4.272526288517474033e-04
5.474479881575001127e-04
1.906643143256010319e-04
1.900354518868324974e-04
3.119031474271294086e-04
4.272529768112259081e-04
5.474483256408286137e-04
1.906643148977918997e-04
3.124965554500141606e-04
4.278158547529010091e-04
5.479942542698852019e-04
6.625978517433769041e-04
1.908466528746233909e-04
1.900358283491726400e-04
3.119035026542821688e-04
1.902667024593985895e-04
1.900346306289169289e-04
3.119023724941274718e-04
1.902667002877681738e-04
1.900346306244402581e-04
3.119023724899026612e-04
1.902667002877597984e-04
3.121213542619473620e-04
4.274599544582058180e-04
5.476490715340175206e-04
6.622637254970070459e-04
7.717400832757140500e-04
1.910137893073068200e-04
3.128263335199021693e-04
1.902684728726079615e-04
1.900346342832759708e-04
3.119023759423533346e-04
4.272522450329095255e-04
5.474476158944366387e-04
6.620687218330030153e-04
1.908457995105694908e-04
3.126678063631906090e-04
4.279782993507993852e-04
5.481518062242296064e-04
1.906655063206292948e-04
1.900354543477802570e-04
1.900341517885531658e-04
1.900341490937433500e-04
3.119019181210681661e-04
1.902666994146758311e-04
3.121213534380972592e-04
4.274599536767459060e-04
5.476490707760881026e-04
1.906646551674935294e-04
3.124968765455611759e-04
4.278161593350158012e-04
5.479945496785529986e-04
1.906652402291818347e-04
3.124974286391317977e-04
4.278166830353172419e-04
5.479950576059609228e-04
6.625986293454455773e-04
7.720637958575125121e-04
8.972332800524967025e-04
1.911738035817056743e-04
3.129773370802028162e-04
4.282719175505749951e-04
1.904776374844083459e-04
1.900350661503296182e-04
1.900341509854292681e-04
3.119019199060496712e-04
1.902666994181058673e-04
1.900346306226459035e-04
3.119023724882098963e-04
1.902667002877566813e-04
3.121213542619451393e-04
1.902671209377578140e-04
3.121217511917228141e-04
1.902671216998815494e-04
3.121217519108711335e-04
1.902671217012623080e-04
3.121217519121743987e-04
4.274603316479522685e-04
1.904761681653923072e-04
3.123190125087241210e-04
1.902675003214618723e-04
3.121221091822052869e-04
1.902671223872384320e-04
1.900346314957348040e-04
3.119023733120502954e-04
1.902667002893399688e-04
3.121213542634398205e-04
4.274599544596219486e-04
5.476490715353905542e-04
1.906646551687802063e-04
1.900354525905693709e-04
3.119031480911704421e-04
4.272529774410896365e-04
1.904757920836584100e-04
3.123186576255485947e-04
4.276471071210995005e-04
5.478305885648115979e-04
6.624394285745176898e-04
7.719099151283086201e-04
8.970811144493073298e-04
1.911735805807607616e-04
3.129771266352842718e-04
1.902687616020934586e-04
3.121232993400848712e-04
4.274617994554537337e-04
1.904761708264350259e-04
3.123190150197719685e-04
4.276474461312563613e-04
1.904765072866409679e-04
3.123193325147761599e-04
4.276477472945854996e-04
5.478312094588106817e-04
6.624400295797503585e-04
7.719104960493636952e-04
8.970816888953178376e-04
1.019425971985734106e-03
1.913293984366887365e-04
1.900368240768274828e-04
3.119044422157972929e-04
1.902667042647800089e-04
3.121213580147067499e-04
4.274599580178727021e-04
1.904761674880216314e-04
3.123190118695344649e-04
1.902675003202353415e-04
1.900346322758187008e-04
1.900341500878052520e-04
1.900341490902249242e-04
1.900341490881608472e-04
3.119019181158004072e-04
4.272518107696052811e-04
5.474471947056528103e-04
6.620683141332690163e-04
7.715512012683600372e-04
8.967263980899851635e-04
1.911730604280094869e-04
1.900365018480625718e-04
3.119041381630207927e-04
4.272539165563966944e-04
1.904757937874281578e-04
3.123186592332821807e-04
4.276471086461310664e-04
5.478305900439151130e-04
1.906649626459817025e-04
3.124971666976890318e-04
4.278164345650917275e-04
5.479948166192047648e-04
6.625983960784435087e-04
7.720635703859794665e-04
8.972330570942545561e-04
1.019575423036610078e-03
1.139236256533102121e-03
1.256332738410314643e-03
1.370964159279032795e-03
1.483215673249001871e-03
1.593160877023796400e-03
1.700864235666023653e-03
1.921319991614738889e-04
1.900384768528704893e-04
3.119060017637155079e-04
1.902667072614574323e-04
1.900346306388271331e-04
3.119023725034781192e-04
1.902667002877860632e-04
1.900346306244405021e-04
1.900341500843884431e-04
1.900341490902177413e-04
1.900341490881610911e-04
3.119019181158013288e-04
4.272518107696059316e-04
1.904757899670395452e-04
1.900350623369817873e-04
1.900341509775401252e-04
1.900341490920657368e-04
3.119019181194853936e-04
4.272518107731002610e-04
5.474471947090421347e-04
1.906643129803356073e-04
3.124965536406067190e-04
1.902678408682426700e-04
1.900346329787930277e-04
3.119023747114528619e-04
4.272522438653599073e-04
5.474476147620399450e-04
1.906643136925219664e-04
3.124965543126614160e-04
1.902678408695308919e-04
3.121224305269842524e-04
4.274609753457077397e-04
5.476500616816174991e-04
6.622646839314576652e-04
7.717410096842407643e-04
8.969140914173040231e-04
1.019260497065603002e-03
1.138925742154048119e-03
1.256026814564443171e-03
1.916186024990777629e-04
3.133970949896435734e-04
4.286701429738389588e-04
5.488228072398392346e-04
1.906666402360814429e-04
1.900354566889553623e-04
1.900341517933967577e-04
3.119019206684410148e-04
4.272518131908680157e-04
1.904757899714325969e-04
1.900350623369910844e-04
3.119027798507202111e-04
4.272526281530816144e-04
5.474479874798659487e-04
1.906643143244521571e-04
1.900354518868302477e-04
1.900341517834614000e-04
3.119019206590659186e-04
4.272518131819739258e-04
5.474471970453922151e-04
6.620683163980746553e-04
7.715512034574922677e-04
8.967264002547229535e-04
1.911730604311852777e-04
3.129766357726524806e-04
4.282712522887910205e-04
1.904776362817382209e-04
3.123203978720827650e-04
4.276487578508765997e-04
5.478321895811171308e-04
6.624409783062995029e-04
1.908464000133255456e-04
3.126683730378069658e-04
1.902681702312027795e-04
3.121227413161727451e-04
4.274612701437415429e-04
1.904761698668280389e-04
1.900350631211111948e-04
3.119027805906100228e-04
4.272526288548903427e-04
5.474479881605460703e-04
6.620690821768633431e-04
7.715519436493304285e-04
8.967271321985838348e-04
1.911730615049079315e-04
3.129766367859194249e-04
1.902687606644412675e-04
1.900346348773068988e-04
3.119023765028770215e-04
4.272522455645830805e-04
1.904757907558622199e-04
1.900350623386103674e-04
3.119027798522487193e-04
4.272526281545309217e-04
5.474479874812728094e-04
6.620690815193448157e-04
7.715519430137806559e-04
8.967271315701165046e-04
1.019075904766813048e-03
1.138743707191981411e-03
1.255847470761485389e-03
1.916183662554314811e-04
1.900374195588860025e-04
3.119050041084711752e-04
1.902667053444611939e-04
3.121213590335048600e-04
1.902671209469196476e-04
1.900346314927609458e-04
3.119023733092438923e-04
4.272522425353187953e-04
5.474476134720416718e-04
6.620687194881877012e-04
7.715515930791644328e-04
8.967267855348301422e-04
1.911730609963707087e-04
3.129766363060158189e-04
1.902687606635229754e-04
3.121232984544398525e-04
4.274617986153777323e-04
1.904761708249116405e-04
1.900350631230885085e-04
1.900341509791667537e-04
3.119019199001396309e-04
4.272518124621079187e-04
1.904757899701101955e-04
3.123186556311337075e-04
1.902674996368356884e-04
3.121221085361845608e-04
4.274606699224325814e-04
1.904761687786638122e-04
3.123190130874278184e-04
4.276474442983090474e-04
1.904765072833206258e-04
1.900350638175517671e-04
3.119027812477666978e-04
4.272526294782250057e-04
5.474479887651137900e-04
6.620690827620691636e-04
1.908458000930923987e-04
3.126678069128982951e-04
4.279782998722426795e-04
5.481518067299674191e-04
1.906655063214848117e-04
1.900354543477825067e-04
3.119031497492649480e-04
4.272529790138462642e-04
5.474483277771336354e-04
6.620694109168372794e-04
7.715522614051186900e-04
1.910134980896376999e-04
1.900361725929022177e-04
1.900341532744930363e-04
3.119019220659924687e-04
4.272518145164896485e-04
1.904757899738373302e-04
3.123186556346511846e-04
1.902674996368422208e-04
1.900346322744074761e-04
3.119023740467996336e-04
4.272522432349140165e-04
1.904757907516360811e-04
3.123186563686073205e-04
4.276471059288139724e-04
1.904765066703664668e-04
3.123193319332397133e-04
1.902675009342379782e-04
1.900346322770861331e-04
1.900341500878080438e-04
3.119019190590605799e-04
1.902666994164784256e-04
3.121213534397984267e-04
1.902671209361794867e-04
1.900346314927387197e-04
3.119023733092224251e-04
1.902667002893341413e-04
3.121213542634341826e-04
1.902671209377607955e-04
3.121217511917266088e-04
4.274603309645742723e-04
1.904761681641535791e-04
1.900350631175968619e-04
3.119027805872946952e-04
1.902667010719305682e-04
3.121213550019001116e-04
4.274599551600871336e-04
5.476490722147641039e-04
6.622637261559501066e-04
1.908461141680450760e-04
1.900358272381334551e-04
3.119035016059137997e-04
4.272533127612978144e-04
1.904757926920069594e-04
3.123186581996064315e-04
4.276471076656280612e-04
5.478305890929415466e-04
6.624394290857305067e-04
7.719099156224367960e-04
8.970811149379281924e-04
1.019425405297944096e-03
1.913293976403672859e-04
3.131241714672569707e-04
1.902690429964402203e-04
1.900346354600487885e-04
3.119023770527477716e-04
1.902667002965276600e-04
1.900346306244584185e-04
3.119023724899200626e-04
1.902667002877602592e-04
3.121213542619485004e-04
1.902671209377579766e-04
1.900346314927421891e-04
3.119023733092257862e-04
1.902667002893341684e-04
3.121213542634338031e-04
4.274599544596157687e-04
5.476490715353832901e-04
6.622637254983287968e-04
1.908461141669844010e-04
3.126681032940506629e-04
1.902681697143753133e-04
3.121227408284879285e-04
1.902671236000234314e-04
1.900346314982392839e-04
3.119023733144129346e-04
4.272522425402221539e-04
1.904757907503754251e-04
1.900350623385985767e-04
3.119027798522367389e-04
1.902667010705179069e-04
1.900346306260507863e-04
1.900341500843920751e-04
3.119019190558367047e-04
1.902666994164717307e-04
3.121213534397912167e-04
1.902671209361792698e-04
3.121217511902339876e-04
1.902671216998788389e-04
1.900346314943158273e-04
1.900341500861882729e-04
3.119019190575325054e-04
4.272518116628687716e-04
5.474471955720229370e-04
6.620683149718934336e-04
1.908457988539138798e-04
1.900358265878250347e-04
3.119035009922872456e-04
4.272533121792521180e-04
1.904757926909509736e-04
3.123186581986099413e-04
1.902674996417605684e-04
3.121221085408319392e-04
4.274606699268416522e-04
5.476497654592084839e-04
6.622643971966717938e-04
7.717407325306502135e-04
8.969138173523867781e-04
1.911733353152807982e-04
1.900365024149305220e-04
1.900341539568432359e-04
1.900341490982296159e-04
3.119019181253015961e-04
1.902666994146837728e-04
3.121213534381039271e-04
1.902671209361760172e-04
3.121217511902306808e-04
4.274603309631552143e-04
1.904761681641504621e-04
3.123190125075524237e-04
1.902675003214596226e-04
1.900346322758210860e-04
1.900341500878050623e-04
1.900341490902249242e-04
3.119019181177480680e-04
4.272518107714518400e-04
5.474471947074447797e-04
1.906643129803323004e-04
3.124965536406038458e-04
4.278158530365454358e-04
5.479942526052240630e-04
6.625978501320405143e-04
7.720630426843668077e-04
8.972325352748328989e-04
1.911738024904768146e-04
3.129773360504158291e-04
4.282719165737178908e-04
1.904776374826423974e-04
3.123203990052956461e-04
4.276487589257981642e-04
1.904765096647481192e-04
1.900350638224678108e-04
3.119027812524052400e-04
1.902667010732085173e-04
1.900346306260565054e-04
3.119023724914277000e-04
4.272522417595938250e-04
1.904757907489592673e-04
3.123186563660824847e-04
1.902674996382453410e-04
3.121221085375144974e-04
4.274606699236942133e-04
1.904761687786661703e-04
3.123190130874298784e-04
1.902675003225720682e-04
3.121221091832521925e-04
1.902671223872404377e-04
3.121217525594706887e-04
4.274603322619428434e-04
5.476494379617251416e-04
6.622640801885101023e-04
7.717404261152626841e-04
1.910137898387230938e-04
1.900361731945625408e-04
3.119038280479213940e-04
1.902667030846479264e-04
3.121213569011208554e-04
4.274599569615855372e-04
5.476490739620177043e-04
6.622637278472407688e-04
1.908461141707733623e-04
3.126681032976263075e-04
4.279785810178751162e-04
5.481520794069601665e-04
6.627506210515756542e-04
7.722107081634974144e-04
8.973785547292841003e-04
1.019719077738355994e-03
1.913298102242514710e-04
3.131245608272522252e-04
1.902690437412719068e-04
3.121235655696531558e-04
4.274620519866264103e-04
1.904761712842560628e-04
1.900350631240370499e-04
1.900341509791682987e-04
3.119019199001409320e-04
1.902666994180941850e-04
3.121213534413222728e-04
4.274599536798068256e-04
5.476490707790559976e-04
6.622637247662265924e-04
7.717400825693514557e-04
1.910137893062118842e-04
1.900361731934642983e-04
3.119038280468854388e-04
4.272536224011621816e-04
1.904757932537640619e-04
1.900350623437657488e-04
3.119027798571132092e-04
4.272526281591447982e-04
5.474479874857481792e-04
6.620690815236766370e-04
7.715519430179679531e-04
8.967271315742582653e-04
1.911730615039921872e-04
3.129766367850558579e-04
1.902687606644396954e-04
3.121232984553047748e-04
4.274617986161991239e-04
1.904761708249135379e-04
1.900350631230885356e-04
3.119027805924762058e-04
4.272526288566611701e-04
5.474479881622650729e-04
6.620690821785282440e-04
1.908458000921506607e-04
3.126678069120097372e-04
4.279782998714006339e-04
5.481518067291489549e-04
1.906655063214831040e-04
3.124976797371960139e-04
4.278169212198266839e-04
5.479952886167867342e-04
1.906652414797672989e-04
3.124974298192473190e-04
1.902678425481559585e-04
1.900346329822600894e-04
3.119023747147244420e-04
4.272522438684631108e-04
1.904757907527847933e-04
3.123186563696925527e-04
1.902674996382527136e-04
3.121221085375213279e-04
1.902671223860006255e-04
1.900346314957324458e-04
3.119023733120478560e-04
1.902667002893397520e-04
1.900346306244435107e-04
3.119023724899056970e-04
4.272522417581497761e-04
5.474476127182726628e-04
6.620687187585569356e-04
1.908457995056075853e-04
1.900358265891689575e-04
1.900341525586644084e-04
3.119019213905423757e-04
1.902666994209579424e-04
3.121213534440247551e-04
4.274599536823684158e-04
5.476490707815407722e-04
6.622637247686316781e-04
1.908461141658074995e-04
3.126681032929404941e-04
4.279785810134303209e-04
5.481520794026487281e-04
6.627506210474023432e-04
1.908468990035735112e-04
3.126688439184560002e-04
1.902681711334051104e-04
3.121227421674997293e-04
1.902671236025947794e-04
1.900346314982444881e-04
3.119023733144178677e-04
4.272522425402272496e-04
1.904757907503755877e-04
3.123186563674188181e-04
4.276471059276863479e-04
1.904765066703646508e-04
1.900350638162870724e-04
3.119027812465734249e-04
4.272526294770921228e-04
5.474479887640157100e-04
6.620690827610065370e-04
1.908458000930904743e-04
1.900358265903809600e-04
1.900341525586668478e-04
1.900341490953369916e-04
3.119019181225716835e-04
1.902666994146786771e-04
1.900346306226389104e-04
1.900341500843847026e-04
3.119019190558302537e-04
1.902666994164722456e-04
1.900346306226426238e-04
3.119023724882063185e-04
4.272522417565388143e-04
5.474476127167085928e-04
6.620687187570443652e-04
1.908457995056054440e-04
1.900358265891689304e-04
1.900341525586644897e-04
1.900341490953368019e-04
3.119019181225714124e-04
4.272518107760272816e-04
5.474471947118804676e-04
1.906643129803402964e-04
3.124965536406108389e-04
1.902678408682427513e-04
3.121224305257685365e-04
4.274609753445550160e-04
5.476500616804983856e-04
6.622646839303737883e-04
7.717410096831932081e-04
8.969140914162702363e-04
1.019260497064585803e-03
1.138925742153043931e-03
1.256026814563453295e-03
1.916186024990767871e-04
3.133970949896428145e-04
4.286701429738387962e-04
5.488228072398394514e-04
1.906666402360815784e-04
3.124987497560740950e-04
4.278179362094809658e-04
1.904768160890766302e-04
3.123196239110051379e-04
1.902675014943597785e-04
1.900346322782420281e-04
3.119023740504182668e-04
4.272522432383477932e-04
1.904757907516417190e-04
3.123186563686129583e-04
4.276471059288183092e-04
1.904765066703666295e-04
1.900350638162872079e-04
1.900341509806005569e-04
3.119019199014925526e-04
1.902666994180970581e-04
1.900346306226458493e-04
1.900341500843850549e-04
1.900341490902178227e-04
3.119019181177418339e-04
4.272518107714453890e-04
1.904757899670427707e-04
1.900350623369821397e-04
3.119027798507118085e-04
4.272526281530732661e-04
5.474479874798615035e-04
6.620690815179769862e-04
1.908458000910847544e-04
3.126678069110037060e-04
4.279782998704462107e-04
5.481518067282247809e-04
6.627503571085547858e-04
1.908468985784778158e-04
3.126688435173079184e-04
1.902681711326364923e-04
3.121227421667744522e-04
4.274612709505769357e-04
1.904761698682907360e-04
1.900350631211144203e-04
3.119027805906137633e-04
1.902667010719368023e-04
1.900346306260541473e-04
3.119023724914258026e-04
1.902667002877628070e-04
3.121213542619505604e-04
4.274599544582089079e-04
5.476490715340197974e-04
6.622637254970097564e-04
1.908461141669821784e-04
3.126681032940489824e-04
1.902681697143753404e-04
3.121227408284880369e-04
4.274612696811491762e-04
1.904761698659894085e-04
3.123190141134635201e-04
1.902675003245403289e-04
3.121221091851105150e-04
4.274606705379690118e-04
5.476497660519351980e-04
6.622643977704132604e-04
1.908461152513929514e-04
3.126681043173711971e-04
1.902681697163359845e-04
1.900346336575815961e-04
3.119023753519524511e-04
4.272522444728944920e-04
5.474476153512817080e-04
1.906643136935211129e-04
1.900354518855274432e-04
1.900341517834587437e-04
3.119019206590644007e-04
4.272518131819726789e-04
1.904757899714164965e-04
3.123186556323675838e-04
4.276471052304451465e-04
5.478305867310950426e-04
1.906649626403724470e-04
3.124971666923954147e-04
4.278164345600689983e-04
1.904768133702546635e-04
1.900350644493276758e-04
3.119027818439052877e-04
4.272526300436821378e-04
5.474479893135470506e-04
6.620690832929380237e-04
7.715519447281110480e-04
