6.806696415636115383e+00
6.803428152241266957e+00
6.800418796111202369e+00
6.796945742763315756e+00
6.793465467747617836e+00
6.790000846030002535e+00
6.786578482397544576e+00
6.783228648891046042e+00
6.779984971390471848e+00
6.776705618879717008e+00
6.773217035115556506e+00
6.769796826661452549e+00
6.766456894609054196e+00
6.763228430253663603e+00
6.760149591637151900e+00
6.757263096967424332e+00
6.754614598406954329e+00
6.752099573154974443e+00
6.749491316595530144e+00
6.747031450783686601e+00
6.744795657571157399e+00
6.742766859031399385e+00
6.740963865178146719e+00
6.739406399541281623e+00
6.738114307182002882e+00
6.736652765976463009e+00
6.735286107034925251e+00
6.733996534211879492e+00
6.732843765294600047e+00
6.731793934682955616e+00
6.730857721659253556e+00
6.730053830714163077e+00
6.729405989496174634e+00
6.728485294978756137e+00
6.729444013002033209e+00
6.728597756581714329e+00
6.727839402507673761e+00
6.728610913032689211e+00
6.727868851031280961e+00
6.727331680079107201e+00
6.726757155490572515e+00
6.727396464321413028e+00
6.726634299130499706e+00
6.725876199475518291e+00
6.725389916826908454e+00
6.724653163704203074e+00
6.723980607065024095e+00
6.724823335943715286e+00
6.724296493281403109e+00
6.723614689934528599e+00
6.722854103965066663e+00
6.722086804468721866e+00
6.721314493583598448e+00
6.720795997128428567e+00
6.721672598073411997e+00
6.720944492574902007e+00
6.720269450235286435e+00
6.719821723540852609e+00
6.719112341589555726e+00
6.718416634980545865e+00
6.719644155443743827e+00
6.718843099256190499e+00
6.718073583445037578e+00
6.717436972090824909e+00
6.716897789171127009e+00
6.716474386444061473e+00
6.715896637861976437e+00
6.715257764243556693e+00
6.714616949604726770e+00
6.713973695720913071e+00
6.713329228899294954e+00
6.712913179668061225e+00
6.712330477065448164e+00
6.711832375578202559e+00
6.711449356351717910e+00
6.710891675812138857e+00
6.712276301705640158e+00
6.711678056980943552e+00
6.711090141195872327e+00
6.710515255463876727e+00
6.710183393849526112e+00
6.709697938046564225e+00
6.710821629325502968e+00
6.710459121824416506e+00
6.709927630171109492e+00
6.709337714552953358e+00
6.708743044702260683e+00
6.708142691124978185e+00
6.707537898677278676e+00
6.707166761009841771e+00
6.706514797143943163e+00
6.705985117527029082e+00
6.705556638311503725e+00
6.704943741328045270e+00
6.704354667769243825e+00
6.703695800360174317e+00
6.703036005146642218e+00
6.702382861883587672e+00
6.702009296947536221e+00
6.701338734518094142e+00
6.700697549877444814e+00
6.700251946282715032e+00
6.699662057065735254e+00
6.699112877430249746e+00
6.698528913987873423e+00
6.697963858178521690e+00
6.697420309715427678e+00
6.696902085415480599e+00
6.696655971677325070e+00
6.696153603597092996e+00
6.695684995788949045e+00
6.695427569380470345e+00
6.694994053291827285e+00
6.694594126573479187e+00
6.696039209470781906e+00
6.695547584966321963e+00
6.695066103982263428e+00
6.694598809450758026e+00
6.694380680397669536e+00
6.693805862252483863e+00
6.693471518548583354e+00
6.693237404812963476e+00
6.692812293351848574e+00
6.692415924565403351e+00
6.693896779004417930e+00
6.693406123973401733e+00
6.692927560603125769e+00
6.694673219850408863e+00
6.694125896924682628e+00
6.693596466454553529e+00
6.693148250417782386e+00
6.692885766936855774e+00
6.692439350162189271e+00
6.692027066498210885e+00
6.691572675722522234e+00
6.691131403935501432e+00
6.690706268118240096e+00
6.690302806312180550e+00
6.690153973006335519e+00
6.689660546537889552e+00
6.689407699628724835e+00
6.689260790026236414e+00
6.688933436184613335e+00
6.688639343309350949e+00
6.688306739606846740e+00
6.687986663685742350e+00
6.687682508911724000e+00
6.687396775647043157e+00
6.687381919173850164e+00
6.686993177143659928e+00
6.686852485007872993e+00
6.686811529793231124e+00
6.686591263238413241e+00
6.686402122106954060e+00
6.686175624621352398e+00
6.685960182953608388e+00
6.685758309007112210e+00
6.685574159773359781e+00
6.685677787367162672e+00
6.685372941184606788e+00
6.685325395908883195e+00
6.687425298563775655e+00
6.687239049834791338e+00
6.687085954198606963e+00
6.686976068550992025e+00
6.688874331183165545e+00
6.688697593021472265e+00
6.688556939506222321e+00
6.688728980915684907e+00
6.688636459753464436e+00
6.688595335335529413e+00
6.688672391756796287e+00
6.688560679770954032e+00
6.688429657280368090e+00
6.688263105473377657e+00
6.688043459727591511e+00
6.687752455078009639e+00
6.687371986490717291e+00
6.686883189838022545e+00
6.688533882649048579e+00
6.687699569732150628e+00
6.686730817851984199e+00
6.685620698117411109e+00
6.684365871987463237e+00
6.682966397680754511e+00
6.681425365830891749e+00
6.679748428857141818e+00
6.677434104367435452e+00
6.674910717235507995e+00
6.672188186908049268e+00
6.669515249020514069e+00
6.666389908463910885e+00
6.663033822555035179e+00
6.659610478263143563e+00
6.656051471903428940e+00
6.652367825764256004e+00
6.651303935565790582e+00
6.647402224791476577e+00
6.643406500457968988e+00
6.639325525240714398e+00
6.635167496141584742e+00
6.630940060329173491e+00
6.626650344657057268e+00
6.622304992834767035e+00
6.617482311024821762e+00
6.612638587086418163e+00
6.607776635151461520e+00
6.602899186092070494e+00
6.598008948582720024e+00
6.592514683482702864e+00
6.586944790352485590e+00
6.581299583830339195e+00
6.579549525969174084e+00
6.573767948335379252e+00
6.567911543224229654e+00
6.566409339945819212e+00
6.560426131531768235e+00
6.554370086344965429e+00
6.548243088537627266e+00
6.542047325907058841e+00
6.535785292682879444e+00
6.529459790857511159e+00
6.523073928599966820e+00
6.516631115935060947e+00
6.510135057822822091e+00
6.508910908569734310e+00
6.502313572532622210e+00
6.495672398402055236e+00
6.488992078561311772e+00
6.482277540661051773e+00
6.475533928593875999e+00
6.474273597236996025e+00
6.467018127381371606e+00
6.459760663010077231e+00
6.451858801907350838e+00
6.443886721604843437e+00
6.435846322237990691e+00
6.427739942370120474e+00
6.419570385623615927e+00
6.418192886557886112e+00
6.416843822017591847e+00
6.408488105535949941e+00
6.400073618488994143e+00
6.398854675427731564e+00
6.390323388052842724e+00
6.381743188160846181e+00
6.373120065358551578e+00
6.364460361393492249e+00
6.355770741726876949e+00
6.347058164426796267e+00
6.338329846355947872e+00
6.329593226944409068e+00
6.320855929882971402e+00
6.312125723112056441e+00
6.303410477514394650e+00
6.294215094816395961e+00
6.285067103755485718e+00
6.275973492088387395e+00
6.266252597044299932e+00
6.256516096603683685e+00
6.246767818375356107e+00
6.237011864786984106e+00
6.227252592902988049e+00
6.217494602216811828e+00
6.207742720572911210e+00
6.198001988243578175e+00
6.197096091700070808e+00
6.187296774014236611e+00
6.177519197090600045e+00
6.167769313617893268e+00
6.158053189887096046e+00
6.148376981799434482e+00
6.147822019798351079e+00
6.138121978141494850e+00
6.128475581280767415e+00
6.118889374115988211e+00
6.109369860821793452e+00
6.099924015595461491e+00
6.090052230178521597e+00
6.080281994737001483e+00
6.070618826376992239e+00
6.060378621178293734e+00
6.050170068026017312e+00
6.039994943256421500e+00
6.029855207946885010e+00
6.019753024306957023e+00
6.009690761049315988e+00
5.998902705865803320e+00
5.988962289586156729e+00
5.979070743413606337e+00
5.969230840257028881e+00
5.959445617993731403e+00
5.949718365122242503e+00
5.948056091399888778e+00
5.947755662475069371e+00
5.947475558582174138e+00
5.937614707662568492e+00
5.927824059255947908e+00
5.918108013452773264e+00
5.908471094001125579e+00
5.898917921041668677e+00
5.888963428836483160e+00
5.879115417216550732e+00
5.869378109023576151e+00
5.859086639723282808e+00
5.848827537633528806e+00
5.838601504139612430e+00
5.838083772913631897e+00
5.827790510888028130e+00
5.817531720024217812e+00
5.807309465186281550e+00
5.797126125973752764e+00
5.786984393341264798e+00
5.776887262483901608e+00
5.766838022333076630e+00
5.756840241730953878e+00
5.745840095078383669e+00
5.736037296522424000e+00
5.734952494915436461e+00
5.735081456720831028e+00
5.735228124568941155e+00
5.725271573416898185e+00
5.715384304947584759e+00
5.705571525758737828e+00
5.695838584507081137e+00
5.685687959654705637e+00
5.675641063053546098e+00
5.665703135680000280e+00
5.655186317365783033e+00
5.644697884319134218e+00
5.634239304782936664e+00
5.623812357605681989e+00
5.613419142540855056e+00
5.612000401988225917e+00
5.601640453827723576e+00
5.591312673588419102e+00
5.591447131322300201e+00
5.581053247359474057e+00
5.570699477584005521e+00
5.560390508517071950e+00
5.550131282577748237e+00
5.539926975610560689e+00
5.529782970329456759e+00
5.519704827090239796e+00
5.509698252300725407e+00
5.499769064824610254e+00
5.489923160774864641e+00
5.479667024439021539e+00
5.469517295243083943e+00
5.458727805058300575e+00
5.448152352378563990e+00
5.437607965942410360e+00
5.427095898282380482e+00
5.416617745776308723e+00
5.406175445676495883e+00
5.395771274717113819e+00
5.384435159856295172e+00
5.384982532655682164e+00
5.374623712966009492e+00
5.364307129472202895e+00
5.354036943025257678e+00
5.343817603913058711e+00
5.333653830645788574e+00
5.323550584726839396e+00
5.313513042649065987e+00
5.303546565337453167e+00
5.293656665322404642e+00
5.283848971984055787e+00
5.273640752990205627e+00
5.262815766324628441e+00
5.252851296434644546e+00
5.242326790568784922e+00
5.231827836135601650e+00
5.221355576353664318e+00
5.210911505704989288e+00
5.210623785751318238e+00
5.200166280030903643e+00
5.189734651956173117e+00
5.190743245617337465e+00
5.180215372602003931e+00
5.169719986705317183e+00
5.159261475605601888e+00
5.148844562415986204e+00
5.138474287646469740e+00
5.128155986146960110e+00
5.117895260248615408e+00
5.107697949302568929e+00
5.097570095899395248e+00
5.087517909130689908e+00
5.077071040831012461e+00
5.066010511037137398e+00
5.055792253356949040e+00
5.045022269746079147e+00
5.045360612159973890e+00
5.034622439392020254e+00
5.037195129503439617e+00
5.026431458161124688e+00
5.015683991996557900e+00
5.004955945900262826e+00
4.994250884125780665e+00
4.983572717766870497e+00
4.972925699190517079e+00
4.962314412957004706e+00
4.951743763016048128e+00
4.941218956054311384e+00
4.930745480958913518e+00
4.920329084452228940e+00
4.909975743043423435e+00
4.899691631529608848e+00
4.889483088361866514e+00
4.879356578267007194e+00
4.868161585430581084e+00
4.857785483969127682e+00
4.847516195540254813e+00
4.836712031295136605e+00
4.825929148641840527e+00
4.814221977657138218e+00
4.803562882890425989e+00
4.792925920145344243e+00
4.782313936351274997e+00
4.771730147330944583e+00
4.761178139554285593e+00
4.750661868218680084e+00
4.740185651168995484e+00
4.729754158376943352e+00
4.719372396804399017e+00
4.709045690584875210e+00
4.698779656569000984e+00
4.687861016494482058e+00
4.677769108459042258e+00
4.667756367122819938e+00
4.657342841883312268e+00
4.647024722321444479e+00
4.636177577008539608e+00
4.624445510632214429e+00
4.613690548675923431e+00
4.602943137530541406e+00
4.592205825926380491e+00
4.581481599960873119e+00
4.570773888696449738e+00
4.560086570040285281e+00
4.549423971563759217e+00
4.538790865817992071e+00
4.528192459816736459e+00
4.517634378483420754e+00
4.507122641992972412e+00
4.495951260290839357e+00
4.497816159415466863e+00
4.487423860820118016e+00
4.477090826273402158e+00
4.466364096304080711e+00
4.470054277547242272e+00
4.459256134112312253e+00
4.448541103686927123e+00
4.437271703952187174e+00
4.440956863289685863e+00
4.429558446823947726e+00
4.418158075637873772e+00
4.406759925787061327e+00
4.395368589195491893e+00
4.383989082694525585e+00
4.372626852660921770e+00
4.361287774332333278e+00
4.349978145296928389e+00
4.338704672771617865e+00
4.327474432889040656e+00
4.316294916954810823e+00
4.305173919094636759e+00
4.294119522913451448e+00
4.282462143316710268e+00
4.271603393970086593e+00
4.260358842819907288e+00
4.249212760963424707e+00
4.237249155056360905e+00
4.225738688721096814e+00
4.214238520909190377e+00
4.202752146702579239e+00
4.191283428554610779e+00
4.179836593810234646e+00
4.182985989203094057e+00
4.171429658743146085e+00
4.159902591300324914e+00
4.148410162550316471e+00
4.136958234003371260e+00
4.125553142693196840e+00
4.114201677590427764e+00
4.102911050876910437e+00
4.091688862110215652e+00
4.080543055456577584e+00
4.069481870364195508e+00
4.058044046996275078e+00
4.045764242522579046e+00
4.051877387063467673e+00
4.040517162677140561e+00
4.028611776138678380e+00
4.016713749828390689e+00
4.004827022935129932e+00
3.992955887738796061e+00
3.981105031790099780e+00
3.969279546850106311e+00
3.957484948978235550e+00
3.945727189693083670e+00
3.934012659559697145e+00
3.922348173236753333e+00
3.910740995058590741e+00
3.898501410916339616e+00
3.887074072036962313e+00
3.875727588490639697e+00
3.864470275286349121e+00
3.851941991448752489e+00
3.840502256221010935e+00
3.829165628563273138e+00
3.817282645220557047e+00
3.805405759524990827e+00
3.811490948555525726e+00
3.799576379431471640e+00
3.787676754758858344e+00
3.775796100318911552e+00
3.782361512498320977e+00
3.770260525738243107e+00
3.758183908015901853e+00
3.762626354870415746e+00
3.750571231783872417e+00
3.757536982084129118e+00
3.745289684768745797e+00
3.733062002455330042e+00
3.720863834170092144e+00
3.708705651790926261e+00
3.696598455027430674e+00
3.684553712708652728e+00
3.672583293011949745e+00
3.660226659294623541e+00
3.647957735709318694e+00
3.635791739689513857e+00
3.623069108223004875e+00
3.610351137599197902e+00
3.597643765421543183e+00
3.584953315541882013e+00
3.572286536277036184e+00
3.559650618668207755e+00
3.547053211979978027e+00
3.552453085729897264e+00
3.539910028952802712e+00
3.527399100346087391e+00
3.514930320473168113e+00
3.502514279534381547e+00
3.490162086489104531e+00
3.499452803787779231e+00
3.486925524354269168e+00
3.474479561583472709e+00
3.461674173278670885e+00
3.448960507056405334e+00
3.436354883789712211e+00
3.423225169460621053e+00
3.410104462348389376e+00
3.396998745830470234e+00
3.407312340588013466e+00
3.394228231090385517e+00
3.381175134124782655e+00
3.390327677754291003e+00
3.377536544646951633e+00
3.364769099567578969e+00
3.352034027295809793e+00
3.339340374914478105e+00
3.326697538696834933e+00
3.314115244927862580e+00
3.301603524807069423e+00
3.289172681759222172e+00
3.276833251624342136e+00
3.287683255903853574e+00
3.275122647855605695e+00
3.262668492748038052e+00
3.250332789003429923e+00
3.237652946911771856e+00
3.225100703028250582e+00
3.212082230384646575e+00
3.199089881234114419e+00
3.186127232289829525e+00
3.173198122662032272e+00
3.160306722063368490e+00
3.147457601504685787e+00
3.156346504671912356e+00
3.143472168349675133e+00
3.130623728746861900e+00
3.117808812622816728e+00
3.105035790968721177e+00
3.092313789777203059e+00
3.079652686800088635e+00
3.090436307160969065e+00
3.077643283609983627e+00
3.090612644464203029e+00
3.103659257352672007e+00
3.116766618325843563e+00
3.103177530195002642e+00
3.116568399208293538e+00
3.102764830851707956e+00
3.116421064275400443e+00
3.102411222843903360e+00
3.088466248118900470e+00
3.074602840078003219e+00
3.060338828554939994e+00
3.046169285856392683e+00
3.061386545386745706e+00
3.047031253722092714e+00
3.032117192380503035e+00
3.048217983919147223e+00
3.033008130924901291e+00
3.017788034736913261e+00
3.002569805388988211e+00
3.022358552342260474e+00
3.007103109903355165e+00
2.991879688505603596e+00
2.976702960477106252e+00
2.961588138055962549e+00
2.946550892042048897e+00
2.931607264119371781e+00
2.916773570225755119e+00
2.902066297602116762e+00
2.916795779864495231e+00
2.902043696919351934e+00
2.887408865206823716e+00
2.872910996319833377e+00
2.858569656215421695e+00
2.843931378668226539e+00
2.829461489087279347e+00
2.814550802765908522e+00
2.799703183598160283e+00
2.784926101203607729e+00
2.770226948375734910e+00
2.755613114971507738e+00
2.741092077093131962e+00
2.726671487904502200e+00
2.711666617331036200e+00
2.697533323287389706e+00
2.682597012443217022e+00
2.668836449449898840e+00
2.655202459345509247e+00
2.641706484536367139e+00
2.627898513334571362e+00
2.641976571523566353e+00
2.628375204191666814e+00
2.614863151195819579e+00
2.600837291881957558e+00
2.586787028883577477e+00
2.572718093052205557e+00
2.558637132169862660e+00
2.544551789218566729e+00
2.530470784021670916e+00
2.516403977513776091e+00
2.502362415858840450e+00
2.488358351257590417e+00
2.474405236166473898e+00
2.494258050595344223e+00
2.480050634013521993e+00
2.465900714247676095e+00
2.451824502783479076e+00
2.437392755285255674e+00
2.423034483138181372e+00
2.408773708545922432e+00
2.393972511843056150e+00
2.379148311303318053e+00
2.364309594154562877e+00
2.349466038596581541e+00
2.334628538270600462e+00
2.318955796355643528e+00
2.304281430862566538e+00
2.289639746375420337e+00
2.275047816082752750e+00
2.260523716453122667e+00
2.246086456664075026e+00
2.268089900719624907e+00
2.253727834015610387e+00
2.239416138609628959e+00
2.224716779578479464e+00
2.210076306627162257e+00
2.194907829208067707e+00
2.179684730478161026e+00
2.164417974406743550e+00
2.149119576056880199e+00
2.180371253354559169e+00
2.165362364246209204e+00
2.195066871441124334e+00
2.179779710250028479e+00
2.164355488737346178e+00
2.148826428337639260e+00
2.181907886042060429e+00
2.166429054113564234e+00
2.150844471026881699e+00
2.135189673279719091e+00
2.119498777260957034e+00
2.103804653965898552e+00
2.088139066956138379e+00
2.072532777484779487e+00
2.057015618631817588e+00
2.084255855465281027e+00
2.068800902006182163e+00
2.053395306651599750e+00
2.038068040932910829e+00
2.022397938234532955e+00
2.006817210780465377e+00
1.990746900071438619e+00
1.974650200074083095e+00
1.958538974205004113e+00
1.942425740438792570e+00
1.926323805232880604e+00
1.910247414839466140e+00
1.894211900377237079e+00
1.878233807287688073e+00
1.862330998922287817e+00
1.846522722805671979e+00
1.830829632768208537e+00
1.814828097352089609e+00
1.798932339646816203e+00
1.782560740538259081e+00
1.766157180229109613e+00
1.748349953374684462e+00
1.732089333514589935e+00
1.715795066638109212e+00
1.699480351191861471e+00
1.683160868749002281e+00
1.666854902233287472e+00
1.650583388279867947e+00
1.705809633072294940e+00
1.690510715604033543e+00
1.675233842377159776e+00
1.720284197479421628e+00
1.704671125698598688e+00
1.689046918255004082e+00
1.673438962605960922e+00
1.657875154013411345e+00
1.642383606603433632e+00
1.626992388770317044e+00
1.611729280124826635e+00
1.596621556415605880e+00
1.581259855369340439e+00
1.617263056244570452e+00
1.603512461164110059e+00
1.589119396714869126e+00
1.574550554452473827e+00
1.559277216813812483e+00
1.543774449272130145e+00
1.528081266941123895e+00
1.512232577071974005e+00
1.562203445801451096e+00
1.546502769547378531e+00
1.530582946612297102e+00
1.514479240361534362e+00
1.498225298569582531e+00
1.481853898991414731e+00
1.465397639744088210e+00
1.448889551587518421e+00
1.432363613625755150e+00
1.495680643705706636e+00
1.480432781312234658e+00
1.465115762942264865e+00
1.449767394141941557e+00
1.434424958468829336e+00
1.419124841423940131e+00
1.403902239070440539e+00
1.388790953630546943e+00
1.446611681339624811e+00
1.433404853586510930e+00
1.419993702214160436e+00
1.467476934041075820e+00
1.454103924610768317e+00
1.440416971574034921e+00
1.426501858390706534e+00
1.412436809453229136e+00
1.398292751347281371e+00
1.384133555877747446e+00
1.369641329088874704e+00
1.355175940846911287e+00
1.340245028684793338e+00
1.325230613114375844e+00
1.310139375634415959e+00
1.294974721861629208e+00
1.279738188172341085e+00
1.264430911836771587e+00
1.248319326140648444e+00
1.232978442601535107e+00
1.216990583855749319e+00
1.201603188713022519e+00
1.185747119728910004e+00
1.169788803313262404e+00
1.153153921565291951e+00
1.136256184376241540e+00
1.200018988587411073e+00
1.184597811536224787e+00
1.167998172001787571e+00
1.150953009589681164e+00
1.133498989862572470e+00
1.115673336085275524e+00
1.097525028920613543e+00
1.079103838434675611e+00
1.060465256547326485e+00
1.041668577439403665e+00
1.022774111370898353e+00
1.003435355487790837e+00
9.840632337491487247e-01
9.640776431564807014e-01
1.059414387494632237e+00
1.043340275911519788e+00
1.113265368401084032e+00
1.096843826284906953e+00
1.163059724101361603e+00
1.147369840179993661e+00
1.207408729455256013e+00
1.264574849852257765e+00
1.296550351337950824e+00
1.288005568376971999e+00
1.278616120640360343e+00
1.268425586392256221e+00
1.257477846427666579e+00
1.245819318276453869e+00
1.233500683759254146e+00
1.220578153695075940e+00
1.207114281060383210e+00
1.193178321154119814e+00
1.178414651107763111e+00
1.162676440641549958e+00
1.146392541233876905e+00
1.129620290445496389e+00
1.112419298921302868e+00
1.094854775382414491e+00
1.158986426115488744e+00
1.143768985570547292e+00
1.127713205487746118e+00
1.110927279294389169e+00
1.093520874973722856e+00
1.075603791322286229e+00
1.147890185572399968e+00
1.132016219260446599e+00
1.115336055415061534e+00
1.097974806789462132e+00
1.080058057532209626e+00
1.061709486302187422e+00
1.043048144841146385e+00
1.024185873300355709e+00
1.005225275220283265e+00
9.858104226638488843e-01
9.658249591193482919e-01
9.452453976877435160e-01
9.245753856173691831e-01
1.034170380876846540e+00
1.017978125661623601e+00
1.001866150085032103e+00
9.859306602732794689e-01
9.702494617223768048e-01
9.548829598233963267e-01
9.395009763249557722e-01
9.242677769647477115e-01
9.087934969989764911e-01
8.928956559816082494e-01
8.763374525673041093e-01
8.606299080438152282e-01
8.444063986052305903e-01
8.287147616249345150e-01
8.129941621738918656e-01
7.972434889533136504e-01
7.814801992116587881e-01
7.653181594272699950e-01
7.485561271258266425e-01
7.308302681776467358e-01
7.124230432259640589e-01
6.935246107731233289e-01
6.735449986785084775e-01
6.538996614797971674e-01
6.334093203975100783e-01
6.131723969341401625e-01
5.927168774690080300e-01
5.716514005978803326e-01
5.497380059958151266e-01
5.272003128161548702e-01
5.042032285702865435e-01
4.809252096128343590e-01
4.564756063946546760e-01
4.323689365715583377e-01
4.072353404627034323e-01
3.818877439433877585e-01
3.560297598955985410e-01
4.099999928840613594e-01
4.090400245798203049e-01
4.072637590103752592e-01
4.048596187637905630e-01
4.013204085297504276e-01
3.968398921141600977e-01
4.099999939489830103e-01
4.090778253658212682e-01
4.073416432783926733e-01
4.049745464098492564e-01
4.014769753025551613e-01
3.970393033485913326e-01
3.915926097918137616e-01
4.099999938964217217e-01
4.090758436525110953e-01
4.073375609584606316e-01
4.049685223690941416e-01
4.014687687343836409e-01
3.970288499626480894e-01
4.099999939515612812e-01
4.090779230816486978e-01
4.073418446225024470e-01
4.099999940977194224e-01
4.090835115892397233e-01
4.073533608313028020e-01
4.049918389424906340e-01
4.015005358990365592e-01
3.970693152085158495e-01
3.916292939558280173e-01
3.851680664930107190e-01
3.774629533164137185e-01
3.684757667645243706e-01
3.581260173178058559e-01
4.099999936192083583e-01
4.090655983846437360e-01
4.073164494758299559e-01
4.049373674476279827e-01
4.099999940507023100e-01
4.090817038068174094e-01
4.073496358875025591e-01
4.049863418531875481e-01
4.014930460992632844e-01
3.970597739862136710e-01
3.916176309052806781e-01
3.851545642423200300e-01
3.774472226965851496e-01
3.684577488610227824e-01
3.581039620251405542e-01
3.459423928991328667e-01
3.321075048699832499e-01
3.165571620971849298e-01
2.993185618938736803e-01
2.805153363239169528e-01
2.603871757151556277e-01
2.392956941355556533e-01
2.176963257137562446e-01
1.960551381949592054e-01
1.750281324492407864e-01
1.550705417357305660e-01
0.000000000000000000e+00
0.000000000000000000e+00
0.000000000000000000e+00
0.000000000000000000e+00
0.000000000000000000e+00
0.000000000000000000e+00
0.000000000000000000e+00
0.000000000000000000e+00
0.000000000000000000e+00
0.000000000000000000e+00
0.000000000000000000e+00
0.000000000000000000e+00
0.000000000000000000e+00
0.000000000000000000e+00
0.000000000000000000e+00
0.000000000000000000e+00
0.000000000000000000e+00
0.000000000000000000e+00
0.000000000000000000e+00
0.000000000000000000e+00
0.000000000000000000e+00
0.000000000000000000e+00
0.000000000000000000e+00
0.000000000000000000e+00
0.000000000000000000e+00
0.000000000000000000e+00
0.000000000000000000e+00
0.000000000000000000e+00
0.000000000000000000e+00
0.000000000000000000e+00
0.000000000000000000e+00
0.000000000000000000e+00
0.000000000000000000e+00
0.000000000000000000e+00
0.000000000000000000e+00
0.000000000000000000e+00
0.000000000000000000e+00
0.000000000000000000e+00
0.000000000000000000e+00
0.000000000000000000e+00
0.000000000000000000e+00
0.000000000000000000e+00
0.000000000000000000e+00
0.000000000000000000e+00
0.000000000000000000e+00
0.000000000000000000e+00
0.000000000000000000e+00
0.000000000000000000e+00
0.000000000000000000e+00
0.000000000000000000e+00
0.000000000000000000e+00
0.000000000000000000e+00
0.000000000000000000e+00
0.000000000000000000e+00
0.000000000000000000e+00
0.000000000000000000e+00
0.000000000000000000e+00
0.000000000000000000e+00
0.000000000000000000e+00
0.000000000000000000e+00
0.000000000000000000e+00
0.000000000000000000e+00
0.000000000000000000e+00
0.000000000000000000e+00
0.000000000000000000e+00
0.000000000000000000e+00
0.000000000000000000e+00
0.000000000000000000e+00
0.000000000000000000e+00
0.000000000000000000e+00
0.000000000000000000e+00
0.000000000000000000e+00
0.000000000000000000e+00
0.000000000000000000e+00
0.000000000000000000e+00
0.000000000000000000e+00
0.000000000000000000e+00
0.000000000000000000e+00
0.000000000000000000e+00
0.000000000000000000e+00
0.000000000000000000e+00
0.000000000000000000e+00
0.000000000000000000e+00
0.000000000000000000e+00
0.000000000000000000e+00
0.000000000000000000e+00
0.000000000000000000e+00
0.000000000000000000e+00
0.000000000000000000e+00
0.000000000000000000e+00
0.000000000000000000e+00
0.000000000000000000e+00
0.000000000000000000e+00
0.000000000000000000e+00
0.000000000000000000e+00
0.000000000000000000e+00
0.000000000000000000e+00
0.000000000000000000e+00
0.000000000000000000e+00
0.000000000000000000e+00
0.000000000000000000e+00
0.000000000000000000e+00
0.000000000000000000e+00
0.000000000000000000e+00
0.000000000000000000e+00
0.000000000000000000e+00
0.000000000000000000e+00
0.000000000000000000e+00
0.000000000000000000e+00
0.000000000000000000e+00
0.000000000000000000e+00
0.000000000000000000e+00
0.000000000000000000e+00
0.000000000000000000e+00
0.000000000000000000e+00
0.000000000000000000e+00
0.000000000000000000e+00
0.000000000000000000e+00
0.000000000000000000e+00
0.000000000000000000e+00
0.000000000000000000e+00
0.000000000000000000e+00
0.000000000000000000e+00
0.000000000000000000e+00
0.000000000000000000e+00
0.000000000000000000e+00
0.000000000000000000e+00
0.000000000000000000e+00
0.000000000000000000e+00
0.000000000000000000e+00
0.000000000000000000e+00
0.000000000000000000e+00
0.000000000000000000e+00
0.000000000000000000e+00
0.000000000000000000e+00
0.000000000000000000e+00
0.000000000000000000e+00
0.000000000000000000e+00
0.000000000000000000e+00
0.000000000000000000e+00
0.000000000000000000e+00
0.000000000000000000e+00
0.000000000000000000e+00
0.000000000000000000e+00
0.000000000000000000e+00
0.000000000000000000e+00
0.000000000000000000e+00
0.000000000000000000e+00
0.000000000000000000e+00
0.000000000000000000e+00
0.000000000000000000e+00
0.000000000000000000e+00
0.000000000000000000e+00
0.000000000000000000e+00
0.000000000000000000e+00
0.000000000000000000e+00
0.000000000000000000e+00
0.000000000000000000e+00
0.000000000000000000e+00
0.000000000000000000e+00
0.000000000000000000e+00
0.000000000000000000e+00
0.000000000000000000e+00
0.000000000000000000e+00
0.000000000000000000e+00
0.000000000000000000e+00
0.000000000000000000e+00
0.000000000000000000e+00
0.000000000000000000e+00
0.000000000000000000e+00
0.000000000000000000e+00
0.000000000000000000e+00
0.000000000000000000e+00
0.000000000000000000e+00
0.000000000000000000e+00
0.000000000000000000e+00
0.000000000000000000e+00
0.000000000000000000e+00
0.000000000000000000e+00
0.000000000000000000e+00
0.000000000000000000e+00
0.000000000000000000e+00
0.000000000000000000e+00
0.000000000000000000e+00
0.000000000000000000e+00
0.000000000000000000e+00
0.000000000000000000e+00
0.000000000000000000e+00
0.000000000000000000e+00
0.000000000000000000e+00
0.000000000000000000e+00
0.000000000000000000e+00
0.000000000000000000e+00
0.000000000000000000e+00
0.000000000000000000e+00
0.000000000000000000e+00
0.000000000000000000e+00
0.000000000000000000e+00
0.000000000000000000e+00
0.000000000000000000e+00
0.000000000000000000e+00
0.000000000000000000e+00
0.000000000000000000e+00
0.000000000000000000e+00
0.000000000000000000e+00
0.000000000000000000e+00
0.000000000000000000e+00
0.000000000000000000e+00
0.000000000000000000e+00
0.000000000000000000e+00
0.000000000000000000e+00
0.000000000000000000e+00
0.000000000000000000e+00
0.000000000000000000e+00
0.000000000000000000e+00
0.000000000000000000e+00
0.000000000000000000e+00
0.000000000000000000e+00
0.000000000000000000e+00
0.000000000000000000e+00
0.000000000000000000e+00
0.000000000000000000e+00
0.000000000000000000e+00
0.000000000000000000e+00
0.000000000000000000e+00
0.000000000000000000e+00
0.000000000000000000e+00
0.000000000000000000e+00
0.000000000000000000e+00
0.000000000000000000e+00
0.000000000000000000e+00
0.000000000000000000e+00
0.000000000000000000e+00
0.000000000000000000e+00
0.000000000000000000e+00
0.000000000000000000e+00
0.000000000000000000e+00
0.000000000000000000e+00
0.000000000000000000e+00
0.000000000000000000e+00
0.000000000000000000e+00
0.000000000000000000e+00
0.000000000000000000e+00
0.000000000000000000e+00
0.000000000000000000e+00
0.000000000000000000e+00
0.000000000000000000e+00
0.000000000000000000e+00
0.000000000000000000e+00
0.000000000000000000e+00
0.000000000000000000e+00
0.000000000000000000e+00
0.000000000000000000e+00
0.000000000000000000e+00
0.000000000000000000e+00
0.000000000000000000e+00
0.000000000000000000e+00
0.000000000000000000e+00
0.000000000000000000e+00
0.000000000000000000e+00
0.000000000000000000e+00
0.000000000000000000e+00
0.000000000000000000e+00
0.000000000000000000e+00
0.000000000000000000e+00
0.000000000000000000e+00
0.000000000000000000e+00
0.000000000000000000e+00
0.000000000000000000e+00
0.000000000000000000e+00
0.000000000000000000e+00
0.000000000000000000e+00
0.000000000000000000e+00
0.000000000000000000e+00
0.000000000000000000e+00
0.000000000000000000e+00
0.000000000000000000e+00
0.000000000000000000e+00
0.000000000000000000e+00
0.000000000000000000e+00
0.000000000000000000e+00
0.000000000000000000e+00
0.000000000000000000e+00
0.000000000000000000e+00
0.000000000000000000e+00
0.000000000000000000e+00
0.000000000000000000e+00
0.000000000000000000e+00
0.000000000000000000e+00
0.000000000000000000e+00
0.000000000000000000e+00
0.000000000000000000e+00
0.000000000000000000e+00
0.000000000000000000e+00
0.000000000000000000e+00
0.000000000000000000e+00
0.000000000000000000e+00
0.000000000000000000e+00
0.000000000000000000e+00
0.000000000000000000e+00
0.000000000000000000e+00
0.000000000000000000e+00
0.000000000000000000e+00
0.000000000000000000e+00
0.000000000000000000e+00
0.000000000000000000e+00
0.000000000000000000e+00
0.000000000000000000e+00
0.000000000000000000e+00
0.000000000000000000e+00
0.000000000000000000e+00
0.000000000000000000e+00
0.000000000000000000e+00
0.000000000000000000e+00
0.000000000000000000e+00
0.000000000000000000e+00
0.000000000000000000e+00
0.000000000000000000e+00
0.000000000000000000e+00
0.000000000000000000e+00
0.000000000000000000e+00
0.000000000000000000e+00
0.000000000000000000e+00
0.000000000000000000e+00
0.000000000000000000e+00
0.000000000000000000e+00
0.000000000000000000e+00
0.000000000000000000e+00
0.000000000000000000e+00
0.000000000000000000e+00
0.000000000000000000e+00
0.000000000000000000e+00
0.000000000000000000e+00
0.000000000000000000e+00
0.000000000000000000e+00
0.000000000000000000e+00
0.000000000000000000e+00
0.000000000000000000e+00
0.000000000000000000e+00
0.000000000000000000e+00
0.000000000000000000e+00
0.000000000000000000e+00
0.000000000000000000e+00
0.000000000000000000e+00
0.000000000000000000e+00
0.000000000000000000e+00
0.000000000000000000e+00
0.000000000000000000e+00
0.000000000000000000e+00
0.000000000000000000e+00
0.000000000000000000e+00
0.000000000000000000e+00
0.000000000000000000e+00
0.000000000000000000e+00
0.000000000000000000e+00
0.000000000000000000e+00
0.000000000000000000e+00
0.000000000000000000e+00
0.000000000000000000e+00
0.000000000000000000e+00
0.000000000000000000e+00
0.000000000000000000e+00
0.000000000000000000e+00
0.000000000000000000e+00
0.000000000000000000e+00
0.000000000000000000e+00
0.000000000000000000e+00
0.000000000000000000e+00
0.000000000000000000e+00
0.000000000000000000e+00
0.000000000000000000e+00
0.000000000000000000e+00
0.000000000000000000e+00
0.000000000000000000e+00
0.000000000000000000e+00
0.000000000000000000e+00
0.000000000000000000e+00
0.000000000000000000e+00
0.000000000000000000e+00
0.000000000000000000e+00
0.000000000000000000e+00
0.000000000000000000e+00
0.000000000000000000e+00
0.000000000000000000e+00
0.000000000000000000e+00
0.000000000000000000e+00
0.000000000000000000e+00
0.000000000000000000e+00
0.000000000000000000e+00
0.000000000000000000e+00
0.000000000000000000e+00
0.000000000000000000e+00
0.000000000000000000e+00
0.000000000000000000e+00
0.000000000000000000e+00
0.000000000000000000e+00
0.000000000000000000e+00
0.000000000000000000e+00
0.000000000000000000e+00
0.000000000000000000e+00
0.000000000000000000e+00
0.000000000000000000e+00
0.000000000000000000e+00
0.000000000000000000e+00
0.000000000000000000e+00
0.000000000000000000e+00
0.000000000000000000e+00
0.000000000000000000e+00
0.000000000000000000e+00
0.000000000000000000e+00
0.000000000000000000e+00
0.000000000000000000e+00
0.000000000000000000e+00
0.000000000000000000e+00
0.000000000000000000e+00
0.000000000000000000e+00
0.000000000000000000e+00
0.000000000000000000e+00
0.000000000000000000e+00
0.000000000000000000e+00
0.000000000000000000e+00
0.000000000000000000e+00
0.000000000000000000e+00
0.000000000000000000e+00
0.000000000000000000e+00
0.000000000000000000e+00
0.000000000000000000e+00
0.000000000000000000e+00
0.000000000000000000e+00
0.000000000000000000e+00
0.000000000000000000e+00
0.000000000000000000e+00
0.000000000000000000e+00
0.000000000000000000e+00
0.000000000000000000e+00
0.000000000000000000e+00
0.000000000000000000e+00
0.000000000000000000e+00
0.000000000000000000e+00
0.000000000000000000e+00
0.000000000000000000e+00
0.000000000000000000e+00
0.000000000000000000e+00
0.000000000000000000e+00
0.000000000000000000e+00
0.000000000000000000e+00
0.000000000000000000e+00
0.000000000000000000e+00
0.000000000000000000e+00
0.000000000000000000e+00
0.000000000000000000e+00
0.000000000000000000e+00
0.000000000000000000e+00
0.000000000000000000e+00
0.000000000000000000e+00
0.000000000000000000e+00
0.000000000000000000e+00
0.000000000000000000e+00
0.000000000000000000e+00
0.000000000000000000e+00
0.000000000000000000e+00
0.000000000000000000e+00
0.000000000000000000e+00
0.000000000000000000e+00
0.000000000000000000e+00
0.000000000000000000e+00
0.000000000000000000e+00
0.000000000000000000e+00
0.000000000000000000e+00
0.000000000000000000e+00
0.000000000000000000e+00
0.000000000000000000e+00
0.000000000000000000e+00
0.000000000000000000e+00
0.000000000000000000e+00
0.000000000000000000e+00
0.000000000000000000e+00
0.000000000000000000e+00
0.000000000000000000e+00
0.000000000000000000e+00
0.000000000000000000e+00
0.000000000000000000e+00
0.000000000000000000e+00
0.000000000000000000e+00
0.000000000000000000e+00
0.000000000000000000e+00
0.000000000000000000e+00
0.000000000000000000e+00
0.000000000000000000e+00
0.000000000000000000e+00
0.000000000000000000e+00
0.000000000000000000e+00
0.000000000000000000e+00
0.000000000000000000e+00
0.000000000000000000e+00
0.000000000000000000e+00
0.000000000000000000e+00
0.000000000000000000e+00
0.000000000000000000e+00
0.000000000000000000e+00
0.000000000000000000e+00
0.000000000000000000e+00
0.000000000000000000e+00
0.000000000000000000e+00
0.000000000000000000e+00
0.000000000000000000e+00
0.000000000000000000e+00
0.000000000000000000e+00
0.000000000000000000e+00
0.000000000000000000e+00
0.000000000000000000e+00
0.000000000000000000e+00
0.000000000000000000e+00
0.000000000000000000e+00
0.000000000000000000e+00
0.000000000000000000e+00
0.000000000000000000e+00
0.000000000000000000e+00
0.000000000000000000e+00
0.000000000000000000e+00
0.000000000000000000e+00
0.000000000000000000e+00
0.000000000000000000e+00
0.000000000000000000e+00
0.000000000000000000e+00
0.000000000000000000e+00
0.000000000000000000e+00
0.000000000000000000e+00
0.000000000000000000e+00
0.000000000000000000e+00
0.000000000000000000e+00
0.000000000000000000e+00
0.000000000000000000e+00
0.000000000000000000e+00
0.000000000000000000e+00
0.000000000000000000e+00
0.000000000000000000e+00
0.000000000000000000e+00
0.000000000000000000e+00
0.000000000000000000e+00
0.000000000000000000e+00
0.000000000000000000e+00
0.000000000000000000e+00
0.000000000000000000e+00
0.000000000000000000e+00
0.000000000000000000e+00
0.000000000000000000e+00
0.000000000000000000e+00
0.000000000000000000e+00
0.000000000000000000e+00
0.000000000000000000e+00
0.000000000000000000e+00
0.000000000000000000e+00
0.000000000000000000e+00
0.000000000000000000e+00
0.000000000000000000e+00
0.000000000000000000e+00
0.000000000000000000e+00
0.000000000000000000e+00
0.000000000000000000e+00
0.000000000000000000e+00
0.000000000000000000e+00
0.000000000000000000e+00
0.000000000000000000e+00
0.000000000000000000e+00
0.000000000000000000e+00
0.000000000000000000e+00
0.000000000000000000e+00
0.000000000000000000e+00
0.000000000000000000e+00
0.000000000000000000e+00
0.000000000000000000e+00
0.000000000000000000e+00
0.000000000000000000e+00
0.000000000000000000e+00
0.000000000000000000e+00
0.000000000000000000e+00
0.000000000000000000e+00
0.000000000000000000e+00
0.000000000000000000e+00
0.000000000000000000e+00
0.000000000000000000e+00
0.000000000000000000e+00
0.000000000000000000e+00
0.000000000000000000e+00
0.000000000000000000e+00
0.000000000000000000e+00
0.000000000000000000e+00
0.000000000000000000e+00
0.000000000000000000e+00
0.000000000000000000e+00
0.000000000000000000e+00
0.000000000000000000e+00
0.000000000000000000e+00
0.000000000000000000e+00
0.000000000000000000e+00
0.000000000000000000e+00
0.000000000000000000e+00
0.000000000000000000e+00
0.000000000000000000e+00
0.000000000000000000e+00
0.000000000000000000e+00
0.000000000000000000e+00
0.000000000000000000e+00
0.000000000000000000e+00
0.000000000000000000e+00
0.000000000000000000e+00
0.000000000000000000e+00
0.000000000000000000e+00
0.000000000000000000e+00
0.000000000000000000e+00
0.000000000000000000e+00
0.000000000000000000e+00
0.000000000000000000e+00
0.000000000000000000e+00
0.000000000000000000e+00
0.000000000000000000e+00
0.000000000000000000e+00
0.000000000000000000e+00
0.000000000000000000e+00
0.000000000000000000e+00
0.000000000000000000e+00
0.000000000000000000e+00
0.000000000000000000e+00
0.000000000000000000e+00
0.000000000000000000e+00
0.000000000000000000e+00
0.000000000000000000e+00
0.000000000000000000e+00
0.000000000000000000e+00
0.000000000000000000e+00
0.000000000000000000e+00
0.000000000000000000e+00
0.000000000000000000e+00
0.000000000000000000e+00
0.000000000000000000e+00
0.000000000000000000e+00
0.000000000000000000e+00
0.000000000000000000e+00
0.000000000000000000e+00
0.000000000000000000e+00
0.000000000000000000e+00
0.000000000000000000e+00
0.000000000000000000e+00
0.000000000000000000e+00
0.000000000000000000e+00
0.000000000000000000e+00
0.000000000000000000e+00
0.000000000000000000e+00
0.000000000000000000e+00
0.000000000000000000e+00
0.000000000000000000e+00
0.000000000000000000e+00
0.000000000000000000e+00
0.000000000000000000e+00
0.000000000000000000e+00
0.000000000000000000e+00
0.000000000000000000e+00
0.000000000000000000e+00
0.000000000000000000e+00
0.000000000000000000e+00
0.000000000000000000e+00
0.000000000000000000e+00
0.000000000000000000e+00
0.000000000000000000e+00
0.000000000000000000e+00
0.000000000000000000e+00
0.000000000000000000e+00
0.000000000000000000e+00
0.000000000000000000e+00
0.000000000000000000e+00
0.000000000000000000e+00
0.000000000000000000e+00
0.000000000000000000e+00
0.000000000000000000e+00
0.000000000000000000e+00
0.000000000000000000e+00
0.000000000000000000e+00
0.000000000000000000e+00
0.000000000000000000e+00
0.000000000000000000e+00
0.000000000000000000e+00
0.000000000000000000e+00
0.000000000000000000e+00
0.000000000000000000e+00
0.000000000000000000e+00
0.000000000000000000e+00
0.000000000000000000e+00
0.000000000000000000e+00
0.000000000000000000e+00
0.000000000000000000e+00
0.000000000000000000e+00
0.000000000000000000e+00
0.000000000000000000e+00
0.000000000000000000e+00
0.000000000000000000e+00
0.000000000000000000e+00
0.000000000000000000e+00
0.000000000000000000e+00
0.000000000000000000e+00
0.000000000000000000e+00
0.000000000000000000e+00
0.000000000000000000e+00
0.000000000000000000e+00
0.000000000000000000e+00
0.000000000000000000e+00
0.000000000000000000e+00
0.000000000000000000e+00
0.000000000000000000e+00
0.000000000000000000e+00
0.000000000000000000e+00
0.000000000000000000e+00
0.000000000000000000e+00
0.000000000000000000e+00
0.000000000000000000e+00
0.000000000000000000e+00
0.000000000000000000e+00
0.000000000000000000e+00
0.000000000000000000e+00
0.000000000000000000e+00
0.000000000000000000e+00
0.000000000000000000e+00
0.000000000000000000e+00
0.000000000000000000e+00
0.000000000000000000e+00
0.000000000000000000e+00
0.000000000000000000e+00
0.000000000000000000e+00
0.000000000000000000e+00
0.000000000000000000e+00
0.000000000000000000e+00
0.000000000000000000e+00
0.000000000000000000e+00
0.000000000000000000e+00
0.000000000000000000e+00
0.000000000000000000e+00
0.000000000000000000e+00
0.000000000000000000e+00
0.000000000000000000e+00
0.000000000000000000e+00
0.000000000000000000e+00
0.000000000000000000e+00
0.000000000000000000e+00
0.000000000000000000e+00
0.000000000000000000e+00
0.000000000000000000e+00
0.000000000000000000e+00
0.000000000000000000e+00
0.000000000000000000e+00
0.000000000000000000e+00
0.000000000000000000e+00
0.000000000000000000e+00
0.000000000000000000e+00
0.000000000000000000e+00
0.000000000000000000e+00
0.000000000000000000e+00
0.000000000000000000e+00
0.000000000000000000e+00
0.000000000000000000e+00
0.000000000000000000e+00
0.000000000000000000e+00
0.000000000000000000e+00
0.000000000000000000e+00
0.000000000000000000e+00
0.000000000000000000e+00
0.000000000000000000e+00
0.000000000000000000e+00
0.000000000000000000e+00
0.000000000000000000e+00
0.000000000000000000e+00
0.000000000000000000e+00
0.000000000000000000e+00
0.000000000000000000e+00
0.000000000000000000e+00
0.000000000000000000e+00
0.000000000000000000e+00
0.000000000000000000e+00
0.000000000000000000e+00
0.000000000000000000e+00
0.000000000000000000e+00
0.000000000000000000e+00
0.000000000000000000e+00
0.000000000000000000e+00
0.000000000000000000e+00
0.000000000000000000e+00
0.000000000000000000e+00
0.000000000000000000e+00
0.000000000000000000e+00
0.000000000000000000e+00
0.000000000000000000e+00
0.000000000000000000e+00
0.000000000000000000e+00
0.000000000000000000e+00
0.000000000000000000e+00
0.000000000000000000e+00
0.000000000000000000e+00
0.000000000000000000e+00
0.000000000000000000e+00
0.000000000000000000e+00
0.000000000000000000e+00
0.000000000000000000e+00
0.000000000000000000e+00
0.000000000000000000e+00
0.000000000000000000e+00
0.000000000000000000e+00
0.000000000000000000e+00
0.000000000000000000e+00
0.000000000000000000e+00
0.000000000000000000e+00
0.000000000000000000e+00
0.000000000000000000e+00
0.000000000000000000e+00
0.000000000000000000e+00
0.000000000000000000e+00
0.000000000000000000e+00
0.000000000000000000e+00
0.000000000000000000e+00
0.000000000000000000e+00
0.000000000000000000e+00
0.000000000000000000e+00
0.000000000000000000e+00
0.000000000000000000e+00
0.000000000000000000e+00
0.000000000000000000e+00
0.000000000000000000e+00
0.000000000000000000e+00
0.000000000000000000e+00
0.000000000000000000e+00
0.000000000000000000e+00
0.000000000000000000e+00
0.000000000000000000e+00
0.000000000000000000e+00
0.000000000000000000e+00
0.000000000000000000e+00
0.000000000000000000e+00
0.000000000000000000e+00
0.000000000000000000e+00
0.000000000000000000e+00
0.000000000000000000e+00
0.000000000000000000e+00
0.000000000000000000e+00
0.000000000000000000e+00
0.000000000000000000e+00
0.000000000000000000e+00
0.000000000000000000e+00
0.000000000000000000e+00
0.000000000000000000e+00
0.000000000000000000e+00
0.000000000000000000e+00
0.000000000000000000e+00
0.000000000000000000e+00
0.000000000000000000e+00
0.000000000000000000e+00
0.000000000000000000e+00
0.000000000000000000e+00
0.000000000000000000e+00
0.000000000000000000e+00
0.000000000000000000e+00
0.000000000000000000e+00
0.000000000000000000e+00
0.000000000000000000e+00
0.000000000000000000e+00
0.000000000000000000e+00
0.000000000000000000e+00
0.000000000000000000e+00
0.000000000000000000e+00
0.000000000000000000e+00
0.000000000000000000e+00
0.000000000000000000e+00
0.000000000000000000e+00
0.000000000000000000e+00
0.000000000000000000e+00
0.000000000000000000e+00
0.000000000000000000e+00
0.000000000000000000e+00
0.000000000000000000e+00
0.000000000000000000e+00
0.000000000000000000e+00
0.000000000000000000e+00
0.000000000000000000e+00
0.000000000000000000e+00
0.000000000000000000e+00
0.000000000000000000e+00
0.000000000000000000e+00
0.000000000000000000e+00
0.000000000000000000e+00
0.000000000000000000e+00
0.000000000000000000e+00
0.000000000000000000e+00
0.000000000000000000e+00
0.000000000000000000e+00
0.000000000000000000e+00
0.000000000000000000e+00
0.000000000000000000e+00
0.000000000000000000e+00
0.000000000000000000e+00
0.000000000000000000e+00
0.000000000000000000e+00
0.000000000000000000e+00
0.000000000000000000e+00
0.000000000000000000e+00
0.000000000000000000e+00
0.000000000000000000e+00
0.000000000000000000e+00
0.000000000000000000e+00
0.000000000000000000e+00
0.000000000000000000e+00
0.000000000000000000e+00
0.000000000000000000e+00
0.000000000000000000e+00
0.000000000000000000e+00
0.000000000000000000e+00
0.000000000000000000e+00
0.000000000000000000e+00
0.000000000000000000e+00
0.000000000000000000e+00
0.000000000000000000e+00
0.000000000000000000e+00
0.000000000000000000e+00
0.000000000000000000e+00
0.000000000000000000e+00
0.000000000000000000e+00
0.000000000000000000e+00
0.000000000000000000e+00
0.000000000000000000e+00
0.000000000000000000e+00
0.000000000000000000e+00
0.000000000000000000e+00
0.000000000000000000e+00
0.000000000000000000e+00
0.000000000000000000e+00
0.000000000000000000e+00
0.000000000000000000e+00
0.000000000000000000e+00
0.000000000000000000e+00
0.000000000000000000e+00
0.000000000000000000e+00
0.000000000000000000e+00
0.000000000000000000e+00
0.000000000000000000e+00
0.000000000000000000e+00
0.000000000000000000e+00
0.000000000000000000e+00
0.000000000000000000e+00
0.000000000000000000e+00
0.000000000000000000e+00
0.000000000000000000e+00
0.000000000000000000e+00
0.000000000000000000e+00
0.000000000000000000e+00
0.000000000000000000e+00
0.000000000000000000e+00
0.000000000000000000e+00
0.000000000000000000e+00
0.000000000000000000e+00
0.000000000000000000e+00
0.000000000000000000e+00
0.000000000000000000e+00
0.000000000000000000e+00
0.000000000000000000e+00
0.000000000000000000e+00
0.000000000000000000e+00
0.000000000000000000e+00
0.000000000000000000e+00
0.000000000000000000e+00
0.000000000000000000e+00
0.000000000000000000e+00
0.000000000000000000e+00
0.000000000000000000e+00
0.000000000000000000e+00
0.000000000000000000e+00
0.000000000000000000e+00
0.000000000000000000e+00
0.000000000000000000e+00
0.000000000000000000e+00
0.000000000000000000e+00
0.000000000000000000e+00
0.000000000000000000e+00
0.000000000000000000e+00
0.000000000000000000e+00
0.000000000000000000e+00
0.000000000000000000e+00
0.000000000000000000e+00
0.000000000000000000e+00
0.000000000000000000e+00
0.000000000000000000e+00
0.000000000000000000e+00
0.000000000000000000e+00
0.000000000000000000e+00
0.000000000000000000e+00
0.000000000000000000e+00
0.000000000000000000e+00
0.000000000000000000e+00
0.000000000000000000e+00
0.000000000000000000e+00
0.000000000000000000e+00
0.000000000000000000e+00
0.000000000000000000e+00
0.000000000000000000e+00
0.000000000000000000e+00
0.000000000000000000e+00
0.000000000000000000e+00
0.000000000000000000e+00
0.000000000000000000e+00
0.000000000000000000e+00
0.000000000000000000e+00
0.000000000000000000e+00
0.000000000000000000e+00
0.000000000000000000e+00
0.000000000000000000e+00
0.000000000000000000e+00
0.000000000000000000e+00
0.000000000000000000e+00
0.000000000000000000e+00
0.000000000000000000e+00
0.000000000000000000e+00
0.000000000000000000e+00
0.000000000000000000e+00
0.000000000000000000e+00
0.000000000000000000e+00
0.000000000000000000e+00
0.000000000000000000e+00
0.000000000000000000e+00
0.000000000000000000e+00
0.000000000000000000e+00
0.000000000000000000e+00
0.000000000000000000e+00
0.000000000000000000e+00
0.000000000000000000e+00
0.000000000000000000e+00
0.000000000000000000e+00
0.000000000000000000e+00
0.000000000000000000e+00
0.000000000000000000e+00
0.000000000000000000e+00
0.000000000000000000e+00
0.000000000000000000e+00
0.000000000000000000e+00
0.000000000000000000e+00
0.000000000000000000e+00
0.000000000000000000e+00
0.000000000000000000e+00
0.000000000000000000e+00
0.000000000000000000e+00
0.000000000000000000e+00
0.000000000000000000e+00
0.000000000000000000e+00
0.000000000000000000e+00
0.000000000000000000e+00
0.000000000000000000e+00
0.000000000000000000e+00
0.000000000000000000e+00
0.000000000000000000e+00
0.000000000000000000e+00
0.000000000000000000e+00
0.000000000000000000e+00
0.000000000000000000e+00
0.000000000000000000e+00
0.000000000000000000e+00
0.000000000000000000e+00
0.000000000000000000e+00
