1.334479061101671751e-04
2.586053726230976013e-04
3.767659675446473084e-04
4.984928117381698560e-04
6.146919150814868227e-04
7.257667764480586021e-04
8.514588408047988645e-04
9.743868566970052651e-04
1.094678376696670789e-03
1.212437239559396428e-03
1.327752971025105994e-03
1.440703209866812939e-03
1.551356216387577390e-03
1.659772362315929325e-03
1.766005882711952539e-03
1.870106174894547264e-03
1.972118742794834456e-03
2.072085958247768447e-03
2.170047878267011669e-03
2.266042594916842581e-03
1.927526738807234131e-04
1.900397517193882894e-04
3.119072047190440651e-04
1.902667095729255878e-04
3.121213630235279615e-04
4.274599627689730399e-04
5.476490795945390634e-04
6.622637332993606442e-04
7.717400908173525876e-04
8.969131827905015356e-04
1.019259599945825448e-03
1.138924857463549309e-03
1.256025942953498944e-03
1.370662124674245459e-03
1.482918506254387323e-03
1.592868644179183625e-03
1.700576974164835255e-03
1.921316502601258091e-04
3.138812887943701036e-04
1.902704894155369121e-04
3.121249297236001314e-04
4.274633459504081283e-04
5.476523609050128324e-04
6.622669095136057100e-04
7.717431608988782870e-04
8.969162186582223771e-04
1.019262597366700756e-03
1.138927813356186087e-03
1.256028855145230197e-03
1.916186051866273273e-04
3.133970975259809245e-04
4.286701453798855664e-04
5.488228095733829661e-04
6.633998612740088811e-04
7.728382490142059321e-04
8.979990988101318626e-04
1.020331755081960255e-03
1.139982102483019354e-03
1.257067517322279582e-03
1.371687539015138853e-03
1.483927284994200450e-03
1.593860671333562204e-03
1.701552124571137749e-03
1.807059393195745026e-03
1.910434197754309806e-03
2.011723931945263132e-03
2.110972512699371695e-03
2.208221098390310451e-03
2.303508831412978946e-03
2.396873139629189173e-03
2.488350049438264964e-03
2.577974643509740090e-03
2.665781160296302587e-03
2.751803062732100479e-03
2.836073240514744558e-03
2.918624481023522968e-03
2.999488575949174445e-03
3.078697153937064515e-03
3.156281363846920405e-03
3.232272060932407133e-03
3.306699613122858657e-03
3.379594094600371027e-03
3.450985201104863394e-03
3.520902304226410356e-03
3.589374324869767149e-03
3.656429791684647629e-03
3.722097085120187540e-03
3.786403813634435251e-03
3.849377312427201912e-03
3.911044516762534479e-03
3.987722434286478275e-03
1.946279039561741610e-04
3.162375007583158098e-04
4.313649053919211564e-04
5.514362896277402856e-04
6.659295378425011134e-04
1.908522197039090997e-04
3.126738647324505413e-04
4.279840461163216046e-04
5.481573800032569057e-04
6.627557519234477746e-04
7.722156676265738489e-04
8.973834589499977673e-04
1.911740235978398378e-04
3.129775447083756089e-04
4.282721145070942856e-04
5.484367710097158349e-04
6.630261920591042340e-04
7.724770694182029945e-04
8.976419465640086189e-04
1.019979127635507483e-03
1.139634369669148420e-03
1.256724926176460908e-03
1.371350260340041755e-03
1.483595551320699910e-03
1.593534447133533073e-03
1.701231450326932092e-03
1.806744284900187311e-03
1.910124651832700252e-03
2.011419929522039168e-03
2.110674022650971260e-03
2.207928080620132159e-03
1.926918453761871188e-04
3.144100061380809765e-04
4.296310547833093792e-04
5.497547540645357023e-04
1.906682701582288614e-04
3.125002878802506773e-04
4.278193951988577609e-04
5.479976881198213691e-04
6.626011756207688709e-04
7.720662570606224261e-04
8.972357138352612168e-04
1.019578046137989196e-03
1.139238843314187895e-03
1.256335286951356040e-03
1.370966668273328973e-03
1.483218141809596741e-03
1.593163304597889100e-03
1.920103048332478634e-04
3.137667660141827395e-04
4.290208284583338989e-04
5.491629241855842470e-04
6.637290761274120465e-04
7.731564587586193041e-04
8.983137594656662216e-04
1.020642428564807764e-03
1.140288469206443599e-03
1.257369353647434405e-03
1.371984683712890911e-03
1.484219638527689436e-03
1.594148169581952740e-03
1.701834731059274908e-03
1.807337093962574923e-03
1.910706996054510436e-03
2.011991844495967380e-03
2.111235566990242018e-03
2.208479329815220878e-03
2.303762282347635287e-03
2.397121857816235033e-03
2.488594086920212136e-03
2.578214056331263552e-03
2.666016006965153066e-03
2.752033303102638991e-03
2.836299124484889002e-03
2.918845994176111000e-03
2.999705779312858683e-03
3.078910111677064104e-03
3.156490143386377067e-03
3.232476729548534183e-03
3.306900238623820126e-03
3.379790744833966343e-03
1.939697561982280582e-04
3.156162174802422653e-04
4.307754323845258563e-04
5.508646106384987263e-04
6.653762003234153745e-04
7.747485025101581756e-04
8.998879562987620057e-04
1.022196663878620869e-03
1.141821157302021130e-03
1.258879370063852466e-03
1.373471178318287893e-03
1.485682300163947622e-03
1.595586536236629285e-03
1.703248619356321309e-03
1.808726434646700659e-03
1.912071805933577683e-03
2.013332207680193411e-03
2.112551621079716141e-03
2.209771252658181834e-03
2.305030286314548472e-03
2.398366182099421779e-03
2.489814992445137272e-03
1.929985496007657203e-04
3.146994863082101627e-04
4.299056865840234247e-04
1.904806143787668069e-04
3.123232080953231298e-04
4.276514235039700408e-04
5.478347749721720200e-04
6.624434808937414675e-04
7.719138320384339672e-04
8.970849877076206942e-04
1.911735862586328610e-04
3.129771319934644257e-04
4.282717230048699287e-04
5.484363913017243318e-04
1.906659875484215832e-04
3.124981338471329506e-04
1.902678438979949816e-04
3.121224333846747364e-04
4.274609780563615440e-04
5.476500643106504496e-04
6.622646864762851866e-04
7.717410121440336588e-04
8.969140938496863351e-04
1.911733357207144872e-04
3.129768955620428929e-04
4.282714987255367050e-04
5.484361737789358133e-04
6.630256139631196316e-04
1.908473417941095192e-04
3.126692617653156520e-04
4.279796799211618426e-04
5.481531452091659888e-04
6.627516527090142762e-04
7.722117053422341334e-04
8.973795407912774427e-04
1.019720051309510244e-03
1.913298115915053289e-04
3.131245621175449676e-04
4.284116125799326499e-04
5.485720665753003860e-04
6.631571528274155924e-04
7.726036531409917734e-04
8.977671189547775047e-04
1.020102714320886023e-03
1.139756236522672774e-03
1.914784707282313225e-04
3.132648485483578282e-04
4.285446905848912962e-04
5.487011350327138147e-04
6.632820856900568940e-04
7.727244102027607800e-04
8.978865295016252466e-04
1.020220612036679434e-03
1.913305142551012571e-04
3.131252252290374414e-04
4.284122416159651678e-04
5.485726766589984647e-04
6.631577433629048078e-04
7.726042239381877407e-04
8.977676833872090707e-04
1.911745861443666142e-04
1.900365049943587837e-04
3.119041411318436798e-04
1.902667036862437666e-04
3.121213574687941509e-04
4.274599575000490167e-04
5.476490744842662899e-04
6.622637283527626085e-04
7.717400860360434500e-04
8.969131780624744294e-04
1.019259595277675467e-03
1.138924852860074373e-03
1.256025938418080029e-03
1.370662120209212081e-03
1.482918501861312010e-03
1.592868639859051482e-03
1.700576969918194022e-03
1.806101163888606306e-03
1.909492882863657662e-03
2.010799474051507430e-03
2.110064711629609010e-03
2.207329939250288284e-03
2.302634168603962406e-03
2.396014808503304366e-03
2.487507789084648663e-03
2.577148344841709900e-03
1.930932277161775956e-04
3.147888499245699956e-04
4.299904675475267851e-04
5.501033279606058583e-04
6.646393329659402646e-04
7.740362804322304703e-04
8.991836861812096309e-04
1.021501324521801755e-03
1.141135462451164971e-03
1.258203819421978460e-03
1.372806194523147876e-03
1.485028039804608393e-03
1.594943144385087361e-03
1.920124983529845344e-04
3.137688361947078993e-04
1.902702748373774990e-04
3.121247272453016265e-04
4.274631538902684178e-04
5.476521746280050163e-04
6.622667292028221533e-04
7.717429866131557143e-04
8.969160463147893411e-04
1.019262427205861561e-03
1.138927645552867971e-03
1.256028689822778288e-03
1.370664828915711198e-03
1.482921166912871003e-03
1.592871260659351352e-03
1.700579546134031684e-03
1.806103695391979552e-03
1.909495369683514906e-03
2.010801916339513811e-03
2.110067109640612320e-03
1.925847483387557746e-04
3.143089247971683287e-04
4.295351595695886485e-04
5.496617502875538819e-04
1.906681133112752505e-04
1.900354598613171768e-04
1.900341517999597587e-04
3.119019206746343029e-04
4.272518131967411930e-04
5.474471970597153932e-04
6.620683164119384569e-04
7.715512034708917055e-04
8.967264002679733136e-04
1.019075182725284268e-03
1.138742995153452578e-03
1.255846769249428828e-03
1.370485731427474639e-03
1.482744955778712284e-03
1.592697975317871727e-03
1.700409208624005606e-03
1.805936314183289584e-03
1.909330942868605338e-03
2.010640433896106714e-03
2.109908554721633828e-03
1.925845632990671520e-04
3.143087501517582700e-04
4.295349938848612090e-04
5.496615895987829988e-04
6.642117573280505866e-04
7.736230023538552590e-04
8.987750202853684233e-04
1.021097844331596066e-03
1.140737571300434435e-03
1.257811813860415864e-03
1.372420275323565442e-03
1.484648206644125293e-03
1.918863632901215087e-04
3.136497938347177872e-04
4.289098627994245125e-04
5.490553028921796612e-04
6.636249039555776287e-04
7.730557689934095629e-04
8.982141927897987089e-04
1.020544123585445878e-03
1.140191527035953325e-03
1.257273845324778866e-03
1.371890657984245173e-03
1.484127128822057204e-03
1.918857107407790123e-04
3.136491779836358506e-04
4.289092785738438931e-04
5.490547362747112215e-04
6.636243554977140852e-04
7.730552388703519151e-04
8.982136685798735665e-04
1.020543606018373562e-03
1.140191016644062898e-03
1.257273342482027488e-03
1.371890162947290819e-03
1.484126641766883884e-03
1.594056717318994947e-03
1.701744834888831506e-03
1.807248758319172878e-03
1.910620219897529899e-03
2.011906622503273259e-03
2.111151890414108244e-03
2.208397187393190773e-03
2.303681660597255414e-03
2.397042741548210693e-03
2.488516459577828129e-03
2.578137900085123498e-03
2.665941303202194919e-03
2.751960032347825283e-03
2.836227181549315270e-03
2.918775444633555857e-03
2.999636601834248205e-03
1.935529612567684851e-04
3.152227896689166128e-04
4.304021619978027897e-04
5.505026035570660019e-04
1.906695295152582197e-04
3.125014762703004012e-04
4.278205224711921582e-04
5.479987814418848949e-04
1.906652473956660918e-04
3.124974354017866869e-04
4.278166894501796440e-04
5.479950638276196362e-04
6.625986353678015852e-04
7.720638016786100224e-04
8.972332858087072064e-04
1.019575648854096532e-03
1.139236479223048682e-03
1.256332957807607077e-03
1.370964375271291162e-03
1.483215885759964691e-03
1.593161086005952199e-03
1.700864441092823139e-03
1.806383645779810650e-03
1.909770378681911870e-03
2.011072000708433779e-03
2.110332297488874600e-03
2.207592619733370499e-03
2.302891986741548765e-03
2.396267812788426509e-03
2.487756032333382755e-03
1.929962391294201432e-04
3.146973055487969971e-04
4.299036176305404415e-04
5.500190974544033867e-04
1.906687156776259789e-04
3.125007082938225256e-04
4.278197939909621889e-04
5.479980749014378696e-04
6.626015500125544567e-04
7.720666189409761257e-04
8.972360716819611885e-04
1.019578399452234461e-03
1.139239191735189798e-03
1.256335630220751370e-03
1.916190091032534120e-04
3.133974787166980995e-04
1.902695655982187498e-04
3.121240579995124146e-04
4.274625190793484956e-04
5.476515589318965531e-04
6.622661332266988835e-04
7.717424105514975952e-04
8.969154766729243045e-04
1.019261864778065385e-03
1.138927090917323881e-03
1.256028143387152808e-03
1.370664290960057433e-03
1.917539299478984369e-04
3.135248092503278568e-04
4.287912971257477066e-04
5.489403104147905915e-04
6.635135966818580177e-04
7.729481825406111801e-04
8.981078062825637032e-04
1.020439085139237612e-03
1.140087944702421674e-03
1.257171794128372506e-03
1.371790190921351330e-03
1.484028281613807010e-03
1.593959990717216208e-03
1.701649754103228603e-03
1.807155328041580187e-03
1.910528439028982752e-03
2.011816485416440155e-03
2.111063387858107005e-03
2.208310307458357605e-03
2.303596389025385893e-03
2.396959062275764128e-03
2.488434355094845760e-03
2.578057351535337216e-03
2.665862290900764594e-03
2.751882535697686063e-03
2.836151179891228946e-03
2.918700875114811112e-03
2.999563482325060763e-03
3.078770595567722080e-03
3.156353364016000699e-03
1.937242888074024898e-04
3.153845099440833670e-04
4.305555952162543770e-04
5.506514073668691703e-04
6.651698358065450279e-04
7.745490408200732604e-04
8.996907220976562737e-04
1.022001931179329420e-03
1.913330087280821329e-04
3.131275792914056015e-04
4.284144747098100436e-04
5.485748424715368920e-04
6.631598397787865197e-04
7.726062502826134366e-04
8.977696871365418692e-04
1.020105249965838927e-03
1.139758737021096761e-03
1.256847493827814534e-03
1.371470925487778061e-03
1.483714163305592483e-03
1.593651088869818587e-03
1.701346107948019945e-03
1.806856952612896465e-03
1.910235330858958865e-03
1.923651316621292841e-04
3.141016469922214152e-04
4.293385184415700849e-04
5.494710378398532649e-04
6.640273140405685915e-04
1.908489515641363242e-04
3.126707808525232388e-04
1.902681748445232744e-04
3.121227456693508821e-04
4.274612742729333773e-04
5.476503516078515613e-04
6.622649645717249836e-04
7.717412809469589982e-04
8.969143596570015127e-04
1.019260761908260789e-03
1.138926003327402981e-03
1.256027071876528005e-03
1.370663236077872792e-03
1.482919599746051293e-03
1.592869719514214280e-03
1.700578031206514051e-03
1.806102206757352526e-03
1.909493907324751960e-03
2.010800480167427174e-03
2.110065699505339447e-03
2.207330909016359984e-03
2.302635120419231803e-03
2.396015742546797524e-03
2.487508705551340696e-03
2.577149243942061796e-03
2.664971501755502951e-03
2.751008935233799357e-03
2.835294430397255951e-03
2.917860795852320662e-03
2.998739753286760058e-03
1.935519339346673177e-04
3.152218199623405080e-04
4.304012419870032044e-04
5.505017113037284898e-04
6.650249409577479792e-04
7.744089923207443226e-04
8.995522373681288106e-04
1.021865202659895432e-03
1.141494293916744517e-03
1.258557342561140470e-03
1.373154146901980075e-03
1.485370381316652045e-03
1.595279799385839435e-03
1.702947103199585607e-03
1.921345263800606335e-04
3.138840032241211708e-04
4.291320464653380711e-04
5.492707899474002760e-04
6.638334847384783728e-04
1.908486404644011856e-04
3.126704872778758451e-04
4.279808424222267087e-04
5.481542726934071586e-04
6.627527440723606509e-04
7.722127602314337799e-04
8.973805839203437490e-04
1.019721081224827554e-03
1.139379897357047002e-03
1.256474255366493839e-03
1.916191915741982871e-04
1.900374212584786718e-04
3.119050057121954358e-04
4.272547394550264659e-04
5.474500352159842069e-04
6.620710636729464429e-04
7.715538589376763189e-04
8.967290261447963696e-04
1.019077775350095069e-03
1.138745551860607160e-03
1.255849288159306383e-03
1.370488211248630569e-03
1.482747395635119255e-03
1.592700374663426647e-03
1.700411567153546763e-03
1.921314493118711638e-04
3.138810991430983116e-04
4.291292914730340130e-04
5.492681179990886904e-04
6.638308984312054272e-04
7.732548770776192116e-04
8.984110799440058436e-04
1.020738515740437537e-03
1.140383224264194693e-03
1.257462707148784614e-03
1.372076588031031488e-03
1.484310060991330662e-03
1.594237090270935776e-03
1.701922138703262010e-03
1.807422984252809832e-03
1.922511307838458837e-04
3.139940530558418407e-04
4.292364470091687158e-04
5.493720434186979019e-04
6.639314927604219674e-04
7.733521083044458608e-04
8.985072264597536136e-04
1.020833443740639789e-03
1.140476836145797859e-03
1.257554934312058413e-03
1.372167383445588307e-03
1.484399392385550662e-03
1.594324937972176320e-03
1.702008491581859066e-03
1.807507838056116988e-03
1.910874725739749452e-03
2.012156570068810053e-03
2.111397305366192502e-03
2.208638102772507265e-03
1.926926703238509555e-04
3.144107847534741108e-04
4.296317934542178362e-04
5.497554704612350436e-04
6.643026285199870023e-04
7.737108351316358736e-04
8.988618729793059620e-04
1.021183596097140342e-03
1.140822140009785119e-03
1.257895131435918116e-03
1.916210246175988399e-04
3.133993808508305401e-04
1.902695692297408077e-04
3.121240614262559498e-04
4.274625223297747910e-04
5.476515620844499667e-04
6.622661362782785973e-04
7.717424135011090704e-04
8.969154795896646130e-04
1.019261867657866383e-03
1.138927093757223421e-03
1.256028146185066835e-03
1.370664293714550681e-03
1.917539299514313910e-04
3.135248092536617242e-04
4.287912971289113001e-04
1.904786069670963769e-04
3.123213138349526072e-04
4.276496266825922108e-04
5.478330322637835073e-04
6.624417940084800002e-04
7.719122015248015443e-04
8.970833753678971552e-04
1.911735838955559502e-04
3.129771297634412934e-04
4.282717208894652348e-04
5.484363892500481201e-04
6.630258225307108892e-04
1.908473421297926065e-04
3.126692620820888439e-04
4.279796802216476615e-04
5.481531455006014844e-04
6.627516529911143574e-04
7.722117056149050167e-04
8.973795410609072473e-04
1.019720051575723945e-03
1.139378881969426880e-03
1.256473254993072585e-03
1.371102495042748675e-03
1.483351779348476319e-03
1.593294723028573952e-03
1.700995804574128309e-03
1.806512729206685404e-03
1.909897183543234674e-03
2.011196534750401329e-03
2.110454573712164036e-03
2.207712654312772062e-03
2.303009799352139127e-03
2.396383425599649900e-03
2.487869551003572387e-03
2.577503250359528767e-03
2.665318757287395406e-03
2.751349529892948252e-03
2.835628456422399635e-03
2.918188348980202320e-03
2.999060933868149485e-03
3.078277871199605002e-03
3.155870315126524123e-03
3.231869106315850716e-03
3.306304619039413840e-03
3.379206927439465120e-03
3.450605727109657024e-03
3.520530389194573284e-03
3.589009835605089672e-03
3.656072594966745803e-03
3.721747049228877127e-03
3.786060807788438082e-03
3.849041207129008050e-03
3.910715183216794538e-03
3.987398065680013148e-03
4.059532003190802034e-03
4.127917270740646093e-03
4.193164384331569267e-03
4.255744860851872965e-03
4.316024252181618372e-03
4.374287426171154063e-03
4.430757396925101739e-03
4.511209547874653163e-03
4.590023086724473456e-03
4.667313774471174882e-03
1.953085083930928092e-04
3.168800450136783470e-04
4.319745787477721538e-04
5.520275497503487243e-04
6.665018214957845995e-04
7.758364609998846589e-04
9.009637577008628405e-04
1.023258810548219235e-03
1.142868565472392878e-03
1.259911431057783061e-03
1.374487235519297182e-03
1.486681967427520151e-03
1.596569592325602568e-03
1.920144975306867425e-04
3.137707229572426820e-04
4.290245822314730671e-04
5.491665648166320704e-04
1.906672773730465646e-04
3.124993510404138505e-04
4.278185065398560694e-04
5.479968262246744277e-04
6.626003413348057489e-04
7.720654506548299155e-04
8.972349164179567200e-04
1.019577258820698624e-03
1.139238066900884454e-03
1.256334522017767998e-03
1.370965915211285694e-03
1.483217400885024611e-03
1.918845720605448165e-04
3.136481033409498141e-04
4.289082591168375046e-04
5.490537475433297310e-04
6.636233984543032016e-04
7.730543138206443995e-04
8.982127538484041768e-04
1.020542702878486250e-03
1.140190126024654598e-03
1.257272465035648695e-03
1.371889299121807669e-03
1.917554997992251961e-04
3.135262907967491003e-04
4.287927025784841030e-04
5.489416735120732083e-04
6.635149160957514803e-04
7.729494578487765668e-04
8.981090673668811874e-04
1.020440330243963098e-03
1.140089172546705819e-03
1.257173003812286308e-03
1.371791381827505187e-03
1.484029453318792217e-03
1.593961142962769086e-03
1.701650886743240332e-03
1.807156441020155158e-03
1.910529532359200562e-03
2.011817559165333773e-03
2.111064442135871487e-03
2.208311342406852132e-03
2.303597404814461142e-03
2.396960059096765305e-03
2.488435333156351244e-03
2.578058311061968543e-03
1.930942726254473009e-04
3.147898361861591033e-04
4.299914032357821233e-04
5.501042354276464976e-04
6.646402113351775271e-04
7.740371294276945707e-04
8.991845257003917759e-04
1.021502153397351766e-03
1.913323096726782377e-04
3.131269195849744084e-04
1.902690482534494579e-04
3.121235698273918486e-04
4.274620560252901280e-04
5.476511098208667206e-04
6.622656985001338075e-04
7.717419903512605763e-04
8.969150611555140032e-04
1.019261454522853855e-03
1.138926686346058070e-03
1.256027744797204868e-03
1.370663898555704065e-03
1.482920251547044247e-03
1.592870360492518568e-03
1.700578661280635617e-03
1.806102825895987201e-03
1.909494515534984138e-03
2.010801077486350664e-03
2.110066285995280694e-03
1.925847473775712192e-04
1.900394070665363500e-04
3.119068795069528674e-04
4.272565168105387444e-04
5.474517590598235823e-04
6.620727323085872371e-04
7.715554718191339418e-04
1.910135030683241897e-04
3.128260634013496438e-04
4.281284198055982748e-04
5.482974049626828522e-04
6.628912910241408548e-04
7.723466769851588306e-04
8.975130078405274461e-04
1.019851822259741636e-03
1.139508827625199724e-03
1.256601279273074053e-03
1.371228532384674917e-03
1.483475785242893870e-03
1.918848960388044552e-04
3.136484090991773074e-04
1.902700449380427409e-04
3.121245103097811894e-04
4.274629481167809214e-04
1.904761729088731703e-04
3.123190169848296966e-04
4.276474479952324572e-04
5.478309191731682614e-04
6.624397485926745207e-04
7.719102244522153865e-04
8.970814203254383942e-04
1.019425706817489539e-03
1.139088613758460194e-03
1.256187278073584096e-03
1.370820956409488089e-03
1.483074778418549261e-03
1.593022321743234413e-03
1.700728037541775336e-03
1.921318337418364826e-04
3.138814619610431076e-04
4.291296356647153541e-04
5.492684518157873660e-04
6.638312215484545300e-04
7.732551893925056208e-04
8.984113887748382786e-04
1.020738820657395973e-03
1.140383524953746510e-03
1.914793201388084623e-04
3.132656501564519132e-04
4.285454510078606804e-04
5.487018725429049703e-04
1.906664360670905928e-04
3.124985570919286610e-04
4.278177534537127105e-04
5.479960957852804534e-04
6.625996342677718115e-04
7.720647671966672379e-04
8.972342405642950557e-04
1.019576591516476111e-03
1.139237408829684274e-03
1.256333873669230813e-03
1.370965276918800421e-03
1.483216772874998901e-03
1.593161958390161993e-03
1.700865298635394814e-03
1.921320004524017298e-04
1.900384768555215805e-04
3.119060017662171418e-04
4.272556842447577247e-04
5.474509515605010743e-04
6.620719506704215865e-04
7.715547162978778160e-04
8.967298739513772767e-04
1.019078612420715136e-03
1.138746377334620523e-03
1.255850101429848440e-03
1.370489011898739498e-03
1.482748183381963356e-03
1.592701149330684506e-03
1.700412328642692591e-03
1.805939380052691253e-03
1.909333954623642759e-03
2.010643391720332279e-03
2.109911458923622099e-03
2.207179495927424646e-03
2.302486510023770902e-03
2.395869906897960065e-03
1.928962701361000846e-04
3.146029514494267125e-04
4.298141027608276673e-04
5.499322820838764862e-04
6.644737713549684569e-04
7.738762551952291539e-04
8.990254469648440621e-04
1.021345096461424243e-03
1.140981400854308844e-03
1.258052036050058510e-03
1.372656767807856233e-03
1.917564825236016532e-04
3.135272182420566103e-04
4.287935823891009875e-04
5.489425268085352345e-04
6.635157420466993071e-04
7.729502561897741517e-04
8.981098568038813328e-04
1.020441109677848370e-03
1.140089941175649298e-03
1.257173761072917029e-03
1.371792127333330445e-03
1.484030186804748868e-03
1.593961864267184588e-03
1.701651595774636211e-03
1.807157137743542257e-03
1.910530216782763092e-03
2.011818231331027537e-03
2.111065102112675597e-03
2.208311990283574888e-03
2.303598040697422012e-03
2.396960683105746944e-03
2.488435945421922819e-03
2.578058911724735898e-03
2.665863821333752399e-03
2.751884036773219466e-03
2.836152652009475694e-03
2.918702318715995451e-03
2.999564897838803441e-03
3.078771983412581081e-03
3.156354724631321197e-03
1.937242903673343339e-04
3.153845114165552510e-04
1.902733487623727406e-04
3.121276278350362267e-04
4.274659052356318705e-04
5.476548431273740815e-04
6.622693122333508800e-04
7.717454833319780695e-04
8.969185152094286346e-04
1.019264864833849477e-03
1.138930049408298870e-03
1.256031058138758682e-03
1.370667160478495185e-03
1.482923460898920298e-03
1.592873516555382094e-03
1.700581763653242259e-03
1.806105874424193984e-03
1.922495511502572371e-04
3.139925622074528724e-04
4.292350326869346809e-04
5.493706717311080002e-04
6.639301650398365820e-04
1.908487956578435655e-04
3.126706337288510528e-04
4.279809813432228346e-04
5.481544074298253617e-04
6.627528744922638266e-04
7.722128862926087335e-04
8.973807085761588247e-04
1.019721204301574915e-03
1.139380018729082037e-03
1.256474374943835140e-03
1.371103597611207734e-03
1.483352864145413277e-03
1.593295789811536266e-03
1.700996853207674625e-03
1.806513759638873114e-03
1.909898195785998676e-03
2.011197528865625497e-03
2.110455549803661596e-03
2.207713612509697946e-03
2.303010739811592496e-03
2.396384348498628927e-03
2.487870456535050314e-03
2.577504138731349752e-03
2.665319628716511340e-03
2.751350384605438272e-03
2.835629294647143590e-03
2.918189170961503921e-03
2.999061739856804642e-03
3.078278661433800356e-03
3.155871089856294043e-03
3.231869865790840124e-03
3.306305363511204479e-03
1.938887316648676875e-04
3.155397345061207361e-04
4.307028672737842935e-04
5.507942353572578380e-04
6.653080824659787958e-04
7.746826632078379930e-04
8.998228522792966078e-04
1.022132385584825602e-03
1.141757770679315259e-03
1.258816920180423019e-03
1.373409697374304702e-03
1.485621810727414142e-03
1.595527051755755510e-03
1.703190147332315878e-03
1.808668977929802713e-03
1.912015363815457126e-03
1.923672434229992427e-04
3.141036400848093045e-04
4.293404092433220163e-04
5.494728716378701307e-04
1.906677946390400848e-04
3.124998391574617166e-04
4.278189695534693592e-04
5.479972752936541295e-04
