1.267077151958171007e-02
1.475906174304386469e-02
1.639514842634048203e-02
1.787159139718683815e-02
1.379002846068235616e-02
1.563750455373100548e-02
1.708532830839718658e-02
1.378820135914284387e-02
1.378028495111181632e-02
1.562985969901552891e-02
1.707932705330508782e-02
1.378818557858167704e-02
1.378028491841305943e-02
1.562985967335910401e-02
1.378444110395370646e-02
1.563312072062426894e-02
1.708188703405544989e-02
1.378819230429959367e-02
1.563606391858080383e-02
1.378445542882403112e-02
1.378027719623627426e-02
1.378026853809057907e-02
1.562984682087123836e-02
1.378444107430835085e-02
1.563312069736428472e-02
1.378444862917778402e-02
1.563312662497838915e-02
1.378444864286548083e-02
1.563312663571786790e-02
1.708189167745491344e-02
1.843011148463810298e-02
1.952285102795390387e-02
2.040984513633126510e-02
1.379779188344020316e-02
1.564359533841571184e-02
1.378447285963495077e-02
1.563314563639662050e-02
1.708190659314892321e-02
1.843012362435544199e-02
1.952286092367811615e-02
1.379480205686723672e-02
1.564124963624123621e-02
1.378446742629163731e-02
1.563314137335060361e-02
1.708190324662193713e-02
1.843012090065431971e-02
1.952285870344563565e-02
2.040985139955647093e-02
1.379779190693995045e-02
1.564359535685234948e-02
1.709010929158630288e-02
1.843679977744721796e-02
1.952830304657513644e-02
2.041429401807953736e-02
2.112236070667398297e-02
1.380064820157108317e-02
1.564583625412992521e-02
1.709186821081853935e-02
1.843823137468470624e-02
1.379158631762982153e-02
1.563872682324020380e-02
1.708628775287500748e-02
1.843368942092237645e-02
1.379157298741522791e-02
1.378029194743162801e-02
1.378026856860895336e-02
1.562984684481688591e-02
1.707931696232473096e-02
1.842801595965337311e-02
1.952114285873759320e-02
2.040845126649248539e-02
1.379778665804086771e-02
1.564359123884124028e-02
1.709010605927378107e-02
1.378821395526710382e-02
1.378028497721235819e-02
1.562985971949476874e-02
1.707932706938206091e-02
1.842802418562213690e-02
1.952114956412937322e-02
2.040845673809954172e-02
1.379778667854129545e-02
1.378030485378922351e-02
1.562987531524543533e-02
1.707933931257104784e-02
1.842803415015378463e-02
1.952115768670942969e-02
2.040846336613389572e-02
2.111761622083750678e-02
1.380062772547519835e-02
1.564582018983484701e-02
1.709185560183716646e-02
1.843822111211951276e-02
1.952946166945917703e-02
2.041523946615419680e-02
2.112313002250166064e-02
2.169069647191350370e-02
1.380342132208441965e-02
1.564801185661400529e-02
1.709357659057626419e-02
1.843962184373426627e-02
1.953060350082449700e-02
2.041617121376627583e-02
2.112388818804777219e-02
2.169131251816655212e-02
1.380342442994647242e-02
1.564801429480514733e-02
1.709357850427837069e-02
1.843962340132087457e-02
1.379159041054426986e-02
1.378029198359214356e-02
1.378026856868376504e-02
1.378026852024132921e-02
1.378026852014110556e-02
1.378026852014090087e-02
1.562984680678740010e-02
1.378444107427586121e-02
1.563312069733880511e-02
1.708188701577614821e-02
1.378819230425152795e-02
1.563606391854310829e-02
1.378445542882394959e-02
1.378027719623627252e-02
1.562985361430987985e-02
1.707932227660573579e-02
1.378818556603824026e-02
1.563605863182124592e-02
1.708419328713758900e-02
1.843198474443295820e-02
1.952437802385091972e-02
2.041109117113115018e-02
2.111975451539191417e-02
2.168795376975108172e-02
2.214518854302529108e-02
2.251208427406591397e-02
2.280532196057197605e-02
2.303843582421245123e-02
1.381324614227752955e-02
1.565571933179648462e-02
1.709962585032741983e-02
1.378823977889501347e-02
1.378028503102557423e-02
1.562985976171822611e-02
1.707932710252888647e-02
1.842802421259973761e-02
1.952114958612015741e-02
1.379479641321113698e-02
1.378029864110641087e-02
1.562987044059086297e-02
1.378444112878937471e-02
1.563312074011050448e-02
1.708188704935229354e-02
1.378819230433980803e-02
1.563606391861234110e-02
1.378445542882410224e-02
1.563313196003780423e-02
1.378444865518492143e-02
1.378027718222915934e-02
1.562985360331950457e-02
1.378444108995262492e-02
1.378027716658433537e-02
1.378026853802922884e-02
1.562984682082311019e-02
1.707931694348880508e-02
1.842801594432309439e-02
1.952114284624116569e-02
1.379479639099664631e-02
1.564124519102894073e-02
1.378446741599595460e-02
1.378027722102588039e-02
1.378026853814186790e-02
1.562984682091152211e-02
1.707931694355822524e-02
1.842801594437962209e-02
1.952114284628723301e-02
2.040845125633288654e-02
2.111760636682524089e-02
1.380062768307859997e-02
1.564582015657306480e-02
1.709185557572977243e-02
1.843822109087046510e-02
1.379158628740252517e-02
1.378029197503414030e-02
1.378026856866605698e-02
1.562984684486170422e-02
1.707931696235990768e-02
1.842801595968204462e-02
1.952114285876101196e-02
2.040845126651157429e-02
1.379778665804094057e-02
1.564359123884128538e-02
1.709010605927382270e-02
1.378821395526710208e-02
1.563608090566962622e-02
1.708421077164181193e-02
1.378819841705464407e-02
1.563606871457531161e-02
1.708420120188905780e-02
1.843199118619957486e-02
1.952438327489559519e-02
1.379480708431407229e-02
1.564125358057194201e-02
1.708827114130183344e-02
1.378820911463403930e-02
1.563607710776743556e-02
1.378445545931744794e-02
1.563313198396314857e-02
1.708189587587320701e-02
1.843011490168399574e-02
1.952285381336835157e-02
1.379480203339996519e-02
1.564124961782979370e-02
1.378446742624899607e-02
1.563314137331715814e-02
1.708190324659570117e-02
1.843012090063298608e-02
1.952285870342822943e-02
1.379480204953938659e-02
1.564124963049214057e-02
1.378446742627833371e-02
1.563314137334017792e-02
1.378444867692169180e-02
1.563312666243868790e-02
1.708189169843098154e-02
1.378819231656291076e-02
1.563606392820247881e-02
1.378445542884627548e-02
1.563313196005521044e-02
1.708189585710524760e-02
1.843011488640899920e-02
1.952285380091693320e-02
1.379480203335886612e-02
1.564124961779753825e-02
1.378446742624891974e-02
1.378027722104708044e-02
1.562985363377718609e-02
1.378444109002287775e-02
1.563312070969405734e-02
1.708188702547517104e-02
1.843010769844371718e-02
1.952284794162711945e-02
1.379480201402066321e-02
1.564124960262557040e-02
1.378446742621378118e-02
1.378027722104700932e-02
1.562985363377713405e-02
1.707932229188822287e-02
1.378818556607837656e-02
1.563605863185270686e-02
1.708419328716231575e-02
1.843198474445301854e-02
1.952437802386727470e-02
2.041109117114450755e-02
2.111975451540277354e-02
2.168795376975991146e-02
2.214518854303245896e-02
2.251208427407170795e-02
1.380854396070448423e-02
1.378032726024275463e-02
1.562989289600924189e-02
1.707935311405906278e-02
1.842804538296001840e-02
1.952116684312264761e-02
2.040847083777743223e-02
2.111762230067837712e-02
2.168622117493954754e-02
1.380339884194954451e-02
1.564799422041508736e-02
1.378448306189737106e-02
1.563315364117557130e-02
1.708191287696712510e-02
1.843012873868517601e-02
1.379156256339555617e-02
1.378029192579786032e-02
1.562986517156095267e-02
1.707933134943769027e-02
1.378818558986319442e-02
1.563605865051403976e-02
1.378445541664431381e-02
1.563313195048144852e-02
1.708189584958978713e-02
1.843011488029221850e-02
1.952285379593069609e-02
2.040984739500889544e-02
2.111874243388495165e-02
2.168713137676690425e-02
2.214452249641162690e-02
2.251154534007039631e-02
2.280488731133643171e-02
1.381093740073739522e-02
1.565390815986577103e-02
1.709820438537297885e-02
1.378823600850381977e-02
1.378028502321310654e-02
1.562985975558836213e-02
1.707932709771671498e-02
1.378818557869829903e-02
1.563605864175415111e-02
1.708419329493472347e-02
1.843198475077900342e-02
1.952437802902392411e-02
1.379480706697431593e-02
1.564125356696788316e-02
1.378446743539574193e-02
1.563314138049375773e-02
1.708190325222938219e-02
1.843012090521813778e-02
1.952285870716579871e-02
1.379480204955171527e-02
1.564124963050180991e-02
1.708826804074118147e-02
1.843530117682119773e-02
1.379157771372165400e-02
1.563872007281136636e-02
1.708628245405012860e-02
1.843368510822006312e-02
1.379157297477361273e-02
1.563871635474128885e-02
1.378446156250319639e-02
1.563313677257352832e-02
1.708189963497307520e-02
1.843011796117350817e-02
1.379156253187823963e-02
1.563870816148401829e-02
1.708627310411846983e-02
1.843367749833066740e-02
1.952575788474062574e-02
2.041221714553640224e-02
1.379780079390531371e-02
1.378030488313594822e-02
1.562987533827175229e-02
1.707933933064743198e-02
1.378818561082169325e-02
1.378028491847986189e-02
1.562985967341153082e-02
1.378444110395382616e-02
1.378027716661320116e-02
1.562985359106678837e-02
1.378444108992436280e-02
1.563312070961670949e-02
1.708188702541435164e-02
1.843010769839423940e-02
1.952284794158676284e-02
2.040984261784609122e-02
2.111873854661974748e-02
2.168712821805653806e-02
2.214451993413475012e-02
2.251154326671155059e-02
2.280488563912952404e-02
2.303808548091759029e-02
2.322215300032030513e-02
2.336605743717209624e-02
2.347712668880882689e-02
2.356133986985058798e-02
1.382171576487067378e-02
1.378035479613847793e-02
1.562991450148019587e-02
1.707937007507237190e-02
1.378818569155691211e-02
1.378028491864714475e-02
1.562985967354276612e-02
1.378444110395413147e-02
1.563312072062461935e-02
1.378444862923149453e-02
1.563312662502058109e-02
1.708189166905742240e-02
1.378819231648568781e-02
1.563606392814188839e-02
1.708419744463887668e-02
1.378819838196834735e-02
1.563606868704701947e-02
1.708420118027990930e-02
1.378819839180321291e-02
1.378028494496319999e-02
1.378026855412170862e-02
1.562984683344977380e-02
1.378444107433736583e-02
1.378027716655206084e-02
1.378026853802917506e-02
1.562984682082306856e-02
1.378444107430823636e-02
1.563312069736421187e-02
1.708188701579610447e-02
1.843010769056603604e-02
1.379156250184356003e-02
1.378029192567011528e-02
1.562986517146072729e-02
1.378444111663560193e-02
1.563312073057463239e-02
1.708188704186654888e-02
1.378819230432012585e-02
1.563606391859694023e-02
1.378445542882406928e-02
1.563313196003781463e-02
1.378444865518491796e-02
1.563312664538380609e-02
1.378444864291259418e-02
1.378027718220377860e-02
1.378026853806155021e-02
1.562984682084849267e-02
1.378444107430829187e-02
1.563312069736423962e-02
1.708188701579616692e-02
1.843010769056608114e-02
1.952284793520560335e-02
2.040984261263898911e-02
2.111873854238260559e-02
1.380063255713459905e-02
1.564582398046013637e-02
1.709185857712658060e-02
1.843822353373472320e-02
1.379158629458284227e-02
1.563872680515808120e-02
1.708628773868127448e-02
1.843368940937009648e-02
1.952576759413022708e-02
1.379481166120180222e-02
1.564125717141210542e-02
1.708827395988899919e-02
1.843530599442752202e-02
1.952708537004038333e-02
2.041330038320763110e-02
1.379780487059466959e-02
1.378030489161170997e-02
1.562987534492208536e-02
1.707933933586821759e-02
1.842803416911498529e-02
1.952115770216560076e-02
2.040846337874616112e-02
1.379778670342195548e-02
1.564359127444484368e-02
1.378447285021502933e-02
1.563314562900572011e-02
1.708190658734695319e-02
1.843012361963326101e-02
1.952286091982888966e-02
1.379480205685452987e-02
1.378029865282593205e-02
1.562987044978632334e-02
1.707933549302224560e-02
1.842803104148534737e-02
1.952115515268081081e-02
2.040846129836376699e-02
2.111761453824743603e-02
1.380062771823584167e-02
1.378031076585110003e-02
1.562987995402371696e-02
1.378444115073313055e-02
1.563312075732780151e-02
1.378444862931624271e-02
1.563312662508704876e-02
1.708189166910962717e-02
1.843011147784601525e-02
1.379156251291880492e-02
1.563870814660884082e-02
1.378446154351081060e-02
1.563313675767196570e-02
1.708189962327525194e-02
1.843011795165280103e-02
1.952285629955883769e-02
2.040984943797726978e-02
2.111874409628585608e-02
1.380063258106557778e-02
1.378031077597123046e-02
1.562987996196425408e-02
1.707934296040117955e-02
1.378818562035339160e-02
1.378028491849961346e-02
1.562985967342703231e-02
1.707932703321730916e-02
1.842802415618824755e-02
1.952114954013638506e-02
2.040845671852124094e-02
2.111761081152851993e-02
2.168621183901311283e-02
1.380339879522901256e-02
1.564799418376175769e-02
1.378448306181228288e-02
1.563315364110878444e-02
1.378444870525001066e-02
1.563312668466531816e-02
1.708189171587904537e-02
1.378819231660878379e-02
1.563606392823845351e-02
1.708419744471469451e-02
1.843198812825886171e-02
1.952438078219684292e-02
2.041109342195445223e-02
2.111975634691799428e-02
2.168795525799523116e-02
2.214518975027307546e-02
1.380603888740098567e-02
1.378032203806845921e-02
1.562988879853765070e-02
1.707934989740702084e-02
1.842804276497927995e-02
1.379155646789547406e-02
1.563870340382114352e-02
1.708626936953633324e-02
1.843367445876238631e-02
1.952575540700959497e-02
2.041221512369194302e-02
2.112066909091128708e-02
1.380064088603070137e-02
1.564583051480370607e-02
1.709186370598019672e-02
1.843822770815555651e-02
1.379158630685274438e-02
1.378029197507450905e-02
1.378026856866614025e-02
1.562984684486173198e-02
1.707931696235989380e-02
1.378818555208328502e-02
1.563605862087233400e-02
1.708419327854293623e-02
1.843198473743776211e-02
1.952437801814876223e-02
2.041109116647818814e-02
2.111975451160577263e-02
2.168795376667461555e-02
2.214518854052969360e-02
2.251208427204653972e-02
2.280532195894328928e-02
2.303843582290468484e-02
2.322243269277712852e-02
2.336627904619420493e-02
1.381761815364628346e-02
1.565914904006386610e-02
1.710231751912463793e-02
1.844673627480976352e-02
1.953640300827141213e-02
2.042090370131456958e-02
2.112773898288821534e-02
1.380067157572820516e-02
1.564585459206376331e-02
1.378447809743280246e-02
1.563314974601593549e-02
1.378444869625558393e-02
1.563312667760821326e-02
1.708189171033912268e-02
1.378819231659421732e-02
1.378028493237480265e-02
1.562985968431392092e-02
1.378444110397897618e-02
1.563312072064411765e-02
1.708188703407101383e-02
1.843010770543983268e-02
1.379156250188705822e-02
1.563870813795360110e-02
1.708627308564799122e-02
1.378820384773579710e-02
1.378028495626843104e-02
1.562985970306151814e-02
1.707932705648134222e-02
1.842802417512245591e-02
1.952114955557061535e-02
2.040845673111556929e-02
2.111761082177670418e-02
2.168621184734067717e-02
1.380339879527068929e-02
1.564799418379444335e-02
1.709356271942429756e-02
1.843961055382684761e-02
1.953059429764143762e-02
2.041616370385829909e-02
2.112388207723461461e-02
2.169130755286230797e-02
2.214790888120416606e-02
2.251428542911385750e-02
2.280709709993401085e-02
1.381095566923673697e-02
1.565392249126725324e-02
1.709821563317412071e-02
1.844339764145658256e-02
1.953368142649610992e-02
2.041868284378983711e-02
2.112593189349417505e-02
2.169297310524256894e-02
2.214925981561760571e-02
2.251537768414511517e-02
1.380856624538065458e-02
1.565204800219317793e-02
1.378449247843133857e-02
1.563316102946487110e-02
1.708191867683523865e-02
1.843013345913346868e-02
1.379156257719992180e-02
1.563870819704235582e-02
1.708627313203037873e-02
1.378820384785801705e-02
1.563607297551842037e-02
1.708420454664007215e-02
1.378819840066589607e-02
1.563606870171687160e-02
1.708420119179544783e-02
1.378819839183353241e-02
1.563606869478711969e-02
1.708420118635571930e-02
1.843199117355705588e-02
1.952438326458990833e-02
2.041109544759887179e-02
2.111975799521282823e-02
1.380063695269075595e-02
1.564582742894527964e-02
1.378447803443125404e-02
1.563314969658440717e-02
1.708190978043023708e-02
1.843012621844827489e-02
1.952286303826013952e-02
2.040985493677869439e-02
2.111874857076158699e-02
2.168713636346419546e-02
2.214452654151128838e-02
2.251154861330848314e-02
1.380854023921782893e-02
1.378032725247937615e-02
1.378026864165127728e-02
1.562984690212807296e-02
1.378444107449577904e-02
1.378027716655238176e-02
1.562985359101904531e-02
1.378444108992425525e-02
1.378027716658427812e-02
1.562985359104404962e-02
1.707932225834132844e-02
1.842802026999469656e-02
1.379155640219646012e-02
1.563870335227515729e-02
1.708626932907476165e-02
1.378820383783717698e-02
1.563607296765618521e-02
1.708420454046835971e-02
1.843199390344840011e-02
1.952438548987719610e-02
2.041109726344384964e-02
1.379779658438023450e-02
1.564359902652671941e-02
1.378447286818368540e-02
1.563314564310405025e-02
1.708190659841425652e-02
1.843012362864078491e-02
1.952286092717139820e-02
1.379480205687876916e-02
1.564124963625029840e-02
1.708826804525338458e-02
1.378820910646704097e-02
1.563607710135970358e-02
1.378445545930262819e-02
1.378027719629930543e-02
1.562985361435935416e-02
1.707932227664460748e-02
1.842802028489144706e-02
1.952114638445194908e-02
1.379479640265848794e-02
1.564124520017839970e-02
1.708826456321120221e-02
1.843529834645260199e-02
1.379157770541572688e-02
1.563872006629477354e-02
1.708628244893489398e-02
1.843368510405677535e-02
1.952576408461585700e-02
2.041222220467439966e-02
1.379780081293670996e-02
1.378030488317551032e-02
1.562987533830277262e-02
1.707933933067183260e-02
1.842803416488567395e-02
1.379155644277784039e-02
1.563870338411443156e-02
1.708626935406736339e-02
1.843367444617224904e-02
1.379157294352070795e-02
1.563871633022091354e-02
1.708627951626151900e-02
1.843368271716019913e-02
1.952576213891586351e-02
2.041222061697075402e-02
1.379780080696409519e-02
1.564360233934444788e-02
1.378447287586252387e-02
1.563314564912893917e-02
1.708190660314387946e-02
1.378819235574983877e-02
1.563606395894806544e-02
1.378445542891735751e-02
1.563313196011099568e-02
1.708189585714902509e-02
1.843011488644458531e-02
1.379156252288668040e-02
1.563870815442939058e-02
1.708627309858081617e-02
1.843367749382363724e-02
1.379157295245403078e-02
1.378029194735906453e-02
1.562986518847851031e-02
1.707933136271860136e-02
1.842802767989862658e-02
1.952115241248607302e-02
2.040845906236182089e-02
2.111761271876325466e-02
2.168621338880616714e-02
1.380339880298470275e-02
1.564799418984625518e-02
1.709356272417424452e-02
1.843961055769284194e-02
1.953059430079290629e-02
2.041616370642991216e-02
1.379781566745407091e-02
1.564361399810395431e-02
1.709012392348946072e-02
1.843681168643692553e-02
1.379158214680152247e-02
1.378029196644030112e-02
1.562986520345020433e-02
1.378444111670937451e-02
1.378027716663956549e-02
1.378026853802935374e-02
1.562984682082318652e-02
1.707931694348888488e-02
1.842801594432312215e-02
1.952114284624112406e-02
2.040845125629532977e-02
2.111760636679469588e-02
2.168620822728284034e-02
1.380339877715480029e-02
1.564799416958207248e-02
1.709356270826912008e-02
1.843961054474747494e-02
1.953059429024025725e-02
2.041616369781877952e-02
2.112388207232026791e-02
1.380065479506437445e-02
1.564584142698173877e-02
1.709187227102672291e-02
1.378821861922332852e-02
1.563608456495317600e-02
1.378445547655857313e-02
1.563313199749069571e-02
1.708189588649240351e-02
1.378819232757396741e-02
1.563606393684161336e-02
1.378445542886624735e-02
1.563313196007089581e-02
1.708189585711757455e-02
1.843011488641898427e-02
1.952285380092503089e-02
2.040984739908432641e-02
2.111874243720126415e-02
1.380063257391679794e-02
1.564582399362643428e-02
1.709185858746095285e-02
1.843822354214590467e-02
1.952946365033566764e-02
2.041524108257086745e-02
1.379781218497797002e-02
1.378030490681897251e-02
1.562987535685412058e-02
1.378444114012925339e-02
1.563312074900788037e-02
1.708188705633682108e-02
1.378819230435817875e-02
1.563606391862678441e-02
1.378445542882413867e-02
1.563313196003783892e-02
1.378444865518492317e-02
1.563312664538381996e-02
1.378444864291259939e-02
1.378027718220377860e-02
1.378026853806155021e-02
1.562984682084849267e-02
1.707931694350870930e-02
1.378818555203377948e-02
1.378028491835805135e-02
1.562985967331594062e-02
1.378444110395360411e-02
1.378027716661319423e-02
1.378026853802930343e-02
1.378026852017791293e-02
1.378026852014098413e-02
1.562984680678747643e-02
1.707931693247035504e-02
1.842801593535539281e-02
1.379155638953681248e-02
1.563870334234272741e-02
1.708626932127813025e-02
1.843367441948512084e-02
1.379157294344248059e-02
1.563871633015957024e-02
1.708627951621334920e-02
1.378820386468047193e-02
1.378028495630354879e-02
1.562985970308910372e-02
1.707932705650299851e-02
1.378818557859008004e-02
1.563605864166926068e-02
1.708419329486807539e-02
1.843198475072470310e-02
1.379156799408239910e-02
1.563871244700475865e-02
1.708627646808688269e-02
1.843368023625736873e-02
1.379157296049272376e-02
1.563871634353681400e-02
1.708627952671398428e-02
1.843368272566744612e-02
1.952576214585062878e-02
2.041222062262957118e-02
2.112067356545918248e-02
2.168870056184055845e-02
2.214579433140988207e-02
2.251257446646946769e-02
2.280571729664872260e-02
2.303875325513197667e-02
1.381324927766340409e-02
1.565572179142632470e-02
1.709962778069244738e-02
1.844454702173541766e-02
1.379160608289590681e-02
1.563874233479787407e-02
1.378446162245861549e-02
1.563313681961505178e-02
1.708189967190102548e-02
1.378819233752641947e-02
1.563606394465020394e-02
1.708419745759760452e-02
1.843198813874419306e-02
1.952438079074403018e-02
2.041109342892893225e-02
2.111975635259324968e-02
2.168795526260681658e-02
1.380340753193911620e-02
1.564800103791858313e-02
1.709356809913222322e-02
1.843961493243963592e-02
1.379159038562570438e-02
1.563873001489612946e-02
1.708629025820097500e-02
1.378820389298605203e-02
1.378028495636220152e-02
1.562985970313512246e-02
1.707932705653917443e-02
1.842802417516949121e-02
1.952114955560892498e-02
1.379479641311057679e-02
1.378029864110620097e-02
1.378026858245736883e-02
1.378026852026982378e-02
1.562984680688855876e-02
1.378444107427610060e-02
1.563312069733896470e-02
1.378444862917772504e-02
1.563312662497832670e-02
1.708189166902426490e-02
1.843011147777654998e-02
1.952285102236073905e-02
2.040984513176724580e-02
1.379779188342307276e-02
1.378030486461046152e-02
1.562987532373611224e-02
1.707933931923650422e-02
1.842803415557870556e-02
1.379155644275066421e-02
1.378029191309461561e-02
1.562986516159360628e-02
1.707933134161300839e-02
1.842802766272116921e-02
1.952115239848392636e-02
1.379479642248066483e-02
1.564124521573008117e-02
1.378446741605316404e-02
1.563314136531740103e-02
1.708190324031584259e-02
1.843012089552185581e-02
1.379156254045930778e-02
1.563870816821651133e-02
1.378446154356080706e-02
1.378027720888190533e-02
1.562985362423203323e-02
1.378444109000085717e-02
1.563312070967674133e-02
1.708188702546156040e-02
1.843010769843266353e-02
1.952284794161809195e-02
2.040984261787159165e-02
1.379779187399094581e-02
1.564359533100229127e-02
1.709010927129602994e-02
1.843679976093279618e-02
1.952830303311308899e-02
2.041429400709435238e-02
2.112236069773529637e-02
2.169007135465365887e-02
2.214690628228635841e-02
1.380604900398231007e-02
1.565007321411225963e-02
1.709519451215214814e-02
1.844093869322405849e-02
1.953167695725473857e-02
2.041704716792377972e-02
2.112460095159260712e-02
1.380065791568813212e-02
1.564584387523236531e-02
1.709187419267599317e-02
1.378821862430017024e-02
1.563608456893639254e-02
1.378445547656777757e-02
1.378027719633500951e-02
1.562985361438735607e-02
1.378444108997815137e-02
1.563312070965893266e-02
1.708188702544755425e-02
1.843010769842125599e-02
1.379156250186652777e-02
1.563870813793748552e-02
1.708627308563536590e-02
1.843367748328731889e-02
1.952575787247797304e-02
1.379481162903624727e-02
1.564125714617626769e-02
1.708827394008037570e-02
1.378820912201687843e-02
1.563607711355992358e-02
1.378445545933083653e-02
1.563313198397364365e-02
1.378444865524018625e-02
1.563312664542716030e-02
1.708189168507670552e-02
1.843011149084142902e-02
1.952285103301057076e-02
2.040984514045750958e-02
1.379779188345568210e-02
1.564359533842784103e-02
1.709010927712450306e-02
1.378821396376251653e-02
1.378028497722996563e-02
1.378026855418846425e-02
1.562984683350211734e-02
1.707931695344227369e-02
1.842801595242412466e-02
1.952114285284475143e-02
1.379479639101841883e-02
1.378029864106032794e-02
1.562987044055469399e-02
1.707933548577508440e-02
1.842803103558696143e-02
1.379155643363838384e-02
1.563870337694378207e-02
1.708626934843866449e-02
1.378820383788820041e-02
1.563607296769622262e-02
1.378445544974556992e-02
1.563313197645296859e-02
1.708189586997763479e-02
1.843011489688566387e-02
1.379156252291722194e-02
1.563870815445338874e-02
1.708627309859968996e-02
1.843367749383902771e-02
1.379157295245408109e-02
1.563871633722983823e-02
1.708627952176320144e-02
1.843368272163800267e-02
1.952576214256597151e-02
2.041222061994925341e-02
1.379780080697530498e-02
1.564360233935321171e-02
1.378447287586255336e-02
1.563314564912895999e-02
1.378444868679517751e-02
1.563312667018549457e-02
1.378444864296986608e-02
1.563312663579977460e-02
1.708189167751918841e-02
1.843011148469042570e-02
1.379156251293880975e-02
1.563870814662457129e-02
1.708627309245439388e-02
1.843367748883732032e-02
1.379157295243942268e-02
1.563871633721836477e-02
1.708627952175422599e-02
1.378820386469507657e-02
1.563607298872859985e-02
1.378445544979419769e-02
1.378027719627964755e-02
1.562985361434393594e-02
1.707932227663248176e-02
1.842802028488157648e-02
1.379155640223992535e-02
1.563870335230926195e-02
1.708626932910152149e-02
1.378820383783723597e-02
1.378028495624792835e-02
1.562985970304546501e-02
1.707932705646875854e-02
1.842802417511213431e-02
1.952114955556215684e-02
1.379479641311041546e-02
1.564124520837851043e-02
