1.392919488091549061e-04
2.452779989868329432e-04
3.348052844707729778e-04
4.290134772326670200e-04
4.901739571627298240e-04
5.376690323005290642e-04
5.758432330442988471e-04
6.056856021749746103e-04
6.287276908885172265e-04
6.461969058405868166e-04
6.591044699208325900e-04
6.883105941888813945e-04
7.126104706518582212e-04
7.539004442716187903e-04
7.892796008768546102e-04
8.196339507048407570e-04
8.389848736723421298e-04
8.580169140170857247e-04
8.736783906960899748e-04
8.864689709297315359e-04
8.968128601765152806e-04
9.050709694928166541e-04
9.115509267787862135e-04
9.165153379669116343e-04
9.201885045420398271e-04
9.227626462506175126e-04
9.244023450167299788e-04
9.252487145235580935e-04
9.254228326975722082e-04
9.250286469317324078e-04
9.241554388664401142e-04
9.228799198966388274e-04
9.212680160644075517e-04
9.193763909156112569e-04
9.172537467247514039e-04
9.149419378249401633e-04
9.124769243128065879e-04
9.191911850370561819e-04
9.167936824848265222e-04
9.143185599386763817e-04
9.117853646266623315e-04
9.092108334640619039e-04
9.066092781615193779e-04
9.131874962427980304e-04
9.107231804187822374e-04
9.082578012045483323e-04
9.057990204576046780e-04
9.024290885679956591e-04
8.999807490292525622e-04
8.975560451041107507e-04
8.951613069768350143e-04
8.927928450432657224e-04
8.904578219648529415e-04
8.881592142487633890e-04
8.858964868254940372e-04
8.836723878819583832e-04
8.995459686101451831e-04
8.982181377027950199e-04
9.049298978308766570e-04
9.148598663812224779e-04
9.114777876579576842e-04
9.155337392849555774e-04
9.226958000378472375e-04
9.168109717361620217e-04
9.193391056724272174e-04
9.214908266317630011e-04
9.233185775515895732e-04
9.248691085821486276e-04
9.261825620195290095e-04
9.272934136488998960e-04
9.282320071329842794e-04
9.290208084587247899e-04
9.296840418553745924e-04
9.330267878615646111e-04
9.443722920776132521e-04
9.528321384800021243e-04
9.598548597658958497e-04
9.656585109113944524e-04
9.704274189304847552e-04
9.743176509732322851e-04
9.774614847395273788e-04
9.799711391113663603e-04
9.819418953370747261e-04
9.808591934674399260e-04
9.837667557905803613e-04
9.849541721305798796e-04
9.858122749741777321e-04
9.863900938005558307e-04
9.849695983717866171e-04
9.840672304603751037e-04
9.830070323348892580e-04
9.818204868990722776e-04
9.805340327545914933e-04
9.791698850848903641e-04
9.777467011159147146e-04
9.762801155532507217e-04
9.747831624702307449e-04
9.725665407652031363e-04
9.712736222122301264e-04
9.699467937892867564e-04
9.685965511996910953e-04
9.672316050104061771e-04
9.658592136813304524e-04
9.644854012335460141e-04
9.619894632588428616e-04
9.608706657309878680e-04
9.597333520418078632e-04
9.585842277697815064e-04
9.574284096704147474e-04
9.562709978346690086e-04
9.535547140258457312e-04
9.526620535223320274e-04
9.517482530480794343e-04
9.508193076254024649e-04
9.498802063879935613e-04
9.489351525637853158e-04
9.479876750137631626e-04
9.470407243826785282e-04
9.460967559860680200e-04
9.451578012501147229e-04
9.442255292708839898e-04
9.433012998443162734e-04
9.423862091331540718e-04
9.397088906980477973e-04
9.390877286941518021e-04
9.384485334387861286e-04
9.377954371636397632e-04
9.348717180092527357e-04
9.344858909504041465e-04
9.340658140850647499e-04
9.336172826077407871e-04
9.331452015237212379e-04
9.326537901196943654e-04
9.321466741970646204e-04
9.290440556869029691e-04
9.288101620140536141e-04
9.285393901975292708e-04
9.282373194291551610e-04
9.279086886020200976e-04
9.275575949089016241e-04
9.271875790462874795e-04
9.268016991938754241e-04
9.264025952600677977e-04
9.259925446690104624e-04
9.255735107974524681e-04
9.251471850245760343e-04
9.221556184714385825e-04
9.187432756805349009e-04
9.188892417412174206e-04
9.189777946092496765e-04
9.151782649236255701e-04
9.248925086235852732e-04
9.250711156285563921e-04
9.251916444554217659e-04
9.252612415597909722e-04
9.161863428384614365e-04
9.162428844098183299e-04
9.162638062259260323e-04
9.162532286275092966e-04
9.162147558852553686e-04
9.161515426815970654e-04
9.160663520021890011e-04
9.123408516324333934e-04
9.219903503714500879e-04
9.220682591197928513e-04
9.221077079405435618e-04
9.221131293248274437e-04
9.273005251232856096e-04
9.323900581273826364e-04
9.387040076030458546e-04
9.447907788438880770e-04
9.478116263087300397e-04
9.537799755968194527e-04
9.562564608694564764e-04
9.614178927771808514e-04
9.647894171694697263e-04
9.675726412878550521e-04
9.691277126346743275e-04
9.726375551228171176e-04
9.745445014276325280e-04
9.760849283440939817e-04
9.773123524959839367e-04
9.782723129056838680e-04
9.790036422068634173e-04
9.795394720332800589e-04
9.799080844920644243e-04
9.801336339629340179e-04
9.802367594843920413e-04
9.802351047085713313e-04
9.801437596843383827e-04
9.799756364624917677e-04
9.797417886261282783e-04
9.794516832678408502e-04
9.791134326101629589e-04
9.787339913530348958e-04
9.783193248964494344e-04
9.778745527985633224e-04
9.774040711652538880e-04
9.769116571062650290e-04
9.773711431248644898e-04
9.768338727089104310e-04
9.762832795344771530e-04
9.757214338739849486e-04
9.751501204373463341e-04
9.745708790856222369e-04
9.739850396609078245e-04
9.733937517917211303e-04
9.727980104062297845e-04
9.721986775777100498e-04
9.715965012348316615e-04
9.743183710898108488e-04
9.739583323320320394e-04
9.735627255258638615e-04
9.731365686946745648e-04
9.726841368131289951e-04
9.722091432413633525e-04
9.717148144377565347e-04
9.712039546634091075e-04
9.740073396437118509e-04
9.727345231837492001e-04
9.742947466566973056e-04
9.752235103520432834e-04
9.750518824508645505e-04
9.748207910030678904e-04
9.745383049729448464e-04
9.742113789066688453e-04
9.738460541497092390e-04
9.734475798863651691e-04
9.749187949955565469e-04
9.757726218582468301e-04
9.755227422027304158e-04
9.752240483271596696e-04
9.748831976978260564e-04
9.745059190208841008e-04
9.740971903414079400e-04
9.736613384505850635e-04
9.732021250577710478e-04
9.727228215092322515e-04
9.722262735832362234e-04
9.726799716381680921e-04
9.721450945182740638e-04
9.715996836894162441e-04
9.710453711291932655e-04
9.704835788939482517e-04
9.699155467535177993e-04
9.693423561676047309e-04
9.687649510891248794e-04
9.681841560153242208e-04
9.676006916514529000e-04
9.670151885033574516e-04
9.664281986732873187e-04
9.658402060968486079e-04
9.652516354274349314e-04
9.646628597471527304e-04
9.640742072594857097e-04
9.634859670984159252e-04
9.668471423252250185e-04
9.664939445854771284e-04
9.661077512978458876e-04
9.656933069444324346e-04
9.652546479485474892e-04
9.647952801763208996e-04
9.681217109225580828e-04
9.678680007043710069e-04
9.675671756349872544e-04
9.672258360797331665e-04
9.668496294110025778e-04
9.664434593868953755e-04
9.660115847415174858e-04
9.655577046341174644e-04
9.650850327336774970e-04
9.645963614574969277e-04
9.640941176778048674e-04
9.635804110338660284e-04
9.630570758344571139e-04
9.625257074037278171e-04
9.619876936093444157e-04
9.654840602860634280e-04
9.651687799684525353e-04
9.648158711140439065e-04
9.644307118358691738e-04
9.640178874468222558e-04
9.635813792633475365e-04
9.631246446982344575e-04
9.626506866749670035e-04
9.661325057842799898e-04
9.658666150074209783e-04
9.655560260587060925e-04
9.652070489899152502e-04
9.685662610592896604e-04
9.674160873277649420e-04
9.681700539692059170e-04
9.678917409337106734e-04
9.675696808324751874e-04
9.672099543399871515e-04
9.694498632491715213e-04
9.692374673403127876e-04
9.690159655605338086e-04
9.687437669342698803e-04
9.684278084224410806e-04
9.680741234362401533e-04
9.686497919699249993e-04
9.682242990817348065e-04
9.703643617566973332e-04
9.721554769933823384e-04
9.735657950924701820e-04
9.726401367986428192e-04
9.716776726013534116e-04
9.706900562298808504e-04
9.696868634713147255e-04
9.686759714234921071e-04
9.676638190444481575e-04
9.666556293728199942e-04
9.656555990466070749e-04
9.646670598993285512e-04
9.636926167043424751e-04
9.627342645377899230e-04
9.617934887211813206e-04
9.608709103022637513e-04
9.599677231873918540e-04
9.590843391879705923e-04
9.582209318966176774e-04
9.573774808537947488e-04
9.565538088401382734e-04
9.557496133697083096e-04
9.549644932305905798e-04
9.552193558884956382e-04
9.547168907655217670e-04
9.542010091013630084e-04
9.536752555006696320e-04
9.531425270021375972e-04
9.526052406729437370e-04
9.524612847250713606e-04
9.521889553774197249e-04
9.518855185309468836e-04
9.515562090797899343e-04
9.512054275405162256e-04
9.508369300101585531e-04
9.504539175174315808e-04
9.500591132943219004e-04
9.496548295983025688e-04
9.492430254828838204e-04
9.488400749087024530e-04
9.487051695111643193e-04
9.485347572559967412e-04
9.483339254004341133e-04
9.481069881201097073e-04
9.478576668073379445e-04
9.475891699801316246e-04
9.473042625641966714e-04
9.470053259653731870e-04
9.466944101479601772e-04
9.461384955804886610e-04
9.461083035035152636e-04
9.460380967584587327e-04
9.459330825687354161e-04
9.449711148793045988e-04
9.451242758907463237e-04
9.452214406185411059e-04
9.452695725324047242e-04
9.452746584408887971e-04
9.452419131355981529e-04
9.451758802272448553e-04
9.450805198185351650e-04
9.449592847437500529e-04
9.438192403949196120e-04
9.421397661674070110e-04
9.425880026028395564e-04
9.429581603690447922e-04
9.432594070563044648e-04
9.434996778263888629e-04
9.436859113611871346e-04
9.438241780395801575e-04
9.439197915602014861e-04
9.419912576219309367e-04
9.423614801019902397e-04
9.426680930668244508e-04
9.429181997350451813e-04
9.431179464698888348e-04
9.432727240420430001e-04
9.410688916038239572e-04
9.415022450534743514e-04
9.418698373146804992e-04
9.421788168703247503e-04
9.424353793403639559e-04
9.426449680818394872e-04
9.428123695703322484e-04
9.429417965785277323e-04
9.430369607281335106e-04
9.407936300412760846e-04
9.411855460977581415e-04
9.415185360793172425e-04
9.417987967701781397e-04
9.420316982206766634e-04
9.422219685798009217e-04
9.423737750003168901e-04
9.424907942268114175e-04
9.425762741974216949e-04
9.426330878040162405e-04
9.426637798099550504e-04
9.426706077974492505e-04
9.406781457096879354e-04
9.409927818267770170e-04
9.412555413612774206e-04
9.414718045044781578e-04
9.416462274688938488e-04
9.417829145231012937e-04
9.395829755110533419e-04
9.400121602926002091e-04
9.403798264823083489e-04
9.406924070568528770e-04
9.381183789357216063e-04
9.387063671903435411e-04
9.356143270971510996e-04
9.364485133046521366e-04
9.371900260612886155e-04
9.378485538310730400e-04
9.384325452104412503e-04
9.389494444661472755e-04
9.394058169655772556e-04
9.398074587624259115e-04
9.401594923563909908e-04
9.404664503732289901e-04
9.407323486909863544e-04
9.409607503456324327e-04
9.411548213810969630e-04
9.413173796617279460e-04
9.414509375367734016e-04
9.415577391342264645e-04
9.390218103386061737e-04
9.394460437185964824e-04
9.364222556133331397e-04
9.371240542280084851e-04
9.377476254447097547e-04
9.383009011011375937e-04
9.387907937486699838e-04
9.392234051306182782e-04
9.396041270123048871e-04
9.399377293006479315e-04
9.402284370715248982e-04
9.404799979023666752e-04
9.406957407317092243e-04
9.408786273138439096e-04
9.410312972023781013e-04
9.411561070790556505e-04
9.385868291724575171e-04
9.390285598543363478e-04
9.394146360689876974e-04
9.397504816040047702e-04
9.400408067641915361e-04
9.402897793270892672e-04
9.405010918416089162e-04
9.406780204259077320e-04
9.408234761544413162e-04
9.409400499697385522e-04
9.410300519366971653e-04
9.387126906295480914e-04
9.391161304007286659e-04
9.394650870710782170e-04
9.397649665508162140e-04
9.400204590756804264e-04
9.402357104330054871e-04
9.404143897494272701e-04
9.405597486935931163e-04
9.406746731971686506e-04
9.407617286410136555e-04
9.408231993338923025e-04
9.408611230066339344e-04
9.408773209533125492e-04
9.389575929835860917e-04
9.392858000775801321e-04
9.395632394840216194e-04
9.397950518191420730e-04
9.399856888290196010e-04
9.401390813070212207e-04
9.402587042517931894e-04
9.403476337420468107e-04
9.404085965970945338e-04
9.385237236904313924e-04
9.388870370604753598e-04
9.391954064877939276e-04
9.394544938182918621e-04
9.396692060831657962e-04
9.398438715837412628e-04
9.399823124405051224e-04
9.400879079108176396e-04
9.401636496660669730e-04
9.402121900508156370e-04
9.402358842166617893e-04
9.402368269102323465e-04
9.402168845956734161e-04
9.401777235056347918e-04
9.401208341391928489e-04
9.400475526592944747e-04
9.399590795846927624e-04
9.398564961210980695e-04
9.397407784323601274e-04
9.396128101141909420e-04
9.394733930994653278e-04
9.393232571949356423e-04
9.391630684237012956e-04
9.389934363255236175e-04
9.383311037510383987e-04
9.384637308711418768e-04
9.385551795403987039e-04
9.386099408529409915e-04
9.386318807321606967e-04
9.386244001183930525e-04
9.385904939558870411e-04
9.385328025950457134e-04
9.384536566010608571e-04
9.377503493282897092e-04
9.379573254701240557e-04
9.381149946051959296e-04
9.382288342608140121e-04
9.383035723817098779e-04
9.372586933264930639e-04
9.376018228120113797e-04
9.378834190373632178e-04
9.381103220623576060e-04
9.382884551858114734e-04
9.384230213102758879e-04
9.385185943908300145e-04
9.385791991462232075e-04
9.386083805563025717e-04
9.374696779436050278e-04
9.357496875750954263e-04
9.363610346877193060e-04
9.368884224915705701e-04
9.373411080175496129e-04
9.377271396470914866e-04
9.380535893572708840e-04
9.383266761048805922e-04
9.363327419585588344e-04
9.337468727602674318e-04
9.345976771685114877e-04
9.353502108829123097e-04
9.360149572554665037e-04
9.366010583119259393e-04
9.371165628731313417e-04
9.375685634398413931e-04
9.379633157368898579e-04
9.383063431330315078e-04
9.386025278539874856e-04
9.388561906627462903e-04
9.390711604688657156e-04
9.392508351432365564e-04
9.393982346530434496e-04
9.395160474904428339e-04
9.396066712451772284e-04
9.396722480636393029e-04
9.397146956428207134e-04
9.397357343254072581e-04
9.397369107905119553e-04
9.397196187718066807e-04
9.396851171800547214e-04
9.396345459592016312e-04
9.381533574949540511e-04
9.384152222757645868e-04
9.386303784172724289e-04
9.367145718946346799e-04
9.372069628036477874e-04
9.376316628784271386e-04
9.379958182245791897e-04
9.383056369514474870e-04
9.385665879116949660e-04
9.387834934979745818e-04
9.389606106373893629e-04
9.391017015016977880e-04
9.392100952411807204e-04
9.392887418838597206e-04
9.393402593967033242e-04
9.393669747788400753e-04
9.393709599462436157e-04
9.378293734846307505e-04
9.381374674893611532e-04
9.383943135238833428e-04
9.386052171869489974e-04
9.387747717673802219e-04
9.389070291664912719e-04
9.390055678030280375e-04
9.390735518638902105e-04
9.391137830202732871e-04
9.391287455693263404e-04
9.391206458392002557e-04
9.377466750872243389e-04
9.357953895525533087e-04
9.363965400256858826e-04
9.369182927284221401e-04
9.373692124415966120e-04
9.377567476227409351e-04
9.354275926166891880e-04
9.360771770268169279e-04
9.366472223931367625e-04
9.371460872622107245e-04
9.375810487077257263e-04
9.379585187033663042e-04
9.382841524338249523e-04
9.385629428676938498e-04
9.387993033527750096e-04
9.389971397536390086e-04
9.391599134583947109e-04
9.392906964133554372e-04
9.393922191973509651e-04
9.394669130191875099e-04
9.395169464097049943e-04
9.395442572820793779e-04
9.395505809485409435e-04
9.395374746070633398e-04
9.379296016318803804e-04
9.382269779605054497e-04
9.384752304997366233e-04
9.386793673915084808e-04
9.388437233387564827e-04
9.389721257284118884e-04
9.371516657259767319e-04
9.375710401967997723e-04
9.379299654373799951e-04
9.382347418159438799e-04
9.384908366458419565e-04
9.387030700326467157e-04
9.388756960276168750e-04
9.390124734567065938e-04
9.391167277554589082e-04
9.391914049539265390e-04
9.392391188103642406e-04
9.392621919655464932e-04
9.392626918787714586e-04
9.377599112505486832e-04
9.380639106490256361e-04
9.383168121767605438e-04
9.385239195628428902e-04
9.386898237568898871e-04
9.388185739453551188e-04
9.389137455429988517e-04
9.389784995157127905e-04
9.390156341566018722e-04
9.390276302772803925e-04
9.390166906538991798e-04
9.389847744605588553e-04
9.389336273294617919e-04
9.377535481232638368e-04
9.380034642236576405e-04
9.382049090631341135e-04
9.383630123154345888e-04
9.384822074558618740e-04
9.385664007726332320e-04
9.386190377912873722e-04
9.386431612040706729e-04
9.386414614073048746e-04
9.386163205917946208e-04
9.385698512106431957e-04
9.385039295435665049e-04
9.384202249849338175e-04
9.383202256026310605e-04
9.382052604449399270e-04
9.380765190115882999e-04
9.379350682519396742e-04
9.377818674068346717e-04
9.372754187836214966e-04
9.374188397462144889e-04
9.375195478130153755e-04
9.365583241091803447e-04
9.369209892729805315e-04
9.372197972310068910e-04
9.374618878417669042e-04
9.376534457699996781e-04
9.377999017456885474e-04
9.379060283332097629e-04
9.379760234047611811e-04
9.380135829143172038e-04
9.380219643461559179e-04
9.380040420353957667e-04
9.379623554041378441e-04
9.378991510228120538e-04
9.378164192895317589e-04
9.377159264185199036e-04
9.375992423399405473e-04
9.374677650361650481e-04
9.373227417721014063e-04
9.371652876184386177e-04
9.369964016154567641e-04
9.368169808803709963e-04
9.366261337274573578e-04
9.367382045014928903e-04
9.368086627646846250e-04
9.368421863911356121e-04
9.368428002607751947e-04
9.368140401744202202e-04
9.367590151480646677e-04
9.366804616706128281e-04
9.365807909785016719e-04
9.363140763561870463e-04
9.364924847205229747e-04
9.366221061609920169e-04
9.367084837786751779e-04
9.367563985618300925e-04
9.367700468897824937e-04
9.367531150894143656e-04
9.367088443731668356e-04
9.366400874166435622e-04
9.365493576544823727e-04
9.364388722338562628e-04
9.363105894437762176e-04
9.361470496958555244e-04
9.362995580533524723e-04
9.364055726168053892e-04
9.364703826224964143e-04
9.364985465927872172e-04
9.364940659588953100e-04
9.364604561181280378e-04
9.364008083192614526e-04
9.363178435772011353e-04
9.362139596458407412e-04
9.360912719451264718e-04
9.359516492226399196e-04
9.357967446292768821e-04
9.356280228008741250e-04
9.357062458239614631e-04
9.352138046138055473e-04
9.356085401841302733e-04
9.359312269269417367e-04
9.361902122528176912e-04
9.363927279845197550e-04
9.365451118391242237e-04
9.356810429876434489e-04
9.360837126155153055e-04
9.364174179519347153e-04
9.366899354389394061e-04
9.369080065132420624e-04
9.370775487856227663e-04
9.372037607539041590e-04
9.372912130602932936e-04
9.373439280413861305e-04
9.373654490767411879e-04
9.373589010478199134e-04
9.373270430501855471e-04
9.372723143547446621e-04
9.371968744857190302e-04
9.371026381714903574e-04
9.369913058271809366e-04
9.368643901431988148e-04
9.367232392801058032e-04
9.365690571058691303e-04
9.364029208554771819e-04
9.362257965440488753e-04
9.360385524219772338e-04
9.359983107267422480e-04
9.361004414082059249e-04
9.361613007123726704e-04
9.361855588531688968e-04
9.361772333338504561e-04
9.361398528878449874e-04
9.360765197598884362e-04
9.359899639469864948e-04
9.358825904541410610e-04
9.357565204664964427e-04
9.356136272231158546e-04
9.354555672762711717e-04
9.352838077318505585e-04
9.350996499896219128e-04
9.349042504351358102e-04
9.346986384767464904e-04
9.344837322704269708e-04
9.342603524307970192e-04
9.347434807375277262e-04
9.347996419974976363e-04
9.348161633931877492e-04
9.347977030446932237e-04
9.347482604795064563e-04
9.346713416167800942e-04
9.345700220797637089e-04
9.344470022954273368e-04
9.343046554638002659e-04
9.341450693217847982e-04
9.339700825061903605e-04
9.337813162162744750e-04
9.335802017852684424e-04
9.333680046912701169e-04
9.331458454691290852e-04
9.329147179250766664e-04
9.337096921222630538e-04
9.337502815314071376e-04
9.340264706624404637e-04
9.342985337967378958e-04
9.345064218359272869e-04
9.342587465835722931e-04
9.346827133932626968e-04
9.350291124657808105e-04
9.353070717250072490e-04
9.355245005320202058e-04
9.356883242201783236e-04
9.358046101832643085e-04
9.358786776632477961e-04
9.359151933666196455e-04
9.359182547443697974e-04
9.358914625320979104e-04
9.355427972833138409e-04
9.357848595131104761e-04
9.359720083376993219e-04
9.351411578882128225e-04
9.355717556040014102e-04
9.359301947595728005e-04
9.362246381177537734e-04
9.364621654676663631e-04
9.366489907418752529e-04
9.367905720618207189e-04
9.368917076436561551e-04
9.358524937245930398e-04
9.362230246270331849e-04
9.365307235938959357e-04
9.367824887429191186e-04
9.369843002336015157e-04
9.371414167505038488e-04
9.372584667239176014e-04
9.373395278648307630e-04
9.373881965299618374e-04
9.374076482209362567e-04
9.374006903542771250e-04
9.373698082930379330e-04
9.373172055038657803e-04
9.365089820255777849e-04
9.367474058194044835e-04
9.369358547705689553e-04
9.370797453997842729e-04
9.371837597534893576e-04
9.372520191988834405e-04
9.361876220116797931e-04
9.365321459170791035e-04
9.349324826237485550e-04
9.355195581232092147e-04
9.360255050042968952e-04
9.339127898760350883e-04
9.346520197841841739e-04
9.352998950040845210e-04
9.358662637541743587e-04
9.363597054883700862e-04
9.367877702806100357e-04
9.371571080786464955e-04
9.374735815313731601e-04
9.377423644974496736e-04
9.379680280569516887e-04
9.381546156156354713e-04
9.383057084890201191e-04
9.384244831769906993e-04
9.385137613856576241e-04
9.385760537188273401e-04
9.386135978442044061e-04
9.386283918370513573e-04
9.386222233147098904e-04
9.385966948973579549e-04
9.385532464622783856e-04
9.384931745994658410e-04
9.384176496244751821e-04
9.383277304591168891e-04
9.382243776510339065e-04
9.381084647686583440e-04
9.379807883779361097e-04
9.378420767808573174e-04
9.376929976729120103e-04
9.375341648565319215e-04
9.373661441300983966e-04
9.371894584568603130e-04
9.370045925047787091e-04
9.368119966367079079e-04
9.366120904202015693e-04
9.364052657173874009e-04
9.361918894076589129e-04
9.359723057892049142e-04
9.357468386995225875e-04
9.355157933899826625e-04
9.352794581850090456e-04
9.350381059525910083e-04
9.347919954094246206e-04
9.345413722810301093e-04
9.342864703346328865e-04
9.340275123003098472e-04
9.337647106939739533e-04
9.334982685540429894e-04
9.332283801021494388e-04
9.329552313369508581e-04
9.326790005689540152e-04
9.415052423808427514e-04
9.412912257339260420e-04
9.483383354901077670e-04
9.332443126773464284e-04
9.331888230001398775e-04
9.331041377692366953e-04
9.337257384690793392e-04
9.338875544979658794e-04
9.339658107468405733e-04
9.343409743371110764e-04
9.346412784878322397e-04
9.348756642799992220e-04
9.350518717393148512e-04
9.351766723753950723e-04
9.352559936050949731e-04
9.352950270650118485e-04
9.352983229201073095e-04
9.352698719841157386e-04
9.352131772310724343e-04
9.351313160719982882e-04
9.350269945924254969e-04
9.349025947913081535e-04
9.347602157269926677e-04
9.346017093586080592e-04
9.344287117691006412e-04
9.342426703673295226e-04
9.340448675892924855e-04
9.338364415512398617e-04
9.336184040488513343e-04
9.342096766736964321e-04
9.342674741362603282e-04
9.343400469460547662e-04
9.346333106848934286e-04
9.348617043523566516e-04
9.350329001744564885e-04
9.346298987240596627e-04
9.350310756212408363e-04
9.353590566424639131e-04
9.356223426443894186e-04
9.358282995553629221e-04
9.359833823192236293e-04
9.360932513173248447e-04
9.361628737679373842e-04
9.361966120621826540e-04
9.361983007245556739e-04
9.361713134672449647e-04
9.361186216172292596e-04
9.360428450296369701e-04
9.357202052182770702e-04
9.359225006545467389e-04
9.360744365558316959e-04
9.361816838912288179e-04
9.362491390505311810e-04
9.362811028452775039e-04
9.362813562532771661e-04
9.362532264060110816e-04
9.361996440938514684e-04
9.361231938824226715e-04
9.360261577923453379e-04
9.359105533718271776e-04
9.357781668845943169e-04
9.356305822425424945e-04
9.354692062313579165e-04
9.352952905066993670e-04
9.351099507769679471e-04
9.349141835350724622e-04
9.347088806548680632e-04
9.349996501429697852e-04
9.350773370620159720e-04
9.351144270830342130e-04
9.349410310832486108e-04
9.352268468043068448e-04
9.354509180901801569e-04
9.356204186519657051e-04
9.357415521997505771e-04
9.358197559679077996e-04
9.358597987361050741e-04
9.358658661898636762e-04
9.358416352748252310e-04
9.357903389675075291e-04
9.357148227010316822e-04
9.356175935239300061e-04
9.355008629307305862e-04
9.353665841816061676e-04
9.352164848227713378e-04
9.350520950273258705e-04
9.348747722961994657e-04
9.346857229891213570e-04
9.344860210948461362e-04
9.342766245969861627e-04
9.340583897457669987e-04
9.338320835059400098e-04
9.335983944161423262e-04
9.333579420646133861e-04
9.331112853596647489e-04
9.328589297502776949e-04
9.326013335320770901e-04
9.334674893088678368e-04
9.334854655250489136e-04
9.334662839836683785e-04
9.334144082150204122e-04
9.333336636588364940e-04
9.332274003603872187e-04
9.337824794138928873e-04
9.339298705848383866e-04
9.340262775853174892e-04
9.340857541362255524e-04
9.344105972945695917e-04
9.346670010744206371e-04
9.341981150706738174e-04
9.346699136836463797e-04
9.336187269896633386e-04
9.342855948925031821e-04
9.348556265687823792e-04
9.353399302371002240e-04
9.357481617733464816e-04
9.360887876361585107e-04
9.363692362414167752e-04
