1.377195608799854261e-02
1.562332448071406671e-02
1.707419652708187102e-02
1.378817212193081919e-02
1.563604808373367586e-02
1.378445539221413545e-02
1.378027719616055878e-02
1.378026853809042641e-02
1.562984682087115509e-02
1.707931694352649715e-02
1.378818555203382111e-02
1.563605862083356293e-02
1.708419327851247102e-02
1.843198473741296597e-02
1.379156799404342333e-02
1.378029193706863977e-02
1.378026856858751911e-02
1.378026852024112972e-02
1.378026852014110210e-02
1.378026852014090260e-02
1.378026852014090260e-02
1.378026852014089566e-02
1.562984680678741745e-02
1.378444107427586468e-02
1.563312069733874612e-02
1.378444862917772851e-02
1.378027718217536557e-02
1.378026853806148776e-02
1.378026852017797364e-02
1.562984680681652611e-02
1.378444107427593754e-02
1.378027716655193073e-02
1.562985359101867061e-02
1.378444108992425352e-02
1.378027716658427292e-02
1.378026853802923404e-02
1.562984682082312407e-02
1.707931694348883284e-02
1.378818555203373090e-02
1.563605862083347620e-02
1.708419327851239816e-02
1.843198473741292434e-02
1.379156799404341639e-02
1.378029193706863977e-02
1.562986518040434397e-02
1.707933135638010913e-02
1.378818558988142290e-02
1.563605865052829919e-02
1.378445541664434677e-02
1.563313195048148668e-02
1.378444865516285402e-02
1.378027718222911771e-02
1.378026853806160398e-02
1.378026852017797191e-02
1.562984680681651223e-02
1.378444107427592713e-02
1.563312069733885021e-02
1.378444862917771463e-02
1.378027718217536730e-02
1.378026853806148602e-02
1.562984682084843369e-02
1.707931694350866419e-02
1.842801594433927589e-02
1.379155638956305191e-02
1.378029191298422128e-02
1.378026856853768745e-02
1.378026852024102390e-02
1.378026852014110210e-02
1.562984680678756316e-02
1.378444107427586988e-02
1.563312069733880164e-02
1.708188701577607535e-02
1.378819230425153315e-02
1.378028493234922068e-02
1.378026855409560623e-02
1.378026852021115196e-02
1.378026852014105179e-02
1.562984680678754582e-02
1.378444107427586468e-02
1.378027716655192206e-02
1.378026853802915772e-02
1.378026852017790772e-02
1.378026852014097546e-02
1.562984680678747643e-02
1.378444107427586642e-02
1.563312069733878082e-02
1.378444862917771463e-02
1.378027718217536730e-02
1.378026853806148602e-02
1.378026852017797017e-02
1.378026852014097893e-02
1.562984680678746602e-02
1.378444107427587335e-02
1.378027716655193420e-02
1.378026853802917506e-02
1.378026852017790425e-02
1.378026852014098066e-02
1.378026852014089393e-02
1.378026852014089740e-02
1.378026852014089913e-02
1.378026852014089913e-02
1.562984680678742785e-02
1.378444107427587335e-02
1.563312069733882245e-02
1.708188701577617596e-02
1.843010769054981290e-02
1.379156250184351319e-02
1.378029192567011528e-02
1.562986517146075158e-02
1.378444111663560019e-02
1.378027716663941631e-02
1.562985359108734137e-02
1.378444108992440964e-02
1.378027716658427465e-02
1.378026853802922884e-02
1.562984682082311366e-02
1.378444107430823982e-02
1.563312069736418411e-02
1.378444862917777534e-02
1.378027718217535516e-02
1.378026853806148602e-02
1.378026852017796844e-02
1.378026852014097546e-02
1.378026852014089566e-02
1.378026852014089913e-02
1.562984680678740357e-02
1.378444107427586121e-02
1.563312069733878429e-02
1.378444862917772330e-02
1.378027718217536210e-02
1.562985360327728487e-02
1.707932226794479577e-02
1.842802027781081584e-02
1.952114637868017019e-02
1.379479640263947537e-02
1.564124520016344291e-02
1.378446741601710782e-02
1.378027722102592723e-02
1.562985363376061254e-02
1.707932229187524020e-02
1.378818556607834360e-02
1.378028491838715654e-02
1.378026855406672135e-02
1.562984683340664857e-02
1.378444107433726348e-02
1.378027716655205737e-02
1.378026853802916465e-02
1.378026852017790772e-02
1.378026852014097026e-02
1.378026852014089913e-02
1.378026852014089740e-02
1.378026852014089913e-02
1.562984680678742438e-02
1.378444107427586295e-02
1.378027716655192900e-02
1.378026853802916118e-02
1.562984682082305121e-02
1.378444107430824156e-02
1.378027716655198451e-02
1.378026853802917506e-02
1.378026852017790946e-02
1.378026852014097893e-02
1.378026852014090260e-02
1.378026852014089913e-02
1.562984680678742438e-02
1.707931693247035851e-02
1.378818555200479225e-02
1.378028491835798716e-02
1.562985967331589898e-02
1.378444110395361105e-02
1.378027716661319770e-02
1.562985359106677796e-02
1.378444108992436801e-02
1.563312070961672684e-02
1.378444862920607909e-02
1.378027718217542802e-02
1.378026853806148949e-02
1.562984682084842328e-02
1.378444107430829707e-02
1.378027716655200012e-02
1.378026853802916639e-02
1.378026852017790252e-02
1.562984680681646019e-02
1.378444107427593060e-02
1.378027716655192379e-02
1.378026853802916812e-02
1.378026852017791119e-02
1.378026852014098066e-02
1.378026852014089913e-02
1.378026852014089740e-02
1.378026852014090087e-02
1.378026852014090781e-02
1.378026852014089740e-02
1.378026852014089566e-02
1.562984680678742438e-02
1.707931693247030300e-02
1.378818555200479051e-02
1.378028491835799237e-02
1.378026855406666931e-02
1.378026852021108258e-02
1.378026852014104311e-02
1.378026852014089740e-02
1.378026852014089566e-02
1.562984680678742438e-02
1.378444107427586642e-02
1.378027716655192379e-02
1.378026853802916639e-02
1.378026852017790772e-02
1.378026852014097546e-02
1.562984680678747643e-02
1.378444107427586642e-02
1.563312069733878082e-02
1.378444862917771463e-02
1.378027718217536730e-02
1.378026853806148602e-02
1.378026852017797017e-02
1.378026852014097893e-02
1.378026852014090260e-02
1.378026852014089913e-02
1.378026852014090781e-02
1.378026852014089913e-02
1.562984680678740704e-02
1.378444107427586988e-02
1.378027716655192900e-02
1.378026853802917506e-02
1.378026852017790425e-02
1.378026852014097373e-02
1.378026852014090434e-02
1.378026852014090087e-02
1.378026852014089913e-02
1.562984680678740704e-02
1.378444107427586468e-02
1.378027716655192379e-02
1.378026853802916812e-02
1.378026852017791119e-02
1.562984680681645325e-02
1.378444107427593407e-02
1.563312069733886756e-02
1.708188701577621760e-02
1.378819230425152795e-02
1.378028493234922588e-02
1.562985968429385017e-02
1.378444110397892934e-02
1.378027716661325147e-02
1.378026853802929302e-02
1.378026852017789732e-02
1.562984680681644631e-02
1.707931693249303828e-02
1.378818555200484429e-02
1.563605862081080683e-02
1.708419327849461031e-02
1.843198473739850185e-02
1.379156799404337823e-02
1.378029193706863803e-02
1.562986518040436479e-02
1.707933135638011260e-02
1.378818558988143331e-02
1.378028491843648340e-02
1.378026855406683064e-02
1.378026852021108951e-02
1.378026852014104485e-02
1.562984680678753541e-02
1.378444107427586642e-02
1.378027716655192379e-02
1.378026853802916639e-02
1.378026852017790772e-02
1.562984680681645325e-02
1.378444107427592713e-02
1.563312069733882592e-02
1.708188701577616209e-02
1.843010769054985107e-02
1.379156250184351666e-02
1.378029192567011355e-02
1.378026856856393728e-02
1.562984684478158082e-02
1.378444107436349944e-02
1.378027716655211288e-02
1.378026853802916812e-02
1.378026852017790772e-02
1.378026852014097546e-02
1.562984680678747643e-02
1.707931693247036545e-02
1.842801593535543792e-02
1.952114283893118668e-02
1.379479639097255968e-02
1.564124519101008776e-02
1.378446741599590950e-02
1.378027722102588559e-02
1.378026853814186790e-02
1.378026852017814018e-02
1.378026852014098413e-02
1.378026852014090087e-02
1.378026852014089913e-02
1.378026852014089740e-02
1.562984680678742092e-02
1.707931693247029606e-02
1.842801593535541710e-02
1.952114283893117627e-02
1.379479639097255274e-02
1.378029864106023426e-02
1.378026858245727862e-02
1.378026852026982031e-02
1.378026852014116801e-02
1.378026852014089740e-02
1.562984680678738969e-02
1.378444107427586468e-02
1.378027716655192900e-02
1.378026853802916812e-02
1.378026852017790078e-02
1.378026852014097893e-02
1.562984680678748337e-02
1.378444107427586988e-02
1.563312069733880511e-02
1.378444862917771810e-02
1.378027718217536210e-02
1.378026853806149296e-02
1.562984682084844062e-02
1.707931694350866419e-02
1.378818555203377427e-02
1.378028491835805482e-02
1.378026855406666758e-02
1.378026852021108258e-02
1.378026852014104485e-02
1.378026852014089913e-02
1.378026852014090781e-02
1.562984680678740704e-02
1.378444107427586988e-02
1.378027716655193073e-02
1.378026853802915772e-02
1.378026852017790772e-02
1.378026852014097546e-02
1.562984680678747643e-02
1.378444107427586642e-02
1.378027716655192726e-02
1.378026853802917159e-02
1.378026852017791640e-02
1.562984680681647406e-02
1.378444107427593060e-02
1.378027716655192379e-02
1.378026853802916986e-02
1.378026852017790946e-02
1.562984680681647059e-02
1.378444107427593407e-02
1.563312069733885021e-02
1.378444862917772330e-02
1.378027718217536210e-02
1.378026853806149123e-02
1.378026852017797711e-02
1.562984680681651917e-02
1.707931693249320135e-02
1.842801593537397864e-02
1.379155638953686973e-02
1.563870334234275863e-02
1.708626932127820658e-02
1.843367441948519023e-02
1.379157294344247192e-02
1.563871633015955637e-02
1.708627951621331451e-02
1.843368271712096662e-02
1.952576213888388909e-02
1.379481164315224211e-02
1.564125715725112747e-02
1.378446744371133841e-02
1.378027722108319392e-02
1.378026853814197893e-02
1.378026852017813844e-02
1.378026852014098066e-02
1.378026852014089913e-02
1.378026852014089913e-02
1.378026852014090260e-02
1.378026852014089913e-02
1.378026852014090260e-02
1.378026852014089913e-02
1.378026852014090260e-02
1.562984680678741051e-02
1.707931693247030647e-02
1.842801593535535812e-02
1.379155638953681422e-02
1.563870334234273088e-02
1.378446153239449613e-02
1.378027720885881442e-02
1.378026853811669013e-02
1.562984682089175320e-02
1.378444107430839595e-02
1.563312069736430207e-02
1.378444862917778228e-02
1.378027718217535863e-02
1.562985360327727793e-02
1.378444108995253124e-02
1.378027716658433537e-02
1.378026853802923404e-02
1.378026852017790772e-02
1.378026852014097893e-02
1.562984680678746602e-02
1.378444107427586468e-02
1.378027716655192032e-02
1.378026853802916812e-02
1.378026852017790252e-02
1.378026852014098066e-02
1.378026852014089393e-02
1.562984680678740357e-02
1.707931693247031341e-02
1.378818555200479051e-02
1.378028491835799410e-02
1.562985967331590939e-02
1.378444110395359891e-02
1.563312072062417180e-02
1.378444862923149106e-02
1.378027718217548006e-02
1.378026853806149123e-02
1.378026852017797364e-02
1.378026852014097373e-02
1.562984680678750071e-02
1.707931693247039320e-02
1.378818555200478704e-02
1.563605862081076867e-02
1.378445541657564652e-02
1.378027719621094209e-02
1.562985361429002074e-02
1.378444108997792586e-02
1.378027716658438220e-02
1.378026853802923925e-02
1.562984682082314489e-02
1.378444107430824503e-02
1.378027716655199839e-02
1.378026853802916986e-02
1.562984682082308938e-02
1.378444107430824156e-02
1.378027716655200186e-02
1.378026853802916639e-02
1.378026852017790946e-02
1.378026852014097546e-02
1.562984680678746949e-02
1.378444107427586642e-02
1.378027716655192379e-02
1.562985359101868102e-02
1.707932225832139994e-02
1.378818556599023006e-02
1.563605863178356772e-02
1.378445541660101685e-02
1.563313195044748610e-02
1.708189584956312790e-02
1.378819232747689055e-02
1.563606393676542430e-02
1.378445542886607388e-02
1.563313196007076050e-02
1.708189585711745659e-02
1.378819232749674273e-02
1.378028493239738701e-02
1.378026855409570164e-02
1.378026852021115370e-02
1.562984680684255390e-02
1.378444107427598958e-02
1.378027716655192900e-02
1.378026853802916812e-02
1.562984682082308591e-02
1.378444107430824156e-02
1.378027716655199665e-02
1.378026853802916986e-02
1.378026852017790772e-02
1.378026852014098066e-02
1.378026852014089740e-02
1.378026852014089913e-02
1.378026852014089913e-02
1.562984680678742785e-02
1.378444107427587335e-02
1.378027716655193420e-02
1.378026853802917506e-02
1.562984682082306856e-02
1.378444107430823636e-02
1.563312069736421187e-02
1.708188701579610447e-02
1.378819230425158346e-02
1.378028493234922762e-02
1.562985968429384670e-02
1.378444110397893455e-02
1.378027716661325147e-02
1.562985359106680919e-02
1.378444108992436801e-02
1.563312070961672684e-02
1.378444862920607909e-02
1.378027718217542802e-02
1.378026853806148949e-02
1.378026852017797364e-02
1.562984680681652611e-02
1.378444107427593754e-02
1.563312069733886409e-02
1.708188701577623494e-02
1.378819230425152274e-02
1.563606391854310829e-02
1.708419743710400118e-02
1.843198812206455969e-02
1.379156800395540429e-02
1.378029193708921532e-02
1.378026856858755728e-02
1.378026852024112625e-02
1.562984680686606634e-02
1.707931693253211120e-02
1.378818555200494837e-02
1.563605862081089010e-02
1.708419327849465541e-02
1.378819837100010888e-02
1.378028494492009211e-02
1.378026855412161321e-02
1.378026852021120574e-02
1.378026852014104138e-02
1.562984680678754235e-02
1.378444107427586468e-02
1.378027716655192032e-02
1.378026853802916812e-02
1.562984682082310672e-02
1.378444107430823982e-02
1.563312069736419105e-02
1.378444862917777534e-02
1.378027718217535516e-02
1.378026853806149643e-02
1.378026852017797711e-02
1.378026852014097199e-02
1.562984680678744173e-02
1.378444107427586121e-02
1.378027716655193073e-02
1.378026853802916639e-02
1.378026852017790252e-02
1.562984680681646019e-02
1.378444107427593060e-02
1.378027716655192379e-02
1.378026853802916812e-02
1.378026852017791119e-02
1.378026852014098066e-02
1.378026852014089913e-02
1.378026852014089740e-02
1.562984680678738275e-02
1.707931693247026483e-02
1.378818555200478704e-02
1.378028491835799410e-02
1.562985967331591980e-02
1.378444110395360238e-02
1.378027716661319249e-02
1.378026853802929996e-02
1.562984682082321428e-02
1.707931694348889182e-02
1.842801594432325052e-02
1.952114284624128018e-02
2.040845125629550671e-02
1.379778665800267083e-02
1.564359123881122957e-02
1.709010605925020618e-02
1.378821395526703963e-02
1.378028497721234778e-02
1.562985971949474792e-02
1.378444110406012828e-02
1.378027716661341627e-02
1.378026853802929649e-02
1.378026852017791293e-02
1.378026852014097893e-02
1.378026852014089740e-02
1.378026852014090434e-02
1.378026852014090260e-02
1.378026852014090260e-02
1.562984680678740357e-02
1.707931693247027871e-02
1.378818555200478878e-02
1.378028491835799237e-02
1.378026855406666584e-02
1.562984683340656183e-02
1.378444107433726348e-02
1.378027716655205216e-02
1.378026853802917159e-02
1.378026852017790425e-02
1.378026852014097546e-02
1.562984680678749724e-02
1.378444107427586121e-02
1.563312069733878429e-02
1.708188701577611004e-02
1.378819230425153315e-02
1.378028493234922762e-02
1.378026855409560623e-02
1.378026852021115196e-02
1.562984680684252961e-02
1.707931693251355312e-02
1.378818555200490154e-02
1.378028491835799410e-02
1.562985967331590245e-02
1.378444110395360585e-02
1.378027716661319249e-02
1.562985359106673633e-02
1.707932225835913365e-02
1.378818556599033414e-02
1.563605863178363711e-02
1.378445541660101338e-02
1.378027719621098719e-02
1.378026853809053570e-02
1.378026852017803436e-02
1.562984680681652958e-02
1.378444107427593580e-02
1.378027716655192206e-02
1.378026853802915772e-02
1.378026852017790772e-02
1.378026852014097199e-02
1.378026852014089566e-02
1.378026852014089740e-02
1.378026852014089913e-02
1.562984680678743132e-02
1.707931693247031341e-02
1.378818555200479051e-02
1.563605862081076173e-02
1.378445541657563785e-02
1.378027719621093862e-02
1.378026853809052876e-02
1.378026852017802395e-02
1.378026852014097546e-02
1.378026852014090087e-02
1.562984680678742438e-02
1.707931693247033075e-02
1.378818555200478357e-02
1.563605862081074785e-02
1.708419327849459643e-02
1.378819837100010888e-02
1.563606867844147610e-02
1.378445543982881327e-02
1.378027719625902689e-02
1.378026853809063458e-02
1.378026852017803436e-02
1.378026852014097546e-02
1.378026852014090087e-02
1.378026852014090781e-02
1.562984680678739663e-02
1.707931693247032728e-02
1.842801593535542057e-02
1.379155638953680728e-02
1.563870334234272047e-02
1.378446153239449787e-02
1.378027720885881963e-02
1.378026853811669013e-02
1.562984682089175320e-02
1.378444107430839768e-02
1.563312069736434370e-02
1.378444862917778055e-02
1.378027718217535863e-02
1.378026853806149296e-02
1.378026852017797364e-02
1.378026852014097893e-02
1.378026852014090260e-02
1.562984680678741051e-02
1.707931693247030994e-02
1.378818555200478878e-02
1.378028491835799237e-02
1.378026855406666584e-02
1.378026852021108431e-02
1.378026852014104832e-02
1.378026852014090260e-02
1.562984680678739316e-02
1.707931693247023708e-02
1.378818555200478357e-02
1.378028491835799237e-02
1.378026855406666411e-02
1.378026852021109298e-02
1.562984680684251920e-02
1.378444107427598958e-02
1.378027716655192379e-02
1.562985359101868796e-02
1.378444108992425178e-02
1.563312070961664357e-02
1.378444862920607736e-02
1.378027718217542455e-02
1.378026853806149123e-02
1.378026852017796844e-02
1.378026852014097546e-02
1.378026852014089566e-02
1.378026852014089913e-02
1.562984680678740357e-02
1.707931693247028565e-02
1.378818555200478357e-02
1.563605862081074785e-02
1.708419327849459643e-02
1.378819837100010888e-02
1.378028494492009384e-02
1.562985969415729703e-02
1.707932704949126010e-02
1.842802416943331578e-02
1.379155641358510015e-02
1.378029191303408243e-02
1.378026856853778286e-02
1.378026852024103258e-02
1.378026852014110730e-02
1.562984680678756663e-02
1.378444107427586815e-02
1.378027716655192900e-02
1.378026853802916292e-02
1.562984682082306856e-02
1.378444107430823982e-02
1.378027716655199839e-02
1.378026853802916812e-02
1.562984682082305815e-02
1.378444107430824156e-02
1.563312069736418064e-02
1.378444862917777881e-02
1.378027718217536210e-02
1.562985360327731957e-02
1.378444108995252777e-02
1.378027716658432669e-02
1.378026853802923578e-02
1.378026852017791293e-02
1.378026852014096852e-02
1.378026852014089566e-02
1.378026852014090087e-02
1.378026852014090781e-02
1.378026852014089740e-02
1.562984680678742785e-02
1.378444107427586988e-02
1.378027716655193073e-02
1.378026853802916292e-02
1.378026852017790425e-02
1.378026852014097720e-02
1.562984680678747643e-02
1.707931693247037239e-02
1.842801593535549343e-02
1.379155638953681422e-02
1.378029191298417097e-02
1.378026856853768398e-02
1.378026852024102217e-02
1.378026852014110383e-02
1.378026852014090087e-02
1.562984680678743132e-02
1.378444107427586295e-02
1.563312069733877388e-02
1.708188701577612739e-02
1.378819230425153142e-02
1.378028493234922415e-02
1.378026855409560970e-02
1.562984683342928671e-02
1.378444107433732420e-02
1.378027716655205043e-02
1.378026853802915945e-02
1.378026852017790599e-02
1.378026852014097373e-02
1.562984680678746255e-02
1.707931693247036892e-02
1.378818555200478878e-02
1.563605862081076867e-02
1.708419327849457214e-02
1.378819837100011582e-02
1.378028494492009037e-02
1.562985969415730397e-02
1.707932704949125663e-02
1.378818557857166421e-02
1.563605864165480003e-02
1.378445541662383020e-02
1.378027719621103923e-02
1.378026853809053050e-02
1.378026852017803262e-02
1.562984680681655386e-02
1.378444107427593927e-02
1.378027716655192553e-02
1.378026853802916465e-02
1.378026852017790252e-02
1.378026852014098066e-02
1.378026852014089566e-02
1.562984680678741745e-02
1.378444107427586468e-02
1.378027716655192553e-02
1.378026853802916639e-02
1.378026852017791119e-02
1.562984680681644978e-02
1.707931693249306951e-02
1.378818555200485470e-02
1.378028491835799237e-02
1.562985967331588857e-02
1.378444110395361105e-02
1.378027716661319770e-02
1.562985359106677449e-02
1.378444108992436107e-02
1.378027716658427118e-02
1.378026853802924098e-02
1.378026852017790252e-02
1.378026852014097546e-02
1.378026852014090087e-02
1.378026852014089913e-02
1.562984680678739663e-02
1.707931693247031341e-02
1.378818555200479225e-02
1.378028491835799237e-02
1.378026855406666758e-02
1.562984683340660000e-02
1.378444107433726695e-02
1.563312069738697838e-02
1.708188701581394436e-02
1.378819230425163550e-02
1.563606391854318808e-02
1.378445542882394959e-02
1.378027719623626905e-02
1.562985361430989373e-02
1.378444108997797096e-02
1.563312070965878695e-02
1.378444862920617277e-02
1.378027718217541935e-02
1.378026853806148602e-02
1.562984682084844409e-02
1.707931694350866419e-02
1.378818555203377427e-02
1.378028491835805135e-02
1.562985967331593021e-02
1.378444110395360585e-02
1.378027716661319249e-02
1.378026853802929649e-02
1.378026852017791119e-02
1.378026852014097546e-02
1.378026852014089566e-02
1.378026852014089913e-02
1.562984680678740704e-02
1.378444107427585774e-02
1.378027716655192379e-02
1.562985359101866020e-02
1.378444108992425005e-02
1.378027716658427985e-02
1.562985359104408431e-02
1.707932225834132151e-02
1.378818556599027689e-02
1.378028491838697092e-02
1.378026855406673350e-02
1.378026852021108778e-02
1.562984680684247063e-02
1.378444107427599305e-02
1.378027716655192553e-02
1.378026853802916986e-02
1.378026852017791119e-02
1.378026852014098066e-02
1.562984680678749724e-02
1.378444107427586815e-02
1.563312069733879817e-02
1.378444862917771810e-02
1.378027718217535863e-02
1.562985360327730916e-02
1.378444108995252430e-02
1.378027716658433016e-02
1.378026853802923578e-02
1.378026852017790946e-02
1.562984680681644978e-02
1.378444107427593233e-02
1.378027716655192726e-02
1.378026853802916986e-02
1.562984682082308938e-02
1.378444107430823462e-02
1.378027716655199492e-02
1.378026853802917333e-02
1.378026852017791119e-02
1.562984680681648100e-02
1.378444107427592887e-02
1.378027716655193594e-02
1.378026853802916812e-02
1.378026852017790946e-02
1.378026852014097199e-02
1.378026852014089566e-02
1.378026852014090607e-02
1.562984680678742438e-02
1.378444107427586642e-02
1.378027716655192206e-02
1.562985359101870184e-02
1.707932225832139300e-02
1.378818556599022832e-02
1.563605863178356079e-02
1.708419328710799809e-02
1.378819837102279559e-02
1.378028494492014415e-02
1.378026855412162015e-02
1.378026852021119707e-02
1.378026852014104485e-02
1.378026852014090260e-02
1.378026852014089740e-02
1.378026852014090087e-02
1.562984680678739316e-02
1.378444107427586121e-02
1.378027716655193247e-02
1.562985359101869490e-02
1.378444108992425005e-02
1.563312070961663663e-02
1.708188702541433082e-02
1.378819230427687399e-02
1.563606391856300903e-02
1.378445542882398948e-02
1.378027719623626558e-02
1.378026853809058254e-02
1.378026852017803436e-02
1.378026852014097373e-02
1.378026852014090954e-02
1.378026852014090954e-02
1.378026852014089219e-02
1.378026852014090434e-02
1.378026852014090087e-02
1.378026852014089913e-02
1.562984680678740704e-02
1.378444107427586468e-02
1.563312069733877735e-02
1.378444862917771983e-02
1.563312662497835098e-02
1.378444864286547562e-02
1.378027718220368320e-02
1.378026853806154847e-02
1.562984682084846838e-02
1.378444107430830401e-02
1.378027716655199492e-02
1.378026853802916639e-02
1.562984682082307897e-02
1.707931694348878426e-02
1.378818555203372223e-02
1.378028491835804788e-02
1.562985967331593021e-02
1.378444110395360585e-02
1.563312072062417526e-02
1.378444862923148585e-02
1.563312662502054640e-02
1.378444864286557971e-02
1.563312663571795810e-02
1.378444864289027696e-02
1.378027718220373003e-02
1.378026853806155021e-02
1.378026852017797538e-02
1.378026852014097546e-02
1.562984680678749377e-02
1.378444107427586121e-02
1.378027716655192379e-02
1.562985359101869837e-02
1.378444108992425178e-02
1.563312070961665051e-02
1.378444862920607042e-02
1.378027718217541241e-02
1.562985360327733692e-02
1.378444108995253124e-02
1.378027716658432843e-02
1.562985359104412247e-02
1.378444108992431250e-02
1.378027716658427812e-02
1.562985359104405655e-02
1.378444108992430556e-02
1.378027716658427465e-02
1.378026853802923578e-02
1.378026852017790078e-02
1.378026852014097546e-02
1.378026852014090087e-02
1.562984680678741745e-02
1.378444107427586295e-02
1.378027716655192553e-02
1.562985359101870184e-02
1.378444108992425178e-02
1.378027716658427985e-02
1.378026853802923578e-02
1.378026852017790425e-02
1.378026852014097546e-02
1.378026852014089566e-02
1.562984680678742092e-02
1.707931693247027177e-02
1.842801593535533036e-02
1.379155638953680381e-02
1.378029191298416924e-02
1.378026856853768398e-02
1.378026852024102043e-02
1.378026852014109863e-02
1.378026852014089219e-02
1.378026852014089740e-02
1.378026852014089566e-02
1.378026852014089913e-02
1.378026852014091128e-02
1.378026852014090260e-02
1.378026852014090260e-02
1.562984680678740357e-02
1.378444107427586468e-02
1.378027716655192900e-02
1.378026853802916465e-02
1.378026852017790599e-02
1.562984680681645672e-02
1.707931693249308339e-02
1.378818555200484255e-02
1.378028491835799410e-02
1.378026855406665717e-02
1.562984683340657224e-02
1.378444107433726522e-02
1.378027716655206604e-02
1.378026853802917680e-02
1.378026852017790772e-02
1.378026852014096852e-02
1.378026852014090260e-02
1.378026852014089740e-02
1.378026852014090087e-02
1.378026852014090781e-02
1.378026852014089740e-02
1.378026852014089566e-02
1.378026852014089913e-02
1.378026852014091128e-02
1.378026852014090260e-02
1.378026852014090260e-02
1.378026852014089913e-02
1.378026852014089566e-02
1.378026852014090087e-02
1.562984680678739316e-02
1.378444107427586121e-02
1.378027716655193247e-02
1.562985359101869490e-02
1.378444108992425005e-02
1.378027716658427465e-02
1.378026853802923578e-02
