1.426879599763971988e-02
1.427708195375109596e-02
1.427709779715250794e-02
1.655247594406681483e-02
1.826337230179855831e-02
1.980033397506492446e-02
2.099710342497882604e-02
1.434126392851279089e-02
1.433232152278075995e-02
1.670746590742233292e-02
1.433124368571554903e-02
1.432665752965480918e-02
1.669266309472155346e-02
1.432625801613134596e-02
1.432188584771570614e-02
1.432023185871317099e-02
1.667587296629575652e-02
1.848712151320101513e-02
1.432209971491560201e-02
1.431567269525655522e-02
1.666393866232926402e-02
1.431654065096420354e-02
1.431255121956916294e-02
1.665578486809043274e-02
1.431377084239452216e-02
1.430988750262542596e-02
1.430895113633603305e-02
1.664637620405684179e-02
1.843628380826263166e-02
1.431264775438030080e-02
1.430637228676592647e-02
1.663961284975561464e-02
1.430826360581717409e-02
1.430458319967808228e-02
1.663493878968880929e-02
1.430666636970421082e-02
1.430304266973573234e-02
1.663091227292487137e-02
1.430529766643870784e-02
1.663109382694140728e-02
1.840767193802040139e-02
1.430695850982487659e-02
1.663047100313635659e-02
1.840463461858897129e-02
1.976216057767556447e-02
1.430812558086127714e-02
1.662926206597348591e-02
1.840087012785606574e-02
1.975586238206827536e-02
1.430722250250765666e-02
1.662677164819527376e-02
1.839652823368446641e-02
1.974960895369482980e-02
1.430644212952672349e-02
1.662463411025408982e-02
1.430102255137395695e-02
1.429758099211651812e-02
1.429733467235950843e-02
1.429710586266098177e-02
1.661538227408559595e-02
1.838283355004587810e-02
1.430262460056256311e-02
1.429648110285246243e-02
1.661373154573130007e-02
1.837998666089646002e-02
1.972904667547565813e-02
1.430433184784644408e-02
1.429586500841628464e-02
1.429570340109299897e-02
1.429556229410518242e-02
1.661133917950245731e-02
1.429859618396907110e-02
1.429524530789003448e-02
1.661050390208079069e-02
1.837441549796001855e-02
1.972105407218168252e-02
2.074977896117721071e-02
1.430529962306637676e-02
1.429479893700463106e-02
1.429469238128195860e-02
1.660906769329745236e-02
1.429781857263993233e-02
1.661121413428378810e-02
1.837326405442395172e-02
1.430046621478562631e-02
1.661293969872833579e-02
1.429757046263220241e-02
1.429424516506948468e-02
1.429417808292594676e-02
1.660771585142482160e-02
1.836961025435986453e-02
1.430013271654918469e-02
1.661204199846166157e-02
1.429726052761679314e-02
1.660971620318883735e-02
1.429719039353348660e-02
1.429388094365442036e-02
1.660693063142298226e-02
1.836824943011054409e-02
1.429987395994604740e-02
1.661134472001094681e-02
1.429701781184397440e-02
1.660907237432072622e-02
1.429696762879104945e-02
1.429366482445779477e-02
1.429362701215983536e-02
1.660627420237203999e-02
1.836712508650365297e-02
1.429966201589551525e-02
1.661077343640102524e-02
1.429682208441608766e-02
1.660854723895474616e-02
1.429678830226178976e-02
1.660846247676723078e-02
1.836850002579094518e-02
1.429956639748072682e-02
1.661050619768754052e-02
1.836996420354659529e-02
1.971229544606215370e-02
2.073701202474096533e-02
1.430394970261388531e-02
1.429339953128837791e-02
1.660565441638309561e-02
1.836604621926369793e-02
1.429945852690588798e-02
1.661022071000004333e-02
1.836947060735627524e-02
1.429944287249208107e-02
1.661016789996470899e-02
1.429660517006690022e-02
1.660797943319976960e-02
1.429659026165052554e-02
1.429329836442612585e-02
1.429328332739315810e-02
1.660537096201834817e-02
1.836556533982773576e-02
1.429937020707429743e-02
1.429326339521439990e-02
1.660530787063254146e-02
1.836545218417752479e-02
1.970819042406714294e-02
2.073313299035945551e-02
1.430377847297949721e-02
1.661325718949223720e-02
1.429651387097931672e-02
1.660771620973678850e-02
1.836720170201210089e-02
1.429932067205473556e-02
1.429321300096620534e-02
1.660517356931420427e-02
1.836521952452102938e-02
1.970785621267859972e-02
2.073269647855176950e-02
2.151438482008508762e-02
1.430552056978033615e-02
1.429317580311613260e-02
1.660506423534054490e-02
1.836502534621010582e-02
1.429926739930951346e-02
1.660970120044838114e-02
1.429644680379496026e-02
1.429315588083775179e-02
1.429314735752488727e-02
1.429313882960870849e-02
1.660499843133569561e-02
1.836492403236045581e-02
1.429925065563408294e-02
1.660965490306521436e-02
1.429643151701175292e-02
1.660751064892928425e-02
1.836685019359227816e-02
1.429925460699925030e-02
1.660966319750538031e-02
1.429643468158129510e-02
1.429314535708508388e-02
1.660500265557327687e-02
1.836492624806663684e-02
1.970743947623640122e-02
1.430164050668294995e-02
1.661146602289689800e-02
1.429642878360649384e-02
1.660750123605003042e-02
1.429642421661998092e-02
1.429313844960101998e-02
1.429312901069687385e-02
1.660497014679332417e-02
1.429641116565457185e-02
1.660747199680263214e-02
1.836678927958819776e-02
1.970883742953591367e-02
1.430163641471749944e-02
1.429313616438411018e-02
1.429312017329840111e-02
1.660494687611536666e-02
1.836483400929977625e-02
1.970730922574953289e-02
2.073199223764941174e-02
1.430367865997591095e-02
1.429312108087812776e-02
1.429310300905662842e-02
1.429309963817744326e-02
1.660489415842910516e-02
1.836474346154310169e-02
1.429921410254544542e-02
1.660956076416477897e-02
1.429639826619160531e-02
1.660742445362787742e-02
1.836670183026526543e-02
1.970870712010632311e-02
1.430162003010647560e-02
1.429311896166374392e-02
1.429310314142213240e-02
1.429309980626379019e-02
1.429309743788700210e-02
1.429309382019589708e-02
1.429308871405288346e-02
1.429308531758384689e-02
1.429308232992118101e-02
1.429307944867867601e-02
1.660484156869458314e-02
1.429636631315341078e-02
1.660735437932267175e-02
1.836658633424603088e-02
1.970854424653331258e-02
1.430160234647144708e-02
1.661135066700903523e-02
1.836965221970911916e-02
1.971090663259691955e-02
1.430160909725753347e-02
1.661136515569948402e-02
1.429639029260739401e-02
1.429310341120596309e-02
1.429309603883986528e-02
1.660487979217825996e-02
1.836471677054437798e-02
1.970713824928756186e-02
2.073177179965396758e-02
2.151326616134807690e-02
2.210803433031074960e-02
1.430700248701704917e-02
1.429307711773437732e-02
1.429305709302034280e-02
1.660478352607697161e-02
1.429634827939985607e-02
1.429306743145491651e-02
1.660480200362285386e-02
1.836458141967966737e-02
1.429918388213544805e-02
1.429307909702256726e-02
1.660482628440433303e-02
1.836462084458679103e-02
1.970699865437608791e-02
1.430158604776420907e-02
1.429308730439442059e-02
1.429307367395257593e-02
1.429307128239210890e-02
1.429306900044186902e-02
1.660481407384303831e-02
1.836460538449917468e-02
1.429918510075604485e-02
1.429308420055693842e-02
1.429307359589616216e-02
1.660482641102945314e-02
1.836462679128027589e-02
1.970701023787909539e-02
2.073160680276464607e-02
2.151306339329517661e-02
1.430542329027837713e-02
1.661420463026102787e-02
1.837175748867288239e-02
1.429919463448128467e-02
1.660948384808841327e-02
1.429636761007040645e-02
1.660734408831579176e-02
1.836656318594750981e-02
1.970850815494708252e-02
1.430159514223319946e-02
1.661133544318170799e-02
1.836962739639302553e-02
1.971087177731484230e-02
1.430160588492384102e-02
1.661135429194753391e-02
1.836965625198851149e-02
1.971091123749475066e-02
2.073465331515493212e-02
2.151546342043669097e-02
2.210970464485906631e-02
2.256026749929216160e-02
1.430839699136531723e-02
1.661642427206145092e-02
1.429634765874401858e-02
1.660727019593059156e-02
1.836642717307674505e-02
1.429917315108658257e-02
1.429306594636283768e-02
1.429305689104529674e-02
1.660478220625285703e-02
1.429634766659356425e-02
1.660730141444718977e-02
1.429635976934790463e-02
1.660732391628214066e-02
1.836652852536354782e-02
1.970845848774051626e-02
2.073270887103633928e-02
1.430364232165721658e-02
1.661286811000915742e-02
1.429637164420151894e-02
1.660734613172960145e-02
1.429636969112986315e-02
1.429308583357351455e-02
1.660485060161964732e-02
1.836466543448855848e-02
1.970706405350097085e-02
1.430159453769696068e-02
1.429309752684067292e-02
1.660486532700970394e-02
1.836468458053523711e-02
1.429920164438075458e-02
1.429309744208374054e-02
1.660487434075487434e-02
1.429637731757843304e-02
1.429309707229802114e-02
1.660487687030707052e-02
1.429637909535730333e-02
1.429309793547041407e-02
1.660487999167186562e-02
1.836471522773383894e-02
1.970713502857788374e-02
1.430160365724265047e-02
1.661136321556048664e-02
1.429639135910226559e-02
1.429310358964713118e-02
1.660489435429744753e-02
1.836473979962330652e-02
1.970717017956542805e-02
2.073181244500378259e-02
2.151331498933403349e-02
1.430544145376766267e-02
1.429309454795930044e-02
1.660485179287000956e-02
1.836465896445795692e-02
1.970705023024132974e-02
1.430159189983794613e-02
1.661133211743377053e-02
1.429638164149394340e-02
1.660737641347045934e-02
1.429638082891032842e-02
1.660738507631274660e-02
1.836663640727292934e-02
1.970861457196356262e-02
1.430160967315522065e-02
1.661137322688655688e-02
1.429639431829632379e-02
1.660741139353940146e-02
1.429639242013830414e-02
1.660741716418642072e-02
1.429639643311346811e-02
1.429311076946640502e-02
1.429310446449027008e-02
1.660490498205349080e-02
1.429638760161904866e-02
1.429310731917628197e-02
1.429309686034646761e-02
1.429309697982959412e-02
1.429309171394957910e-02
1.660487360413181665e-02
1.429637782930494837e-02
1.660738400543607107e-02
1.429638554708284603e-02
1.429310377484506456e-02
1.660489315997786680e-02
1.836473711076248849e-02
1.429921249808340476e-02
1.429310790632402559e-02
1.660490182667069894e-02
1.836475118564747169e-02
1.429921454781496633e-02
1.660956233191880627e-02
1.429639844918089223e-02
1.429311191408513815e-02
1.660491600234561063e-02
1.836477710048802989e-02
1.970722368900185498e-02
2.073188183853594616e-02
2.151339543490700043e-02
1.430545002069553637e-02
1.429310285330774762e-02
1.429308200949743791e-02
1.429307913280149396e-02
1.429307653078469229e-02
1.660483358207512361e-02
1.836463896168300317e-02
1.970702759773344456e-02
2.073162920598481743e-02
1.430364518386584294e-02
1.661287759283604573e-02
1.429637448809759244e-02
1.429308357585316533e-02
1.429307683055081567e-02
1.429307390199211283e-02
1.660482726198756961e-02
1.429636161044320689e-02
1.429308183580630179e-02
1.429307472691063695e-02
1.429307230440435977e-02
1.660482293480129365e-02
1.836462075605540395e-02
1.429919223926396331e-02
1.660949922894255915e-02
1.429637683953705919e-02
1.429308863716919828e-02
1.660485812539908360e-02
1.429637247204393856e-02
1.429309345444671267e-02
1.429308348902978351e-02
1.429308064470916420e-02
1.660484463687090032e-02
1.429636690884282003e-02
1.429308733734409656e-02
1.660485473724104127e-02
1.429636788897361947e-02
1.660736216222932771e-02
1.429638027956483225e-02
1.429309454380432200e-02
1.660487366099816509e-02
1.836470532060224467e-02
1.429920668365416286e-02
1.429310269585233086e-02
1.429309359732691513e-02
1.429309009823005912e-02
1.429308420498654093e-02
1.660485435412510993e-02
1.429637063354107819e-02
1.660736608967271905e-02
1.836660669365555026e-02
1.429920899084077997e-02
1.429310368488763416e-02
1.660488709975875554e-02
1.429638141367885196e-02
1.429310089309850443e-02
1.660488678080983618e-02
1.836472656460917674e-02
1.429921002588874050e-02
1.660955026014945823e-02
1.429639367177066960e-02
1.429310751879797441e-02
1.429310053290718668e-02
1.429309801233436851e-02
1.660488359224305752e-02
1.429638170081749815e-02
1.660739171947200193e-02
1.836664956129311840e-02
1.429921680534507362e-02
1.660956231561003943e-02
1.836832395707291635e-02
1.970993548635094697e-02
2.073395564352831927e-02
1.430367004179345335e-02
1.429311090133962917e-02
1.429309686600164012e-02
1.429309005544413154e-02
1.660486890444742500e-02
1.836469987268300047e-02
1.429920683277530538e-02
1.660953927698533700e-02
1.836828542725507663e-02
1.429921857968632221e-02
1.429311033341342831e-02
1.429309661036040624e-02
1.429309280792869993e-02
1.429308819334303496e-02
1.660486688002973596e-02
1.429637545662184803e-02
1.660737848122990912e-02
1.836662797598912628e-02
1.970860404020868123e-02
1.430160933750971620e-02
1.661137080818067893e-02
1.429639343501960640e-02
1.429310438352114111e-02
1.660489781175064974e-02
1.836474630299475205e-02
1.429921459419460431e-02
1.660956117297106294e-02
1.836832381704757086e-02
1.429922580107993724e-02
1.660958088766968654e-02
1.836835403049318083e-02
1.429923017961253276e-02
1.660959417492968715e-02
1.429640764367575735e-02
1.429312047085214317e-02
1.429311079102046390e-02
1.660492384015171269e-02
1.836479486844884434e-02
1.429922402138676316e-02
1.660958720277770639e-02
1.429640664496912607e-02
1.429312098756375243e-02
1.429310840400222112e-02
1.660492014009416761e-02
1.836478949080145445e-02
1.429922344667477335e-02
1.429311768049926212e-02
1.429310793283649489e-02
1.660491341852695854e-02
1.836477573116982592e-02
1.429922126463959234e-02
1.660957776057877047e-02
1.429640307234774678e-02
1.660743870493944924e-02
1.836672707553277384e-02
1.970874562460277896e-02
1.430162632908033721e-02
1.661141756206744105e-02
1.429641089340519255e-02
1.429311969143752352e-02
1.429311173523473318e-02
1.429310765018501281e-02
1.660491287634949242e-02
1.429639066978985809e-02
1.429310966208141229e-02
1.660491326316589425e-02
1.836477361760188026e-02
1.970721935208377337e-02
1.430161658960960210e-02
1.429311681109434254e-02
1.429310107192351825e-02
1.660489691109650126e-02
1.429638519141641570e-02
1.660740446720009728e-02
1.429639241845335508e-02
1.660741718154719673e-02
1.429639650835085908e-02
1.429311082922675100e-02
1.429310452694434151e-02
1.660490504498796441e-02
1.836476149766502405e-02
1.970720305281412413e-02
1.430161374330402892e-02
1.429311365283499752e-02
1.660491052077944785e-02
1.429638703831237825e-02
1.429310607197255625e-02
1.660490450658281755e-02
1.429638693165041080e-02
1.660740928105878395e-02
1.429639538749600917e-02
1.660742264772552615e-02
1.429639795588870735e-02
1.429311340256571305e-02
1.429310497670808339e-02
1.660490802807092561e-02
1.429638910987968310e-02
1.429311083894983618e-02
1.660491171033553690e-02
1.429638880733121072e-02
1.660741399655257799e-02
1.429639644604795493e-02
1.429311087206497528e-02
1.429310427354794910e-02
1.660490449228875509e-02
1.429638746787795928e-02
1.429310783372699477e-02
1.660490681364741941e-02
1.836476183198834308e-02
1.970720208649096028e-02
1.430160890830676698e-02
1.661138383654667261e-02
1.836971571152548610e-02
1.429922798338154749e-02
1.660958272383435477e-02
1.836835566997158109e-02
1.429923022053677419e-02
1.429312515776653622e-02
1.660493861714332914e-02
1.429639663654691875e-02
1.429311407457061443e-02
1.660492742757080364e-02
1.836479908641014749e-02
1.429922406320838398e-02
1.429311946073645416e-02
1.429310781975104590e-02
1.429310479977845792e-02
1.660490552426785449e-02
1.836476223197122670e-02
1.429921784965561271e-02
1.429311639376074604e-02
1.660491803582788903e-02
1.836477678702469474e-02
1.429921969307109374e-02
1.429311606232350901e-02
1.429310354619163677e-02
1.429309599449677358e-02
1.429309696718261691e-02
1.660488406158113286e-02
1.429638246735093557e-02
1.429309989021753172e-02
1.660488782611950140e-02
1.836472980915174191e-02
1.970715651953904371e-02
2.073179517495981825e-02
2.151329431930200375e-02
1.430543723621585314e-02
1.429309309378979861e-02
1.660484785020991186e-02
1.836465210849958646e-02
1.429919302716824679e-02
1.429309088906082631e-02
1.429308027006206960e-02
1.660484383064179947e-02
1.429636676179834448e-02
1.429308710994658081e-02
1.660485411062532016e-02
1.429636980996359941e-02
1.660736320926448073e-02
1.836660143668764067e-02
1.429921045170261598e-02
1.429310113595392423e-02
1.660488321573024700e-02
1.429638008120691188e-02
1.429310000204070917e-02
1.429309373044671677e-02
1.429308703169444514e-02
1.429308383261800042e-02
1.660485333281464665e-02
1.836467328900022802e-02
1.970707699891877107e-02
2.073169322436211465e-02
2.151317136349635561e-02
2.210792640258664801e-02
2.255888254832777093e-02
1.430838846959195214e-02
1.661640694566154930e-02
1.429634319634434485e-02
1.429304588568250205e-02
1.429304077339327989e-02
1.660474024762025741e-02
1.836447803675210141e-02
1.970679573781669233e-02
2.073133063694207814e-02
1.430361587530177593e-02
1.429305884878543341e-02
1.429304415163398963e-02
1.660474953790764749e-02
1.836449424172590175e-02
1.970681908980708927e-02
2.073136091645373311e-02
1.430362168941064563e-02
1.429306180790666271e-02
1.429304700603015350e-02
1.429304585262893522e-02
1.660475386252623781e-02
1.836450165249712413e-02
1.429916779692470309e-02
1.429306448996890168e-02
1.429305549917571708e-02
1.660477859215359064e-02
1.429634579539495499e-02
1.429306570348422810e-02
1.429305922872352655e-02
1.429305747394405031e-02
1.660478455886035126e-02
1.429634851894049860e-02
1.660730381723161606e-02
1.429635789764942787e-02
1.660732412987735163e-02
1.836653089998483562e-02
1.970846295660021522e-02
1.430158923994173138e-02
1.429308818645449314e-02
1.660484429253606883e-02
1.429636545545429939e-02
1.429308465649315428e-02
1.660484740145102417e-02
1.429636865978938833e-02
1.660735788335378216e-02
1.836659133810911171e-02
1.429920400311697308e-02
1.660953127386100014e-02
1.836827141859435561e-02
1.970986063122072765e-02
1.430160935015334887e-02
1.429310852335672309e-02
1.429309162598883624e-02
1.429309011166297883e-02
1.660486608091519406e-02
1.836469383086135332e-02
1.429920452594265513e-02
1.429310235158973152e-02
1.429309051679811954e-02
1.429308607183652456e-02
1.660485852144194530e-02
1.429637325308994247e-02
1.429309247564155248e-02
1.429308445973159758e-02
1.429308158580834542e-02
1.660484718840006188e-02
1.429636941666492800e-02
1.429308825129063654e-02
1.429308115221567671e-02
1.429307834767455654e-02
1.660483853591925366e-02
1.429636537362312908e-02
1.660735164752673299e-02
1.429637540270207834e-02
1.660736957506546083e-02
1.836660915392869173e-02
1.970857518819948626e-02
2.073285953490693057e-02
2.151408497389980037e-02
1.430543756453807845e-02
1.429308855159707771e-02
1.429307015688281723e-02
1.429306790342431757e-02
1.429306576947167971e-02
1.660480549566966529e-02
1.429635446325745220e-02
1.660732178111438279e-02
1.429636433862095136e-02
1.660734134636714793e-02
1.836656075093150847e-02
1.970850588200012340e-02
2.073276993561987830e-02
2.151397642649130124e-02
1.430543150503340959e-02
1.429308026275912316e-02
1.660481410103619576e-02
1.429635204553115872e-02
1.429307337594528000e-02
1.429306701562586823e-02
1.429306491714690645e-02
1.660480324400561217e-02
1.429635640444534145e-02
1.660732178169750314e-02
1.836652747635950794e-02
1.429919353276752972e-02
1.429308666077260502e-02
1.660484586392214218e-02
1.429636690945007386e-02
1.429308586916492284e-02
1.660485070265168075e-02
1.836466561190173638e-02
1.970706430977992030e-02
1.430159396861349803e-02
1.661133845716253679e-02
1.429638390118315866e-02
1.660738250804781949e-02
1.836662779363214953e-02
1.970859998416025355e-02
2.073289044573507073e-02
1.430365943759689604e-02
1.661291482539768716e-02
1.429638922509071132e-02
1.429309620178228525e-02
1.660487720959707286e-02
1.836471113079359702e-02
1.429920951020250894e-02
1.660954454451818094e-02
1.429639084038444516e-02
1.429310517489858906e-02
1.429309743392050830e-02
1.429309381958965806e-02
1.429308874205951867e-02
1.429308531569177705e-02
1.429308232796248565e-02
1.660484920837327141e-02
1.429636724436397256e-02
1.660736009514025488e-02
1.429637768179223452e-02
1.660737775718459583e-02
1.836662414560195911e-02
1.970859716937168465e-02
2.073288826399977483e-02
1.430365805752064311e-02
1.429310135737435483e-02
1.429308369822352050e-02
1.429308083558081255e-02
1.660484515348957524e-02
1.429636943902382745e-02
1.429308750233314503e-02
1.429308053202715985e-02
1.429307776880268249e-02
1.660483695137739482e-02
1.429636497420522234e-02
1.660735029273040578e-02
1.429637528051084898e-02
1.660736851299721845e-02
1.836660703373084805e-02
1.429920862056290910e-02
1.429310302495043553e-02
1.660488566041760233e-02
1.836472198682878934e-02
1.970714311814157280e-02
1.430160389734615005e-02
1.661136493346357726e-02
1.429639260624678172e-02
1.660740651185826228e-02
1.429639100809673713e-02
1.429310674825411825e-02
1.660490520491890790e-02
1.836475954174888667e-02
1.429921449629415788e-02
1.429311396963706300e-02
1.429310194700255006e-02
1.660489793228153363e-02
1.429638546907189244e-02
1.660740501342553715e-02
1.836667383865885766e-02
1.970866990041596559e-02
2.073298324225514300e-02
1.430366910788628126e-02
1.429311304692382906e-02
1.429309238018028685e-02
1.429309077328785350e-02
1.429308592137387528e-02
1.429308252212520801e-02
1.660484973698598057e-02
1.836466701988668376e-02
1.429919955738300982e-02
1.660952175172475051e-02
1.836825582098336809e-02
1.970983868893617583e-02
2.073383096768370570e-02
1.430365810766491379e-02
1.429310012361648986e-02
1.429308221018666010e-02
1.660484885174743144e-02
1.429636815521298857e-02
1.429308915160065925e-02
1.660485874926965685e-02
1.429637078168181398e-02
1.660736678129322297e-02
1.836660800667163501e-02
1.429920999275072560e-02
1.429310389045977681e-02
1.660488774416293833e-02
1.836472551259634572e-02
1.429921112175359769e-02
1.660954991582715146e-02
1.429639274725425131e-02
1.429310727634305195e-02
1.429309993413093241e-02
1.660489107364683525e-02
1.836473662021176345e-02
1.429921241401161877e-02
1.660955653139885302e-02
1.836831623176221617e-02
1.429922681988247783e-02
1.429311532069509234e-02
1.660491904912657357e-02
1.836478004012227078e-02
1.429922115234164882e-02
1.429311397793692033e-02
1.660492085238203866e-02
1.836478524740446649e-02
1.970723526454180516e-02
2.073189674945436628e-02
2.151341346813911287e-02
1.430544867639886239e-02
1.661427563607653993e-02
1.837188174677890917e-02
1.429921870297110563e-02
1.660954817096144120e-02
1.429638889896249661e-02
1.660740253160368149e-02
1.836666504504142275e-02
1.429921812358480281e-02
1.660956806402626509e-02
1.836833478092071356e-02
1.429922785203053583e-02
1.660958619525834332e-02
1.836836315982258092e-02
1.429923192282959651e-02
1.660959883575204021e-02
1.429640938326998990e-02
1.660745540875521037e-02
1.836675596345418646e-02
1.429923637299604887e-02
1.429312968847713632e-02
1.429311663964566090e-02
1.429311167830400742e-02
1.429310984985566677e-02
1.660491604211549246e-02
1.836477931834334595e-02
1.429922084724448254e-02
1.660957848114754526e-02
1.429640373998504639e-02
1.660744016809179852e-02
1.429640332332616885e-02
1.660744530299229291e-02
1.429640678820301783e-02
1.429312140575677952e-02
1.429311282188484508e-02
1.429310704325974235e-02
1.660491498491515477e-02
1.429639287141297802e-02
1.660742274998225354e-02
1.429639883109423519e-02
1.660743348358873286e-02
1.836672038611473004e-02
1.429922871595157990e-02
1.429312287675817660e-02
1.660494041356042408e-02
1.836481752525660760e-02
1.429922806992065323e-02
1.429312315646745143e-02
1.660494100747994528e-02
1.429639885841020933e-02
1.660743995176107435e-02
1.429640512757399985e-02
1.429312040479578834e-02
1.660494054361241409e-02
1.836482035229243873e-02
1.970728817210603070e-02
1.430162311478482516e-02
1.661141554290189448e-02
1.836976822453832703e-02
1.429923556271710076e-02
1.660960706666701758e-02
1.836839943335134839e-02
1.429923908829287306e-02
1.429313033840625552e-02
1.429311714482813314e-02
1.660493895579267729e-02
1.836482035082261099e-02
1.970728962704268103e-02
2.073196687342870534e-02
1.430367383274102483e-02
1.661296176444124889e-02
1.837092882270374705e-02
1.971193887213186502e-02
1.430162472695902139e-02
1.661140664652308724e-02
1.836974772356370078e-02
1.971104311126061631e-02
1.430162528646358733e-02
1.429312132939841370e-02
1.429310595152727577e-02
1.660490993304470850e-02
1.836477038959925812e-02
1.970721605930945974e-02
1.430161613848722826e-02
1.429311872069518111e-02
1.429310048725760188e-02
1.429309660457831789e-02
1.429309295598690105e-02
1.429309047315495580e-02
1.660486799002940106e-02
1.429637517774529076e-02
1.660737769541425699e-02
1.429638528643765658e-02
1.429309961428766249e-02
1.429309082234655678e-02
1.660487283961460669e-02
1.836470742087006544e-02
1.429920758267109321e-02
1.429310280389071985e-02
1.660488912252790911e-02
1.836472954984707043e-02
1.429921271655365533e-02
1.429310364967295924e-02
1.429309681907448178e-02
1.660488357057806480e-02
1.836472396254321474e-02
1.970714892418159656e-02
2.073178582495797256e-02
1.430365941530185869e-02
1.429310213293575119e-02
1.429308495744596036e-02
1.660485617322207674e-02
1.429637240303742798e-02
1.660736858525638585e-02
1.836661015228909302e-02
1.970857806111361160e-02
2.073286412225923761e-02
2.151409109726859503e-02
1.430543819537736377e-02
1.429308906057640514e-02
1.660483699744921479e-02
1.836463326769333451e-02
1.970701325902371806e-02
1.430158756142129589e-02
1.429308857831015044e-02
1.429307490767534050e-02
1.660482997907752195e-02
1.429636354169413689e-02
1.429308268863332607e-02
1.660484224297385097e-02
1.429636661714337072e-02
1.429308560483079187e-02
1.660484998129835993e-02
1.429636765058744929e-02
1.660735882308958175e-02
1.429637731711511962e-02
1.660737602710962019e-02
1.429638393058201007e-02
1.429309993007215479e-02
1.429309210554418827e-02
1.660487109830576305e-02
