1.333846605536605397e-02
1.584477752091828506e-02
1.772950070850790039e-02
1.914569313695669781e-02
2.049149739300193396e-02
2.153911845920266147e-02
2.234301826903934557e-02
2.296100928295102817e-02
2.343714701989792551e-02
2.380236439541532495e-02
1.433839762860445420e-02
1.432638184477715189e-02
1.669193192328197878e-02
1.851477819715098214e-02
1.992230009554690415e-02
2.100999177894587178e-02
1.432863949651997683e-02
1.668269231929411095e-02
1.432076456189405184e-02
1.431660421407831597e-02
1.666637929980697291e-02
1.847075627462345035e-02
1.985921966228446425e-02
2.092847508113335545e-02
2.175157195650439385e-02
2.238414894919872264e-02
1.432284161957772875e-02
1.666123722285107328e-02
1.845341112821318949e-02
1.431457630474555591e-02
1.665103252735104095e-02
1.844033271304582403e-02
1.981347996492059324e-02
2.086804984267231003e-02
2.167755901094952503e-02
1.431695375378702270e-02
1.664695486231225138e-02
1.842923476347520587e-02
1.431013092949444399e-02
1.663903166897500938e-02
1.841949892004439426e-02
1.430889740125522273e-02
1.663570361836604061e-02
1.841372118393347357e-02
1.430780709120887950e-02
1.663276116543354471e-02
1.840861214216956906e-02
1.976787913979626693e-02
1.430883674538411914e-02
1.663121169756975187e-02
1.840426470354700195e-02
1.976075182921493978e-02
2.079924952537643909e-02
2.159381592653715487e-02
2.220056692832848844e-02
1.431227570922509636e-02
1.663064582642615960e-02
1.839951923055401298e-02
1.430432624557496056e-02
1.662334711494648995e-02
1.839226081802533552e-02
1.974436569971441471e-02
1.430591435246724927e-02
1.429745590123820964e-02
1.661627629009097482e-02
1.838437408903004569e-02
1.973534230102931900e-02
2.076826568262050629e-02
2.155749683736018357e-02
2.215930678116263125e-02
2.261656908886454029e-02
1.431120963298462487e-02
1.662471703099158496e-02
1.429931521418602650e-02
1.429592387003396012e-02
1.661227959327254977e-02
1.837748468507380620e-02
1.972546025518892576e-02
2.075548068086477752e-02
2.154200166955370227e-02
2.214134253815815828e-02
1.430894005645950810e-02
1.662100725225190354e-02
1.838253775900076589e-02
1.430108302081487849e-02
1.429494680868612956e-02
1.660971531718364452e-02
1.837305237890516849e-02
1.430078223389489624e-02
1.661379540934595708e-02
1.429786699562683901e-02
1.661133319178537820e-02
1.837346646622629170e-02
1.971842445631701718e-02
1.430283201559933055e-02
1.661473203356240644e-02
1.429756815795818307e-02
1.661053252893242987e-02
1.837208098898281128e-02
1.971643510022351789e-02
2.074303506594915580e-02
2.152641988267795306e-02
1.430631921037428707e-02
1.429402339041228875e-02
1.660727739739807293e-02
1.429719750337488104e-02
1.660956696180993994e-02
1.837041357041458572e-02
1.971404106415691054e-02
2.073993680849826535e-02
2.152266763688661863e-02
1.430604851819383683e-02
1.661597783620142807e-02
1.837486917436042047e-02
1.429978903903104080e-02
1.661108966773045328e-02
1.429692685781388389e-02
1.660882845304222782e-02
1.429688202218197882e-02
1.429358267036692776e-02
1.660615031987186518e-02
1.836690825663020790e-02
1.971028292767865869e-02
2.073584114905983530e-02
2.151819725699052541e-02
1.430579096276391078e-02
1.661524491106775026e-02
1.837358290968195071e-02
1.971506352398137360e-02
2.073913040709419314e-02
1.430395410675140699e-02
1.429339954359845621e-02
1.660565443192921903e-02
1.429664259409601026e-02
1.660808765514629887e-02
1.836785608109181567e-02
1.429944496634943420e-02
1.661017879314040380e-02
1.429660885460387262e-02
1.660799077168205809e-02
1.836768556492894902e-02
1.429941138629203280e-02
1.429330553334490217e-02
1.429328458397358115e-02
1.660537229101959750e-02
1.836556686497057764e-02
1.429936696906322115e-02
1.660997772188480340e-02
1.836905012236519918e-02
1.429936484588881229e-02
1.660995424698948758e-02
1.836900256976489385e-02
1.971090901694705702e-02
1.430174064287286460e-02
1.429323862408549660e-02
1.660523766745568980e-02
1.836532894292985246e-02
1.429932521517188020e-02
1.660985712094288289e-02
1.836883765221026393e-02
1.971067376824115966e-02
2.073490961709864924e-02
2.151613964798320885e-02
2.211073928185030082e-02
1.430709295403529042e-02
1.661565901560541070e-02
1.429645568133997707e-02
1.660756086787618102e-02
1.836693170068116193e-02
1.429927057032648503e-02
1.660970370062742410e-02
1.836856809360527462e-02
1.971028745924718190e-02
2.073440746892387873e-02
2.151552891901579306e-02
2.211003010891466822e-02
2.256080727313077711e-02
2.290068073547895169e-02
1.430968292272159596e-02
1.661745024505973528e-02
1.837423998212566953e-02
1.971433191557525610e-02
2.073717536275768852e-02
2.151728330912407519e-02
2.211098182538272228e-02
1.430699071900803226e-02
1.661535223168180905e-02
1.837257208381134696e-02
1.971297599637105227e-02
2.073604804635345925e-02
2.151632549156513169e-02
1.430540514066403097e-02
1.661413613482190521e-02
1.837163110983822817e-02
1.429917141603061909e-02
1.660941757908127037e-02
1.836806410610833731e-02
1.429917487796090667e-02
1.429306507966921630e-02
1.660478994715035295e-02
1.836455829216145086e-02
1.429917647978527773e-02
1.429307459172490455e-02
1.660481419553795635e-02
1.836459987109907710e-02
1.429918318895523344e-02
1.429308242426875937e-02
1.429307189573248912e-02
1.660482181265484497e-02
1.836461879935643790e-02
1.429919184363129606e-02
1.660949820531349222e-02
1.836821388482999182e-02
1.970977780826277739e-02
2.073375175772270915e-02
2.151473653539941883e-02
1.430543312408997549e-02
1.661422411886713871e-02
1.837178864453319418e-02
1.429919616051491746e-02
1.429308380744449825e-02
1.660483823818296317e-02
1.836464131988786025e-02
1.970702796196317427e-02
2.073162785436175395e-02
2.151309088842579334e-02
2.210783227120137126e-02
2.255877640152741115e-02
2.289876489915355917e-02
2.315302225331224151e-02
2.334099422972189114e-02
2.347770308572614401e-02
2.357478571427614258e-02
1.431365120601513913e-02
1.662010410747461614e-02
1.837576948935115695e-02
1.971490363858544731e-02
1.430143623080238485e-02
1.661087349619742165e-02
1.836881254084314630e-02
1.970969299505502537e-02
2.073307252133096620e-02
2.151354409050031807e-02
2.210747757658035675e-02
1.430687608412493060e-02
1.661502940688310351e-02
1.429623069537571019e-02
1.660696368834721492e-02
1.429623889820701328e-02
1.660700346673405631e-02
1.429625281890244820e-02
1.660704490189529939e-02
1.836604756910971761e-02
1.970777041056616385e-02
2.073181332967510490e-02
2.151281540999596884e-02
2.210717609849362220e-02
2.255780666238035859e-02
1.430830951895640558e-02
1.429296624624628795e-02
1.660450866571023046e-02
1.836406408643855362e-02
1.970619685969404039e-02
2.073054831447906921e-02
2.151177917168957746e-02
1.430533400469831753e-02
1.661394484260476229e-02
1.837129922183315667e-02
1.971176702612893739e-02
2.073484918696278170e-02
2.151511202755151606e-02
2.210890225529435829e-02
1.430691675925040846e-02
1.429297706697111106e-02
1.660453983566015715e-02
1.836411898314264934e-02
1.970627624057858657e-02
2.073064831168572666e-02
2.151190082088728223e-02
2.210645261852561480e-02
2.255722933178067047e-02
2.289706773301199150e-02
2.315119352274620790e-02
1.431069589855154568e-02
1.661789637501356887e-02
1.837414043761942742e-02
1.971372674700942046e-02
2.073611253543160976e-02
2.151581486573017621e-02
2.210915580461023447e-02
2.255898447909088222e-02
2.289808085285191183e-02
2.315162527951644678e-02
2.333902685885895847e-02
2.347527807695782773e-02
2.357199263913718063e-02
2.363817649296774334e-02
1.431627175649326927e-02
1.665209261141207750e-02
1.430783728769300864e-02
1.664277289307071472e-02
1.430638164837838393e-02
1.663900021529777021e-02
1.430503720755841104e-02
1.430182906969450912e-02
1.663155383937219012e-02
1.841439827445678912e-02
1.978301662298599314e-02
2.083578426027707722e-02
2.164649417530663256e-02
2.227097151193685801e-02
1.430786774173952065e-02
1.663035341697400790e-02
1.840569728194497642e-02
1.976707480033985595e-02
1.430307706994473314e-02
1.429636462365534329e-02
1.661748504394964382e-02
1.839035607176423698e-02
1.974877278652736184e-02
1.430114173340493386e-02
1.661854566445217576e-02
1.838769802505625661e-02
1.974260633973230067e-02
2.078238338491950402e-02
2.158120330542809967e-02
2.219504340143018881e-02
2.266643661567067924e-02
2.302787561202062835e-02
2.330428558000110020e-02
2.351484932134954506e-02
2.367437298107811020e-02
2.379430778782731792e-02
2.388352209691137901e-02
2.394889860847396884e-02
1.430501198532066129e-02
1.661446899071131883e-02
1.429309663250813260e-02
1.429020931084272125e-02
1.660165361035688056e-02
1.836328422234961150e-02
1.429426588299848554e-02
1.660359765937708884e-02
1.836323301581880771e-02
1.970832541517220440e-02
2.073863600884812142e-02
1.429657679213320633e-02
1.428844543705834989e-02
1.659711982472881001e-02
1.835553045852821030e-02
1.429267804737152127e-02
1.659944433741087841e-02
1.835610184461501648e-02
1.969814270251061400e-02
1.429387667664461410e-02
1.659932373023770974e-02
1.835462512929462650e-02
1.429172343916297085e-02
1.428676350498893528e-02
1.428656630838168358e-02
1.659229793274490453e-02
1.428889625879814149e-02
1.659358337291811855e-02
1.428864648875190907e-02
1.428586901090658431e-02
1.659051255518865023e-02
1.428824725875874752e-02
1.659189691185412874e-02
1.834472475144522524e-02
1.968273299375766783e-02
1.429185512962185753e-02
1.659399683533549150e-02
1.834546273457003315e-02
1.428983094912017471e-02
1.428489476474876715e-02
1.658799345645270429e-02
1.833992184709374099e-02
1.428946562267597448e-02
1.659104717400882237e-02
1.834168681136623749e-02
1.967756076922573538e-02
2.069901750845775518e-02
2.148088339357680232e-02
2.207943015542886481e-02
2.253727682595887266e-02
2.288686858648245753e-02
2.315302319697593730e-02
2.335477704066450666e-02
1.429725957015546070e-02
1.659572820994755643e-02
1.834359204824038275e-02
1.428865324455898776e-02
1.658890029465487012e-02
1.833799412324757516e-02
1.967228651997133398e-02
2.069222342664565201e-02
2.147268092093998493e-02
1.429290474512096877e-02
1.659165535737076522e-02
1.833945814989681317e-02
1.967264384212532441e-02
1.429003727945994846e-02
1.428331935009959953e-02
1.658394553971846708e-02
1.833299887743652934e-02
1.966701071633856698e-02
1.428981771542761799e-02
1.428310615505774123e-02
1.428303118146599833e-02
1.428296694889460115e-02
1.658305064812931953e-02
1.833146828013089424e-02
1.966483245179581618e-02
2.068374355998491704e-02
1.429097639652972956e-02
1.658888943514859327e-02
1.833559192161252419e-02
1.428760988047101180e-02
1.658618531242950223e-02
1.428533243630885491e-02
1.658433873459199195e-02
1.833176629967541577e-02
1.428747194242625113e-02
1.658583214092099190e-02
1.833273056225711087e-02
1.966477104286258951e-02
2.068254311901642981e-02
2.146099861193472014e-02
2.205646666053086291e-02
2.251158721970836912e-02
2.285879661423622852e-02
2.312288888896799413e-02
2.332287007129543732e-02
2.347335850323663264e-02
2.358562200630692773e-02
2.366835814093687373e-02
1.429723597395769416e-02
1.428221448089962535e-02
1.658108606964191559e-02
1.832809703256088954e-02
1.428703515736049097e-02
1.658468424538915229e-02
1.833075805313017295e-02
1.966195394662250545e-02
1.428881428688641257e-02
1.658597080156493445e-02
1.428475885926216472e-02
1.658283807325864126e-02
1.832919253226113557e-02
1.428694540866326523e-02
1.658444650328592951e-02
1.833034821259767536e-02
1.428691964148852758e-02
1.658437853994374628e-02
1.428467177490504170e-02
1.428198419902833652e-02
1.658052458723692502e-02
1.832714639160189923e-02
1.428683287040980777e-02
1.658416432270153063e-02
1.428459517278743603e-02
1.658242281135925006e-02
1.428456779014894949e-02
1.428188764269565716e-02
1.658027165018123583e-02
1.428451610735537516e-02
1.428183598542453157e-02
1.658013892659886829e-02
1.428446834907560331e-02
1.658210289599397480e-02
1.428445582982065809e-02
1.658206129515263708e-02
1.832786884255383289e-02
1.428666600800768995e-02
1.658371820171963482e-02
1.428442827869871000e-02
1.658199057720874392e-02
1.428441078257675426e-02
1.658194908519510305e-02
1.428439574219685787e-02
1.658191072670762295e-02
1.832761174915959954e-02
1.965831809473206002e-02
2.067474445068165356e-02
2.145191522858523256e-02
1.429117615984409201e-02
1.428171221364313986e-02
1.657980932951211295e-02
1.428434649839018314e-02
1.428166749337748433e-02
1.428164402947416749e-02
1.657965619715322941e-02
1.832566535806506511e-02
1.965655800890194621e-02
2.067308986223894904e-02
2.145031258476158553e-02
2.204462152722778609e-02
1.429215613175305495e-02
1.658762014858417705e-02
1.833171595336741469e-02
1.966116078330456055e-02
1.428834622778644287e-02
1.428162965933350848e-02
1.428160152165248130e-02
1.657954583680060559e-02
1.428425323120891335e-02
1.658154655793439569e-02
1.428424980877400496e-02
1.428157376388007431e-02
1.657946585665048475e-02
1.428422013888992585e-02
1.658146375105472997e-02
1.428421759336133932e-02
1.658145278538576683e-02
1.832682622702284242e-02
1.965719312509323080e-02
1.428826622500854390e-02
1.658454549575562320e-02
1.832920938898180419e-02
1.965904770208727961e-02
1.428828151397468042e-02
1.658457603075063139e-02
1.832925820756951818e-02
1.965911556042618247e-02
2.067483672005207204e-02
2.145142328006421906e-02
2.204522787505099751e-02
2.249888906728768345e-02
2.284483079494607424e-02
2.310782836557964334e-02
2.330687335411631492e-02
2.345656654527103480e-02
1.429562855020434162e-02
1.659001320502449459e-02
1.833321614168600261e-02
1.428641296698789261e-02
1.658304645314960177e-02
1.428418218669371201e-02
1.658135502646240073e-02
1.832665630210808874e-02
1.965695187969536406e-02
1.428824085335357770e-02
1.428153084871237356e-02
1.657934737356109994e-02
1.428418110013346225e-02
1.428150719930854247e-02
1.428148571313144627e-02
1.657925058265263124e-02
1.428414550050386041e-02
1.658126904829523851e-02
1.428414745105162885e-02
1.428147537154146780e-02
1.657921301768807559e-02
1.832490218563547976e-02
1.428636591486599598e-02
1.658294579406376784e-02
1.428414497750441110e-02
1.658126009255595987e-02
1.832649054819107670e-02
1.965671577739580220e-02
2.067268136944624621e-02
2.144942616071541380e-02
2.204333138080534493e-02
2.249705081169123266e-02
2.284302455922429878e-02
2.310603419115672338e-02
2.330508204433596672e-02
2.345476936564842851e-02
1.429556087512422018e-02
1.658982257331158630e-02
1.833288028530443217e-02
1.966143919536071996e-02
2.067611937497093946e-02
1.428967617249800141e-02
1.658541907548306479e-02
1.832961266976499901e-02
1.965904206447841723e-02
2.067439608545967866e-02
2.145066837261857054e-02
2.204420800584403622e-02
1.429202459171943253e-02
1.428148534324163305e-02
1.428146028153032439e-02
1.657918142063714156e-02
1.832485138023954782e-02
1.965539820150290912e-02
2.067160013366309973e-02
1.428969510185829073e-02
1.658548176625003132e-02
1.832972524458092306e-02
1.965920520674959218e-02
2.067460748816099189e-02
2.145092422688373024e-02
1.429097795027416302e-02
1.428150822851251972e-02
1.428148069070535840e-02
1.657923746114382466e-02
1.832494845950352960e-02
1.965553707027137623e-02
1.428820567657525416e-02
1.658437869737039785e-02
1.428416870620544121e-02
1.428148710967433975e-02
1.657925127384902997e-02
1.428414534990145833e-02
1.658126876665836844e-02
1.832650833537140256e-02
1.965674321932842777e-02
2.067271812015488916e-02
2.144947148470154399e-02
2.204338450497483545e-02
2.249711078586703189e-02
2.284308904248513739e-02
2.310610194285551283e-02
2.330515526179044103e-02
2.345484649665614818e-02
2.356642868227839735e-02
1.429605961594861835e-02
1.428141708065643230e-02
1.657903981012591801e-02
1.832459733954015096e-02
1.965503008976937638e-02
2.067112306113338266e-02
2.144794166557171047e-02
2.204188513961779713e-02
1.429197695014351732e-02
1.658712017565858871e-02
1.428411302988105876e-02
1.658116395489532893e-02
1.832632121824867219e-02
1.965647295053588733e-02
1.428817642757787033e-02
1.428146342918098360e-02
1.428144201567420335e-02
1.657913522660216243e-02
1.428410510495486951e-02
1.658116250919736481e-02
1.428411104591389980e-02
1.658117275701782856e-02
1.832634152383280993e-02
1.428634864138820723e-02
1.658289827545712802e-02
1.832769333893330757e-02
1.965758098848298038e-02
2.067328346560003138e-02
2.144982228496361554e-02
1.429095523849364772e-02
1.658644033616541238e-02
1.428415843031297615e-02
1.428147871906215033e-02
1.657922230194117802e-02
1.832491823284634544e-02
1.965549149146714192e-02
2.067171865183165674e-02
2.144866085057783520e-02
2.204271561277666713e-02
2.249654847273411043e-02
2.284260836039956818e-02
1.429371838321259400e-02
1.658851218663017976e-02
1.833199971909417816e-02
1.966090676330832510e-02
2.067586939100287194e-02
2.145184705637051201e-02
2.204516422592250890e-02
2.249843084247974898e-02
2.284405548241192838e-02
2.310679644434135774e-02
1.429441963107245042e-02
1.428147075844762512e-02
1.657918016577919137e-02
1.832484243806586921e-02
1.965537743059136977e-02
2.067156865174847938e-02
1.428969349016369524e-02
1.658547598185015556e-02
1.428415390409380585e-02
1.658127744652692845e-02
1.832652261648679351e-02
1.428639098122571303e-02
1.658300069661033244e-02
1.832787009907200365e-02
1.428640354923227905e-02
1.658303332454167528e-02
1.832792593873538642e-02
1.428641777241296609e-02
1.658306558999395400e-02
1.832797840973100084e-02
1.428642432724202757e-02
1.658308904501887282e-02
1.832802108245664210e-02
1.965804639422557426e-02
1.428825631876951864e-02
1.428154395906847639e-02
1.428151937368020777e-02
1.428150207670277755e-02
1.657928603812392626e-02
1.428415756114193025e-02
1.658129928660829686e-02
1.428415827934270167e-02
1.658129796421639601e-02
1.428415670694634099e-02
1.658129469917245941e-02
1.832655112663953909e-02
1.965680317852965681e-02
2.067279447682070573e-02
1.428971971694948696e-02
1.428150546778723419e-02
1.428148226265950338e-02
1.657923894864122769e-02
1.832494975182871744e-02
1.965553745350630613e-02
2.067177818778464377e-02
2.144873279686737230e-02
2.204279859341027117e-02
2.249664125575524462e-02
2.284270977971413971e-02
2.310579243832197940e-02
1.429440984466290483e-02
1.428146491629852036e-02
1.428143707886752461e-02
1.657912146602167139e-02
1.832474873056762210e-02
1.965525125552070387e-02
1.428816461390410540e-02
1.658427158090142531e-02
1.428412887393446309e-02
1.658121337143739216e-02
1.832640850104485727e-02
1.965659830100834060e-02
2.067253013220151855e-02
2.144924384796487171e-02
1.429095390242119019e-02
1.658643877267080777e-02
1.833045250711757418e-02
1.965976311656713119e-02
1.428821930426330510e-02
1.658440090909355652e-02
1.832895397330060530e-02
1.965867801694214795e-02
2.067427356184537227e-02
2.145074384750413413e-02
1.429099554964122221e-02
1.658654607373763815e-02
1.428419701386738835e-02
1.658138562484780254e-02
1.832670535037461343e-02
1.965701979067304220e-02
2.067306956707118740e-02
2.144989211029467435e-02
2.204386676580745094e-02
2.249764901487262547e-02
1.429297840660994495e-02
1.658805840513616001e-02
1.833180216054019693e-02
1.966092953505941057e-02
2.067607995252140896e-02
1.428976303983043455e-02
1.658565651988146497e-02
1.428422108157269103e-02
1.658144812521017072e-02
1.832680870018005281e-02
1.965717004282094629e-02
2.067326499377121832e-02
2.145012839071199287e-02
2.204414120116553882e-02
2.249795722127220093e-02
2.284401476925571051e-02
1.429378356234070092e-02
1.658868740404054881e-02
1.833230422973224777e-02
1.966134251489615181e-02
1.428827207698018034e-02
1.658453835106596386e-02
1.832918768552066827e-02
1.428646035924893525e-02
1.658318041659947659e-02
1.832817559619965078e-02
1.965826798993556765e-02
1.428828977554388695e-02
1.658459467121675690e-02
1.832928811911141431e-02
1.965915969388156576e-02
2.067489493895105501e-02
2.145149354025090160e-02
2.204531180301411847e-02
1.429212100381528627e-02
1.658751485757598704e-02
1.833153049565181686e-02
1.428649137342209892e-02
1.658325549981772007e-02
1.428425996506365973e-02
1.428157726029304075e-02
1.657948415411532664e-02
1.832537141026308394e-02
1.965613956208295612e-02
2.067255206235435114e-02
2.144966445011244754e-02
2.204387413869487305e-02
2.249784449498486508e-02
2.284402414827900810e-02
1.429379836634904304e-02
1.658873105684114183e-02
1.833238102054614294e-02
1.966145303775367753e-02
2.067657208264010726e-02
1.428979386546287353e-02
1.658572640200199969e-02
1.833013763696796430e-02
1.965979370250818883e-02
2.067536343329354556e-02
2.145183432507477561e-02
2.204555370885086241e-02
2.249914842351326619e-02
1.429302557751391256e-02
1.428157516554079062e-02
1.657945902710563843e-02
1.428422130448773683e-02
1.658146363375662125e-02
1.832684368412439840e-02
1.428645667914212568e-02
1.428156257262840068e-02
1.657942920875789608e-02
1.428420887150083293e-02
1.428153858069378460e-02
1.657937332993557333e-02
1.832517966254863448e-02
1.965586312456590878e-02
1.428824869739879315e-02
1.428154092254416141e-02
1.657937090153125889e-02
1.832517204911065720e-02
1.965584846362167237e-02
2.067217499532346403e-02
2.144920894339070669e-02
2.204334712569094509e-02
2.249725386242980990e-02
2.284337879792004700e-02
2.310650809758194729e-02
1.429444675572079382e-02
1.658912161632034032e-02
1.833254365593113902e-02
1.428641404949230163e-02
1.428151051251280203e-02
1.428148852605109001e-02
1.657925415042811254e-02
1.832497559721684918e-02
1.965557506873527940e-02
2.067182748212932977e-02
1.428971620494077707e-02
1.658554109653991374e-02
1.832982857075839134e-02
1.965935335140928109e-02
2.067479853557692773e-02
1.428974165738582450e-02
1.658560088708084176e-02
1.832992770171189278e-02
1.428643318136998963e-02
1.658310848421391120e-02
1.832805307191736829e-02
1.965809138394580824e-02
1.428826148795213184e-02
1.658452386487706612e-02
1.832916914515732298e-02
1.428645547917763506e-02
1.658316736427618149e-02
1.832815431211717513e-02
1.965823592601339057e-02
1.428828443051821835e-02
1.428156992169077495e-02
1.657944921717550285e-02
1.428421586298581937e-02
1.658145029300121809e-02
1.428421499618509095e-02
1.658144293412423462e-02
1.428421048251016234e-02
1.658143195654049329e-02
1.428420786965868376e-02
1.658142323671465967e-02
1.832677402241050801e-02
1.428643535405012266e-02
1.658312555265151547e-02
1.832808728300965029e-02
1.965814074473958700e-02
1.428826771184561750e-02
1.428155207083686359e-02
1.657940775501887121e-02
1.832523811572187022e-02
1.965594405954874599e-02
2.067229871065763905e-02
1.428976148197525463e-02
1.428155067484027270e-02
1.657939942274590586e-02
1.832522203681093143e-02
1.965592021524930830e-02
1.428825405459854640e-02
1.658451013577438155e-02
1.832914836336504982e-02
1.965896076028053954e-02
2.067463862601200131e-02
1.428977563550376702e-02
1.658569187168069253e-02
1.833008442714042369e-02
1.428646421805947198e-02
1.658318990792552808e-02
1.832819272114540043e-02
1.965829043853383959e-02
2.067419286008887261e-02
1.428979174718335819e-02
1.658573813126758972e-02
1.833016155023270768e-02
1.965983200136368209e-02
2.067541496468780840e-02
2.145189754612841435e-02
2.204562742931344063e-02
1.429211824764304965e-02
1.428158628201859660e-02
1.657948431320456495e-02
1.428422571236059695e-02
1.658148020830640598e-02
1.832687532523101168e-02
1.428646000588954315e-02
1.658318722175978685e-02
1.832819147518657127e-02
1.965829054314685922e-02
2.067419420904307442e-02
2.145091748134912712e-02
2.204482829152043175e-02
2.249856982806233349e-02
2.284457316430148210e-02
1.429379628067633558e-02
1.658872487518834454e-02
1.428422877633705838e-02
1.428154524999692213e-02
1.657939339741535539e-02
1.428419709674317618e-02
1.658140243866352073e-02
1.832674068940006937e-02
1.965707365620329716e-02
2.067314097975569975e-02
1.428976017504924277e-02
1.658565686217456855e-02
1.833002670351606411e-02
1.965963752555990526e-02
2.067516330662040255e-02
1.428978127649782430e-02
1.428156560427843585e-02
1.428153942889946737e-02
1.657938289541344146e-02
1.832519801414355179e-02
1.965589011645145143e-02
1.428824961826478425e-02
1.658450199835319328e-02
1.428421274950013482e-02
1.658143340876938945e-02
1.832678977779876595e-02
1.965714139820319561e-02
2.067322667021795693e-02
1.428976918336641484e-02
1.658567848520419580e-02
1.833006290827458168e-02
1.965968857921544799e-02
2.067522855639344903e-02
2.145167112280000829e-02
1.429104003024622010e-02
1.658666634035765863e-02
1.428423939419906988e-02
1.428155875825318916e-02
1.657943087866141363e-02
1.832527940833578173e-02
1.965600578950385882e-02
2.067237812927680968e-02
2.144945468921483772e-02
1.429102966549945959e-02
1.428156278088237377e-02
1.428153485807123757e-02
1.657937068176177156e-02
1.832517779282389486e-02
1.965585991879072181e-02
2.067219171581638135e-02
2.144923039870044040e-02
2.204337275360065615e-02
2.249728313978377123e-02
2.284341122631861412e-02
2.310654319539603291e-02
1.429444828963115539e-02
1.658912653280185043e-02
1.833255245836732522e-02
1.966142711487595465e-02
2.067637583723777595e-02
2.145235286044621520e-02
2.204567499277237247e-02
2.249895318552414328e-02
2.284458953168126694e-02
1.429375484172751461e-02
1.428151125599192404e-02
1.657928524554820940e-02
1.832502166156451534e-02
1.428639544277877059e-02
1.658301782359637364e-02
