2.009999999560275974e+00
2.010863049234990818e+00
2.010068718295567436e+00
2.008990606052883265e+00
2.007624214556194442e+00
2.005560086804229147e+00
2.003121637754266882e+00
2.000313636873386702e+00
2.007692990956088774e+00
2.004847368920335882e+00
2.001606537834427879e+00
1.997978902381293942e+00
2.006958661610278138e+00
2.014439137579224770e+00
2.021948930967652380e+00
2.018055756458901229e+00
2.026002882659803550e+00
2.034037092713588901e+00
2.042063518296358016e+00
2.037702664472743841e+00
2.032912994976437293e+00
2.046803303766816740e+00
2.058652567598192817e+00
2.052856041498066109e+00
2.066581601102745136e+00
2.060161448455680500e+00
2.053448026380284563e+00
2.046446691171017740e+00
2.039162530904146564e+00
2.031600747318750066e+00
2.023767028257063672e+00
2.015667905299607821e+00
2.033196435402426783e+00
2.050942599436320624e+00
2.042445414451711461e+00
2.033647317422384582e+00
2.052041530361879307e+00
2.042931447632431396e+00
2.062518348746441799e+00
2.086524972070104234e+00
2.078113034370365320e+00
2.069337656007575355e+00
2.060231939706411719e+00
2.050825622898995171e+00
2.041146032363921670e+00
2.058760786995491365e+00
2.049184352232014117e+00
2.039256021428103249e+00
2.059484050805627131e+00
2.049439358553638790e+00
2.070539013200080269e+00
2.060287028102187890e+00
2.081459172983157302e+00
2.071047843253173149e+00
2.060201627048780182e+00
2.081422495819670537e+00
2.103540153824915215e+00
2.092966096579536917e+00
2.081888364157246318e+00
2.070358902917842414e+00
2.058427552560182505e+00
2.046143076456418353e+00
2.033553913429355653e+00
2.020238403114911652e+00
2.043886764315662408e+00
2.031309156808829730e+00
2.018309960834580696e+00
2.004962329448152225e+00
2.033399287035590142e+00
2.020384265300540161e+00
2.048710923007512008e+00
2.035760369316439000e+00
2.022368426783398565e+00
2.050544836154791550e+00
2.078409643877683788e+00
2.066078042361433997e+00
2.053257626070867037e+00
2.078821633983528816e+00
2.066324815937180759e+00
2.053332510600529126e+00
2.039454258848448109e+00
2.025176829859495875e+00
2.009947406860777441e+00
1.994277855646926723e+00
1.978220074129882322e+00
1.961827087740160236e+00
1.945153210788666653e+00
1.928254024115731546e+00
1.911186201260732354e+00
1.894007200496764298e+00
1.929358281558556598e+00
1.912222000777426878e+00
1.894978634898664582e+00
1.877674019344889533e+00
1.918906750855533305e+00
1.901413055971402866e+00
1.883828665111753953e+00
1.866203163519273067e+00
1.848128648082429049e+00
1.892409937750319404e+00
1.874569135369046347e+00
1.856252822588538409e+00
1.900777215266832743e+00
1.882751431990530522e+00
1.864678717454501644e+00
1.846109821295289333e+00
1.891852272465213813e+00
1.873617952589470281e+00
1.854870878073978213e+00
1.900608824713442058e+00
1.943913881628049012e+00
1.991679532977510325e+00
2.029965384522368410e+00
2.014524817741492058e+00
1.998498490531559701e+00
2.032965864518968768e+00
2.017517181515277702e+00
2.050887978040346837e+00
2.036394466263985681e+00
2.020821960677328999e+00
2.004696940059978783e+00
1.988094432896749364e+00
1.971088998231051104e+00
1.953754901535093680e+00
1.936166016284262215e+00
1.918395537559079322e+00
1.900515555531511636e+00
1.882596536888246241e+00
1.920203601102934199e+00
1.902271354900581191e+00
1.884315090678764681e+00
1.927055003253705490e+00
1.974698667574973365e+00
2.014412199722003027e+00
1.998457151619753347e+00
1.981977825534628534e+00
1.965061682045488700e+00
2.003394816112428423e+00
2.038156124299711269e+00
2.022666901626427371e+00
2.006579577148529303e+00
1.989976660969823508e+00
2.025310741777111012e+00
2.058693194332710252e+00
2.044097772046967076e+00
2.029010429067231946e+00
2.012855628389635942e+00
1.996210729357876357e+00
1.979152887731099986e+00
1.961758938082877490e+00
1.944105214848120600e+00
1.926267157295707744e+00
1.908318781647360574e+00
1.890332076129978667e+00
1.872376371361472280e+00
1.854517725883883195e+00
1.836380707606228624e+00
1.818403106815286163e+00
1.860418452052943872e+00
1.903608823089959490e+00
1.885463107398973159e+00
1.867355327911890406e+00
1.848883701530805501e+00
1.830495771292714569e+00
1.812250407694666388e+00
1.793525803699763888e+00
1.774842721705494064e+00
1.756229107664118549e+00
1.804329087654666708e+00
1.785980026494200956e+00
1.767540587999796964e+00
1.816431667019327900e+00
1.797898110248706605e+00
1.779236318680970763e+00
1.760492159214160912e+00
1.811257923472380238e+00
1.792635946666759850e+00
1.773891402234865744e+00
1.755072401236613677e+00
1.736226503309168834e+00
1.717400481185619165e+00
1.698640119649029723e+00
1.679990047499620998e+00
1.661493596172097797e+00
1.643192675826046889e+00
1.689991511373268418e+00
1.750643416972144317e+00
1.733495665205542657e+00
1.716234424398085823e+00
1.698924592781474674e+00
1.681627169725192106e+00
1.664399057645493452e+00
1.719614731987045619e+00
1.764436738354217438e+00
1.747260890375105680e+00
1.729907531228373596e+00
1.712442513926956122e+00
1.694928967346864379e+00
1.677427017670144682e+00
1.659993523283392891e+00
1.642681839175954561e+00
1.703655185033098762e+00
1.686796255669574141e+00
1.733670477079804595e+00
1.778799754392546006e+00
1.762030210631126526e+00
1.744887438617885866e+00
1.727463649543111934e+00
1.709845881606509410e+00
1.692116047385473721e+00
1.674350877957003991e+00
1.656621832849951348e+00
1.715704547665557245e+00
1.698611126542176830e+00
1.681616746809941665e+00
1.664763975715876976e+00
1.648092879467164318e+00
1.631640474979272781e+00
1.615440346154585427e+00
1.599522418803140278e+00
1.583501396447400289e+00
1.567753100753047413e+00
1.551719093775421499e+00
1.535804677648049177e+00
1.577210875165092174e+00
1.562474944469387728e+00
1.608059638612517217e+00
1.652116132906550572e+00
1.637703214347902891e+00
1.688007677224560910e+00
1.724228307558635320e+00
1.711492735065120119e+00
1.749883597899247301e+00
1.780905393324214714e+00
1.769308041564368272e+00
1.756920740400409020e+00
1.743806726045258326e+00
1.730029781388626953e+00
1.715655376112509067e+00
1.761645823408897638e+00
1.797247460503036409e+00
1.783734662414688144e+00
1.820152692044582521e+00
1.852202195906491600e+00
1.840413392772238366e+00
1.871125010063629412e+00
1.899062539100787594e+00
1.888261110734082537e+00
1.876838156706123861e+00
1.864839798144028338e+00
1.892463051383784345e+00
1.926030216024825714e+00
1.952060701584029445e+00
1.973090390236562408e+00
1.992013256258668097e+00
1.983794253074766978e+00
1.975038147017307066e+00
1.965802921830280159e+00
1.955549717631306805e+00
1.982097884535666266e+00
2.005355611289669326e+00
1.995305838649555019e+00
1.984891670837898525e+00
2.009853820208043373e+00
1.999128588784126581e+00
1.988087844149251993e+00
1.976197000024309203e+00
1.963887130224895028e+00
1.993820014753927783e+00
1.981995736429243316e+00
2.009525003108157737e+00
1.997764929531006706e+00
2.024290091627502619e+00
2.050333949147726376e+00
2.039377637228835916e+00
2.028003908691509150e+00
2.015808330513181090e+00
2.041119944417409737e+00
2.029166941720472739e+00
2.016773775294982141e+00
2.004005446468342111e+00
1.990297401689328227e+00
1.976152266206311126e+00
1.961609745152658402e+00
1.946710792374221954e+00
1.981239048750650822e+00
1.966749207053294146e+00
1.951903196600080159e+00
1.936744593143109539e+00
1.921318324753070961e+00
1.905670828165247910e+00
1.889850029423092659e+00
1.873905168920148911e+00
1.910620448125904369e+00
1.894405686997308935e+00
1.878074830792698435e+00
1.861671184931169787e+00
1.845240721650337923e+00
1.886138743223898295e+00
1.925541187910973173e+00
1.969488443130080313e+00
1.954117922187746714e+00
1.938495639966663076e+00
1.922672934854989579e+00
1.960820436532920263e+00
1.999638131779507333e+00
1.984534297436318040e+00
1.968956384188063735e+00
2.004121191241956979e+00
1.988955827164702983e+00
1.973301637934772979e+00
1.957232798310363897e+00
1.940821488886405932e+00
1.979740761413161909e+00
2.014070776757937775e+00
1.998840574675670334e+00
1.983087469205209397e+00
2.017806683203933638e+00
2.002538761928013944e+00
2.036150736434572117e+00
2.067280622480716090e+00
2.095746823440738371e+00
2.082815361518048469e+00
2.069316718531615695e+00
2.095353801442939812e+00
2.121896874555344148e+00
2.109473142377754407e+00
2.096396545025568603e+00
2.082741395307294852e+00
2.068582714809669820e+00
2.100806109706536251e+00
2.086422629463835055e+00
2.118051500262168485e+00
2.103494197425729073e+00
2.088518595355651097e+00
2.073181643322541845e+00
2.106722318683889039e+00
2.091269309751892180e+00
2.124106062351209356e+00
2.108573978024477213e+00
2.092707885832208792e+00
2.076558884424389184e+00
2.059679048278895586e+00
2.042575446014572194e+00
2.024621249287069880e+00
2.006374142663037041e+00
1.987885768287217303e+00
1.969211528436003444e+00
1.950409827169354848e+00
1.995753127633753898e+00
1.977776243513576837e+00
1.959581761007655354e+00
1.941243521524481874e+00
1.922834387222647212e+00
1.904425396974235962e+00
1.886084907275473510e+00
1.867877777271939044e+00
1.849864646585476669e+00
1.832101341615916423e+00
1.814177721960429368e+00
1.796544642100697864e+00
1.778604628400091370e+00
1.760839496486927835e+00
1.743259893798960514e+00
1.724392768676120014e+00
1.707418872942917609e+00
1.690619378305534992e+00
1.673997549529644857e+00
1.657556681926891651e+00
1.641300765020618835e+00
1.625235070719893260e+00
1.664711865025381821e+00
1.649102626488577306e+00
1.633478775107259473e+00
1.617449458394747630e+00
1.601405935934644864e+00
1.648925528845198274e+00
1.633021597902396538e+00
1.616646486927588722e+00
1.664770013615172628e+00
1.648476133270336152e+00
1.631693264485766237e+00
1.614835220843364727e+00
1.597950720315255868e+00
1.580428178076841217e+00
1.562756454902191949e+00
1.544958437796573048e+00
1.527059849904998767e+00
1.509089441047816171e+00
1.563870965647270905e+00
1.547085007366453047e+00
1.598832899788091400e+00
1.646182567165826560e+00
1.631023685909787302e+00
1.615390121644698196e+00
1.599386370305518223e+00
1.582441426677689389e+00
1.631076699975650302e+00
1.615499382465779732e+00
1.661861106813627975e+00
1.647109964410739869e+00
1.631396752798720540e+00
1.615226013211340517e+00
1.660614796353233835e+00
1.703233907500455224e+00
1.689143024241353430e+00
1.674392735963304624e+00
1.659072670138969086e+00
1.642810818492695502e+00
1.626090073703827743e+00
1.608390904975759650e+00
1.590205517742081076e+00
1.639282116199911821e+00
1.685568969419567686e+00
1.670813160935168851e+00
1.712134541671740839e+00
1.697994339395752172e+00
1.747659891461865067e+00
1.735342589809857561e+00
1.722350834483779680e+00
1.708761439338033261e+00
1.743785541277522944e+00
1.731365219404331857e+00
1.763477722878229681e+00
1.793288708874710258e+00
1.782859389376797887e+00
1.808531271488063474e+00
1.798523338053855225e+00
1.787845557087919035e+00
1.819440466864484129e+00
1.847974662093265330e+00
1.837818136239148581e+00
1.827129831586007391e+00
1.815523412286501159e+00
1.803415041036809496e+00
1.836477321012541131e+00
1.825000651637668891e+00
1.812605069428555815e+00
1.844782782859698322e+00
1.874833167220103292e+00
1.863777412874672468e+00
1.852143181337054356e+00
1.880743782636229433e+00
1.869396063391473017e+00
1.897370056886695355e+00
1.929281415174098679e+00
1.919617496545448443e+00
1.909391916265616995e+00
1.898647880282794853e+00
1.887427190366581353e+00
1.913504532874981789e+00
1.903211367597237968e+00
1.892403533572372343e+00
1.881133085146433181e+00
1.869450222843604736e+00
1.857404109665513170e+00
1.845043415993612879e+00
1.832416656558079282e+00
1.819572356561994786e+00
1.806127608353212288e+00
1.835726966626294532e+00
1.867465588074575411e+00
1.855151914377262568e+00
1.885301462515221127e+00
1.919992123796534278e+00
1.909015576985612750e+00
1.934670024406777600e+00
1.923832512030797526e+00
1.912421550306536489e+00
1.937738614457233499e+00
1.965733252186820268e+00
1.955249120302680499e+00
1.944092626298466797e+00
1.967303314809139447e+00
1.956760201715031178e+00
1.945538735950163689e+00
1.933693577778954564e+00
1.921278289329492406e+00
1.908346448295667130e+00
1.894952416679709595e+00
1.881151827601879711e+00
1.867001828916030393e+00
1.852561110070964689e+00
1.837889742254240399e+00
1.822618264342155792e+00
1.858690285075746296e+00
1.844068013101061609e+00
1.828758982257805865e+00
1.813215927780807535e+00
1.852512034086103654e+00
1.836922202918845892e+00
1.876783814901880509e+00
1.914461963092181751e+00
1.899214897271874980e+00
1.883636035524414831e+00
1.867778448220343002e+00
1.851253033037802753e+00
1.834503708724977589e+00
1.817598792168791499e+00
1.799929668744960631e+00
1.843922351058211007e+00
1.827114819454828343e+00
1.809505222434223182e+00
1.791601766127890016e+00
1.838353553713125699e+00
1.821272199745415543e+00
1.803384306096553535e+00
1.849108601821541242e+00
1.831843778123699362e+00
1.813791782425784316e+00
1.795462152699698111e+00
1.776905326485346714e+00
1.826007105266081121e+00
1.807692324412747187e+00
1.789088850060741809e+00
1.770250328681081564e+00
1.821020779110512855e+00
1.802531952176374075e+00
1.783780908239055663e+00
1.764823177840405766e+00
1.816245140020603666e+00
1.797618214845888129e+00
1.845934312861292392e+00
1.828040673427282492e+00
1.873552319139093481e+00
1.855587860368617337e+00
1.900260040619058621e+00
1.942009042879285996e+00
1.989348942732969583e+00
1.974256492130898266e+00
1.958719726142252204e+00
1.993518884563059590e+00
1.978372511315254156e+00
1.962769448205594180e+00
1.946784727109780011e+00
1.930491216473648075e+00
1.913959879762102689e+00
1.897259790280854563e+00
1.940019952511224055e+00
1.978066966370118918e+00
1.962355927015806856e+00
1.998735701661086051e+00
2.037348440657822390e+00
2.022755462446706787e+00
2.054617000258931014e+00
2.040199729717335320e+00
2.071294016781115133e+00
2.057113825150656439e+00
2.042399023840806294e+00
2.072282145617173388e+00
2.058055880503913304e+00
2.087412426208084870e+00
2.073878453384461640e+00
2.059344020988372215e+00
2.044298643327076892e+00
2.028837678995849547e+00
2.012362607927121072e+00
1.995452756490748047e+00
2.028260800814802867e+00
2.012392350932291851e+00
1.995939639768181895e+00
1.978987967549414639e+00
2.016488449289154605e+00
2.000411263806646023e+00
1.983797335719368338e+00
2.020293579720353172e+00
2.054208693913431194e+00
2.039477977637668360e+00
2.023641497102568909e+00
2.007236843410021621e+00
1.990342934870117819e+00
1.973038537086736488e+00
1.955402322784918656e+00
1.937512638985963820e+00
1.919447076419166676e+00
1.901281900032223193e+00
1.883091396014304753e+00
1.864947188560489133e+00
1.846917569708223628e+00
1.828592308632369656e+00
1.810448292432037309e+00
1.791900908573344608e+00
1.773445530647064228e+00
1.755107699961753420e+00
1.799577630362179104e+00
1.781649841428699643e+00
1.763671120846490137e+00
1.745680052568934659e+00
1.727712628944960027e+00
1.779223015337902947e+00
1.761350566232720682e+00
1.743460032894717182e+00
1.725592843766428519e+00
1.776293076043099939e+00
1.822430221329444322e+00
1.868135712930249381e+00
1.912093518477035126e+00
1.894328799364907168e+00
1.876450333207332566e+00
1.858044409538116559e+00
1.901715796511636469e+00
1.883800796071855688e+00
1.865327328319036582e+00
1.846755436071914724e+00
1.828156114046689540e+00
1.873940440404444185e+00
1.855438080868433648e+00
1.901211616614987721e+00
1.883117275420362446e+00
1.926675841867888206e+00
1.908570308824800055e+00
1.890285145292077251e+00
1.933261303033771972e+00
1.915094972080445990e+00
1.896726351009596412e+00
1.878213226640921718e+00
1.859103961056476129e+00
1.904073031347697897e+00
1.948752507413941570e+00
1.931250281628083432e+00
1.972152157889788260e+00
1.954908933819921701e+00
1.937112746357533055e+00
1.918854996774463917e+00
1.900228896881889673e+00
1.943053897184994661e+00
1.924569357865550723e+00
1.905777453773914054e+00
1.951042198128149829e+00
1.992982241652458741e+00
1.975498392564511319e+00
2.024775629722913806e+00
2.058729680264578032e+00
2.044027490078335951e+00
2.028838807716647707e+00
2.012579963638937652e+00
1.995836324811226969e+00
1.978685740937077053e+00
1.961205744293093689e+00
1.999954720815127596e+00
1.983578581020752019e+00
1.966742583399864630e+00
2.004717367380725701e+00
2.039929677991687118e+00
2.024262573525320352e+00
2.007989585291554580e+00
1.991195690001829055e+00
1.973964801076035336e+00
2.011766347575595582e+00
1.995511942598015453e+00
1.978745303410839318e+00
1.961558602061381551e+00
1.944041723181936465e+00
1.926282173557944510e+00
1.908364751156140571e+00
1.890371067451563691e+00
1.872378999960902624e+00
1.911034506740012962e+00
1.892901661717846906e+00
1.874801263267349194e+00
1.856786754329828648e+00
1.838456483518344786e+00
1.820257922092977765e+00
1.865839915283513450e+00
1.847264643154393537e+00
1.828781567802019836e+00
1.875646636181051763e+00
1.856882814333121079e+00
1.838165881430910309e+00
1.819558194353721792e+00
1.866929774388819352e+00
1.848028480258987027e+00
1.894691396601951849e+00
1.938819832865371406e+00
1.920528443031769061e+00
1.902010266118141502e+00
1.883343606075097432e+00
1.864123999892981276e+00
1.844846451762446771e+00
1.824949684745010847e+00
1.804941943219847689e+00
1.855511948714859471e+00
1.902667184175392379e+00
1.883709323347557030e+00
1.864242713319492095e+00
1.844758131009387681e+00
1.824663946655434854e+00
1.874721762720220397e+00
1.921695419398994797e+00
1.902969259614560871e+00
1.884051537702636780e+00
1.864518160736773789e+00
1.844895725644797979e+00
1.824584715174638161e+00
1.874180145649073204e+00
1.854456045871573533e+00
1.834097642460408295e+00
1.813604212652590419e+00
1.793023474265818429e+00
1.772405911498154296e+00
1.751804120404434340e+00
1.731272076109223068e+00
1.710864334019261523e+00
1.690635201352049810e+00
1.670637917623828850e+00
1.650923880030019442e+00
1.699147696291157361e+00
1.763423786470438293e+00
1.808667168071156794e+00
1.791333145110810987e+00
1.773477725412953676e+00
1.755204756183593728e+00
1.736615290322746752e+00
1.717807260870648500e+00
1.698874940860932492e+00
1.755237610410179450e+00
1.737339581099793362e+00
1.719312411807672358e+00
1.769590290506141805e+00
1.752118054130523461e+00
1.734316372465995126e+00
1.782509023058500119e+00
1.765146591155140721e+00
1.747387052556843789e+00
1.729334173826985399e+00
1.711086790278961267e+00
1.692738420791189524e+00
1.674376785564070103e+00
1.656083328508506813e+00
1.637932813209245442e+00
1.619575686880518006e+00
1.601424783680006847e+00
1.649054763421976544e+00
1.631533279099092404e+00
1.682892515774806474e+00
1.664908311048203693e+00
1.724933153981336620e+00
1.775945645696354491e+00
1.819046408690337735e+00
1.802773813807754477e+00
1.785923795284417137e+00
1.768578297279894240e+00
1.750819102493161639e+00
1.799542656443604116e+00
1.782781239717699640e+00
1.765528953133605361e+00
1.811170924314270625e+00
1.794448381881546650e+00
1.777188374721136555e+00
1.759482086920145072e+00
1.741419046096027490e+00
1.723087144674975812e+00
1.704572380235090279e+00
1.685958413863691829e+00
1.744439197030307032e+00
1.726974394636937360e+00
1.709405309168494425e+00
1.691804624365539578e+00
1.743649788932163380e+00
1.726215536970815201e+00
1.773692768306540435e+00
1.756588428080670283e+00
1.739124482792149484e+00
1.721399369858549022e+00
1.703506290082118069e+00
1.685532972063394030e+00
1.740075577927123751e+00
1.722692683629291954e+00
1.705224746085230114e+00
1.687743625477679199e+00
1.670316627738680726e+00
1.653006011569565725e+00
1.709862478934744079e+00
1.755570234722225953e+00
1.738187136741071281e+00
1.720650572057327743e+00
1.703031972758793922e+00
1.685399589655455665e+00
1.667817982673474697e+00
1.723829780641424891e+00
1.769134293329861718e+00
1.751779495075651116e+00
1.734212602412208204e+00
1.782343367304809689e+00
1.765411478685015023e+00
1.748079123190096507e+00
1.730442090363308649e+00
1.712591645808055674e+00
1.763113563350065194e+00
1.745750322367870533e+00
1.728198214985636749e+00
1.776675522766824056e+00
1.759706653120332698e+00
1.804206581863919245e+00
1.845867843529243046e+00
1.830437943579431348e+00
1.813933930859504162e+00
1.796876804627150159e+00
1.779349733545751988e+00
1.761435100415257970e+00
1.807382887049853615e+00
1.849042377373886215e+00
1.887104590211795108e+00
1.872824516643409876e+00
1.857963658760141579e+00
1.842122635016597787e+00
1.825836548869460119e+00
1.862426552482078446e+00
1.847123757707926250e+00
1.831274259158609086e+00
1.869491391365525113e+00
1.854305903730536498e+00
1.838539445463102551e+00
1.822303910202186517e+00
1.805013093684784353e+00
1.845801609409760013e+00
1.830124091097980576e+00
1.813317307793385513e+00
1.795936120407751080e+00
1.778068579961297635e+00
1.759802917033187031e+00
1.741227357414578902e+00
1.722429623587195424e+00
1.703496232567899504e+00
1.759398235755476936e+00
1.741617192976708806e+00
1.789155578577991790e+00
1.771907815158699329e+00
1.816571987054567128e+00
1.799682528735925935e+00
1.842725619939236781e+00
1.827020135945029100e+00
1.810192628765301626e+00
1.851111926101657756e+00
1.835533648063670586e+00
1.874547789188158120e+00
1.859882019172389267e+00
1.844177327406057998e+00
1.827972842187914448e+00
1.810698955378965636e+00
1.792923785979052109e+00
1.834182536620099446e+00
1.817522838174659316e+00
1.800204116349770400e+00
1.782317318888305246e+00
1.763953771815390814e+00
1.745205320931014326e+00
1.726164091160081293e+00
1.780525432930964769e+00
1.824255264709185864e+00
1.807426110650471207e+00
1.849940989003352687e+00
1.888453279778938620e+00
1.874055720682922921e+00
1.858604381475359224e+00
1.842588267570295146e+00
1.826114233166717504e+00
1.808592902261078939e+00
1.790604413373862558e+00
1.772229405080503417e+00
1.816484512240427840e+00
1.799447203981818122e+00
1.781825627325522410e+00
1.763718177065725312e+00
1.810976942692541947e+00
1.853195641699568519e+00
1.837578593236821600e+00
1.820826862189622197e+00
1.803467078709428240e+00
1.785586169457370698e+00
1.829469722103945095e+00
1.812680946150774020e+00
1.795251359447284978e+00
1.777274449708052817e+00
1.823180680877890314e+00
1.806284611525605488e+00
1.788775284962185630e+00
1.770748358185631144e+00
1.752299192294693553e+00
1.733522769183605705e+00
1.714513259642080900e+00
1.695363347443789026e+00
1.753973567793264632e+00
1.736153187588453273e+00
1.718184172586926239e+00
1.700146813163890824e+00
1.752424094795342446e+00
1.798057731096753598e+00
1.841008596736841918e+00
1.825263106258027124e+00
1.808397511914140887e+00
1.790984326207157640e+00
1.773113172290309070e+00
1.754873180061359950e+00
1.736352742952653516e+00
1.786618050930640633e+00
1.829774875753067187e+00
1.813101703364351280e+00
1.795796201865564656e+00
1.777950042958264421e+00
1.823431682981014434e+00
1.864352995988981521e+00
1.901411263741913160e+00
1.887335848450398146e+00
1.872614202943833961e+00
1.856878610437090904e+00
1.891419751163621488e+00
1.877052321913844191e+00
1.862071619410124113e+00
1.846076570795846417e+00
1.829604463583256235e+00
1.866399736316062485e+00
1.850986181277120446e+00
1.834995359661658609e+00
1.817893177304479746e+00
1.858119668588407603e+00
1.896123237720832133e+00
1.881831141605078583e+00
1.915656985862817852e+00
1.901873180623049331e+00
1.887382788494468056e+00
1.919446494135555792e+00
1.957986732451330480e+00
1.946496990603333144e+00
1.934337387856526869e+00
1.966466695940483511e+00
1.954134917611396238e+00
1.941240782177454660e+00
1.927837125293318188e+00
1.913978648986146114e+00
1.899722090824473630e+00
1.939252462636036345e+00
1.925363842347980636e+00
1.911166322226536929e+00
1.896709418504676670e+00
1.934672633652000817e+00
1.967795646231838891e+00
1.953345705913811292e+00
1.938586862080049489e+00
1.973904326155483835e+00
1.959159149258813404e+00
1.944122483698545345e+00
1.980076929448968404e+00
2.016199574960750418e+00
2.002134179847206763e+00
1.987489094254285771e+00
2.020175542721911910e+00
2.005948610806262078e+00
2.037507344714669433e+00
2.066583542213915159e+00
2.093153054730179541e+00
2.081108423575741107e+00
2.068500062147120566e+00
2.093154926310975217e+00
2.080921611716314512e+00
2.068121007022745594e+00
2.054824523301373329e+00
2.040619013279753702e+00
2.026007323020155848e+00
2.010404314274012894e+00
1.994349003078045746e+00
2.025320452323539300e+00
2.010249209031235829e+00
1.994582004030415190e+00
1.978391366801768747e+00
1.961749912780801575e+00
1.944730777783950426e+00
1.927407724593660276e+00
1.909854980727923923e+00
1.892146855408610495e+00
1.929594967172089337e+00
1.911854755449568399e+00
1.894002899497884806e+00
1.876093874331892453e+00
1.858184794218226132e+00
1.901934721844199760e+00
1.883833586757632128e+00
1.865700679249627125e+00
1.847114689192358883e+00
1.828554250176810392e+00
1.875000045203472077e+00
1.856228403595677090e+00
1.837450092065524787e+00
1.818102498278447943e+00
1.867071482980325436e+00
1.912444822006728273e+00
1.955348343898274166e+00
1.937376985088332670e+00
1.978806845596386976e+00
1.961468167864778067e+00
1.943592404678008201e+00
1.925272845419636170e+00
1.906603219520099923e+00
1.948044052716817021e+00
1.929638307068762826e+00
1.972517420430682344e+00
1.954791003839872809e+00
1.936531326782325868e+00
1.917836616749246437e+00
1.960035331678659842e+00
