1.401091583908437856e-04
2.524256483318977401e-04
3.424536080070719312e-04
4.380014658527064909e-04
5.139623119618659227e-04
5.451153210233088348e-04
6.055568069008340597e-04
6.393445217542479027e-04
6.778422467376057220e-04
7.102724355657762285e-04
7.375944327855679617e-04
7.606109658927123806e-04
7.799933197173717020e-04
7.963068816189231448e-04
8.100226256151462538e-04
8.215422639489306129e-04
8.312044494136525520e-04
8.488377000727200276e-04
8.722041874701058585e-04
8.914481200807152081e-04
9.005686303848925347e-04
9.143981139055207263e-04
9.255643107768236856e-04
9.292401374353300575e-04
9.370672786138754384e-04
9.431423819011087225e-04
9.477218125561602709e-04
9.510237001040483616e-04
9.532339448730023758e-04
9.545112044262358229e-04
9.549910598348598095e-04
9.547895078482287979e-04
9.540058964467042603e-04
9.619737692063390052e-04
9.607439697912591387e-04
9.591554854917390968e-04
9.625437372063041976e-04
9.534289681278062005e-04
9.566580066444558064e-04
9.475376518140859192e-04
9.505878666213379759e-04
9.415297432386150528e-04
9.399584105352875836e-04
9.381698960835747284e-04
9.418088024412162636e-04
9.527457315787976090e-04
9.373537354651880274e-04
9.359888124361913581e-04
9.334827812531794637e-04
9.316984338689157392e-04
9.297602574403007010e-04
9.276880605702774981e-04
9.413154361197123609e-04
9.223355658497702902e-04
9.364095922066297895e-04
9.481909007229655196e-04
9.382768348712551771e-04
9.450780737009204955e-04
9.511800663655999022e-04
9.572295662535977015e-04
9.622091002355084811e-04
9.790918216034975516e-04
9.818796440713038406e-04
9.840235163950314390e-04
9.855746803624717851e-04
9.927164761707847011e-04
9.928153927269329788e-04
9.983354574017485727e-04
1.002786293595323052e-03
1.006329621174244671e-03
1.004222465710437372e-03
1.001834794150189027e-03
1.004789601725322853e-03
1.007115470646083354e-03
1.003759936020022026e-03
1.000136515322643492e-03
9.962054869228351758e-04
9.987654536207357919e-04
9.942607501833900831e-04
9.966656827771177077e-04
9.986346270946056067e-04
1.000219261264766873e-03
1.001463765467818868e-03
9.962139492095628632e-04
9.976442703206499837e-04
9.987720387675529544e-04
9.996281200399140081e-04
1.000239103691104086e-03
1.000628012634974164e-03
1.000814816026712826e-03
1.000816868999174778e-03
1.000649289824383833e-03
1.000325283470189855e-03
9.998564191917665069e-04
9.952938419535929584e-04
9.953240085655843446e-04
9.906480389352198546e-04
9.911192146817898643e-04
9.913753497789721311e-04
9.914334136844550789e-04
9.913084042128164197e-04
9.869752318134982633e-04
9.822914821986123562e-04
9.832549596886144133e-04
9.839620219924591869e-04
9.844330499591655466e-04
9.846861893379789139e-04
9.847377318854008774e-04
9.805442092830254485e-04
9.759429153010729325e-04
9.708907178327108849e-04
9.726646038747941737e-04
9.672692068134128426e-04
9.613723733943377444e-04
9.648410095493885428e-04
9.674412499286657446e-04
9.621244651645119092e-04
9.661106167910056986e-04
9.687357863446070241e-04
9.710147394641741080e-04
9.729693634182482549e-04
9.655738136695852201e-04
9.673080918927230883e-04
9.687646141520093014e-04
9.699613073808740962e-04
9.709146271717564993e-04
9.716397062971785653e-04
9.721504880447205980e-04
9.671998612094288243e-04
9.617575663965915620e-04
9.635110520084116947e-04
9.577744984511041716e-04
9.613914755528880007e-04
9.641485305631854663e-04
9.584007682952613806e-04
9.620176730462257552e-04
9.646707432261298829e-04
9.581142705800425657e-04
9.616617870901815988e-04
9.638722709217255411e-04
9.657693146803386468e-04
9.690690319575112101e-04
9.625345985459642269e-04
9.644882318814947987e-04
9.678878347693398729e-04
9.612719628327983865e-04
9.639282592849198871e-04
9.664391088377453833e-04
9.514289548596968843e-04
9.544428551035558962e-04
9.482684569984529098e-04
9.515087165971270128e-04
9.544594289898504285e-04
9.572094730911700697e-04
9.687289833106781881e-04
9.703995053695549508e-04
9.795038379309410539e-04
9.801846832146858274e-04
9.804832321148961895e-04
9.877589898846632094e-04
9.870754844189034462e-04
9.930751220994010666e-04
9.914984922144776721e-04
9.894342085107745918e-04
9.947315462664431049e-04
9.991149867896614335e-04
9.959412732848875287e-04
9.999202559936425788e-04
1.003219354453820317e-03
1.005928164178256394e-03
1.001911570350426037e-03
1.004642324545484489e-03
1.006892914517281247e-03
1.008718989330313230e-03
1.004295948528446426e-03
1.006372871285229464e-03
1.008070492088972885e-03
1.009426967279484057e-03
1.010475205558261213e-03
1.011243738987043211e-03
1.007022175309178844e-03
1.008242558789298375e-03
1.009174174662758701e-03
1.009841196110901861e-03
1.010264861307162611e-03
1.010463977719537132e-03
1.010455256446215339e-03
1.010253599842473021e-03
1.009872348956763859e-03
1.007003645770542964e-03
1.007190192763367589e-03
1.004094287483591483e-03
1.004780714008531809e-03
1.001397430566348208e-03
1.002532734223389324e-03
1.003365836867286826e-03
1.003920686327007322e-03
1.000677584016296858e-03
1.001701068984040509e-03
1.002427965748047250e-03
9.991090020044946386e-04
1.000290047988610298e-03
1.001160004057839205e-03
9.977539107687586825e-04
9.937664325284283149e-04
9.958023442117156128e-04
9.974618783731422841e-04
9.987748885763546563e-04
9.948751755697211874e-04
9.966133222817981797e-04
9.979992138928219219e-04
9.990602355387607700e-04
9.998212222718115463e-04
9.963767350658378312e-04
9.976189639602109447e-04
9.985431116989026881e-04
9.991736769815932982e-04
9.959754769129887733e-04
9.970927880253372452e-04
9.978970098862940171e-04
9.984124339962950189e-04
9.954677438655775215e-04
9.964720920792270384e-04
9.971673022418881763e-04
9.975775943052616127e-04
9.977249570597324264e-04
9.953345382807538000e-04
9.959899682943317272e-04
9.963567071045317195e-04
9.964576630953092019e-04
9.943385762841182914e-04
9.916194003834213032e-04
9.882518337316148829e-04
9.903095363689414302e-04
9.864971214658755771e-04
9.819849916012069434e-04
9.851081362541615465e-04
9.801018412619916416e-04
9.835017388905636579e-04
9.780116633784855917e-04
9.816912236542366544e-04
9.848774148506463447e-04
9.876071430446992875e-04
9.899142832661316296e-04
9.918300293580773527e-04
9.933831077283761593e-04
9.945999767932913078e-04
9.955050126291390983e-04
9.961206813721308877e-04
9.926879669473706071e-04
9.886341889023214733e-04
9.905789041877546049e-04
9.921477311039591379e-04
9.933691709245640218e-04
9.942692982741192613e-04
9.948720798525450930e-04
9.917477860277889353e-04
9.928669999059403992e-04
9.936660609222937226e-04
9.941695083677786881e-04
9.943997507774911520e-04
9.943773673038037563e-04
9.922383890496218328e-04
9.927549158894309091e-04
9.929880419892488704e-04
9.929601289555729793e-04
9.911442093869684937e-04
9.916320144653090456e-04
9.918318848844932464e-04
9.899903256824003732e-04
9.906724620698870772e-04
9.910472571646022216e-04
9.911400488980288016e-04
9.909738380313500711e-04
9.905696196473821880e-04
9.899465740480617015e-04
9.892742895875801003e-04
9.891788151767781385e-04
9.888308724666174023e-04
9.881328772745690339e-04
9.868024760981634457e-04
9.876494296455523743e-04
9.881599643259558492e-04
9.883633018999821423e-04
9.882858730187714120e-04
9.879516962706740794e-04
9.873333020519023309e-04
9.874787267337738206e-04
9.864990164103423255e-04
9.870744238014708075e-04
9.873328097879203666e-04
9.862250888475363950e-04
9.869064770592337645e-04
9.853867673891901578e-04
9.831606426501759803e-04
9.849430350762631344e-04
9.822210443376959768e-04
9.843177446296226801e-04
9.810952276724184320e-04
9.835004068563071074e-04
9.854591531264559039e-04
9.870081844420635579e-04
9.881809636816220929e-04
9.890080889372876438e-04
9.895175449979407446e-04
9.897349349280095028e-04
9.896836928980638944e-04
9.893852794038175344e-04
9.881706874058928617e-04
9.883993168522727663e-04
9.883508642768458734e-04
9.880483468300001008e-04
9.875126754708041417e-04
9.869131126138532082e-04
9.868961912582060146e-04
9.866153911687676643e-04
9.859799156230616372e-04
9.861792211996965856e-04
9.860926203844224813e-04
9.853786947468890032e-04
9.857470825380919548e-04
9.858133686179132004e-04
9.856040336483926165e-04
9.851430326624475726e-04
9.844521501344060191e-04
9.835512119340077131e-04
9.824582771240381995e-04
9.811898113125691427e-04
9.797608431434791723e-04
9.873994008231001037e-04
9.947235332132848152e-04
9.993615397699234619e-04
9.805430049729200320e-04
9.798841270090444342e-04
9.789968749547765890e-04
9.779026171597047460e-04
9.857695050997574305e-04
9.931289496328879734e-04
9.977900940245898985e-04
9.793360559881511031e-04
9.788746515136011184e-04
9.781617408590986395e-04
9.792539353740644693e-04
9.789670851345845699e-04
9.784116236131502626e-04
9.776133858357604831e-04
9.765955624871966011e-04
9.780663690352547034e-04
9.774991406104258096e-04
9.766878509777214036e-04
9.780402379868844386e-04
9.776533806236590955e-04
9.786093495718305429e-04
9.786050226386292655e-04
9.791229851281865130e-04
9.789377491125025345e-04
9.799377756707081718e-04
9.805564929200930296e-04
9.808296982132542596e-04
9.806147167390072156e-04
9.812532502435932814e-04
9.815484943071349933e-04
9.815321529761981360e-04
9.812328143136244112e-04
9.806763656926499768e-04
9.798862628361043516e-04
9.788837729130192306e-04
9.798798270691786751e-04
9.793628169794987067e-04
9.786038027673610307e-04
9.795208861098285251e-04
9.792122875318166365e-04
9.797449440612933901e-04
9.795965327640339566e-04
9.803594166487819735e-04
9.797185820006931636e-04
9.783223668468521601e-04
9.800897735838518844e-04
9.781367118049790008e-04
9.753782965154778051e-04
9.781241079044543894e-04
9.747768454249890278e-04
9.777592887749472338e-04
9.738429164315593736e-04
9.690990940941596144e-04
9.730876468351142006e-04
9.677665772170417459e-04
9.719777330620743214e-04
9.756308168890626955e-04
9.700666802459676332e-04
9.740139364221461239e-04
9.679631903407783650e-04
9.708121783134631040e-04
9.758548019701496429e-04
9.797293965213233011e-04
9.745828931953699759e-04
9.780115983072097501e-04
9.809703865703651906e-04
9.834916676166236254e-04
9.856056907754703195e-04
9.873406686908936351e-04
9.887228987733207800e-04
9.897768816281727472e-04
9.905254357696140991e-04
9.869201994541422929e-04
9.826363129807219078e-04
9.847903799285724711e-04
9.865482551588812890e-04
9.879391382983536331e-04
9.889899464323751929e-04
9.897255976858089412e-04
9.901691582514654793e-04
9.903419810739116143e-04
9.878947206943499131e-04
9.847773747805011694e-04
9.863135665283777592e-04
9.874844168842275040e-04
9.843150262924820100e-04
9.859479360735112774e-04
9.872073902236985516e-04
9.881225908214819314e-04
9.887202796015396276e-04
9.890250540071578340e-04
9.890595447787609799e-04
9.888445805525494011e-04
9.883993400617086585e-04
9.872460978264155883e-04
9.854432256306447195e-04
9.863156285862056342e-04
9.841152140475943524e-04
9.854158794915270341e-04
9.863526840099892928e-04
9.869557250700208145e-04
9.872524099828656769e-04
9.872678060300103201e-04
9.870248500787712383e-04
9.865445407519846457e-04
9.858461142924200039e-04
9.849472052227926586e-04
9.838639928755881382e-04
9.826113348318065831e-04
9.812028882662103980e-04
9.796512201505193449e-04
9.872725405789424796e-04
9.946295636287332247e-04
9.784643704422082283e-04
9.796917758458474016e-04
9.790510128608056160e-04
9.781799197743192356e-04
9.793197955017104907e-04
9.789022151242151269e-04
9.782310866974861917e-04
9.773304707595318296e-04
9.762219953866646842e-04
9.842734156656283550e-04
9.831481001510754617e-04
9.818719260675438758e-04
9.804592119534681627e-04
9.779191392381813685e-04
9.868872242778357635e-04
9.798678813669775989e-04
9.786519564801544977e-04
9.762789103994627595e-04
9.747464262741194858e-04
9.730932198203394098e-04
9.832018888230565582e-04
9.903917880954460785e-04
9.783511163831179035e-04
9.775234527373047842e-04
9.755168918306183091e-04
9.742853112738215785e-04
9.728965391859231270e-04
9.713674466919171779e-04
9.817102503410575672e-04
9.891032001614740582e-04
9.770047662331937145e-04
9.859822355056573409e-04
9.786568224347555554e-04
9.781934105718369764e-04
9.774949095976794879e-04
9.765858164128471321e-04
9.744842148979195170e-04
9.837203591222033229e-04
9.770113061105599288e-04
9.861429379164120355e-04
9.923381794656642788e-04
9.718005984643638805e-04
9.713755500637491231e-04
9.800193596877344003e-04
9.794187322418757696e-04
9.786010822430267920e-04
9.874085030432348375e-04
9.798212014486247859e-04
9.791603723019088896e-04
9.876252379383341877e-04
9.803652696791234026e-04
9.798326486678218556e-04
9.790770435005196649e-04
9.781210859774332710e-04
9.871971206058729326e-04
9.793302474487358081e-04
9.875979737005390318e-04
9.930168470397204763e-04
9.737786716917603853e-04
9.735319635065422649e-04
9.748061399506923559e-04
9.749041488868752294e-04
9.746855781060245142e-04
9.741818236249340582e-04
9.754813090015622325e-04
9.753635099373351210e-04
9.749526447560963446e-04
9.742775160784446914e-04
9.825364197245417975e-04
9.817504181418733235e-04
9.807740880187093037e-04
9.891466467856590943e-04
9.815798857377314255e-04
9.891775098920660078e-04
9.939957772640967398e-04
9.756065297667699046e-04
9.754299558304786646e-04
9.763083146699685260e-04
9.764952976465656733e-04
9.763633748874357135e-04
9.759434962603532899e-04
9.752634677345207960e-04
9.833920515022987700e-04
9.826055162292727640e-04
9.816309146907006150e-04
9.804865210820497192e-04
9.891316504359128937e-04
9.812566743513046266e-04
9.891363881997688231e-04
9.731972107048244376e-04
9.815957595661185895e-04
9.808582543234941557e-04
9.799229458721861723e-04
9.884773160530485082e-04
9.808728739473869356e-04
9.886379976849798794e-04
9.730519901616728733e-04
9.814638891780769984e-04
9.888942255163379533e-04
9.737896084276153339e-04
9.731689190409081045e-04
9.746961410232748112e-04
9.744644571507172105e-04
9.739485243237100799e-04
9.752951575132889168e-04
9.751639323491232813e-04
9.747406491940316300e-04
9.740540336691942995e-04
9.754696597840830210e-04
9.762232277171173193e-04
9.765904004196321840e-04
9.766223527879693174e-04
9.763515033901490944e-04
9.758069918316914990e-04
9.750151180641581424e-04
9.831771360688937918e-04
9.823021793172405283e-04
9.901253534489505657e-04
9.739648707448414792e-04
9.822653747066064159e-04
9.814089346768214202e-04
9.803692458780132943e-04
9.791643503159156315e-04
9.768140888693646693e-04
9.752924682464937699e-04
9.736500047936560900e-04
9.834738438126526799e-04
9.749760497300368313e-04
9.736456726548022803e-04
9.831957201728060147e-04
9.898698851591068108e-04
9.785687184819364618e-04
9.780050358015940012e-04
9.866198764520227142e-04
9.793896538849951924e-04
9.871634192109056752e-04
9.719778984396363350e-04
9.734821630352232490e-04
9.735886840512044099e-04
9.733737537039559426e-04
9.746279258506149699e-04
9.747549446804905024e-04
9.745628369621197251e-04
9.755865382186968988e-04
9.757501553071069650e-04
9.763091681418764730e-04
9.768053001673253181e-04
9.769555916952160982e-04
9.767932952243841074e-04
9.773751825768648132e-04
9.775977254217397931e-04
9.775034098401915242e-04
9.771223814568348424e-04
9.764817782475141393e-04
9.756061403556984821e-04
9.836904028466056382e-04
9.827517920137343512e-04
9.816424451988289921e-04
9.803786481078359104e-04
9.779898806389852005e-04
9.764265845843051904e-04
9.747490537816156774e-04
9.843449764072042824e-04
9.759165427137689568e-04
9.745711006638343955e-04
9.730838007282327637e-04
9.828954346583541370e-04
9.745743336658947969e-04
9.733544716851493320e-04
9.828619322805312239e-04
9.759373955878422862e-04
9.739564562477481292e-04
9.727581919185919121e-04
9.713973975013822162e-04
9.698888548133713676e-04
9.359512784695349450e-04
9.418356466132625244e-04
9.341158720587915089e-04
9.389018469729383054e-04
9.401756205135470288e-04
9.384347262232066054e-04
9.340672769329099942e-04
9.414736794017117185e-04
9.481596700804431318e-04
9.541799357106352632e-04
9.595850267544595372e-04
9.644216707895708358e-04
9.570229981218941360e-04
9.618387225424943846e-04
9.531874842091805433e-04
9.581226872612849362e-04
9.625679411827883910e-04
9.665574310242659164e-04
9.701227852117191245e-04
9.732933358795409435e-04
9.760962776173404392e-04
9.785568186730724764e-04
9.705754589921108087e-04
9.734931742546729452e-04
9.760617336080313830e-04
9.783052165663066145e-04
9.802458106070101491e-04
9.819040542145870531e-04
9.832989663218971374e-04
9.844481664996295855e-04
9.853679863328483092e-04
9.860735724340750387e-04
9.865789815581213484e-04
9.868972682901318988e-04
9.819835005625008120e-04
9.828866419972750925e-04
9.835633135710721182e-04
9.840300197564205622e-04
9.843018301562325278e-04
9.843926085087342358e-04
9.804846139496795066e-04
9.811386645749409739e-04
9.815740998442997432e-04
9.818078285633413237e-04
9.781619843519163450e-04
9.737620156750842557e-04
9.752512568827350313e-04
9.764511836238972623e-04
9.773854156586699125e-04
9.780753315513704676e-04
9.785403858124522639e-04
9.787983003086274825e-04
9.788652364354207078e-04
9.787559498966825686e-04
9.784839297660998750e-04
9.780615233627252408e-04
9.812459196050678234e-04
9.805396609617912651e-04
9.802803718302365629e-04
9.798518488920398943e-04
9.792687177714973386e-04
9.785441430571870016e-04
9.783071090836068223e-04
9.780484176655336939e-04
9.776139551492541834e-04
9.770196538258996491e-04
9.762797921550892813e-04
9.754072736064192803e-04
9.757880960497246001e-04
9.756552244659864566e-04
9.758041616452313091e-04
9.757339606309928335e-04
9.754654819952645684e-04
9.750173531403947538e-04
9.744063131163281481e-04
9.736474207434313169e-04
9.741821276920499453e-04
9.738571670225502604e-04
9.733546079643411479e-04
9.726913915557760040e-04
9.718826352399899263e-04
9.709419367191964717e-04
9.719785167373858146e-04
9.714756343024560101e-04
9.708081062649052745e-04
9.717043230309382537e-04
9.714377300676447016e-04
9.709830181615379443e-04
9.703586792013096105e-04
9.695811804482298846e-04
9.686652930019952349e-04
9.767840976718136347e-04
9.759011122505216419e-04
9.749175512574104370e-04
9.738429722156882089e-04
9.823809422133242177e-04
9.881651104014918183e-04
9.916652738729001340e-04
9.932489996089504791e-04
9.702838579769596135e-04
9.705935934608797859e-04
9.706603780180636087e-04
9.705082370674385141e-04
9.708734719251343060e-04
9.710817876585885753e-04
9.710604377757921148e-04
9.708318408472229200e-04
9.704159822155011784e-04
9.698307848019707819e-04
9.705780376689828858e-04
9.704050732013915935e-04
9.707534099696429582e-04
9.709483692049274963e-04
9.708515252590644391e-04
9.700904099448674983e-04
9.711824446092436405e-04
9.719748248305133675e-04
9.724959117174917372e-04
9.727710774185045371e-04
9.728231253671823942e-04
9.726725685791383618e-04
9.723378776657030107e-04
9.718357017830759823e-04
9.711810653913498844e-04
9.716253129228571636e-04
9.714208361946216489e-04
9.710330757175560839e-04
9.704790658767103399e-04
9.697740486619574546e-04
9.689317721754911071e-04
9.698898627649887210e-04
9.694977197143452409e-04
9.700733710743047545e-04
9.700187353921038832e-04
9.705853960335275241e-04
9.708951355753066715e-04
9.709725311632841057e-04
9.708395432804841100e-04
9.705159008848728052e-04
9.700193457112558709e-04
9.693658495778153519e-04
9.700869365004725431e-04
9.698686833503771844e-04
9.694649604199769054e-04
9.688933390756558671e-04
9.696413126256755999e-04
9.694894040831108584e-04
9.691444495647997918e-04
9.686249033437444944e-04
9.693766940174165445e-04
9.692681541175451323e-04
9.689618575669324595e-04
9.694930362989786707e-04
9.695758788737512002e-04
9.696571680778665828e-04
9.700930804157199784e-04
9.702841282161038267e-04
9.700789380374483673e-04
9.706254845592705545e-04
9.709208033913941088e-04
9.709885461484866727e-04
9.708498747787192712e-04
9.705238314605379437e-04
9.700275683955554909e-04
9.704295335996454552e-04
9.703665589893340545e-04
9.701071249463485155e-04
9.696695706318810915e-04
9.690703067688307597e-04
9.697240964659074609e-04
9.695595400726603587e-04
9.697993881200831943e-04
9.700219727243654128e-04
9.700202102349671706e-04
9.698153429423619649e-04
9.694263643373335348e-04
9.698494962904538868e-04
9.698748228732713850e-04
9.696939982517322398e-04
9.693264606984779109e-04
9.687895933823615410e-04
9.680990509531340075e-04
9.672689478083630133e-04
9.754126765031522622e-04
9.746110113895882845e-04
9.737064215050030653e-04
9.727082235955769205e-04
9.716248643784643462e-04
9.803537004834490202e-04
9.724014923555648632e-04
9.716437736931751810e-04
9.707718894011357945e-04
9.697967385344180655e-04
9.677426009373300136e-04
9.665641149894975762e-04
9.653098039059647157e-04
9.748433808255521681e-04
9.667788558145247761e-04
9.755008494310408269e-04
9.691883176221560659e-04
9.777235685828891080e-04
9.705761388863089331e-04
9.702927914400238550e-04
9.698398559924019694e-04
9.781930835027602932e-04
9.837144559067686166e-04
9.641366126379269201e-04
9.640176946884464800e-04
9.636881149502828873e-04
9.722619672695809265e-04
9.795304732951163641e-04
9.646249481935249706e-04
9.642573497797378825e-04
9.637064811350816917e-04
9.723047119425817179e-04
9.798394518711732188e-04
9.643935048379437139e-04
9.655881904856711533e-04
9.656122828302413476e-04
9.663352626142052539e-04
9.666860251500144705e-04
9.667895413843680162e-04
9.671945623981673124e-04
9.676333326264992306e-04
9.675327601092558166e-04
9.667158232895777231e-04
9.680329154145610659e-04
9.666346354282338632e-04
9.644668686786570877e-04
9.666289393409714095e-04
9.684169915510160371e-04
9.698645933199182305e-04
9.674911111921816664e-04
9.643617735798797920e-04
9.667487969878778417e-04
9.687637748270097170e-04
9.652820303032501759e-04
9.610360832783208362e-04
9.640079126660316316e-04
9.665820254160045972e-04
9.687904723395505827e-04
9.706623847620115967e-04
9.722243483423688871e-04
9.684297281049900714e-04
9.639159543435299590e-04
9.586572998265824189e-04
9.619883935823364193e-04
9.562009591105714943e-04
9.598185966306551232e-04
9.629875312439792551e-04
9.669538016430711484e-04
9.699949357771938622e-04
9.650266427869675463e-04
9.671521424035504173e-04
9.619008897503089281e-04
9.663409972701484003e-04
9.682980046919137732e-04
9.628680223291252813e-04
9.647473874935348290e-04
9.601857400836188560e-04
9.621460208734397904e-04
9.639721187609095326e-04
9.791240325456849504e-04
9.893896497370855553e-04
9.976769796603470603e-04
1.004316622081331215e-03
1.009582026975368741e-03
1.014691918490697418e-03
1.014940119896491806e-03
1.014974518949636169e-03
1.019774970019513049e-03
1.022639882772480432e-03
1.024803678094022468e-03
1.027393142712369842e-03
1.028406078086446102e-03
1.028991558654859285e-03
1.029212578754574699e-03
1.029122042215156654e-03
1.028764416518610121e-03
1.028177113656966778e-03
1.027391643450973171e-03
1.026434577242316126e-03
1.027615663545192702e-03
1.026987741055763450e-03
1.026177141595978511e-03
1.025206443885439333e-03
1.024094889361243203e-03
1.025551006834797248e-03
1.024785093981233882e-03
1.023856799877783871e-03
1.022784883442496564e-03
1.021585496435102429e-03
1.023282732408586177e-03
1.022433837365929743e-03
1.024128691996847645e-03
1.023563426534677056e-03
1.022813944519148028e-03
1.021901159204849146e-03
1.020843213375000622e-03
1.019655943936570355e-03
1.018353194157402015e-03
1.020325696185973548e-03
1.022229489349457156e-03
1.024051839020466165e-03
1.023918450296063638e-03
1.025622623961939747e-03
1.027241035505019415e-03
1.027605625625580433e-03
1.029057312978298548e-03
1.029489399994676238e-03
1.029635974533248469e-03
1.029530270492611888e-03
1.029201164640387032e-03
1.028673840135919081e-03
1.027970274422595337e-03
1.029233858315576006e-03
1.028808685649995093e-03
1.028195712949380499e-03
1.027415684413827751e-03
1.026486635598792196e-03
1.025424343124786870e-03
1.024242623515429470e-03
1.025749655027235422e-03
1.024924315309919641e-03
1.026433073457696512e-03
1.027888829535560707e-03
1.027753577680030504e-03
1.029121728115245426e-03
1.030429306622861023e-03
1.030817841931273024e-03
1.030919061793896972e-03
1.030684385902127121e-03
1.032669766641878184e-03
1.033214130935955401e-03
1.033477880649219657e-03
1.032976383767442424e-03
1.032145752087286917e-03
1.035493370550228049e-03
1.035960007423536227e-03
1.035086003809278146e-03
1.036960636161449872e-03
1.037270788675511909e-03
1.037338554696301974e-03
1.036356521666108093e-03
1.037857095517666795e-03
1.036765565615561154e-03
1.035359350420660823e-03
1.035064872556670616e-03
1.034663307566017695e-03
1.032616561862514937e-03
1.030195084482179524e-03
1.030585650483989467e-03
1.030819679309135728e-03
1.030914589784456478e-03
1.027849856234279175e-03
1.024374434951497116e-03
9.998153957988802510e-04
9.987881322990493395e-04
9.975424030693276142e-04
9.960929261303948842e-04
9.944522910585722620e-04
9.926313761760791141e-04
9.906395582259346338e-04
9.884850374333158801e-04
9.861750594593085128e-04
9.873351070002237776e-04
9.877322998740709504e-04
9.868404405039188278e-04
9.856843436371030571e-04
9.842815985939426873e-04
9.826478540158872094e-04
9.807971890335440753e-04
9.787423343354409531e-04
9.803261635575465267e-04
9.810857501302942818e-04
9.804157297668202129e-04
9.794418378159276944e-04
9.781856164895851979e-04
9.790863618662735968e-04
9.783611717020794952e-04
