1.575999999999999979e+01
1.575999999999999979e+01
1.575999999999999979e+01
1.575999999999999979e+01
1.575999999999999979e+01
1.575999999999999979e+01
1.575999999999999979e+01
1.575999999999999979e+01
1.575999999999999979e+01
1.575999999999999979e+01
1.575999999999999979e+01
1.575999999999999979e+01
1.575999999999999979e+01
1.575999999999999979e+01
1.575999999999999979e+01
1.575999999999999979e+01
1.575999999999999979e+01
1.575999999999999979e+01
1.575999999999999979e+01
1.575999999999999979e+01
1.575999999999999979e+01
1.575999999999999979e+01
1.575999999999999979e+01
1.575999999999999979e+01
1.575999999999999979e+01
1.575999999999999979e+01
1.575999999999999979e+01
1.575999999999999979e+01
1.575999999999999979e+01
1.575999999999999979e+01
1.575999999999999979e+01
1.575999999999999979e+01
1.575999999999999979e+01
1.575999999999999979e+01
1.575999999999999979e+01
1.575999999999999979e+01
1.575999999999999979e+01
1.575999999999999979e+01
1.575999999999999979e+01
1.575999999999999979e+01
1.575999999999999979e+01
1.575999999999999979e+01
1.575999999999999979e+01
1.575999999999999979e+01
1.575999999999999979e+01
1.575999999999999979e+01
1.575999999999999979e+01
1.575999999999999979e+01
1.575999999999999979e+01
1.575999999999999979e+01
1.575999999999999979e+01
1.575999999999999979e+01
1.575999999999999979e+01
1.575999999999999979e+01
1.575999999999999979e+01
1.575999999999999979e+01
1.575999999999999979e+01
1.575999999999999979e+01
1.575999999999999979e+01
1.575999999999999979e+01
1.575999999999999979e+01
1.575999999999999979e+01
1.575999999999999979e+01
1.575999999999999979e+01
1.575999999999999979e+01
1.575999999999999979e+01
1.575999999999999979e+01
1.575999999999999979e+01
1.575999999999999979e+01
1.575999999999999979e+01
1.575999999999999979e+01
1.575999999999999979e+01
1.575999999999999979e+01
1.575999999999999979e+01
1.575999999999999979e+01
1.575999999999999979e+01
1.575999999999999979e+01
1.575999999999999979e+01
1.575999999999999979e+01
1.575999999999999979e+01
1.575999999999999979e+01
1.575999999999999979e+01
1.575999999999999979e+01
1.575999999999999979e+01
1.575999999999999979e+01
1.575999999999999979e+01
1.575999999999999979e+01
1.575999999999999979e+01
1.550999999999999979e+01
1.550999999999999979e+01
1.550999999999999979e+01
1.550999999999999979e+01
1.550999999999999979e+01
1.550999999999999979e+01
1.550999999999999979e+01
1.550999999999999979e+01
1.550999999999999979e+01
1.550999999999999979e+01
1.550999999999999979e+01
1.550999999999999979e+01
1.550999999999999979e+01
1.550999999999999979e+01
1.550999999999999979e+01
1.550999999999999979e+01
1.550999999999999979e+01
1.550999999999999979e+01
1.550999999999999979e+01
1.550999999999999979e+01
1.550999999999999979e+01
1.550999999999999979e+01
1.550999999999999979e+01
1.550999999999999979e+01
1.550999999999999979e+01
1.525999999999999979e+01
1.525999999999999979e+01
1.525999999999999979e+01
1.525999999999999979e+01
1.525999999999999979e+01
1.525999999999999979e+01
1.525999999999999979e+01
1.525999999999999979e+01
1.525999999999999979e+01
1.525999999999999979e+01
1.525999999999999979e+01
1.525999999999999979e+01
1.525999999999999979e+01
1.525999999999999979e+01
1.525999999999999979e+01
1.525999999999999979e+01
1.525999999999999979e+01
1.525999999999999979e+01
1.525999999999999979e+01
1.525999999999999979e+01
1.525999999999999979e+01
1.525999999999999979e+01
1.525999999999999979e+01
1.525999999999999979e+01
1.525999999999999979e+01
1.525999999999999979e+01
1.525999999999999979e+01
1.525999999999999979e+01
1.525999999999999979e+01
1.525999999999999979e+01
1.525999999999999979e+01
1.525999999999999979e+01
1.525999999999999979e+01
1.500999999999999979e+01
1.500999999999999979e+01
1.500999999999999979e+01
1.500999999999999979e+01
1.500999999999999979e+01
1.500999999999999979e+01
1.500999999999999979e+01
1.500999999999999979e+01
1.500999999999999979e+01
1.500999999999999979e+01
1.500999999999999979e+01
1.500999999999999979e+01
1.500999999999999979e+01
1.500999999999999979e+01
1.500999999999999979e+01
1.500999999999999979e+01
1.500999999999999979e+01
1.500999999999999979e+01
1.500999999999999979e+01
1.500999999999999979e+01
1.500999999999999979e+01
1.500999999999999979e+01
1.500999999999999979e+01
1.500999999999999979e+01
1.500999999999999979e+01
1.500999999999999979e+01
1.500999999999999979e+01
1.500999999999999979e+01
1.500999999999999979e+01
1.500999999999999979e+01
1.500999999999999979e+01
1.500999999999999979e+01
1.500999999999999979e+01
1.500999999999999979e+01
1.500999999999999979e+01
1.500999999999999979e+01
1.500999999999999979e+01
1.500999999999999979e+01
1.500999999999999979e+01
1.500999999999999979e+01
1.500999999999999979e+01
1.475999999999999979e+01
1.475999999999999979e+01
1.475999999999999979e+01
1.475999999999999979e+01
1.475999999999999979e+01
1.475999999999999979e+01
1.475999999999999979e+01
1.475999999999999979e+01
1.475999999999999979e+01
1.475999999999999979e+01
1.475999999999999979e+01
1.475999999999999979e+01
1.475999999999999979e+01
1.475999999999999979e+01
1.475999999999999979e+01
1.475999999999999979e+01
1.475999999999999979e+01
1.475999999999999979e+01
1.475999999999999979e+01
1.475999999999999979e+01
1.475999999999999979e+01
1.475999999999999979e+01
1.475999999999999979e+01
1.475999999999999979e+01
1.475999999999999979e+01
1.475999999999999979e+01
1.475999999999999979e+01
1.475999999999999979e+01
1.475999999999999979e+01
1.475999999999999979e+01
1.475999999999999979e+01
1.475999999999999979e+01
1.475999999999999979e+01
1.475999999999999979e+01
1.475999999999999979e+01
1.475999999999999979e+01
1.475999999999999979e+01
1.475999999999999979e+01
1.475999999999999979e+01
1.475999999999999979e+01
1.475999999999999979e+01
1.450999999999999979e+01
1.450999999999999979e+01
1.450999999999999979e+01
1.450999999999999979e+01
1.450999999999999979e+01
1.450999999999999979e+01
1.450999999999999979e+01
1.450999999999999979e+01
1.450999999999999979e+01
1.450999999999999979e+01
1.450999999999999979e+01
1.450999999999999979e+01
1.450999999999999979e+01
1.450999999999999979e+01
1.450999999999999979e+01
1.450999999999999979e+01
1.450999999999999979e+01
1.450999999999999979e+01
1.450999999999999979e+01
1.450999999999999979e+01
1.450999999999999979e+01
1.450999999999999979e+01
1.450999999999999979e+01
1.450999999999999979e+01
1.450999999999999979e+01
1.450999999999999979e+01
1.450999999999999979e+01
1.450999999999999979e+01
1.450999999999999979e+01
1.450999999999999979e+01
1.450999999999999979e+01
1.450999999999999979e+01
1.450999999999999979e+01
1.450999999999999979e+01
1.450999999999999979e+01
1.450999999999999979e+01
1.450999999999999979e+01
1.450999999999999979e+01
1.450999999999999979e+01
1.450999999999999979e+01
1.425999999999999979e+01
1.425999999999999979e+01
1.425999999999999979e+01
1.425999999999999979e+01
1.425999999999999979e+01
1.425999999999999979e+01
1.425999999999999979e+01
1.425999999999999979e+01
1.425999999999999979e+01
1.425999999999999979e+01
1.425999999999999979e+01
1.425999999999999979e+01
1.425999999999999979e+01
1.425999999999999979e+01
1.425999999999999979e+01
1.425999999999999979e+01
1.425999999999999979e+01
1.425999999999999979e+01
1.425999999999999979e+01
1.425999999999999979e+01
1.425999999999999979e+01
1.425999999999999979e+01
1.425999999999999979e+01
1.425999999999999979e+01
1.425999999999999979e+01
1.425999999999999979e+01
1.425999999999999979e+01
1.425999999999999979e+01
1.425999999999999979e+01
1.425999999999999979e+01
1.425999999999999979e+01
1.425999999999999979e+01
1.425999999999999979e+01
1.425999999999999979e+01
1.425999999999999979e+01
1.425999999999999979e+01
1.425999999999999979e+01
1.425999999999999979e+01
1.425999999999999979e+01
1.400999999999999979e+01
1.400999999999999979e+01
1.400999999999999979e+01
1.400999999999999979e+01
1.400999999999999979e+01
1.400999999999999979e+01
1.400999999999999979e+01
1.400999999999999979e+01
1.400999999999999979e+01
1.400999999999999979e+01
1.400999999999999979e+01
1.400999999999999979e+01
1.400999999999999979e+01
1.400999999999999979e+01
1.400999999999999979e+01
1.400999999999999979e+01
1.400999999999999979e+01
1.400999999999999979e+01
1.400999999999999979e+01
1.400999999999999979e+01
1.400999999999999979e+01
1.400999999999999979e+01
1.400999999999999979e+01
1.400999999999999979e+01
1.400999999999999979e+01
1.400999999999999979e+01
1.400999999999999979e+01
1.400999999999999979e+01
1.400999999999999979e+01
1.400999999999999979e+01
1.400999999999999979e+01
1.400999999999999979e+01
1.400999999999999979e+01
1.400999999999999979e+01
1.400999999999999979e+01
1.400999999999999979e+01
1.400999999999999979e+01
1.400999999999999979e+01
1.400999999999999979e+01
1.400999999999999979e+01
1.375999999999999979e+01
1.375999999999999979e+01
1.375999999999999979e+01
1.375999999999999979e+01
1.375999999999999979e+01
1.375999999999999979e+01
1.375999999999999979e+01
1.375999999999999979e+01
1.375999999999999979e+01
1.375999999999999979e+01
1.375999999999999979e+01
1.375999999999999979e+01
1.375999999999999979e+01
1.375999999999999979e+01
1.375999999999999979e+01
1.375999999999999979e+01
1.375999999999999979e+01
1.375999999999999979e+01
1.375999999999999979e+01
1.375999999999999979e+01
1.375999999999999979e+01
1.375999999999999979e+01
1.375999999999999979e+01
1.375999999999999979e+01
1.375999999999999979e+01
1.375999999999999979e+01
1.375999999999999979e+01
1.375999999999999979e+01
1.375999999999999979e+01
1.375999999999999979e+01
1.375999999999999979e+01
1.375999999999999979e+01
1.375999999999999979e+01
1.375999999999999979e+01
1.375999999999999979e+01
1.375999999999999979e+01
1.375999999999999979e+01
1.375999999999999979e+01
1.375999999999999979e+01
1.350999999999999979e+01
1.350999999999999979e+01
1.350999999999999979e+01
1.350999999999999979e+01
1.350999999999999979e+01
1.350999999999999979e+01
1.350999999999999979e+01
1.350999999999999979e+01
1.350999999999999979e+01
1.350999999999999979e+01
1.350999999999999979e+01
1.350999999999999979e+01
1.350999999999999979e+01
1.350999999999999979e+01
1.350999999999999979e+01
1.350999999999999979e+01
1.350999999999999979e+01
1.350999999999999979e+01
1.350999999999999979e+01
1.350999999999999979e+01
1.350999999999999979e+01
1.350999999999999979e+01
1.350999999999999979e+01
1.350999999999999979e+01
1.350999999999999979e+01
1.350999999999999979e+01
1.350999999999999979e+01
1.350999999999999979e+01
1.350999999999999979e+01
1.350999999999999979e+01
1.350999999999999979e+01
1.350999999999999979e+01
1.350999999999999979e+01
1.350999999999999979e+01
1.350999999999999979e+01
1.350999999999999979e+01
1.350999999999999979e+01
1.350999999999999979e+01
1.350999999999999979e+01
1.325999999999999979e+01
1.325999999999999979e+01
1.325999999999999979e+01
1.325999999999999979e+01
1.325999999999999979e+01
1.325999999999999979e+01
1.325999999999999979e+01
1.325999999999999979e+01
1.325999999999999979e+01
1.325999999999999979e+01
1.325999999999999979e+01
1.325999999999999979e+01
1.325999999999999979e+01
1.325999999999999979e+01
1.325999999999999979e+01
1.325999999999999979e+01
1.325999999999999979e+01
1.325999999999999979e+01
1.325999999999999979e+01
1.325999999999999979e+01
1.325999999999999979e+01
1.325999999999999979e+01
1.325999999999999979e+01
1.325999999999999979e+01
1.325999999999999979e+01
1.325999999999999979e+01
1.325999999999999979e+01
1.325999999999999979e+01
1.325999999999999979e+01
1.325999999999999979e+01
1.325999999999999979e+01
1.325999999999999979e+01
1.325999999999999979e+01
1.325999999999999979e+01
1.325999999999999979e+01
1.325999999999999979e+01
1.325999999999999979e+01
1.325999999999999979e+01
1.325999999999999979e+01
1.300999999999999979e+01
1.300999999999999979e+01
1.300999999999999979e+01
1.300999999999999979e+01
1.300999999999999979e+01
1.300999999999999979e+01
1.300999999999999979e+01
1.300999999999999979e+01
1.300999999999999979e+01
1.300999999999999979e+01
1.300999999999999979e+01
1.300999999999999979e+01
1.300999999999999979e+01
1.300999999999999979e+01
1.300999999999999979e+01
1.300999999999999979e+01
1.300999999999999979e+01
1.300999999999999979e+01
1.300999999999999979e+01
1.300999999999999979e+01
1.300999999999999979e+01
1.300999999999999979e+01
1.300999999999999979e+01
1.300999999999999979e+01
1.300999999999999979e+01
1.300999999999999979e+01
1.300999999999999979e+01
1.300999999999999979e+01
1.300999999999999979e+01
1.300999999999999979e+01
1.300999999999999979e+01
1.300999999999999979e+01
1.300999999999999979e+01
1.300999999999999979e+01
1.300999999999999979e+01
1.300999999999999979e+01
1.300999999999999979e+01
1.300999999999999979e+01
1.275999999999999979e+01
1.275999999999999979e+01
1.275999999999999979e+01
1.275999999999999979e+01
1.275999999999999979e+01
1.275999999999999979e+01
1.275999999999999979e+01
1.275999999999999979e+01
1.275999999999999979e+01
1.275999999999999979e+01
1.275999999999999979e+01
1.275999999999999979e+01
1.275999999999999979e+01
1.275999999999999979e+01
1.275999999999999979e+01
1.275999999999999979e+01
1.275999999999999979e+01
1.275999999999999979e+01
1.275999999999999979e+01
1.275999999999999979e+01
1.275999999999999979e+01
1.275999999999999979e+01
1.275999999999999979e+01
1.275999999999999979e+01
1.275999999999999979e+01
1.275999999999999979e+01
1.275999999999999979e+01
1.275999999999999979e+01
1.275999999999999979e+01
1.275999999999999979e+01
1.275999999999999979e+01
1.275999999999999979e+01
1.275999999999999979e+01
1.275999999999999979e+01
1.275999999999999979e+01
1.275999999999999979e+01
1.275999999999999979e+01
1.275999999999999979e+01
1.275999999999999979e+01
1.250999999999999979e+01
1.250999999999999979e+01
1.250999999999999979e+01
1.250999999999999979e+01
1.250999999999999979e+01
1.250999999999999979e+01
1.250999999999999979e+01
1.250999999999999979e+01
1.250999999999999979e+01
1.250999999999999979e+01
1.250999999999999979e+01
1.250999999999999979e+01
1.250999999999999979e+01
1.250999999999999979e+01
1.250999999999999979e+01
1.250999999999999979e+01
1.250999999999999979e+01
1.250999999999999979e+01
1.250999999999999979e+01
1.250999999999999979e+01
1.250999999999999979e+01
1.250999999999999979e+01
1.250999999999999979e+01
1.250999999999999979e+01
1.250999999999999979e+01
1.250999999999999979e+01
1.250999999999999979e+01
1.250999999999999979e+01
1.250999999999999979e+01
1.250999999999999979e+01
1.250999999999999979e+01
1.250999999999999979e+01
1.250999999999999979e+01
1.250999999999999979e+01
1.250999999999999979e+01
1.250999999999999979e+01
1.250999999999999979e+01
1.250999999999999979e+01
1.225999999999999979e+01
1.225999999999999979e+01
1.225999999999999979e+01
1.225999999999999979e+01
1.225999999999999979e+01
1.225999999999999979e+01
1.225999999999999979e+01
1.225999999999999979e+01
1.225999999999999979e+01
1.225999999999999979e+01
1.225999999999999979e+01
1.225999999999999979e+01
1.225999999999999979e+01
1.225999999999999979e+01
1.225999999999999979e+01
1.225999999999999979e+01
1.225999999999999979e+01
1.225999999999999979e+01
1.225999999999999979e+01
1.225999999999999979e+01
1.225999999999999979e+01
1.225999999999999979e+01
1.225999999999999979e+01
1.225999999999999979e+01
1.225999999999999979e+01
1.225999999999999979e+01
1.225999999999999979e+01
1.225999999999999979e+01
1.225999999999999979e+01
1.225999999999999979e+01
1.225999999999999979e+01
1.225999999999999979e+01
1.225999999999999979e+01
1.225999999999999979e+01
1.225999999999999979e+01
1.225999999999999979e+01
1.225999999999999979e+01
1.200999999999999979e+01
1.200999999999999979e+01
1.200999999999999979e+01
1.200999999999999979e+01
1.200999999999999979e+01
1.200999999999999979e+01
1.200999999999999979e+01
1.200999999999999979e+01
1.200999999999999979e+01
1.200999999999999979e+01
1.200999999999999979e+01
1.200999999999999979e+01
1.200999999999999979e+01
1.200999999999999979e+01
1.200999999999999979e+01
1.200999999999999979e+01
1.200999999999999979e+01
1.200999999999999979e+01
1.200999999999999979e+01
1.200999999999999979e+01
1.200999999999999979e+01
1.200999999999999979e+01
1.200999999999999979e+01
1.200999999999999979e+01
1.200999999999999979e+01
1.200999999999999979e+01
1.200999999999999979e+01
1.200999999999999979e+01
1.200999999999999979e+01
1.200999999999999979e+01
1.200999999999999979e+01
1.200999999999999979e+01
1.200999999999999979e+01
1.200999999999999979e+01
1.200999999999999979e+01
1.200999999999999979e+01
1.200999999999999979e+01
1.200999999999999979e+01
1.175999999999999979e+01
1.175999999999999979e+01
1.175999999999999979e+01
1.175999999999999979e+01
1.175999999999999979e+01
1.175999999999999979e+01
1.175999999999999979e+01
1.175999999999999979e+01
1.175999999999999979e+01
1.175999999999999979e+01
1.175999999999999979e+01
1.175999999999999979e+01
1.175999999999999979e+01
1.175999999999999979e+01
1.175999999999999979e+01
1.175999999999999979e+01
1.175999999999999979e+01
1.175999999999999979e+01
1.175999999999999979e+01
1.175999999999999979e+01
1.175999999999999979e+01
1.175999999999999979e+01
1.175999999999999979e+01
1.175999999999999979e+01
1.175999999999999979e+01
1.175999999999999979e+01
1.175999999999999979e+01
1.175999999999999979e+01
1.175999999999999979e+01
1.175999999999999979e+01
1.175999999999999979e+01
1.175999999999999979e+01
1.175999999999999979e+01
1.175999999999999979e+01
1.175999999999999979e+01
1.175999999999999979e+01
1.150999999999999979e+01
1.150999999999999979e+01
1.150999999999999979e+01
1.150999999999999979e+01
1.150999999999999979e+01
1.150999999999999979e+01
1.150999999999999979e+01
1.150999999999999979e+01
1.150999999999999979e+01
1.150999999999999979e+01
1.150999999999999979e+01
1.150999999999999979e+01
1.150999999999999979e+01
1.150999999999999979e+01
1.150999999999999979e+01
1.150999999999999979e+01
1.150999999999999979e+01
1.150999999999999979e+01
1.150999999999999979e+01
1.150999999999999979e+01
1.150999999999999979e+01
1.150999999999999979e+01
1.150999999999999979e+01
1.150999999999999979e+01
1.150999999999999979e+01
1.150999999999999979e+01
1.150999999999999979e+01
1.150999999999999979e+01
1.150999999999999979e+01
1.150999999999999979e+01
1.150999999999999979e+01
1.150999999999999979e+01
1.150999999999999979e+01
1.150999999999999979e+01
1.150999999999999979e+01
1.150999999999999979e+01
1.150999999999999979e+01
1.150999999999999979e+01
1.150999999999999979e+01
1.150999999999999979e+01
1.125999999999999979e+01
1.125999999999999979e+01
1.125999999999999979e+01
1.125999999999999979e+01
1.125999999999999979e+01
1.125999999999999979e+01
1.125999999999999979e+01
1.125999999999999979e+01
1.125999999999999979e+01
1.125999999999999979e+01
1.125999999999999979e+01
1.125999999999999979e+01
1.125999999999999979e+01
1.125999999999999979e+01
1.125999999999999979e+01
1.125999999999999979e+01
1.125999999999999979e+01
1.125999999999999979e+01
1.125999999999999979e+01
1.125999999999999979e+01
1.125999999999999979e+01
1.125999999999999979e+01
1.125999999999999979e+01
1.125999999999999979e+01
1.125999999999999979e+01
1.125999999999999979e+01
1.125999999999999979e+01
1.125999999999999979e+01
1.125999999999999979e+01
1.125999999999999979e+01
1.125999999999999979e+01
1.125999999999999979e+01
1.125999999999999979e+01
1.125999999999999979e+01
1.125999999999999979e+01
1.100999999999999979e+01
1.100999999999999979e+01
1.100999999999999979e+01
1.100999999999999979e+01
1.100999999999999979e+01
1.100999999999999979e+01
1.100999999999999979e+01
1.100999999999999979e+01
1.100999999999999979e+01
1.100999999999999979e+01
1.100999999999999979e+01
1.100999999999999979e+01
1.100999999999999979e+01
1.100999999999999979e+01
1.100999999999999979e+01
1.100999999999999979e+01
1.100999999999999979e+01
1.100999999999999979e+01
1.100999999999999979e+01
1.100999999999999979e+01
1.100999999999999979e+01
1.100999999999999979e+01
1.100999999999999979e+01
1.100999999999999979e+01
1.100999999999999979e+01
1.100999999999999979e+01
1.100999999999999979e+01
1.100999999999999979e+01
1.100999999999999979e+01
1.100999999999999979e+01
1.100999999999999979e+01
1.100999999999999979e+01
1.100999999999999979e+01
1.100999999999999979e+01
1.100999999999999979e+01
1.100999999999999979e+01
1.100999999999999979e+01
1.075999999999999979e+01
1.075999999999999979e+01
1.075999999999999979e+01
1.075999999999999979e+01
1.075999999999999979e+01
1.075999999999999979e+01
1.075999999999999979e+01
1.075999999999999979e+01
1.075999999999999979e+01
1.075999999999999979e+01
1.075999999999999979e+01
1.075999999999999979e+01
1.075999999999999979e+01
1.075999999999999979e+01
1.075999999999999979e+01
1.075999999999999979e+01
1.075999999999999979e+01
1.075999999999999979e+01
1.075999999999999979e+01
1.075999999999999979e+01
1.075999999999999979e+01
1.075999999999999979e+01
1.075999999999999979e+01
1.075999999999999979e+01
1.075999999999999979e+01
1.075999999999999979e+01
1.075999999999999979e+01
1.075999999999999979e+01
1.075999999999999979e+01
1.075999999999999979e+01
1.075999999999999979e+01
1.075999999999999979e+01
1.075999999999999979e+01
1.075999999999999979e+01
1.075999999999999979e+01
1.075999999999999979e+01
1.050999999999999979e+01
1.050999999999999979e+01
1.050999999999999979e+01
1.050999999999999979e+01
1.050999999999999979e+01
1.050999999999999979e+01
1.050999999999999979e+01
1.050999999999999979e+01
1.050999999999999979e+01
1.050999999999999979e+01
1.050999999999999979e+01
1.050999999999999979e+01
1.050999999999999979e+01
1.050999999999999979e+01
1.050999999999999979e+01
1.050999999999999979e+01
1.050999999999999979e+01
1.050999999999999979e+01
1.050999999999999979e+01
1.050999999999999979e+01
1.050999999999999979e+01
1.050999999999999979e+01
1.050999999999999979e+01
1.050999999999999979e+01
1.050999999999999979e+01
1.050999999999999979e+01
1.050999999999999979e+01
1.050999999999999979e+01
1.050999999999999979e+01
1.050999999999999979e+01
1.050999999999999979e+01
1.050999999999999979e+01
1.050999999999999979e+01
1.050999999999999979e+01
1.050999999999999979e+01
1.050999999999999979e+01
1.050999999999999979e+01
1.025999999999999979e+01
1.025999999999999979e+01
1.025999999999999979e+01
1.025999999999999979e+01
1.025999999999999979e+01
1.025999999999999979e+01
1.025999999999999979e+01
1.025999999999999979e+01
1.025999999999999979e+01
1.025999999999999979e+01
1.025999999999999979e+01
1.025999999999999979e+01
1.025999999999999979e+01
1.025999999999999979e+01
1.025999999999999979e+01
1.025999999999999979e+01
1.025999999999999979e+01
1.025999999999999979e+01
1.025999999999999979e+01
1.025999999999999979e+01
1.025999999999999979e+01
1.025999999999999979e+01
1.025999999999999979e+01
1.025999999999999979e+01
1.025999999999999979e+01
1.025999999999999979e+01
1.025999999999999979e+01
1.025999999999999979e+01
1.025999999999999979e+01
1.025999999999999979e+01
1.025999999999999979e+01
1.025999999999999979e+01
1.025999999999999979e+01
1.025999999999999979e+01
1.000999999999999979e+01
1.000999999999999979e+01
1.000999999999999979e+01
1.000999999999999979e+01
1.000999999999999979e+01
1.000999999999999979e+01
1.000999999999999979e+01
1.000999999999999979e+01
1.000999999999999979e+01
1.000999999999999979e+01
1.000999999999999979e+01
1.000999999999999979e+01
1.000999999999999979e+01
1.000999999999999979e+01
1.000999999999999979e+01
1.000999999999999979e+01
1.000999999999999979e+01
1.000999999999999979e+01
1.000999999999999979e+01
1.000999999999999979e+01
1.000999999999999979e+01
1.000999999999999979e+01
1.000999999999999979e+01
1.000999999999999979e+01
1.000999999999999979e+01
1.000999999999999979e+01
1.000999999999999979e+01
1.000999999999999979e+01
1.000999999999999979e+01
1.000999999999999979e+01
1.000999999999999979e+01
1.000999999999999979e+01
1.000999999999999979e+01
1.000999999999999979e+01
9.759999999999999787e+00
9.759999999999999787e+00
9.759999999999999787e+00
9.759999999999999787e+00
9.759999999999999787e+00
9.759999999999999787e+00
9.759999999999999787e+00
9.759999999999999787e+00
9.759999999999999787e+00
9.759999999999999787e+00
9.759999999999999787e+00
9.759999999999999787e+00
9.759999999999999787e+00
9.759999999999999787e+00
9.759999999999999787e+00
9.759999999999999787e+00
9.759999999999999787e+00
9.759999999999999787e+00
9.759999999999999787e+00
9.759999999999999787e+00
9.759999999999999787e+00
9.759999999999999787e+00
9.759999999999999787e+00
9.759999999999999787e+00
9.759999999999999787e+00
9.759999999999999787e+00
9.759999999999999787e+00
9.759999999999999787e+00
9.759999999999999787e+00
9.759999999999999787e+00
9.759999999999999787e+00
9.759999999999999787e+00
9.759999999999999787e+00
9.759999999999999787e+00
9.759999999999999787e+00
9.759999999999999787e+00
9.509999999999999787e+00
9.509999999999999787e+00
9.509999999999999787e+00
9.509999999999999787e+00
9.509999999999999787e+00
9.509999999999999787e+00
9.509999999999999787e+00
9.509999999999999787e+00
9.509999999999999787e+00
9.509999999999999787e+00
9.509999999999999787e+00
9.509999999999999787e+00
9.509999999999999787e+00
9.509999999999999787e+00
9.509999999999999787e+00
9.509999999999999787e+00
9.509999999999999787e+00
9.509999999999999787e+00
9.509999999999999787e+00
9.509999999999999787e+00
9.509999999999999787e+00
