1.392660155318923947e-02
1.598651673829622546e-02
1.768906011559909577e-02
2.336905644263522278e-02
2.378270461712579664e-02
2.412081000488880064e-02
2.439894000059892112e-02
2.462866398049439950e-02
2.481824220937115313e-02
2.497487135770479899e-02
2.510411984710760394e-02
2.521017854995111218e-02
2.529811856686021640e-02
2.537062489846595922e-02
3.298553686715271355e-02
3.171994625089847447e-02
3.067384752584821628e-02
2.980916816718323301e-02
2.909481256100523300e-02
2.850490377514374243e-02
2.801791355799876371e-02
2.761598100550731114e-02
2.728431068909446117e-02
2.701065456492161843e-02
2.678487813244643731e-02
2.659811393203960136e-02
2.644403918101348797e-02
2.631691050757791264e-02
2.621248596415629711e-02
2.612631873928888612e-02
2.605520591025829724e-02
2.599651105890571356e-02
2.594804307339075924e-02
2.590803729313784914e-02
2.587500048716203510e-02
2.584770953531868518e-02
2.582515509299322318e-02
2.580610335675719014e-02
3.378292683366461435e-02
3.238087767393816457e-02
3.121965987509246754e-02
3.025886228048039334e-02
2.946454808728927316e-02
2.880829792398556868e-02
3.751968345084007173e-02
3.545100374212501598e-02
4.626865285845994935e-02
4.264750539352377134e-02
3.965867321410428137e-02
3.719439317850846416e-02
3.516402699413613553e-02
3.349203247557875490e-02
3.211619741126336969e-02
3.098380907522031366e-02
3.005192668293261982e-02
2.928510887664278681e-02
2.865412495951536256e-02
2.813490598246356014e-02
2.770763330056852727e-02
2.735600152740235574e-02
2.706659418925735569e-02
2.682836244926626104e-02
2.663224509557608755e-02
2.647078234215283210e-02
2.633784378778504173e-02
2.622838676074062611e-02
2.613824995070662335e-02
2.606402758865177666e-02
2.600289669323009936e-02
2.595255197018281682e-02
2.591108895386382352e-02
2.587694159077498848e-02
2.584881740681874845e-02
2.582565315515810561e-02
2.580657298783881407e-02
2.579086394853619124e-02
2.577792591180556522e-02
2.576726121246511458e-02
2.575849291328928883e-02
2.575126925731472532e-02
2.574531350569136956e-02
2.574039997517656858e-02
2.573634300706087799e-02
2.573299244275574493e-02
2.573022555640303716e-02
2.572764466290949209e-02
2.572550719328042454e-02
2.572373563884970682e-02
2.572224293191466629e-02
2.572103671494521682e-02
2.572003567889251385e-02
2.571921244502753043e-02
2.571852571405759333e-02
2.571792832505423801e-02
2.571775742616074292e-02
2.571761650026188617e-02
2.571725281997112866e-02
2.571691181378820204e-02
2.571662939996768871e-02
2.571639037127284103e-02
3.338849220231650955e-02
3.205007690131834314e-02
3.094307803267156570e-02
3.002822302296312071e-02
2.927265269485542290e-02
2.864895435860758538e-02
2.813432009908256939e-02
2.770981208366740667e-02
2.735973168801857439e-02
2.707108611007797566e-02
2.683312406531507266e-02
2.663697469986540597e-02
2.647529686701327947e-02
2.634204833994180719e-02
2.623222872492105701e-02
2.614142810053031452e-02
2.606687875350885766e-02
3.385437325455815938e-02
3.243403486183363271e-02
3.125964782841168105e-02
3.028920713764717346e-02
2.948778956362373485e-02
2.882629695337690992e-02
2.828051871058291644e-02
2.783035399352806749e-02
2.745913746863035826e-02
2.715309270142974088e-02
2.690080132661452211e-02
2.669285000365658952e-02
2.652145420217469005e-02
2.638019083504735199e-02
2.626376031176930886e-02
2.616781823525530723e-02
2.608874011459673750e-02
3.386049219912938557e-02
3.243857755961089551e-02
3.126299675542228151e-02
3.029184522136153107e-02
3.946792463445021604e-02
3.705641199224307680e-02
3.506411610965869119e-02
3.341967585318952189e-02
3.206333788826330744e-02
3.094522580250385485e-02
3.002387194272871512e-02
2.926487032553198517e-02
3.815478852155571726e-02
3.597052758604515899e-02
3.416724575113968404e-02
3.267963233460477457e-02
3.145314238742031449e-02
3.044237766944948853e-02
2.960965711498199718e-02
2.892377096618241675e-02
2.835891290329355455e-02
2.789376975689749141e-02
2.751065412006113362e-02
2.719510356017406164e-02
2.693520333675514244e-02
2.672113296073202679e-02
2.654480742178354571e-02
2.639956622659335450e-02
2.627992399362731601e-02
2.618136352114159085e-02
3.398642479399069383e-02
3.254250658071431573e-02
3.134870930325303617e-02
3.036247533294580969e-02
2.954822523912261148e-02
2.887636033593074178e-02
2.832211532965498921e-02
2.786504798304883374e-02
2.748817990233230410e-02
2.717740210557754305e-02
2.692124934920876386e-02
2.671009890793438202e-02
3.465332174247826025e-02
3.309043439116222951e-02
3.179877983587681145e-02
3.073211685916688030e-02
2.985179460128531068e-02
2.912590733957761205e-02
2.852732160388457561e-02
2.803384381913689646e-02
2.762710700816720100e-02
2.729187508805896306e-02
2.701567451074792653e-02
2.678809226633381557e-02
2.660058105253191446e-02
2.644605697455577539e-02
2.631871029979149929e-02
2.621376524419193749e-02
2.612727684176761184e-02
3.415487165041339312e-02
3.268677753320195500e-02
3.147136267115353131e-02
3.046622908653266043e-02
3.942225309758558977e-02
3.701757922649694804e-02
3.503155472271590742e-02
3.339238448983019442e-02
4.315828948867176523e-02
4.007325422859375069e-02
3.753166096189342743e-02
3.543869021663374058e-02
3.371631311073471776e-02
3.229924205246806346e-02
3.113357056440486589e-02
3.017476885226574174e-02
2.938613883895118545e-02
2.873745785518176665e-02
2.820385674726266431e-02
2.776486113831275540e-02
2.740369107024089382e-02
2.710650134975523678e-02
2.686193032909788003e-02
2.666063626753959262e-02
2.649494179385513196e-02
2.635851776408403360e-02
2.624621435634486022e-02
2.615374184516729150e-02
3.396251498811455466e-02
4.384027140562218178e-02
4.065510776693213174e-02
3.802454439555937732e-02
3.585434565951966385e-02
4.633255534424819688e-02
4.266982977835785673e-02
5.530846509714716641e-02
4.997152707162109964e-02
4.560102654267345068e-02
4.202211114040770024e-02
3.909160815198397393e-02
5.070362801708492434e-02
4.617162784843688306e-02
4.246996792356145384e-02
3.944538001310791964e-02
3.697305757346071309e-02
3.495062564246567693e-02
3.329527494744933397e-02
3.193961000125278282e-02
3.082872220492359136e-02
2.991787760734367432e-02
2.917068472257057510e-02
2.855745463088507283e-02
2.805402011320261291e-02
2.764050639782149321e-02
2.730072504203748945e-02
2.702141994729007068e-02
2.679175680419963387e-02
2.660285494570990492e-02
2.644745830589036867e-02
2.631959297526947211e-02
2.621435968056700858e-02
2.612773774365478863e-02
3.388747187885814832e-02
3.246133102439868051e-02
3.128217295977828855e-02
3.030797195488337328e-02
2.950363950661095622e-02
2.883989051862855327e-02
2.829234165553704689e-02
2.784071056740992228e-02
2.746841037597580470e-02
2.716149807544455605e-02
2.690852421738831879e-02
2.670003170817662058e-02
2.652821238594362321e-02
2.638662168839251906e-02
2.626994277532430228e-02
2.617379702820899282e-02
3.394116862269647150e-02
3.250567169146821589e-02
3.131882294565115077e-02
3.033828299985805860e-02
2.952831138505960032e-02
2.885986453895234699e-02
2.830846029728764299e-02
2.785405701381456212e-02
2.747940011790784773e-02
2.717055344253974450e-02
2.691597398500891747e-02
2.670615817883229340e-02
2.653324892045148473e-02
2.639076167757361396e-02
2.627334817020799199e-02
2.617659387119726858e-02
2.609687143905392234e-02
2.603117839909794423e-02
2.597704757470928327e-02
2.593244115263595648e-02
2.589567899606385823e-02
3.359278069078090040e-02
3.221876376536132736e-02
3.108283848799999263e-02
3.014415001685298579e-02
2.936888283305295888e-02
2.872890289614442316e-02
2.820074104311465560e-02
3.650057570837560161e-02
3.461065040411111238e-02
3.304972536340294864e-02
3.176115933823251553e-02
4.102191504351850732e-02
3.832352387557210610e-02
3.609829421553242823e-02
3.426429977368004171e-02
3.275419503763476320e-02
3.151059664455907461e-02
3.048699169162111255e-02
2.964452210867505114e-02
2.895147544016482902e-02
2.838079792858989175e-02
3.674091112693703143e-02
4.738912127410448150e-02
4.354998190608557612e-02
4.038796869692372338e-02
3.778518767221048652e-02
3.564384583868222128e-02
3.388277536247487343e-02
3.243440819049442370e-02
3.124364196865589069e-02
3.026467541854501939e-02
2.946006947942616735e-02
2.879842156853886295e-02
2.825426443875989069e-02
3.659045026802770079e-02
3.467975351917677862e-02
3.310277258933112809e-02
3.180238013875450603e-02
3.073055635420167409e-02
2.984773965296091611e-02
2.912054062604661070e-02
2.852157211014286556e-02
2.802824518660660541e-02
2.762194469445556841e-02
2.728726660465253390e-02
2.701164255750492307e-02
2.678464717137045425e-02
3.475684569207289354e-02
3.317684449369720512e-02
3.187086128931221340e-02
4.172933348781210361e-02
3.892450355247051297e-02
3.660584570702349327e-02
3.469116774859643676e-02
3.311109407286755291e-02
3.180829807721388680e-02
3.073464483584149864e-02
2.985050193301930915e-02
2.912220183549336927e-02
3.769258080569764385e-02
3.558721769702987564e-02
3.384961443908515027e-02
3.241681341724215321e-02
3.123595002519122255e-02
3.026345339878122945e-02
2.946237427842002612e-02
2.880265813948626463e-02
2.825938828436213787e-02
2.781203711740507650e-02
2.744367614654957474e-02
2.714035875196725567e-02
2.689059299225491848e-02
2.668491588347560173e-02
2.651553685905462879e-02
3.436720819101738572e-02
3.285558049376718914e-02
4.245264906821091810e-02
3.951039002539273592e-02
3.708135471781590781e-02
3.507737891135846026e-02
3.342562263630310948e-02
3.206486653911487517e-02
3.094457031071259911e-02
3.998896611250716410e-02
5.163168768851340851e-02
4.700706259689729077e-02
4.320653490973059424e-02
5.600403802572512246e-02
5.051328691052653364e-02
4.602699375396687026e-02
4.235979215568694972e-02
3.936094745115872873e-02
3.690709379029237514e-02
3.489866522917355052e-02
3.325403425950787528e-02
3.190701668447519512e-02
3.080281168606763612e-02
3.983493015719372088e-02
3.732804818258374235e-02
3.526662280518017695e-02
3.357184402244729055e-02
3.217893735321619708e-02
3.103389782687071899e-02
3.009256831798780285e-02
2.931863972857725112e-02
2.868226539149605278e-02
2.815891907512415443e-02
2.772845178982011327e-02
3.595045701633475810e-02
3.415725777185940615e-02
3.267629888628803547e-02
4.216864416929700515e-02
3.926799500702518597e-02
3.687544955685348458e-02
3.490424299789130630e-02
3.328068201598757131e-02
3.194401086908204429e-02
3.084380235008404511e-02
2.993836631896327691e-02
2.919328535614884590e-02
2.858017155427213657e-02
2.807564029581375090e-02
2.766041816175220797e-02
2.731865687877725601e-02
3.540529071074076384e-02
3.370877621084244352e-02
3.230762220606206436e-02
3.115100805649794954e-02
3.019679667612949064e-02
2.940991535476213461e-02
2.876123358666202862e-02
2.822661585557185993e-02
2.778605998347967107e-02
2.742304916019626046e-02
3.582740526143341625e-02
3.405836934080934408e-02
4.397654963546458740e-02
4.075880329609252173e-02
3.810364180554635244e-02
3.591477078016410557e-02
3.411199114738699967e-02
3.262749307368689039e-02
3.140557640782685317e-02
3.040001808442565831e-02
2.957261770015674751e-02
2.889185417644604681e-02
2.833174486571866588e-02
2.787089716036311379e-02
2.749167217526925916e-02
2.717957555125946265e-02
2.692270076035490137e-02
2.671125704204121293e-02
2.653719341342262658e-02
2.639388794156227389e-02
2.627589249462709484e-02
2.617872945023481945e-02
2.609871509516656363e-02
3.384397261141183083e-02
3.242623104926545263e-02
3.125383271908094979e-02
3.028510889522289737e-02
2.948521787893144258e-02
2.882507267680765872e-02
2.828048536387431713e-02
2.783135154157190955e-02
2.746101029077344796e-02
2.715569522590931956e-02
2.690402316530416532e-02
2.669659023515458598e-02
2.652563240340822387e-02
2.638474401993906940e-02
2.626863764401000945e-02
3.405734306394498506e-02
3.260180310577961982e-02
4.205245841995945699e-02
3.918154289299390081e-02
3.681105852310116028e-02
3.485605622948826504e-02
3.324438009935115623e-02
3.191649560448900358e-02
3.082282406543458697e-02
2.992228112087304617e-02
3.869019194140106005e-02
3.640526012612017859e-02
3.452091424186162077e-02
3.296791475663112675e-02
3.168857429928360198e-02
4.098933515107512637e-02
5.293113580339325192e-02
4.806838194792859009e-02
4.407414934116306304e-02
4.079403441692927568e-02
3.810200903116756771e-02
4.931988609755749015e-02
6.432777207060863534e-02
5.719068496292002701e-02
5.140635257497656180e-02
4.670548226673391229e-02
4.288011569768227643e-02
3.976371898744036210e-02
3.722182479538910932e-02
3.514634770350130027e-02
3.345023583469398931e-02
3.206298676449791801e-02
3.092749036927698938e-02
2.999739096777939013e-02
2.923504960911024048e-02
3.781999647049493624e-02
3.568208311519568271e-02
4.604416617260127104e-02
4.242964817307737224e-02
3.945739745961644035e-02
3.701445437883141287e-02
3.500670272425731450e-02
3.335680042527711109e-02
3.200100210080648183e-02
3.088683130994764395e-02
2.997115148065516640e-02
2.921848437451264255e-02
2.859970610573164818e-02
2.809091603733332443e-02
2.767249036409811722e-02
2.732831741425255714e-02
2.704517280488337103e-02
3.507286412363119082e-02
3.343703822076341675e-02
3.208517654478863085e-02
3.096885961213981589e-02
3.004762547150822624e-02
2.928771152205126432e-02
2.866109612854997324e-02
2.814453842551250043e-02
2.771879350781561793e-02
2.736794648432415780e-02
3.543230305702294025e-02
3.373257820676920510e-02
3.232813002253978607e-02
4.174325355272143212e-02
3.892231974003211581e-02
5.025436073645825341e-02
6.528805726438240142e-02
5.807991637743457197e-02
5.220214617359399123e-02
4.740168582599096903e-02
4.347966544066895339e-02
4.027440538715094942e-02
3.765328547593673608e-02
3.550882296236204660e-02
3.375341896761676480e-02
3.231574421715316392e-02
3.113767296202258131e-02
3.017182779970401310e-02
2.937959063630823583e-02
2.872946223158045695e-02
2.819572302722209503e-02
2.775736012588179979e-02
2.739719968657522431e-02
2.710119149057913998e-02
2.685783559514283436e-02
2.665771113375170476e-02
2.649309307267142324e-02
2.635763762048737649e-02
2.624615781601735351e-02
2.615439170982318193e-02
2.607884219130258627e-02
2.601663109128316692e-02
2.596539608034369173e-02
2.592319647495503962e-02
2.588843436167904619e-02
2.585979592353941994e-02
2.583620043607169972e-02
2.581675810268238558e-02
2.580073664474538328e-02
2.578753298164877458e-02
2.577665063891441954e-02
2.576768001137090536e-02
2.576028569671048873e-02
2.575418948718652748e-02
2.574916345985386879e-02
2.574502028360773492e-02
2.574160426214481059e-02
2.573878729103242641e-02
2.573646415420768538e-02
2.573454839894955687e-02
3.337588302628444192e-02
3.204133989340741950e-02
3.093742142753348051e-02
3.002504681709992213e-02
2.927147587389351477e-02
2.864940358753064603e-02
2.813610005205271006e-02
2.771269083091208729e-02
2.736352436590170495e-02
2.707562891542384872e-02
2.683828257836919778e-02
2.664263612507682816e-02
2.648136254490060862e-02
2.634844153889632709e-02
2.623889362490702815e-02
2.614861994685856519e-02
2.607422517821438718e-02
2.601291609179682413e-02
2.596239115601120875e-02
2.592075326998165632e-02
2.588643908356135295e-02
2.585816194574162147e-02
2.583485658365125559e-02
2.581565044463696515e-02
2.579982253437462097e-02
2.578677620216779376e-02
2.577602447544244044e-02
2.576716275559116920e-02
2.575985873564258163e-02
2.575383896595473746e-02
2.574887870556517161e-02
2.574479086555073529e-02
2.574142055987950137e-02
2.573864278451149651e-02
2.573635335143302505e-02
2.573446626018092986e-02
2.573291073404928089e-02
2.573162785019837348e-02
3.337530222650046674e-02
3.204093538731021817e-02
3.093712719601074412e-02
3.002483219022944461e-02
2.927132931484621378e-02
2.864930826687393101e-02
2.813604858754708074e-02
2.771267272568806936e-02
2.736353179162279159e-02
2.707564633026458487e-02
2.683830800759798990e-02
2.664266469262072112e-02
2.648140950800964566e-02
2.634850576984818643e-02
3.420085210795359432e-02
3.272100932109769933e-02
3.149718901563824947e-02
3.048593862456740536e-02
2.965090016848411641e-02
2.896173399204364854e-02
2.839319756351714463e-02
2.792432758591272338e-02
2.753774532986525900e-02
3.568952800960197014e-02
3.394591130024144504e-02
4.442946183577924091e-02
4.115450729718189704e-02
3.844642530552912912e-02
3.620927221411947977e-02
3.436292343293731455e-02
4.435312075309878754e-02
4.105434637021367766e-02
3.833742277540582583e-02
3.610086943770375589e-02
4.663758402339550357e-02
4.290723969081319117e-02
3.984286579084536650e-02
3.732561530889352830e-02
3.525825403745370262e-02
4.558786605756334764e-02
4.203610716554904980e-02
3.912149816701824406e-02
3.672939310181864286e-02
3.476613675644388973e-02
3.315468508602874981e-02
3.183179510532426620e-02
3.074557738956125788e-02
2.985348353209035799e-02
2.912064172496794251e-02
2.851848345142690352e-02
2.802359454013014783e-02
2.761675508802928850e-02
2.728221639196403217e-02
2.700707144421297598e-02
2.678074371168185849e-02
2.659454263503629665e-02
2.644136389098314041e-02
2.631522624738523095e-02
3.412895116427317604e-02
3.266155835494605197e-02
3.144810435828572504e-02
3.044547453820331193e-02
2.961758306040737296e-02
2.893433600349206575e-02
2.837067452026755324e-02
2.790582837347243064e-02
2.752256610099695217e-02
2.720662754589879898e-02
2.694621853023013852e-02
2.673159719479292415e-02
2.655471898154016311e-02
2.640895610467862767e-02
2.628883791457563637e-02
2.618985663898162203e-02
2.610828796595264165e-02
2.604106272533223548e-02
2.598567655672915852e-02
2.594003384818257402e-02
2.590241619490299060e-02
2.587141575847713357e-02
2.584586796110174139e-02
2.582481154176416785e-02
2.580745768064565682e-02
2.579315360138580843e-02
2.578136433520415022e-02
2.577164570180797212e-02
2.576363435976650532e-02
2.575703025000836144e-02
2.575158584152051344e-02
2.574709788289056972e-02
2.574338799598600847e-02
2.574033833367772930e-02
2.573782381591103660e-02
2.573575010273387170e-02
3.337507820834946515e-02
3.204074918587766774e-02
3.093700772420357806e-02
3.002476738718987473e-02
2.927131244889791609e-02
2.864933974595275379e-02
2.813609856167902101e-02
2.771274058333563980e-02
2.736362790364303688e-02
2.707578866376404020e-02
2.683849160494477734e-02
2.664288370426979094e-02
2.648165466837359289e-02
2.634876733783994909e-02
2.623923911495788103e-02
2.614898515689396616e-02
2.607459363552391135e-02
3.380301259571844019e-02
3.239298585076869769e-02
3.122686806544765561e-02
3.026328434748994448e-02
2.946757555232738454e-02
2.881083742273943954e-02
2.826900622898487897e-02
2.782213277744673141e-02
2.745366471129099400e-02
2.714990243390221977e-02
2.689950819195020479e-02
2.669312415506309294e-02
2.652302802622482497e-02
2.638284582877884268e-02
2.626731955156531156e-02
2.617211533562538439e-02
2.609365959742691865e-02
2.602900628023422855e-02
3.374395192650369441e-02
3.234441015380318946e-02
3.118693525510457878e-02
3.023045382140406717e-02
2.944058381784171383e-02
2.878864573687016370e-02
2.825076117233635969e-02
2.780712853179043847e-02
2.744132178575407754e-02
2.713974604236291457e-02
2.689115145133093993e-02
3.483025268386453349e-02
3.323791725107212713e-02
3.192175384022246515e-02
3.083472979350723384e-02
2.993751531073439789e-02
2.919732355691244396e-02
2.858688665129177284e-02
2.808361274681627634e-02
2.766877790826268585e-02
2.732689314486637031e-02
2.704514561686851074e-02
2.681300349944007108e-02
2.662171845272871470e-02
3.454154847628253255e-02
3.300152714544835747e-02
3.172810234642611804e-02
3.067600815223225919e-02
2.980735418597302983e-02
2.909051772099350078e-02
2.849920920291133461e-02
3.685501473887205226e-02
3.490290385757467001e-02
3.329067053842214852e-02
3.196013856918347024e-02
3.086273451639676840e-02
2.995800858987953189e-02
2.921236076776796697e-02
2.859797453205232404e-02
2.809182580609139585e-02
2.767488230649161815e-02
2.733143875366736072e-02
2.704858552545091194e-02
2.681567329156921489e-02
2.662383585895172072e-02
2.646581050114679007e-02
2.633563161499290900e-02
2.622833914481029552e-02
2.613994780027698375e-02
2.606712442920343029e-02
2.600712508740367704e-02
2.595768831578238595e-02
2.591695287967291442e-02
2.588338618703807728e-02
2.585570835452519547e-02
2.583289769204960909e-02
2.581409860364077685e-02
2.579860264954895316e-02
2.578584041490097900e-02
2.577533040486629234e-02
2.576666933482124264e-02
2.575952139123703633e-02
2.575363655559026813e-02
2.574878524353953202e-02
2.574478593307717722e-02
2.574149020448108019e-02
2.573877413210784448e-02
2.573653447129689228e-02
2.573468755043202896e-02
2.573316487831488197e-02
2.573190855830059798e-02
2.573087224141947654e-02
2.573001691185525242e-02
2.572931249834876574e-02
2.572873049397318007e-02
2.572825034252489845e-02
2.572785498544651397e-02
2.572751884938410602e-02
2.572725036467000612e-02
2.572702910281515418e-02
2.572684657981064507e-02
2.572669672856512171e-02
2.572657155383764258e-02
2.572646878941518486e-02
2.572637491136886209e-02
2.572630609908161184e-02
2.572625023611515085e-02
2.572620511668055263e-02
3.336516861181103299e-02
3.203263264132534538e-02
3.093035553892901218e-02
3.001931546278174476e-02
2.926684365487575851e-02
2.864566244650213617e-02
2.813309089456200729e-02
2.771028268274962694e-02
2.736160773704278404e-02
2.707411340321392440e-02
2.683710996193448134e-02
2.664173981666998967e-02
2.648070696342687963e-02
2.634798413238786594e-02
2.623859987993268014e-02
2.614845372115138372e-02
2.607416381734458527e-02
2.601294148957491656e-02
2.596248777212958186e-02
2.592090960469294048e-02
2.588664527722002451e-02
2.585840809500632512e-02
2.583513676031905237e-02
3.350045409440870203e-02
3.214400876558610315e-02
3.102203218730350404e-02
3.009477217348924261e-02
2.932894912932847847e-02
2.869678151239876338e-02
2.817516995438447761e-02
2.774492599229349057e-02
2.739012253990651818e-02
2.709760391409894720e-02
3.509455985396978811e-02
3.345552332898799053e-02
3.210084823243868068e-02
3.098211167770759805e-02
3.005878937767334641e-02
2.929710583817802041e-02
2.866899422671450107e-02
2.815118290667578682e-02
2.772438942549294849e-02
2.737266295253875520e-02
2.708284473318444893e-02
2.684404249580333440e-02
2.664727750200427542e-02
2.648515367698914963e-02
2.635157325448207050e-02
2.624151049822814538e-02
2.615082383021010218e-02
2.607610072323251690e-02
2.601452954899746012e-02
2.596379460855130841e-02
2.592197749849552493e-02
2.588750991601433682e-02
2.585910552523254177e-02
2.583569653161817831e-02
2.581640742086576887e-02
2.580051486363056298e-02
2.578742591808956541e-02
2.577663840445888407e-02
2.576774739321500973e-02
2.576041730464198598e-02
3.340744658318484106e-02
3.206751860061555354e-02
3.095912506240732984e-02
3.004303491200767742e-02
2.928639712315704233e-02
3.784915348429372661e-02
3.572215878686681167e-02
4.610166267120274775e-02
4.249956245293717849e-02
3.953011546703485979e-02
3.708429079975817527e-02
3.507097788439715591e-02
3.341432039951958838e-02
3.205151041218189112e-02
3.093057609453512408e-02
3.000863232647372342e-02
2.925035655580075430e-02
2.862664949681394816e-02
2.811360388711306099e-02
2.769151961047271876e-02
2.734426156746831010e-02
2.705857698831617975e-02
2.682340432922286980e-02
2.662983239852053513e-02
2.647047598329931722e-02
2.633927257651635240e-02
2.623129999314651600e-02
2.614238406911165505e-02
2.606915437935516250e-02
2.600883464310702747e-02
2.595914462205828332e-02
2.591820414772118622e-02
2.588442286987610239e-02
2.585658795311262734e-02
2.583365117407533662e-02
2.581474936200756770e-02
2.579917128884504085e-02
2.578633179805836853e-02
3.346808663726474203e-02
3.211817798204809338e-02
3.100134558995490050e-02
3.007813944178873433e-02
2.931554163786415437e-02
2.868593897517235022e-02
2.816637544962865766e-02
2.773777259174148302e-02
2.738430090597722757e-02
2.709283694135082576e-02
2.685256842280137751e-02
2.665450526093213549e-02
2.649124939847633323e-02
2.635669306951078303e-02
2.624579626392553600e-02
2.615440179008033175e-02
2.607908150114333218e-02
2.601700942667435623e-02
2.596585436752830295e-02
2.592369433074280180e-02
2.588893567622511938e-02
2.586028852720431703e-02
2.583667944433106975e-02
2.581722177578705396e-02
2.580118977656819038e-02
2.578798600768181584e-02
3.344418646474332096e-02
3.209782325554430549e-02
3.098411782176090437e-02
3.006364216469285464e-02
2.930338589276654596e-02
2.867578348848063424e-02
2.815791863565263523e-02
2.773074836295469706e-02
2.737847873967418424e-02
2.708801907113858251e-02
2.684858143175328227e-02
2.665121075625213887e-02
2.648852842997009502e-02
2.635444687233878119e-02
2.624394256785141447e-02
3.404440113153043429e-02
3.259224136144397294e-02
3.139125287453413404e-02
3.039882773590941306e-02
2.957929041480464316e-02
3.824576240137546324e-02
3.604832972356211002e-02
3.423357303290087972e-02
3.273607128815238243e-02
3.150114249560206220e-02
3.048321230970066700e-02
3.938303503227084251e-02
3.697704436641298387e-02
3.499253376455251086e-02
3.335675283767941535e-02
3.200908850046318282e-02
3.089917577897565576e-02
3.991726355635937667e-02
3.741265444036669108e-02
3.534804800381072254e-02
3.364716242935676671e-02
3.224651829820258248e-02
4.163745802659342410e-02
3.882158476389868662e-02
3.650234849499953138e-02
3.459314845574097685e-02
3.302205588470984166e-02
