6.997924963679337052e-04
1.199030366930074450e-03
1.567937534962126397e-03
1.851728710245705749e-03
1.901887988709010865e-02
1.473894824713467902e-02
4.268032549407247550e-02
3.838530158186536506e-02
3.338958472813176315e-02
2.805795958859174169e-02
4.319940090847663311e-02
3.909755902855457238e-02
3.439914620002369749e-02
2.944414050835137894e-02
2.464135506889662472e-02
2.033827415800397789e-02
1.673364690417098941e-02
1.386907286874555605e-02
1.167687369406302487e-02
1.003913570260952896e-02
8.830835460584017527e-03
7.942348027938214358e-03
7.286695058607914680e-03
6.798823368885091589e-03
6.431755890820563086e-03
6.152269520415316016e-03
5.937123061855911765e-03
5.770019489123446969e-03
5.638065679737731643e-03
5.535383735914134809e-03
5.455353663899435018e-03
2.713582300615183240e-02
2.296367066185146799e-02
1.958656951315698377e-02
1.699307979603957922e-02
1.505860001691184530e-02
1.362558105465337503e-02
1.255058957287510414e-02
1.172146135893258577e-02
1.105778168893429420e-02
2.237445138712193526e-02
1.950820722621955314e-02
1.745503229298512801e-02
1.599558748134658967e-02
1.493994695555481145e-02
1.414637297779598561e-02
1.351737867224374508e-02
1.298910111346921609e-02
1.252104957697881132e-02
1.208823285134913959e-02
1.167570721565974572e-02
1.127496574238656506e-02
1.088160709892635469e-02
1.049384364844158264e-02
1.011153209452546851e-02
9.735535062213297036e-03
9.367291711906517923e-03
9.008523388285309338e-03
8.661063607239663162e-03
8.326647828052789052e-03
8.006828584079148450e-03
7.702917505426478545e-03
7.415929474624868845e-03
7.146583146158862546e-03
2.374311886754773906e-02
2.040812074174571181e-02
1.791645245520034554e-02
1.610210129664927173e-02
2.536397472507165990e-02
3.486229040736895518e-02
2.953227732852597640e-02
3.849734980640406867e-02
3.301587781111482017e-02
2.802850434227258797e-02
2.385192220706777375e-02
2.055896695734747356e-02
1.804912738742068395e-02
1.615213866742596163e-02
1.469895718699440815e-02
1.355282647886771157e-02
1.261458580164941112e-02
2.298644886842042198e-02
2.039263019251148085e-02
1.850239852688640232e-02
1.710867531923459736e-02
1.604703663538028721e-02
1.520016851117711627e-02
1.448930506461702968e-02
1.386345107781391042e-02
1.329048447518577092e-02
1.275057840550928093e-02
1.223197670760917122e-02
1.172807130191289883e-02
2.115161670438595043e-02
1.881769029893998885e-02
1.717041579127091128e-02
1.598540232064265057e-02
1.509666866333692764e-02
1.439175502278695201e-02
1.379817387155297427e-02
1.327058057360320543e-02
1.278125489294257289e-02
1.231357253103775896e-02
1.185798924154876297e-02
1.140941319559073304e-02
2.074422787736297444e-02
1.839436886900284659e-02
1.675337592316831700e-02
1.558817665106299565e-02
1.472625932230278885e-02
1.405091074096791008e-02
1.348722996926315573e-02
2.091527372064230089e-02
1.859823669506619967e-02
1.698738138211080412e-02
1.584270101075400256e-02
1.499107512976229940e-02
1.431760461419887345e-02
1.374967277227899694e-02
1.324261458731102077e-02
1.276957096250835519e-02
1.231515927436911163e-02
1.187018855337080604e-02
1.142963288005668064e-02
1.099207012056430816e-02
1.055708145922486067e-02
1.012560072105191632e-02
9.699294402415525179e-03
9.280243609003518274e-03
8.870836670199078525e-03
8.473354691663362651e-03
8.089960707733462320e-03
7.722593819016753541e-03
2.230974334838310355e-02
1.931292525418812009e-02
1.714405115914029165e-02
2.537840301175346702e-02
2.170690719426306842e-02
1.900155531801831985e-02
1.705640018158376126e-02
1.565315999932679475e-02
1.461265216233163106e-02
1.380516614292962539e-02
1.314327777797056652e-02
1.257031189929089070e-02
1.205102588828458644e-02
1.156424788574742998e-02
2.077563911073990188e-02
1.839784851842220237e-02
1.674002538223262962e-02
1.556509131553139753e-02
1.469752977612333658e-02
1.401879381427659568e-02
1.345266549602888544e-02
1.295170033063849750e-02
1.248750832083956111e-02
1.204274617757314023e-02
1.160786838328192391e-02
1.117778535127591719e-02
1.075035237064542876e-02
2.062986911151665909e-02
1.821051148791514793e-02
1.652853832621396096e-02
1.534421961371477960e-02
1.447775987727481506e-02
1.380683789664537142e-02
1.325238927409818843e-02
1.276529678700973405e-02
1.231559125752565778e-02
2.041584492716950333e-02
1.811208436149628134e-02
1.652338001011258162e-02
1.540567470324328940e-02
1.458273182072081404e-02
1.393781678086629221e-02
1.339723504275354589e-02
1.291585011781090121e-02
1.246660632545952031e-02
1.203368331553810247e-02
1.160817741552321036e-02
1.118557817953958443e-02
1.076410029476983568e-02
1.034372734848395571e-02
9.925555385774513864e-03
2.082855150356857296e-02
1.829415762629318931e-02
1.652483437778411168e-02
1.528074444939190452e-02
1.437645163006971184e-02
1.368326931038126720e-02
1.311698461261239998e-02
1.262499446133313885e-02
1.217449097416359489e-02
1.174605486371907426e-02
1.132842337672379518e-02
1.091589878566279898e-02
1.050588139976497970e-02
1.009787790696218407e-02
9.692733650379432853e-03
9.292101947418765495e-03
8.898107107833324453e-03
8.513065065138991638e-03
8.139290011389695156e-03
7.778956196816397446e-03
7.433982080565912885e-03
7.105965036158517698e-03
6.796139944072027671e-03
6.505362512898311272e-03
6.234120799109746369e-03
5.982550964327000738e-03
5.750509778223572392e-03
5.537564744521191254e-03
5.343058243692900416e-03
5.166168698985155842e-03
5.005115042769771316e-03
4.859588176419208858e-03
4.728521429167351249e-03
4.610831001411072778e-03
4.505441497476044520e-03
4.411300460100514922e-03
4.327401099051899312e-03
4.252788772639492718e-03
4.186562965391273441e-03
4.127890500733547886e-03
4.076000700458066311e-03
4.030186103651110102e-03
3.989802354416511522e-03
3.954263248846831558e-03
3.923040040220460677e-03
3.895655386047617089e-03
3.090921684547018322e-02
2.597994763069617560e-02
3.655226166168615287e-02
3.130398986794375588e-02
2.624281510744469817e-02
2.182948675171825920e-02
1.828422441384127198e-02
1.559376881649138583e-02
1.361229541279623291e-02
1.215940870629776682e-02
2.386457672489972898e-02
2.050223705173656250e-02
1.802820189984586166e-02
2.635843443261173813e-02
2.250527901376896470e-02
1.962466062118165683e-02
1.753199101945190908e-02
1.601251355669980683e-02
1.488249629964155316e-02
1.400578026347221172e-02
1.328919176234601499e-02
1.267199624433053111e-02
1.211594166146462252e-02
1.159770997485847638e-02
1.110359008960168023e-02
1.062608032178041263e-02
1.016157590028804979e-02
9.708903635870482635e-03
9.268389726231684306e-03
8.841214337822573752e-03
8.428962519451346433e-03
8.033333327320436520e-03
7.655929557255141023e-03
7.298128068749733417e-03
6.960997692104085866e-03
6.645258261799733175e-03
6.351271764852725772e-03
6.079050328133653834e-03
2.417026446577159524e-02
3.340524670481992420e-02
2.818815109655340573e-02
2.370160010399175593e-02
3.352765187298212962e-02
2.845539504552745472e-02
2.411353507095092760e-02
2.065432231924186138e-02
1.802185140619430581e-02
1.605612702346869911e-02
1.457991412976934048e-02
1.344257814684587417e-02
1.253194589688251190e-02
1.177066362277354693e-02
1.110811182210109938e-02
2.167634100185865040e-02
1.911359505027801498e-02
1.729644910763943402e-02
1.599326231616257296e-02
1.502487007281019284e-02
1.426673727400396170e-02
1.363715012918445720e-02
1.308448363414380436e-02
1.257708119756854002e-02
1.209551541071159780e-02
1.162853668245173756e-02
1.117045036529198780e-02
1.071857878474549546e-02
1.027232381659525136e-02
9.832419426735213366e-03
9.400416173776517462e-03
8.978306638472596107e-03
8.568277183729931454e-03
8.172492903312303381e-03
7.792961202283849552e-03
7.431420439607517268e-03
7.089268926195618596e-03
6.767532693956928962e-03
6.466855503733743606e-03
6.187501561191852302e-03
5.929393902909969698e-03
5.692157069709376065e-03
5.475159552622558233e-03
5.277584410493673869e-03
5.098450273899792634e-03
4.936658746878434985e-03
4.791047166853033661e-03
4.660424865134907974e-03
4.543601702009047658e-03
4.439103706829917312e-03
4.345515960249814874e-03
4.262276145568014846e-03
4.188388770976288374e-03
4.122924806393559599e-03
4.065023869190118391e-03
4.013896666516822941e-03
3.968822071057165682e-03
3.929144074754599078e-03
3.894272179195649476e-03
3.064823151622195208e-02
2.570988438112335045e-02
2.142899917454085812e-02
1.801508525229481017e-02
1.544610401949038370e-02
1.357144990055942323e-02
1.220973438846769711e-02
1.120146074356942467e-02
1.042754713373449799e-02
9.805308791317366227e-03
9.280949763741245737e-03
8.820779616512930063e-03
8.404487077377233509e-03
8.021630545713597654e-03
7.664911559074700544e-03
7.330634809024004842e-03
7.017375125089252499e-03
6.724392507427810750e-03
6.451403186932897632e-03
6.198389034995371513e-03
5.964045213040402443e-03
5.748408469676312589e-03
2.489859566389658607e-02
2.108724870605621290e-02
1.818289529111738120e-02
1.605827019742892686e-02
1.452525712481532449e-02
1.340609252396952542e-02
1.256122611376961004e-02
2.131014056991671970e-02
1.856184476742246681e-02
1.665006815149207287e-02
1.531862888353953227e-02
1.436386181679746854e-02
1.364287732837404440e-02
1.306227652060248240e-02
1.256316034869313196e-02
1.210935944819377039e-02
1.167953300567834557e-02
1.126129735822150799e-02
1.084814068443377098e-02
2.030731425340746854e-02
1.788252477909221469e-02
1.621978027355326646e-02
1.506374758084808724e-02
1.422605907200235296e-02
1.358084112209748291e-02
2.077664123793474676e-02
1.833963389359973689e-02
1.667118706799292430e-02
1.550704961527248418e-02
1.465630481012058714e-02
1.399325488903181182e-02
1.343932902406275685e-02
1.294668552135350495e-02
2.051997737155453888e-02
1.822692015037806826e-02
2.557444838233168330e-02
2.196761222155297483e-02
1.940621239895942360e-02
1.760503373434416097e-02
1.631043779577255257e-02
1.533578288929812392e-02
2.251755702908848217e-02
2.000742320062456545e-02
1.823850325786737989e-02
2.505459118800527907e-02
2.203455856243678040e-02
1.987699429606606255e-02
1.831550716653332356e-02
1.714043511685736654e-02
1.620651550841216426e-02
1.541984669728307770e-02
1.472212601801326307e-02
1.407823568455566707e-02
1.346755300859951883e-02
1.287838438649776575e-02
1.230494590508168611e-02
1.174407643723402242e-02
1.119522065267934859e-02
2.133688773413670511e-02
1.892584546996689543e-02
1.722649593907273763e-02
1.600444285475803932e-02
1.508669740670238318e-02
1.435665070022634077e-02
1.373964547876968187e-02
1.318930946975556580e-02
1.267752054544716428e-02
1.218793727513005007e-02
1.171070674352368314e-02
1.124102141695623724e-02
1.077683135882714568e-02
1.031792882594133494e-02
9.865475467283869870e-03
9.421236792711588579e-03
8.987369897342587649e-03
2.129960339155304028e-02
1.857330636756345313e-02
1.665875670218979615e-02
1.531231064344835795e-02
1.433794757801007055e-02
1.359674067541899282e-02
1.299682969769357793e-02
1.247996998052008921e-02
1.201027437203758610e-02
1.156680680433248495e-02
1.113627215043892955e-02
1.071261869246200454e-02
1.029275710568786431e-02
9.876094649653633165e-03
9.463495905445717254e-03
9.056824675883924994e-03
8.658266717229376117e-03
8.270200850898922623e-03
7.894965922814059858e-03
7.534715293715573553e-03
7.191306583051253719e-03
6.866245761096361269e-03
6.560117005806781129e-03
6.273962540344688379e-03
6.008109305859544481e-03
5.762556516510188194e-03
5.536961239243153032e-03
5.330714756021057675e-03
5.143010264318151510e-03
4.972880916211560448e-03
4.819277428185417961e-03
2.678004626271190264e-02
3.611538322558788261e-02
3.071364301082448942e-02
2.567403345122145145e-02
2.141089099135387239e-02
1.806793984344494744e-02
1.557017375092210713e-02
1.374105097800920432e-02
1.239388114929331278e-02
1.137476937507507155e-02
1.057197144989981130e-02
9.910196165238891602e-03
9.341196206816525238e-03
8.835198654569127036e-03
8.374520198748005781e-03
2.178866445092148690e-02
1.888536116839215073e-02
2.716277300885033483e-02
2.296634317746116399e-02
1.983283333023768205e-02
1.757715595645496440e-02
1.596242111862455557e-02
1.478106813675728569e-02
2.263356652674535299e-02
1.983507025956762065e-02
1.786019559188566780e-02
1.645374966557769728e-02
1.541602200746876143e-02
1.460825057458262424e-02
1.394016039496252801e-02
1.335520914943455831e-02
1.281894830678367500e-02
1.231087366821519667e-02
2.073210865874897113e-02
2.848168433227166174e-02
2.414890197730149013e-02
2.096671784867699256e-02
1.869863723581931952e-02
2.620829569440367643e-02
2.279266980288319547e-02
2.032123765823240502e-02
1.853532296276199851e-02
1.720932730756421017e-02
1.617748177927890579e-02
1.532859223466487113e-02
1.459188970541093651e-02
1.392379468163245336e-02
1.329829680849307222e-02
1.270034849324950220e-02
1.212174555765446575e-02
1.155853126224577407e-02
1.100939346227881345e-02
1.047451100264281711e-02
9.955540838175324855e-03
9.453865410069036551e-03
8.971521345950903004e-03
8.510336619567961461e-03
8.072025391561286900e-03
7.657995797087735132e-03
7.269271188752251568e-03
6.906472059837123409e-03
6.569797231530817572e-03
6.259076334146690922e-03
5.973777108597072734e-03
5.713077547957854871e-03
5.475918253895297773e-03
5.261060300635777252e-03
2.561435641147021339e-02
2.162822389152557409e-02
1.855043721886651120e-02
1.628032122122453906e-02
1.463623471980114547e-02
1.343587682646042031e-02
1.253229958074205536e-02
1.181948616100248449e-02
1.122605250939842994e-02
1.070620206535163356e-02
2.058276946679209879e-02
1.800202073618784038e-02
1.622940437195648580e-02
1.500243920730917960e-02
1.412156991156169120e-02
1.345119176071727513e-02
1.290437533712690196e-02
1.242742980339966996e-02
2.017769488671483646e-02
1.781986045773289659e-02
1.621955254795634863e-02
2.335301866090194051e-02
2.019544027255933821e-02
1.800445848585072520e-02
1.648291341092358864e-02
1.539192995569393409e-02
1.456537092223463351e-02
1.389625809449429941e-02
1.331862717266002645e-02
1.279297067190112748e-02
1.229620811653180275e-02
1.181532262069456655e-02
1.134344056630918855e-02
1.087744504526582529e-02
1.041659403222944084e-02
2.073461054113834648e-02
1.823993658333338680e-02
2.592257793887458792e-02
2.209307741325533189e-02
1.933408608995976566e-02
1.738615040618213259e-02
2.492979423555252705e-02
2.163917676041226049e-02
1.928296257712838399e-02
1.759760005415098028e-02
1.635849464623595137e-02
1.540273557223828527e-02
1.462184379339731381e-02
1.394707551939727667e-02
2.158858080129633789e-02
1.927925960184720053e-02
1.765681204298568882e-02
1.648155203747155712e-02
1.558448283220151449e-02
1.485550698301645045e-02
1.422629672282365101e-02
1.365538420402084667e-02
1.311813304072568381e-02
1.260025656960958411e-02
1.209386854217396785e-02
1.159506999282632934e-02
1.110239972839343822e-02
1.061608234411105280e-02
1.013733689020862409e-02
9.668041683872958744e-03
9.210589228169080780e-03
8.766950865219676203e-03
2.150490168405279345e-02
1.872484701733518470e-02
1.676565021309275524e-02
1.538469737386752648e-02
2.284631140757524548e-02
3.108168611633227094e-02
2.615384714552750067e-02
2.236001339894748419e-02
1.958285607669370265e-02
1.758273986860054913e-02
2.542155418520898255e-02
2.217245319454584640e-02
2.946242706601021055e-02
2.544798177041150342e-02
2.243538201358419304e-02
2.946516412798120751e-02
2.575453429059618160e-02
2.296635720331032318e-02
2.088562652585873244e-02
1.930066131323408124e-02
1.804437603590104341e-02
1.699904271580383874e-02
1.608704211364336834e-02
1.525953103102154103e-02
1.448683089188988922e-02
1.375150023047127731e-02
1.304452689384345658e-02
2.224194504000611208e-02
2.921989968646876087e-02
2.527007246854719169e-02
2.234482150840685910e-02
2.020538074401409881e-02
1.861252874845713973e-02
1.737799422957470724e-02
1.637043107828984115e-02
1.550426674324048223e-02
2.298723244422863979e-02
2.071845539098361375e-02
1.908185989144593406e-02
1.785588670821924157e-02
1.688628193437058042e-02
1.607316781700718691e-02
1.535448662913606842e-02
2.237052788308624071e-02
2.016808223046633389e-02
1.859455908572648503e-02
1.742449651665705854e-02
1.650338013483312882e-02
1.573243060262447673e-02
1.505092032994993778e-02
1.442245665974431837e-02
1.382568240425710408e-02
2.154942027333071192e-02
1.933718836382362569e-02
1.777611455768741619e-02
1.663456952387660018e-02
1.575231550270283706e-02
1.502623810111176732e-02
1.439266094741083017e-02
1.381321083032660893e-02
1.326501299010027918e-02
1.273518471837744095e-02
1.221657657356299033e-02
1.170572267492011286e-02
1.120150407845260654e-02
1.070428904453010754e-02
1.021539967901276096e-02
9.736758014177676265e-03
9.270593507629607335e-03
8.819237214120402568e-03
8.384953204540319255e-03
7.969643089701926655e-03
7.576004637169598231e-03
7.204633575609449211e-03
6.855879256448946767e-03
6.530950546272644083e-03
6.229943843507936181e-03
5.952643287819535216e-03
5.698507343273774214e-03
5.466727861898486827e-03
5.256287237808035528e-03
5.066006782453295366e-03
4.894611162846026695e-03
4.740764056127902415e-03
4.603109619199935443e-03
4.480303739198160731e-03
4.371041109376722078e-03
4.274065060650796520e-03
4.188194213928130537e-03
2.884778188753828534e-02
2.413581860139649843e-02
2.023075840228038408e-02
1.722266130405993023e-02
1.500888404317858582e-02
1.340823296865639551e-02
1.224112942707718948e-02
1.136384661269296444e-02
1.067310707166940417e-02
1.010082455176515917e-02
9.603563387880001412e-03
9.154918164247025439e-03
8.739546703787246310e-03
8.349051549372522862e-03
7.979256259474935137e-03
7.628433692366481424e-03
2.202468890307508753e-02
1.892734912334519126e-02
1.672329606000233157e-02
1.517750959732300751e-02
1.407813758920607207e-02
2.178579188567337371e-02
1.889484068991031246e-02
1.689258648943824451e-02
2.444937670977578512e-02
2.096231606162290637e-02
1.849379234725009868e-02
1.676592033475872087e-02
1.553196665007111447e-02
1.461010836600161976e-02
1.387870598506137088e-02
2.136102063216849256e-02
1.893178861577286820e-02
1.724672361787271332e-02
1.604934338525906140e-02
1.515565310327861119e-02
1.444491189170396192e-02
1.384172969913292049e-02
1.330041419264034117e-02
1.279364648399400860e-02
1.230584650544162134e-02
2.061294857543881018e-02
1.830701463032525719e-02
1.671704443463877671e-02
1.559212379489233712e-02
1.475469366176433358e-02
1.408915254324513179e-02
1.352363938064552427e-02
1.301473598740587184e-02
1.253650112905262994e-02
1.207426375803863014e-02
2.042257976876220987e-02
1.810218831098748399e-02
1.651068201590445358e-02
1.539269480824578991e-02
1.456700634287172100e-02
1.391552997873789221e-02
1.336488258895979393e-02
1.287078084933463047e-02
2.046107616249726729e-02
1.815817221597087333e-02
2.546556997345680862e-02
2.185378002297387601e-02
1.929877426445686384e-02
1.750770344771200929e-02
1.622247968209690472e-02
1.525476528566726761e-02
2.241275987218960958e-02
1.990126689193375681e-02
1.813774734581308917e-02
1.686678771069906671e-02
2.357851533531540172e-02
2.090973766945780285e-02
1.902013510307777946e-02
1.764926987320717885e-02
1.660589077703684968e-02
1.576281337302005633e-02
1.504005362487985560e-02
1.438894866102857772e-02
1.378060932120270775e-02
1.319834476909610872e-02
1.263261467257079974e-02
1.207891989096687539e-02
2.117188065929518498e-02
1.884546545542714960e-02
1.721591061296480485e-02
1.604391823076661144e-02
1.515845621767946717e-02
1.444701263588272187e-02
1.383891890095337134e-02
1.329101473258430949e-02
1.277749453882260668e-02
1.228308590960545607e-02
1.179956774060453642e-02
1.132273470935530810e-02
1.085102999433443585e-02
1.038457368893490676e-02
9.924594900087315569e-03
9.472984663500180411e-03
9.031977716692852695e-03
8.603952385908745712e-03
8.191230132344405265e-03
7.795936261499714082e-03
7.419894894531396667e-03
7.064560772808015608e-03
6.730986383848280852e-03
6.419804419992885397e-03
2.345905452967683713e-02
2.000333406398926636e-02
1.746233517504322541e-02
1.564347232258133172e-02
1.434010226986026475e-02
1.338125949807452732e-02
2.150879826008779416e-02
1.871928007414641951e-02
1.678439357467428547e-02
1.543814941288917768e-02
1.447110121540401417e-02
1.373772701455712973e-02
1.314359752169093863e-02
1.262985205055873125e-02
1.216084263962726418e-02
1.171524421129465504e-02
1.128129097285508406e-02
1.085269497376223358e-02
1.042677752533934139e-02
1.000310179515930160e-02
9.582629407467301713e-03
9.167210363382721772e-03
8.759158332348535372e-03
8.360981220803642699e-03
7.975168639336636944e-03
7.603743993089633578e-03
7.248946083915472696e-03
6.912827457981681085e-03
6.596309258395375262e-03
6.300220865631478429e-03
6.024975335238562726e-03
5.770621172500094154e-03
5.536865281302378282e-03
5.323142519310646026e-03
5.128664383176361960e-03
4.952465616428581435e-03
4.793469871885307730e-03
4.650522394339423778e-03
4.522432541950643058e-03
4.408010030635732199e-03
4.306084911043543510e-03
4.215529597285277638e-03
4.135267675568196633e-03
4.064289115912585529e-03
4.001653014235731498e-03
3.946493234109417318e-03
3.898012945919903348e-03
3.855487290476886358e-03
3.818259284114598664e-03
3.055973228810633657e-02
3.948079156461348216e-02
3.419121834050553588e-02
2.869520728244729160e-02
2.360428144537267056e-02
1.934631379207497892e-02
1.605283084765635540e-02
1.362770483860344280e-02
1.187814950760946592e-02
2.487789020698943573e-02
2.117880135678764167e-02
1.841593209572646439e-02
1.641686645706213338e-02
1.497578061616326034e-02
1.391423249975290433e-02
1.309888048482704508e-02
1.243775444249329946e-02
1.187109357815125700e-02
1.136119685840132620e-02
1.088520416621741732e-02
1.042988154563360970e-02
9.988199145959881023e-03
9.557004328467635923e-03
9.135575758973314697e-03
8.724623742514484720e-03
2.117997339069788848e-02
1.839790686198705671e-02
1.645528984672188152e-02
1.510032173545216259e-02
1.412921836842573678e-02
1.339745780684563174e-02
1.280969386511681199e-02
1.230569703308633141e-02
1.184862052092679370e-02
1.141617062570293890e-02
1.099606539360462737e-02
1.058171406804878957e-02
1.017027696347853893e-02
9.761257492797697360e-03
9.355634388311901556e-03
8.955253798035387597e-03
2.094339995529902188e-02
1.821010033035982620e-02
1.631326362809122285e-02
1.499613483214484733e-02
1.405443564490887337e-02
1.334495404539433848e-02
1.277401785032298599e-02
1.228286273816160852e-02
1.183572679751387739e-02
1.141115822860220078e-02
1.099737847789528621e-02
2.011152391975227702e-02
1.768722073405796374e-02
1.604006345559144675e-02
1.490371684772933553e-02
2.196580997684445188e-02
1.912916963893209615e-02
1.718192422675702755e-02
1.583436041656586385e-02
1.486546887340856569e-02
1.412578997459380641e-02
1.352060799839634349e-02
1.299213697170381251e-02
1.250580485732051376e-02
1.204181445502925177e-02
1.158903426102551523e-02
1.114171799525674744e-02
1.069750807291061645e-02
1.025612569998047251e-02
9.818586821775889331e-03
9.386756305892245134e-03
8.962929117099588394e-03
8.549592165940230262e-03
8.149219098202776720e-03
7.764398982597521190e-03
7.397152876328811320e-03
7.048339818452879942e-03
6.719803904511316428e-03
6.412342389787981968e-03
2.338960874241618679e-02
1.993689133940070024e-02
1.740286519752992644e-02
1.559232406515059961e-02
1.429716741131821858e-02
1.334581870967091466e-02
1.261371302826483874e-02
1.201679870612697675e-02
1.150099991370707141e-02
1.103265485798014985e-02
1.059164927504332651e-02
1.016687144653540681e-02
9.752575329171233112e-03
2.054284673670993613e-02
1.793763654856434311e-02
1.614808113923750857e-02
1.491116571845891095e-02
2.217739473115026144e-02
1.922993751835918447e-02
1.719556638355395489e-02
1.578795196843215537e-02
1.478155661272989238e-02
1.402068184240289062e-02
2.121357394808399618e-02
1.872651526937138197e-02
2.609253828030762626e-02
3.403915660203141180e-02
2.874067996029100111e-02
2.458268596599655006e-02
2.150017605582894148e-02
1.926213040832835607e-02
2.670285721304452992e-02
2.345243182811595009e-02
2.107981470118078238e-02
1.933663042681795299e-02
1.801337859588715909e-02
1.695843322106829754e-02
1.607076828361852713e-02
1.528634317197369134e-02
1.456594339690714390e-02
1.388630594826555271e-02
1.323417658739402258e-02
2.185043796893951229e-02
1.959612309925964913e-02
1.799200185844024302e-02
1.681174280912878585e-02
1.589655739566558923e-02
2.263347030963119844e-02
2.023129443512407255e-02
1.852885478413746068e-02
1.728302036174583431e-02
1.632190949696725804e-02
2.296768337910656127e-02
2.057270336786286638e-02
1.886957615860572479e-02
1.761620321158442054e-02
1.664247584852166645e-02
1.583817162390577585e-02
1.513504590852149390e-02
1.449202815879954351e-02
1.388494882671593642e-02
1.329997675592541062e-02
1.272958615150614897e-02
1.217020871891164556e-02
1.162034212859482281e-02
1.108055849918457292e-02
1.055217023927547924e-02
2.124630394246623463e-02
1.875456511167009413e-02
1.700685190852128936e-02
1.576080298485264125e-02
1.483518916036931368e-02
2.191027796317707513e-02
2.958874246609543082e-02
2.512413556925456593e-02
2.180911850777284347e-02
2.938933675486221642e-02
2.532049434668701832e-02
2.228934548848525432e-02
2.007333866406926792e-02
1.843308630544680457e-02
1.717399978563304355e-02
1.615779131883521291e-02
1.529332250962061636e-02
1.452330049581156655e-02
1.381295065248576252e-02
