2.175302517355226853e-02
2.980782826454749304e-02
3.773223470639782556e-02
4.887333581016137241e-02
5.645870817236233602e-02
6.390593748162015642e-02
7.120644521633119617e-02
7.836489710270043429e-02
8.537922315914686644e-02
9.224975804179362526e-02
9.897726089169815722e-02
1.055595602587122567e-01
1.120049073483702362e-01
1.183117847448218046e-01
1.280143087942193503e-01
1.339159956070360702e-01
1.396971273427698168e-01
1.453556880142559682e-01
1.508940708345009596e-01
1.563149151765772793e-01
1.616208587366026461e-01
1.668145815957767508e-01
1.718988250133261231e-01
1.768763959893207838e-01
1.817499892959924257e-01
1.865164952299357137e-01
1.911845216909464351e-01
1.957567915777670142e-01
2.002422493972323414e-01
2.046374660285456004e-01
2.089449957598206176e-01
2.131674810903808337e-01
2.173073880550742409e-01
2.213672251410503111e-01
2.253494715394219194e-01
2.292564340142282941e-01
2.330902996063192456e-01
2.368467125990053879e-01
2.456147461212112026e-01
2.489613633771026735e-01
2.522613145778003774e-01
2.555160133032214342e-01
2.587267551221961170e-01
2.618945391254137722e-01
2.709173412289309635e-01
2.736414234260838851e-01
2.826783348095215920e-01
2.850183225974024515e-01
2.873524478597097032e-01
2.896882370689990993e-01
2.920255390215861779e-01
2.943637882417408091e-01
2.967098242527537733e-01
2.990547752240230728e-01
3.013974503259874704e-01
3.037366018839537940e-01
3.060708300577356655e-01
3.083988609396924874e-01
3.107194874883918989e-01
3.130315734807794237e-01
3.153339122198293709e-01
3.176252726093946044e-01
3.199049239813992473e-01
3.221721186375702817e-01
3.244263300633457026e-01
3.266669822593435968e-01
3.288935358603706782e-01
3.311055505682691247e-01
3.333025452129410038e-01
3.354842624855913225e-01
3.376504463777054710e-01
3.398009101255916042e-01
3.419354650089018177e-01
3.440539825900171267e-01
3.461563403573517661e-01
3.482426579357006946e-01
3.503127541923110044e-01
3.523666532117886718e-01
3.544045089602210208e-01
3.564262543972720465e-01
3.584322300846637388e-01
3.604224702188413842e-01
3.623969985110384595e-01
3.643559692081999035e-01
3.662995599389319845e-01
3.682201644897269976e-01
3.701256912512919106e-01
3.720163255840679417e-01
3.738922391520329569e-01
3.757536623766273287e-01
3.776007600332763614e-01
3.794337568549074335e-01
3.812528148720168986e-01
3.830581502382054415e-01
3.848581129424776814e-01
3.866447075654766974e-01
3.884112490879465529e-01
3.901636912870078966e-01
3.919033290063439479e-01
3.936303569871560382e-01
4.040970185702648099e-01
4.051150246775563901e-01
4.061832504252758658e-01
4.072967204696649191e-01
4.084507091293246850e-01
4.096408329638945300e-01
4.108630257238916617e-01
4.121135125269578259e-01
4.133888546378161610e-01
4.146859265690046592e-01
4.160018518425838141e-01
4.173340713047712924e-01
4.186802078014464912e-01
4.200381653947831695e-01
4.214059614079303517e-01
4.227732821236834804e-01
4.241556581840602580e-01
4.352640673001285099e-01
4.358700011421575149e-01
4.365491304893684421e-01
4.372950268822888842e-01
4.381012893836349065e-01
4.389619700932815838e-01
4.398715301203514616e-01
4.408248742604445325e-01
4.418172938003501748e-01
4.428447148640146103e-01
4.439030092111684311e-01
4.449886127825128379e-01
4.460982775198306105e-01
4.472289578662977938e-01
4.483781449125647245e-01
4.495434309812613161e-01
4.507226330167758421e-01
4.624183335574120757e-01
4.627501172566849119e-01
4.631698752142060505e-01
4.636696327099578130e-01
4.760776660557464735e-01
4.758073819000892546e-01
4.756678531599122794e-01
4.756495759018504188e-01
4.757431119771208250e-01
4.759393000337889812e-01
4.762293298352148208e-01
4.766048662607578201e-01
4.894181471245362958e-01
4.889775543397752999e-01
4.886783786968664223e-01
4.885102910591380132e-01
4.884629882390243982e-01
4.885265203165840564e-01
4.886913970395934115e-01
4.889486488923255880e-01
4.892898949332146197e-01
4.897072953823801700e-01
4.901936070130248901e-01
4.907421560180973419e-01
4.913468306304242250e-01
4.920019804687877363e-01
4.927024692988083987e-01
4.934436283338106688e-01
4.942211810360383484e-01
4.950312647460233806e-01
5.077946654834541995e-01
5.076514817355999298e-01
5.076237798072111840e-01
5.077009878437888091e-01
5.078732770666578578e-01
5.081336195877215189e-01
5.084709189177517574e-01
5.088780487528929974e-01
5.093473261924718054e-01
5.098699953407674901e-01
5.104459042002109648e-01
5.110679371239749136e-01
5.243389231022691499e-01
5.239606862374328600e-01
5.237141120038719677e-01
5.235876538425766613e-01
5.235704184900465963e-01
5.236615698674158548e-01
5.238422889248721681e-01
5.241039069882141854e-01
5.244385105218489773e-01
5.248374088808156479e-01
5.252965858251392728e-01
5.258085212899294980e-01
5.263677670490038984e-01
5.269694098075218269e-01
5.276089218712760598e-01
5.282822514642133704e-01
5.289857038070039374e-01
5.419218942782035864e-01
5.416941178074475838e-01
5.415680539590945752e-01
5.415396232372005070e-01
5.563556785282079975e-01
5.552491568267324817e-01
5.543265012880778109e-01
5.535666857381518202e-01
5.699324182291732876e-01
5.680372155824420233e-01
5.663997620630112362e-01
5.649888799323381505e-01
5.637954183691001875e-01
5.628008569929748850e-01
5.619875789658659304e-01
5.613390560190864020e-01
5.608398948596550193e-01
5.604758673143326320e-01
5.602338945535615400e-01
5.601020096173555674e-01
5.600692836160359178e-01
5.601257874193114050e-01
5.602625041107661685e-01
5.604712622879214345e-01
5.607446681087321361e-01
5.610760392318532297e-01
5.614593399540739327e-01
5.618891258847587000e-01
5.761826369050898622e-01
5.930440023349261569e-01
5.910035021872483973e-01
5.892226481159722473e-01
5.876839061005688647e-01
6.061770307885097075e-01
6.033811323214086642e-01
6.244126606091187082e-01
6.203139469469179934e-01
6.166447623598557692e-01
6.133739869351239049e-01
6.104813988537282077e-01
6.320734587367974333e-01
6.278138704218984012e-01
6.240059356705272009e-01
6.206275918801685831e-01
6.176555940528044575e-01
6.150465707521549641e-01
6.127690809536372463e-01
6.107928069026299367e-01
6.090889833323405167e-01
6.076315462086422370e-01
6.063963389155343497e-01
6.053612511036693400e-01
6.045086799099490538e-01
6.038178743939666138e-01
6.032722933503023022e-01
6.028562476673592352e-01
6.025563286869254354e-01
6.023603916973881978e-01
6.022582250207243471e-01
6.022400480754159791e-01
6.022970421593762946e-01
6.024212945044573608e-01
6.180282622599135856e-01
6.168995552381237868e-01
6.159482432833514043e-01
6.151585106041432827e-01
6.145165108498615858e-01
6.140082992110252880e-01
6.136200412084062972e-01
6.133371248791605890e-01
6.131543600712170417e-01
6.130588760288164796e-01
6.130421008852976472e-01
6.130959935200409605e-01
6.132133948251683453e-01
6.133876996280666072e-01
6.136129592136625455e-01
6.138838219928743900e-01
6.293032176490139795e-01
6.283013471314720100e-01
6.274606957777132399e-01
6.267671255610254288e-01
6.261932847699374083e-01
6.257395841885000642e-01
6.253945498416105808e-01
6.251603219102114251e-01
6.250143877506885159e-01
6.249480838593963750e-01
6.249528339104836183e-01
6.250218157883334902e-01
6.251485323086813928e-01
6.253270264887809127e-01
6.255519455864855249e-01
6.258184445908220317e-01
6.261220575206825067e-01
6.264588338881229568e-01
6.268252426178873016e-01
6.272179976377456612e-01
6.276340926405201692e-01
6.429813025598005716e-01
6.420903621649992621e-01
6.413536541155714366e-01
6.407470670456208994e-01
6.402561145418267374e-01
6.398694389005824545e-01
6.395751874427819672e-01
6.565099062119108542e-01
6.548660162090477188e-01
6.534368581994328684e-01
6.521919577259853718e-01
6.712200506037054870e-01
6.685457562398238185e-01
6.661792817980027870e-01
6.640871363214143619e-01
6.622662163335911734e-01
6.606710469356597004e-01
6.592904454159377314e-01
6.581040578576519140e-01
6.571047720252576330e-01
6.562517997395883596e-01
6.745584396848777198e-01
6.967569151496195712e-01
6.926035466391962103e-01
6.889012854520948359e-01
6.856043777365041780e-01
6.826787983473832089e-01
6.800932573216542654e-01
6.778063625829174876e-01
6.758007369183922641e-01
6.740496541342071435e-01
6.725394388569827520e-01
6.712365184296175125e-01
6.701200784505377817e-01
6.892357846361276685e-01
6.866332359678373187e-01
6.843241066031161557e-01
6.822933732446034849e-01
6.805151944324283608e-01
6.789768801055504621e-01
6.776478559652553413e-01
6.765059946316677175e-01
6.755314929090771026e-01
6.747071400621031945e-01
6.740152040465414718e-01
6.734447526099263115e-01
6.729833436326493334e-01
6.906200123754884235e-01
6.887149258659168716e-01
6.870405710187638126e-01
7.060807920482631284e-01
7.031971960350893447e-01
7.006088189186995274e-01
6.982950512251762110e-01
6.962253248907249725e-01
6.943910464733124011e-01
6.927731157859666755e-01
6.913669894423994933e-01
6.901381083253503856e-01
7.098333960428577782e-01
7.070660186906660982e-01
7.045940973219781966e-01
7.024029887843947773e-01
7.004684055716519087e-01
6.987813345254202391e-01
6.973029148645402131e-01
6.960165563975695413e-01
6.949035682945186032e-01
6.939470322262355495e-01
6.931314559374206485e-01
6.924427521383275108e-01
6.918681111950292228e-01
6.913959336383619370e-01
6.910157299208219417e-01
7.088783046155470169e-01
7.069894799137664831e-01
7.280466241952754380e-01
7.245915371931067606e-01
7.215031624366443630e-01
7.187370974273762370e-01
7.162789538306688630e-01
7.141018840274296897e-01
7.121921762187071181e-01
7.335965150633637633e-01
7.596964123336314989e-01
7.539517192994547035e-01
7.487712653465470325e-01
7.776431071861195088e-01
7.705987448934847883e-01
7.642337299699178965e-01
7.584990759870906540e-01
7.533507414594767804e-01
7.487278781222975743e-01
7.445992734396277291e-01
7.409211802116193457e-01
7.376661488121065702e-01
7.347782602599304269e-01
7.587748138789025543e-01
7.540954362729409555e-01
7.499139397284145803e-01
7.461863763261007421e-01
7.428821028656328318e-01
7.399509362793575962e-01
7.373564176453937247e-01
7.350651664762768434e-01
7.330466527395018694e-01
7.312731207772081854e-01
7.297193342888318446e-01
7.505189523315399791e-01
7.473191490440208584e-01
7.444698078782818751e-01
7.684802336697134084e-01
7.638456722467839022e-01
7.596798474370937138e-01
7.559673484506391761e-01
7.526555186364152217e-01
7.497093624466200090e-01
7.470939957193877268e-01
7.447777489562776854e-01
7.427312383267736795e-01
7.409275752018060768e-01
7.393422872012981317e-01
7.379530329583019466e-01
7.367395966214578262e-01
7.569641811889395999e-01
7.540876944966650175e-01
7.515350677692471670e-01
7.492670967849284214e-01
7.472572660719265514e-01
7.454809962924330291e-01
7.439156063536956909e-01
7.425403333227630354e-01
7.413361388627884851e-01
7.402855979136244713e-01
7.595087321064859509e-01
7.569804677055899100e-01
7.803566834122702689e-01
7.760768964723527841e-01
7.722100270158509527e-01
7.687274883922673441e-01
7.656150610079706098e-01
7.628266107488395065e-01
7.603374817559322985e-01
7.581210448121677992e-01
7.561523140254435837e-01
7.544080460304486424e-01
7.528668758852259391e-01
7.515092467633557316e-01
7.503167046254025641e-01
7.492725433043987415e-01
7.483615966849559431e-01
7.475704196215492425e-01
7.468867435737872595e-01
7.462994825156089584e-01
7.457986524492449254e-01
7.453752507854950471e-01
7.450211710007448307e-01
7.634350372113979377e-01
7.614623891719768389e-01
7.597061577269916821e-01
7.581473221050701872e-01
7.567680019480342857e-01
7.555515296610392229e-01
7.544825697385616481e-01
7.535468250270466184e-01
7.527308069973079885e-01
7.520225055748460674e-01
7.514109806017097437e-01
7.508863406001413665e-01
7.504396360842759961e-01
7.500627840217460873e-01
7.497485252588622640e-01
7.681507419995795560e-01
7.662091062673029862e-01
7.884508312026271559e-01
7.847293177169348821e-01
7.813804518013058864e-01
7.783902140478352605e-01
7.757126000032559254e-01
7.733230832637912888e-01
7.711954237311554605e-01
7.693050935214755803e-01
7.915226686523830768e-01
7.878523752632877741e-01
7.845612967819476369e-01
7.816173518539663023e-01
7.789895800332603537e-01
8.027666781116175043e-01
8.321389084906218869e-01
8.251970908625729795e-01
8.189099941278205064e-01
8.132184833506047594e-01
8.081080415410542006e-01
8.379768283643811433e-01
8.742288417291230740e-01
8.642064093922966483e-01
8.550317119783173991e-01
8.467053233267486378e-01
8.391693556815607025e-01
8.323751496312868925e-01
8.262651604384554371e-01
8.207788111653776530e-01
8.158644104995802504e-01
8.114694916714493278e-01
8.075448806525764578e-01
8.040446412935178255e-01
8.009256891448950366e-01
8.264305112753723703e-01
8.213392582729944769e-01
8.514590045749512726e-01
8.442299175325301830e-01
8.377142382025819511e-01
8.318679823125867401e-01
8.266230856944737360e-01
8.219253515322694215e-01
8.177238265654959148e-01
8.139712948728504704e-01
8.106233693657600714e-01
8.076388115581696336e-01
8.049805876056121967e-01
8.026150624078184359e-01
8.005116982133397840e-01
7.986431383180749854e-01
7.969846214471382195e-01
8.189466756441723394e-01
8.154684482994015715e-01
8.123496046855860353e-01
8.095576367942488583e-01
8.070626697518367143e-01
8.048349533616027118e-01
8.028481994909623110e-01
8.010783759968738149e-01
7.995035489321478117e-01
7.981037263274269877e-01
8.195520483340649198e-01
8.163248866470351750e-01
8.134290205591364620e-01
8.384057318543979287e-01
8.335609929951072194e-01
8.631397923321177945e-01
8.991370435916772319e-01
8.893769474645213391e-01
8.804228907935156556e-01
8.722813549095713714e-01
8.648957030955616299e-01
8.582203400162647933e-01
8.522021864341576824e-01
8.467893407179615251e-01
8.419297142984684124e-01
8.375736824201092112e-01
8.336737121864968847e-01
8.301851379692503086e-01
8.270671801929779798e-01
8.242825122769013024e-01
8.217970400789939012e-01
8.195798571441136326e-01
8.176030987286074803e-01
8.158415314367066795e-01
8.142724579407087937e-01
8.128756666799992203e-01
8.116328060033745073e-01
8.105274656709127168e-01
8.095450879855009552e-01
8.086725370827393400e-01
8.078981497208707063e-01
8.072112534266376871e-01
8.066025198587936096e-01
8.060635515683887142e-01
8.055868514234899580e-01
8.051657308236420674e-01
8.047942346829199955e-01
8.044670197436076808e-01
8.041793076697888454e-01
8.039268403710951860e-01
8.037058087670299056e-01
8.035128194826428594e-01
8.033448276893464524e-01
8.031991301762254620e-01
8.030733025799152713e-01
8.029651846695978756e-01
8.028728602176419260e-01
8.027945921390917672e-01
8.027288348711134613e-01
8.026742065155648698e-01
8.210405763738855001e-01
8.192554783019827536e-01
8.176480269340644647e-01
8.162035971390877442e-01
8.149071112739946221e-01
8.137450848593127395e-01
8.127047249574771426e-01
8.117744663533209559e-01
8.109435166021993213e-01
8.102019434367463413e-01
8.095407882324913151e-01
8.089518644535987901e-01
8.084277674393550717e-01
8.079617891358467086e-01
8.075478844283840996e-01
8.071806047673133477e-01
8.068550485646732717e-01
8.065668294209067390e-01
8.063119862613171707e-01
8.060869774013732503e-01
8.058886293973017700e-01
8.057140851715811625e-01
8.055608098598050493e-01
8.054265102606578131e-01
8.053091451818781277e-01
8.052068981659495917e-01
8.051181271146402585e-01
8.050413777184401987e-01
8.049753276019137038e-01
8.049188076523070556e-01
8.048707652880372487e-01
8.048302719855282561e-01
8.047965073993788021e-01
8.047687097923357236e-01
8.047462069335298285e-01
8.047284057936816559e-01
8.047147733992574548e-01
8.047048317710929766e-01
8.229666615685248265e-01
8.212232531209949782e-01
8.196509582325339771e-01
8.182360774725632169e-01
8.169642944065658163e-01
8.158226277237354829e-01
8.147989828974055992e-01
8.138820414090978117e-01
8.130611646908750823e-01
8.123269045781633668e-01
8.116705660773934072e-01
8.110842265288400466e-01
8.105608882835101392e-01
8.100939060630726329e-01
8.293059432585513369e-01
8.270871436681891398e-01
8.250860563065408604e-01
8.232834692868191695e-01
8.216619323683401754e-01
8.202049880518910152e-01
8.188971988590847406e-01
8.177242167022977792e-01
8.166724524858677281e-01
8.374025005466532168e-01
8.345324073499681417e-01
8.576434224579795318e-01
8.532229533901648511e-01
8.492078718326537823e-01
8.455557849755377386e-01
8.422427644108327893e-01
8.688948103787883515e-01
8.635118394146132914e-01
8.586373772921360725e-01
8.542254498468585533e-01
8.834054183777291236e-01
8.768390086928058436e-01
8.708994484621226384e-01
8.655249962407186581e-01
8.606747113592674303e-01
8.908700244457363748e-01
8.838188883789775963e-01
8.774513103012840931e-01
8.717037384691020963e-01
8.665265191864222061e-01
8.618691233950963593e-01
8.576842984700745465e-01
8.539276001807761807e-01
8.505570601366775341e-01
8.475349334075696905e-01
8.448262484866205790e-01
8.423990624581634279e-01
8.402243752336949756e-01
8.382754352446586399e-01
8.365289554109224257e-01
8.349650322719270878e-01
8.335635661125393447e-01
8.323104560730016921e-01
8.311839332328494478e-01
8.523482678375633448e-01
8.493505979253951343e-01
8.466485078951484500e-01
8.442154545513594899e-01
8.420264044744164567e-01
8.400581564802437340e-01
8.382885581270423936e-01
8.366984214793208308e-01
8.352697724991846595e-01
8.339861831035009221e-01
8.328326953989164672e-01
8.317954782284936455e-01
8.308628834267510754e-01
8.300241886405658187e-01
8.292697277592060434e-01
8.285905439316240129e-01
8.279785303659821238e-01
8.274266559766173534e-01
8.269285713249321379e-01
8.264785371325960028e-01
8.260714543253329101e-01
8.257027465046863357e-01
8.253683307273166347e-01
8.250645812082342268e-01
8.247882108183933747e-01
8.245363086749288861e-01
8.243062681005556280e-01
8.240957578558424368e-01
8.239026922275988207e-01
8.237252089767708174e-01
8.235616460722868792e-01
8.234105143307940411e-01
8.232705004778950730e-01
8.231404031680199518e-01
8.230191654941486634e-01
8.229058453370023951e-01
8.416310109139018003e-01
8.397321943870343919e-01
8.380140686674216743e-01
8.364616269853323294e-01
8.350603004251285766e-01
8.337962795741415967e-01
8.326560253373055387e-01
8.316281712938279336e-01
8.307016956313898470e-01
8.298665106702995953e-01
8.291134568894114043e-01
8.284341751415074118e-01
8.278210986414542560e-01
8.272673703113851973e-01
8.267668531227143625e-01
8.263139801186929478e-01
8.259037655232083219e-01
8.453321382317915411e-01
8.431053347637342821e-01
8.410929701705037731e-01
8.392767399204322798e-01
8.376390615685567198e-01
8.361633030547908074e-01
8.348334177913168119e-01
8.336357199421652320e-01
8.325571448113373574e-01
8.315856977017600515e-01
8.307104765797180823e-01
8.299217919620734962e-01
8.292106622878065991e-01
8.285690418018715198e-01
8.279896371909853947e-01
8.274659503056771559e-01
8.269921702434529509e-01
8.265630548490874308e-01
8.459900914627508373e-01
8.437393925417731033e-01
8.417056865614436223e-01
8.398703319936698941e-01
8.382154222735058724e-01
8.367241090921351265e-01
8.353801773977843625e-01
8.341697616595908915e-01
8.330796350692929453e-01
8.320976460453317625e-01
8.312128019705905535e-01
8.517772907602864096e-01
8.490236065148503153e-01
8.465379206309247007e-01
8.442969049347448518e-01
8.422782429665957027e-01
8.404610209291094591e-01
8.388252215827521896e-01
8.373534899059402736e-01
8.360294750547224707e-01
8.348381319937736578e-01
8.337649560677952154e-01
8.327998556293837451e-01
8.319306226927143388e-01
8.523579956443320116e-01
8.496526133418634830e-01
8.472083009556065081e-01
8.450025878772596810e-01
8.430139367125901728e-01
8.412217434786994907e-01
8.396072336875888276e-01
8.619847866046776996e-01
8.584206151428955822e-01
8.552048329628169077e-01
8.523063454390608085e-01
8.496964821668755441e-01
8.473481923921981629e-01
8.452357708660900304e-01
8.433364885389937893e-01
8.416291265501473218e-01
8.400942330732203978e-01
8.387134029623695142e-01
8.374723991793122657e-01
8.363592177215211088e-01
8.353581385296121598e-01
8.344566782374038816e-01
8.336443883287032453e-01
8.329088316975056250e-01
8.322446968360724950e-01
8.316443922684152446e-01
8.311011200395512777e-01
8.306088362730025265e-01
8.301621026991279351e-01
8.297560873494133071e-01
8.293855263290184077e-01
8.290473015125144896e-01
8.287381361315194761e-01
8.284550105595317460e-01
8.281954844147427774e-01
8.279572785514426325e-01
8.277377059274523274e-01
8.275347403264475821e-01
8.273465052995212510e-01
8.271715213707491188e-01
8.270083852956384707e-01
8.268558354171124947e-01
8.267127319060812995e-01
8.265780806401924474e-01
8.264509841992130346e-01
8.263306382240058756e-01
8.262163361802324912e-01
8.261074365176487300e-01
8.260033755618145790e-01
8.259036448409543540e-01
8.258077822677900581e-01
8.257153789624268603e-01
8.256260765919412048e-01
8.255395544975488997e-01
8.254555071764216878e-01
8.253736779711885463e-01
8.252938338610004143e-01
8.252157664804161685e-01
8.251393030758601421e-01
8.250642669072241198e-01
8.249905173831358907e-01
8.249179130754472622e-01
8.248463321017596162e-01
8.247756766280723850e-01
8.434218031471819588e-01
8.415589862410340904e-01
8.398716990824455220e-01
8.383454818259292729e-01
8.369661965946311177e-01
8.357199580477098211e-01
8.345946229438709896e-01
8.335786844437588217e-01
8.326614096368734064e-01
8.318330260034584311e-01
8.310845635407047016e-01
8.304079018460659434e-01
8.297956438814636515e-01
8.292411609633444369e-01
8.287384814752093432e-01
8.282822188597366297e-01
8.278675333012629478e-01
8.274900295694266328e-01
8.271458253458036092e-01
8.268313967948862642e-01
8.265435807222049069e-01
8.262795215813001359e-01
8.260367063878533145e-01
8.450444630408268099e-01
8.429909332069507322e-01
8.411330861801451508e-01
8.394542765862003098e-01
8.379385425281011823e-01
8.365702432499149133e-01
8.353358415052556385e-01
8.342224107944826716e-01
8.332179973901748804e-01
8.323115440527406594e-01
8.529357036246757451e-01
8.501542646099248257e-01
8.476422116334615398e-01
8.453763640977157712e-01
8.433344296209077662e-01
8.414949097925263910e-01
8.398384772989356817e-01
8.383473451982038638e-01
8.370050293882245196e-01
8.357960756579321249e-01
8.347077103718298918e-01
8.337272829385725670e-01
8.328435246097095623e-01
8.320463479110012939e-01
8.313266797450273859e-01
8.306763704947042193e-01
8.300881075038453183e-01
8.295553053767529272e-01
8.290721077291306473e-01
8.286332733610377588e-01
8.282334967470562637e-01
8.278687009000327279e-01
8.275355725966410114e-01
8.272308017479557130e-01
8.269515380272995930e-01
8.266954143374849462e-01
8.264598748709475196e-01
8.262424669798443810e-01
8.260412693915023530e-01
8.258545471202027866e-01
8.447499717915196715e-01
8.427574549883812827e-01
8.409539809306025848e-01
8.393236355521396241e-01
8.378511419280080252e-01
8.599459054695274274e-01
8.565379143545106544e-01
8.832012206642427810e-01
8.777325801199589161e-01
8.727721037256161996e-01
8.682856760009540764e-01
8.642367597403294299e-01
8.605869507319129363e-01
8.573008388735032792e-01
8.543448126249981733e-01
8.516866745336755251e-01
8.492978260315247052e-01
8.471514413988316949e-01
8.452229314001588056e-01
8.434891555651901074e-01
8.419319866798538055e-01
8.405357740716947745e-01
8.392766603706525164e-01
8.381435661768382728e-01
8.371231676685942924e-01
8.362035740882279855e-01
8.353779469793416457e-01
8.346328716239688195e-01
8.339596421036139517e-01
8.333506661851928232e-01
8.327988955401022242e-01
8.322980953910095181e-01
8.318399771270146292e-01
8.314227135427803006e-01
8.310419433066290607e-01
8.306937777512987120e-01
8.303747090921040908e-01
8.300816516519198274e-01
8.492268275700110003e-01
8.471286454329933768e-01
8.452282125606018770e-01
8.435089335325837157e-01
8.419548179425753176e-01
8.405500649133863522e-01
8.392811601186557224e-01
8.381350616002809506e-01
8.370997170847636060e-01
8.361630444828167530e-01
8.353173054155085264e-01
8.345522073550237785e-01
8.338595283928538215e-01
8.332317899708441278e-01
8.326622536272658692e-01
8.321448523340032599e-01
8.316741314522585471e-01
8.312452510729140265e-01
8.308537123861458040e-01
8.304954757508207219e-01
8.301663615439850430e-01
8.298639414044124418e-01
8.295854848177984797e-01
8.293285277846960124e-01
8.290910553074338774e-01
8.288712394809588657e-01
8.478662070635684112e-01
8.458328163337328620e-01
8.439915958841619492e-01
8.423264104307160993e-01
8.408216798436587425e-01
8.394619458063714568e-01
8.382340241586891949e-01
8.371252066921600621e-01
8.361237464118596030e-01
8.352178412477713199e-01
8.343999572318206992e-01
8.336602431603442609e-01
8.329905348910739971e-01
8.323836274011899850e-01
8.318329795977266183e-01
8.516256246197899671e-01
8.492440798270078917e-01
8.470896927576172519e-01
8.451429772885555858e-01
8.433851361818068826e-01
8.661861357519642368e-01
8.624742043187212381e-01
8.591181373063724314e-01
8.560881857173264775e-01
8.533561513750907990e-01
8.508947658382596257e-01
8.754108831316579353e-01
8.709097080778430700e-01
8.668468992881402935e-01
8.631842113860860310e-01
8.598859729287938736e-01
8.569181277426199950e-01
8.826925881609719582e-01
8.776325047998996265e-01
8.730677729104383555e-01
8.689555056676563360e-01
8.652548732946052645e-01
8.927654435569055691e-01
8.869003360257027291e-01
8.816097936163901361e-01
8.768440022335481920e-01
8.725559432109026847e-01
