2.009620174410213967e-04
3.344739422239450871e-04
4.658967935596503235e-04
5.944403035029374163e-04
7.941320741826964633e-04
9.159608213102277867e-04
1.035922227739024789e-03
1.152952127372770157e-03
1.267394025946241712e-03
1.450066537941360149e-03
1.557838144562245179e-03
1.662708848534924337e-03
1.841794232342107906e-03
1.937629709562577705e-03
2.031908028952170760e-03
2.123749697964230979e-03
2.213583869147170771e-03
2.301414015067379092e-03
2.387250874404068298e-03
2.560199536489182488e-03
2.635238529676343835e-03
2.709133278851090943e-03
2.884615313915658754e-03
3.048869999801725409e-03
3.105513469470000051e-03
3.162235431204421781e-03
3.323680276615230585e-03
3.488675394087646306e-03
3.527016198939616088e-03
3.566880283045439221e-03
3.608464132803135705e-03
3.650601778196788105e-03
3.693938895438038730e-03
3.846104972727193861e-03
3.881819452059582804e-03
3.918488147641847018e-03
4.095776858077449997e-03
4.118847870942778967e-03
4.291900822012174009e-03
4.303448213470549913e-03
4.318624191780343416e-03
4.499659512754669057e-03
4.502085729227780879e-03
4.693126445212900122e-03
4.681386032223954462e-03
4.676338400393236297e-03
4.676923089194437791e-03
4.682137736546176758e-03
4.846755886288327785e-03
4.843144606051410193e-03
4.844634444556693981e-03
5.010015097035524188e-03
5.001129333873770635e-03
4.998316417459723084e-03
4.999987832621017279e-03
5.004710106015294521e-03
5.012269108729018596e-03
5.022142128493657827e-03
5.033897576388396064e-03
5.047190478701997322e-03
5.198911800492863472e-03
5.201131904464161883e-03
5.379160171193361588e-03
5.366610810098047628e-03
5.546810448320158883e-03
5.518858342755998680e-03
5.498341929532902378e-03
5.691805568209317573e-03
5.654036725103054294e-03
5.904617734970475131e-03
6.265618079277744668e-03
6.411449190736889445e-03
6.406413379514886222e-03
6.372273048648628008e-03
6.295087481719515397e-03
6.181639379938818311e-03
6.063736565860838347e-03
5.969080296444446120e-03
6.357883477886572265e-03
6.520573158741676915e-03
6.535560459659946544e-03
6.543715860152042769e-03
6.550337102980357575e-03
6.552019329894848490e-03
6.540898801807310502e-03
6.503112612578233927e-03
6.423676603091010850e-03
6.587908980884586187e-03
6.576448682196427316e-03
6.613457725732906599e-03
6.624858487738633298e-03
6.635993249208729794e-03
6.646989016179783057e-03
6.650040624604870720e-03
6.653153071067145416e-03
6.656436211802082767e-03
6.659874731503220499e-03
6.673184366949923979e-03
6.684811413071823846e-03
6.694867061380103436e-03
6.696921631850176124e-03
6.706438429463418283e-03
6.714449368282123486e-03
6.716274511937071236e-03
6.724061555489645528e-03
6.725841049865659109e-03
6.727767049536513728e-03
6.736028193645047721e-03
6.742959474827468769e-03
6.748851433577143961e-03
6.750105123442470823e-03
6.751568826093781381e-03
6.753191534468000641e-03
6.754920398663882483e-03
6.762819109675619923e-03
6.764181724403991840e-03
6.765653294847713030e-03
6.767190133242840556e-03
6.768771130268586532e-03
6.770352690083433420e-03
6.771922362867405926e-03
6.782274907418630282e-03
6.790834977855309679e-03
6.791260849160336149e-03
6.791806910963353421e-03
6.800254398766090828e-03
6.807183438272413657e-03
6.813082376102246387e-03
6.818075612688704289e-03
6.822410973280425978e-03
6.821156683586193821e-03
6.820220724351924897e-03
6.825396544013895631e-03
6.824331264319029658e-03
6.823520570114657326e-03
6.822922628146074579e-03
6.829029724824482034e-03
6.828075689189805342e-03
6.827329283172423914e-03
6.826736932220867256e-03
6.826271743542518429e-03
6.833645219355537377e-03
6.839741761574656513e-03
6.844813469646456212e-03
6.849108727028794391e-03
6.846834579978629785e-03
6.844876919620252950e-03
6.843170157675220085e-03
6.848718815093747005e-03
6.846720544347990010e-03
6.844952909037576617e-03
6.843372433880657441e-03
6.841950813443116106e-03
6.840651197862583632e-03
6.847750418253806259e-03
6.845902220410348890e-03
6.844217456565180289e-03
6.842662535082890546e-03
6.850026462150399925e-03
6.847915936660976637e-03
6.845970602849781213e-03
6.853032665178941663e-03
6.850590378327799795e-03
6.848336375685733397e-03
6.855275225057568152e-03
6.852554763589257213e-03
6.850039369991236908e-03
6.856750704093183060e-03
6.853799134120976307e-03
6.859862033344019810e-03
6.856569234245336528e-03
6.862142762961445652e-03
6.858585856832312075e-03
6.855297533238649196e-03
6.852237163399824658e-03
6.849364214409858070e-03
6.856289813541008651e-03
6.861860108025827874e-03
6.857991972916170284e-03
6.854401620309760572e-03
6.851043211902058637e-03
6.857264768096544769e-03
6.862375356448086744e-03
6.858144017220447336e-03
6.854214393172120695e-03
6.859488382994349299e-03
6.863833109776139307e-03
6.859229589583174490e-03
6.854959668001263558e-03
6.850972821413691717e-03
6.856241293070864350e-03
6.851960123657523279e-03
6.847954172299397686e-03
6.853354764806017865e-03
6.857702983747346846e-03
6.852948278305354655e-03
6.848515744948901508e-03
6.853289259492342800e-03
6.857055317743955200e-03
6.860053985060049660e-03
6.854686019288410738e-03
6.849719754243675102e-03
6.853417066034774539e-03
6.848368389217290852e-03
6.843656972528178693e-03
6.847871469497958906e-03
6.842976017420743413e-03
6.846782200860047386e-03
6.841741328514880371e-03
6.845446400346530923e-03
6.848362621203246160e-03
6.842870834931349781e-03
6.837766506442246109e-03
6.832990496274655642e-03
6.828488142559195097e-03
6.824216590659694902e-03
6.820139426041903381e-03
6.816221630349616166e-03
6.812449395503657537e-03
6.808796213866427811e-03
6.805246255013578868e-03
6.801774048986527522e-03
6.798378643997478495e-03
6.806471444350954171e-03
6.802376418188648376e-03
6.798441954239522154e-03
6.794631644372433645e-03
6.802428263125946499e-03
6.798028682917722602e-03
6.793821755935252130e-03
6.789768684140855791e-03
6.785842476400778464e-03
6.782030807683672204e-03
6.790987595352500003e-03
6.786524964639381770e-03
6.782251577810058905e-03
6.778131331022010757e-03
6.786898334621948616e-03
6.782174896133108880e-03
6.789668947933722408e-03
6.784521858527068836e-03
6.779636923393262370e-03
6.774976616795901942e-03
6.782701422610757508e-03
6.777569386208667258e-03
6.772697784767432727e-03
6.768035520810171402e-03
6.776130892780752972e-03
6.770970656530894173e-03
6.777949007781529887e-03
6.783301567620570599e-03
6.777343282897986196e-03
6.771749676247693778e-03
6.766456080671618377e-03
6.761413450588789342e-03
6.756594841346112885e-03
6.751957449720903150e-03
6.760204454682029566e-03
6.766618150929574679e-03
6.760878014474241797e-03
6.755454695313556010e-03
6.750305160002590885e-03
6.745381246664064988e-03
6.753194706729226914e-03
6.747809392352070550e-03
6.742694539413729427e-03
6.750190089082344462e-03
6.744659785720769768e-03
6.751197390319201887e-03
6.756036311930203875e-03
6.749798686143411615e-03
6.754507036472693661e-03
6.748216778613170923e-03
6.752428160311238665e-03
6.746131093289703916e-03
6.740227662009851128e-03
6.734662927801142972e-03
6.740235190133164224e-03
6.734416648776653073e-03
6.728926130704798204e-03
6.734583307967861865e-03
6.728812377901567492e-03
6.723369242934629751e-03
6.718190135257936547e-03
6.713245461675512553e-03
6.720332879363050994e-03
6.714929488257363917e-03
6.709796846102906130e-03
6.704886588931918169e-03
6.700172404841348711e-03
6.695624063896570173e-03
6.704139337499201781e-03
6.698993901871398184e-03
6.694091075624579619e-03
6.689379539422737019e-03
6.697920603613401018e-03
6.692658835602407347e-03
6.687652274747800558e-03
6.682854939304015869e-03
6.678235885764515802e-03
6.687476586510666780e-03
6.694562066851803862e-03
6.699936199596162600e-03
6.693678143139836570e-03
6.698621409142656476e-03
6.702464437445918022e-03
6.695810331774743052e-03
6.699579328859757779e-03
6.702424485862637678e-03
6.704594394584820899e-03
6.706182458876685550e-03
6.698927467383455209e-03
6.692215165161804862e-03
6.685974239936035360e-03
6.680111328373710897e-03
6.684353103165276318e-03
6.687566458792817796e-03
6.681192715756290035e-03
6.675246893755783922e-03
6.669652497226960866e-03
6.664368335190794766e-03
6.659337619465703108e-03
6.654534947995515565e-03
6.649921832039150729e-03
6.645482430614729069e-03
6.652713385348181518e-03
6.658229433908677969e-03
6.652679640511492687e-03
6.657643214409573844e-03
6.661564865289596078e-03
6.664608190951494884e-03
6.658145061467759564e-03
6.661239505219602487e-03
6.663548151160112246e-03
6.656921128258158106e-03
6.659465590602375862e-03
6.661222832553710498e-03
6.654525683580294476e-03
6.648318409501411362e-03
6.651117404232128466e-03
6.653209019576268764e-03
6.646765405041073389e-03
6.640773660118210950e-03
6.635185464856725203e-03
6.629923334368494937e-03
6.624947815224221416e-03
6.629627602708298116e-03
6.624346908658258586e-03
6.619363915637180296e-03
6.614629371864480523e-03
6.619854287532913814e-03
6.614756013330413444e-03
6.619389512607021762e-03
6.614050160539609174e-03
6.609019827176257009e-03
6.604257599870353573e-03
6.609588894508380136e-03
6.613738744726556547e-03
6.608183350066279896e-03
6.602984110089729977e-03
6.598083341219402806e-03
6.603096730297473675e-03
6.597905843828330390e-03
6.602569076526187269e-03
6.597181372419875026e-03
6.592115177782905538e-03
6.596927834388418427e-03
6.591630178371828824e-03
6.596092625232146886e-03
6.599619978747703689e-03
6.593762866782201110e-03
6.597252163924496003e-03
6.591403683208895727e-03
6.594817645379219898e-03
6.597563844073082995e-03
6.591420914200788600e-03
6.585711158941797393e-03
6.580380637462013987e-03
6.584347212867006950e-03
6.578870052757045811e-03
6.582695834650586879e-03
6.577132411079216964e-03
6.580775325154572183e-03
6.575161845911290173e-03
6.578682595098221328e-03
6.573035002496801886e-03
6.567758162547669698e-03
6.571764027475937228e-03
6.566360687082432868e-03
6.561297061242559424e-03
6.556533727946015772e-03
6.561356621603980921e-03
6.565230638727327997e-03
6.559758419071428336e-03
6.563384941803126170e-03
6.557861700361928940e-03
6.552711339086273075e-03
6.547876183443863615e-03
6.543311660278365409e-03
6.538978843853007414e-03
6.534839920573635302e-03
6.540866611651892544e-03
6.545720824398468425e-03
6.540625440347226996e-03
6.545107528291309665e-03
6.548749593646853440e-03
6.551705827863143171e-03
6.554002876744560377e-03
6.547829921841147489e-03
6.550395157516326894e-03
6.552474078467738355e-03
6.546253316339884984e-03
6.540507457101162568e-03
6.535171841738077018e-03
6.538670909657568787e-03
6.541429526086669534e-03
6.535701118882144244e-03
6.530386983954327741e-03
6.525420039564753909e-03
6.520753836455481060e-03
6.516348961604322143e-03
6.521304435421383314e-03
6.525196000366856319e-03
6.520034076408309440e-03
6.515217035223070351e-03
6.519513316677272297e-03
6.523038756295102165e-03
6.517653164255581347e-03
6.521083146676086642e-03
6.515697628207257897e-03
6.510697792279138314e-03
6.514667615154606968e-03
6.509547463606264565e-03
6.513293837627848887e-03
6.508105859468662178e-03
6.511761491935313256e-03
6.514717062198391133e-03
6.509145614755271030e-03
6.503985402351539560e-03
6.499176445138147434e-03
6.503243017118800866e-03
6.506536553856674329e-03
6.501197781091757472e-03
6.496245371156417550e-03
6.500117723217874177e-03
6.503184814431987523e-03
6.505662038700277087e-03
6.499978663911696458e-03
6.502688070056539087e-03
6.504809352272380822e-03
6.506477720466669057e-03
6.500479062159923889e-03
6.494956654831711071e-03
6.489842867702562586e-03
6.485082930567829043e-03
6.480623749158935000e-03
6.476428406266541461e-03
6.481021715037151888e-03
6.484699504750781121e-03
6.479789696261882039e-03
6.475221776059709305e-03
6.479274097266736476e-03
6.482652744192456129e-03
6.477541980503326823e-03
6.480791715834185833e-03
6.475694050317090493e-03
6.470973529665504688e-03
6.466567578057352307e-03
6.462432874585429844e-03
6.458530451628001143e-03
6.454828729016666607e-03
6.460271927192629167e-03
6.464741708762708657e-03
6.460161283287312733e-03
6.455890991922338257e-03
6.460640478705302094e-03
6.456137826634995511e-03
6.460535764804356887e-03
6.455865380233911065e-03
6.460038874159607092e-03
6.455258713819132452e-03
6.450814901103046374e-03
6.455356861656885367e-03
6.459068919041863546e-03
6.454055981077257836e-03
6.457690316650025950e-03
6.460798162794778761e-03
6.455464240674824855e-03
6.450543374501562129e-03
6.445975428629634879e-03
6.441710475054794778e-03
6.437700162253910154e-03
6.433916216449584412e-03
6.439405938005703968e-03
6.443958616466800848e-03
6.447671125701980380e-03
6.450850092406254684e-03
6.453532089822608224e-03
6.447974101445671721e-03
6.442866468928980933e-03
6.438144209777553646e-03
6.442142155608695728e-03
6.445424539530864375e-03
6.448097010981065740e-03
6.442675531189294945e-03
6.437685067696955095e-03
6.441086934170825277e-03
6.436098754838848884e-03
6.439512259844137193e-03
6.434529588088448195e-03
6.429913260050500005e-03
6.425622319899884985e-03
6.421601525766863078e-03
6.417818896395931921e-03
6.422988027874127620e-03
6.427312170767915563e-03
6.430913507811440374e-03
6.425985348515880595e-03
6.421439341510692261e-03
6.417206101484871673e-03
6.413257254839702624e-03
6.418280863129283489e-03
6.414052327639209114e-03
6.418673438221507432e-03
6.422558738629821455e-03
6.425772735101762181e-03
6.428453780899609504e-03
6.423095137826896790e-03
6.418180850201749173e-03
6.413638349005405456e-03
6.409419388453833737e-03
6.413823835266499983e-03
6.409422651008246131e-03
6.413653713086439785e-03
6.417102185424678265e-03
6.420035047665151491e-03
6.414878145002033544e-03
6.410142550870343882e-03
6.405758428863439664e-03
6.401681376977214413e-03
6.406185548346697914e-03
6.401900443393625066e-03
6.397915954811933190e-03
6.394190005633269142e-03
6.399277199306283373e-03
6.403581552000508006e-03
6.407241582797349594e-03
6.402436869175357620e-03
6.406091588227343613e-03
6.409107697284030687e-03
6.404038256527545651e-03
6.399382205857040949e-03
6.403051673416511672e-03
6.398371719354167299e-03
6.394045957575873740e-03
6.390028058827933698e-03
6.394501392299134501e-03
6.398316795640037608e-03
6.393719534504961090e-03
6.397509699472193716e-03
6.392887079155055649e-03
6.388616331212957841e-03
6.392786712856592460e-03
6.388395460251400197e-03
6.384330318814992328e-03
6.380543675154330685e-03
6.385450887727989189e-03
6.381405754288760508e-03
6.386056655965398517e-03
6.381829395157074050e-03
6.386131128322324740e-03
6.381789961250893678e-03
6.377777108756321062e-03
6.374045181069488454e-03
6.379204056678183278e-03
6.383514909269040992e-03
6.387139184595322546e-03
6.382383630094742161e-03
6.386093978654987582e-03
6.389198648001291961e-03
6.391809943811484727e-03
6.393974639912927520e-03
6.388540328672831850e-03
6.383587112876253078e-03
6.379034750934405376e-03
6.382748983799940538e-03
6.385860363137778675e-03
6.388479999522809864e-03
6.383344132929402726e-03
6.378640718661782519e-03
6.381961742529676865e-03
6.377290917907823403e-03
6.380612898174397619e-03
6.383490451053516063e-03
6.378567841535038620e-03
6.381555140929896786e-03
6.376738066639959027e-03
6.379923781193624563e-03
6.382501073485698055e-03
6.377499001386051879e-03
6.372926895852148652e-03
6.368705973112870344e-03
6.372510947855299090e-03
6.368202164508452758e-03
6.371861332317093479e-03
6.367496817221949233e-03
6.363466145574391865e-03
6.367545246113991662e-03
6.363381699864797611e-03
6.367304869717886097e-03
6.363048880155961623e-03
6.366873428351238484e-03
6.362557693270390335e-03
6.366292677344028914e-03
6.369472202645378930e-03
6.364817112666559286e-03
6.368028589536019364e-03
6.363443510167925143e-03
6.366721472311959173e-03
6.369522112324169788e-03
6.371872979308135232e-03
6.366860276370535192e-03
6.362288545144136227e-03
6.358090569048425837e-03
6.361630462026398973e-03
6.357376720862645270e-03
6.353456088149014511e-03
6.349819704569483955e-03
6.346421277427578833e-03
6.343226807378912410e-03
6.340214217724023972e-03
6.345659163036052562e-03
6.350204808497783397e-03
6.346362835491781151e-03
6.342802529287877231e-03
6.347543324359108778e-03
6.343760388081471843e-03
6.340256539360291516e-03
6.336982446607047036e-03
6.342290169380583771e-03
6.338702209121406701e-03
6.335368561652373123e-03
6.332239483276342479e-03
6.329292563557052838e-03
6.326500490643395362e-03
6.332929082506336127e-03
6.338308185139972760e-03
6.342918154558985742e-03
6.338776642007327468e-03
6.343286593775148904e-03
6.347058271027441849e-03
6.350279318849067281e-03
6.345476361112565265e-03
6.348858757242223545e-03
6.344172277756741571e-03
6.339881152471278994e-03
6.335926900524786222e-03
6.332263906177917727e-03
6.337177874896548699e-03
6.341366591328629482e-03
6.337089090205240589e-03
6.341216383758296188e-03
6.336906384947887591e-03
6.332937790681523148e-03
6.329262097043581933e-03
6.325836851274701383e-03
6.331210064674967081e-03
6.327492159335574781e-03
6.324041674840612942e-03
6.320818823306601462e-03
6.317785996885975919e-03
6.314915242789503717e-03
6.312191228484052841e-03
6.319152791118969568e-03
6.325035604363648221e-03
6.321314719750070060e-03
6.326739377250417164e-03
6.322815593445731651e-03
6.319185659019090767e-03
6.315819139416793508e-03
6.312659622705783617e-03
6.309674086307641948e-03
6.316677488644013849e-03
6.313254847638744699e-03
6.319614359323293649e-03
6.315884128508066943e-03
6.312415098131778785e-03
6.309169755880104924e-03
6.306117493306271672e-03
6.303220863777477499e-03
6.300453497483218812e-03
6.297800124983196635e-03
6.306304777435760289e-03
6.303091605370995769e-03
6.310663102950496428e-03
6.307059968449536987e-03
6.303695349356855729e-03
6.311106241888837440e-03
6.307383322596498733e-03
6.303909319414457459e-03
6.311154047272890706e-03
6.307346879701596423e-03
6.314017074740010081e-03
6.319576297080407509e-03
6.324297894569786728e-03
6.328266345821256106e-03
6.323198673374999350e-03
6.327404141862757667e-03
6.322466392468695240e-03
6.317944323368881836e-03
6.313783634194735685e-03
6.309923906805943970e-03
6.306331528001078712e-03
6.302960049063984459e-03
6.299783322449862590e-03
6.307229457314317625e-03
6.303601311692625525e-03
6.300210490244418510e-03
6.297015309228153924e-03
6.293987887993989123e-03
6.302231746538590647e-03
6.298718095961410718e-03
6.295428309735135591e-03
6.303265792444803957e-03
6.299559286423846161e-03
6.296109330705282857e-03
6.292868058377572814e-03
6.289810687919902311e-03
6.298599847978030887e-03
6.295037822368564594e-03
6.291705010980401351e-03
6.288560431248721959e-03
6.297465967434612809e-03
6.304784836435398283e-03
6.310891223576101106e-03
6.316017294732367143e-03
6.320296924777315042e-03
6.315087812266286828e-03
6.310341461140705176e-03
6.305986569089662951e-03
6.301960650874521494e-03
6.308418092178648927e-03
6.304164301141747945e-03
6.310242606524058169e-03
6.305831126370372089e-03
6.311647102461874145e-03
6.307127009149644629e-03
6.302967812025907050e-03
6.309067762244778381e-03
6.314255657609789060e-03
6.309518841861945677e-03
6.314415265857182061e-03
6.309693385857807410e-03
6.305359983300895532e-03
6.301362321451030313e-03
6.297648032419174424e-03
6.294176939554696482e-03
6.301318406913330485e-03
6.307291141054757744e-03
6.302967467789709344e-03
6.298989961860732185e-03
6.295300512206487495e-03
6.291853533728761737e-03
6.299185378260318581e-03
6.305326889045765812e-03
6.310484333530734166e-03
6.314878625473635022e-03
6.309870382577830068e-03
6.314321245304495810e-03
6.318102101557650230e-03
6.312923831299729373e-03
6.308207491800254738e-03
6.312835465753481937e-03
6.316731122543783189e-03
6.311722418444523468e-03
6.307146580377113142e-03
6.311788061000985113e-03
6.307193124472579814e-03
6.302972354194274172e-03
6.299082293617674563e-03
6.295465201952964857e-03
6.292085794665235737e-03
6.298670071447414094e-03
6.294924979813620348e-03
6.291445860770522244e-03
6.288201377605177368e-03
6.285157578108917058e-03
6.292492387263969381e-03
6.298716801981631488e-03
6.304036492532969979e-03
6.299609443138195694e-03
6.295552009840952104e-03
6.301323936280365905e-03
6.297109585011402555e-03
6.293229210867122385e-03
6.299191607833476252e-03
6.304302143271301416e-03
6.308532813526637924e-03
6.312242166344099112e-03
6.315410481713234873e-03
6.318131754507592956e-03
6.312647771887014599e-03
6.307669328019529197e-03
6.303130823446486883e-03
6.307414974459468748e-03
6.311075442622752878e-03
6.314306994715386014e-03
6.317007958104514480e-03
6.319396151891817394e-03
6.313928782849253206e-03
6.308971858581207889e-03
6.304445049262437546e-03
6.308343652850033692e-03
6.311699239789722408e-03
6.314587919150320069e-03
6.317104749512395326e-03
6.311872358928961695e-03
6.307123509826290976e-03
6.310589517409594465e-03
6.305933438397456903e-03
6.309367511781656737e-03
6.304793102720209451e-03
6.300609997507162358e-03
6.296761580723925222e-03
6.301234513608927265e-03
6.297244867914445626e-03
6.293570618577259794e-03
6.298330529070603721e-03
6.294472517730012248e-03
6.299068361267054147e-03
6.295083847902198035e-03
6.291425156025507413e-03
6.288046207551652340e-03
6.284898201486325588e-03
6.290600972004105167e-03
6.287123915948341843e-03
6.292438258118179632e-03
6.288735425081414671e-03
6.293742830108708941e-03
6.289876901698831721e-03
6.294626405903690214e-03
6.290656329534958721e-03
6.287010570599341208e-03
6.292145916547566865e-03
6.288315971538882380e-03
6.284794165049710675e-03
6.290125014173281182e-03
6.294663855600760201e-03
6.298518833277217538e-03
6.301896783424020508e-03
6.297160878374956534e-03
6.292859458927958609e-03
6.296992471056893532e-03
6.292698002890340092e-03
6.288770818054418427e-03
6.285157705949506735e-03
6.281809295527117712e-03
6.287280351891476153e-03
6.283661382281213910e-03
6.280318401838663050e-03
6.277214688907689286e-03
6.274311660629608607e-03
6.280689252120685330e-03
6.286057495832265279e-03
6.282276004319374552e-03
6.287389488094286341e-03
6.283474793633501629e-03
6.279885547647068127e-03
6.276577073511357789e-03
6.282369433199656156e-03
6.278773145853721975e-03
6.284188307356830538e-03
6.288821979549034762e-03
6.284631771052515831e-03
6.289198727200166587e-03
6.293107728663663303e-03
6.288583405161980722e-03
6.292562277215481281e-03
6.288109200826247185e-03
6.292208617372793168e-03
6.287801807998720863e-03
6.283781464587492177e-03
6.280084809667555237e-03
6.276664434410111557e-03
6.282203292327025526e-03
6.278521076109410022e-03
6.283702087539440491e-03
6.279844912177034999e-03
6.276299281101938542e-03
6.281797640005372906e-03
6.286466957673710401e-03
6.290506069958497724e-03
6.293936353783936150e-03
6.296988614699595803e-03
6.292007878927286489e-03
6.287493980160803117e-03
6.283372575063886009e-03
6.287729377394902369e-03
6.283556615976402734e-03
6.279732143545393996e-03
6.276204464903457382e-03
6.272940507021210893e-03
6.269891118908099172e-03
6.275851425751677662e-03
6.272444667090652098e-03
6.278071543026082953e-03
6.282807191146401286e-03
6.278752559258003046e-03
6.275042470309488175e-03
6.280224777471233276e-03
6.276355805263172070e-03
6.272803291527085864e-03
6.269524075527055373e-03
6.275340863532800732e-03
6.271774392751222095e-03
6.268488221754198349e-03
6.274365476011221389e-03
6.270797632163393510e-03
6.276248007478195043e-03
6.272488163296710897e-03
6.277742549015154737e-03
6.273835910827690356e-03
6.278827933353491562e-03
6.274828526298160090e-03
6.279699598421645268e-03
6.275617192993091821e-03
6.280375125158938268e-03
6.276238597672180800e-03
6.272451756483433255e-03
6.268972266075856919e-03
6.265747893005791172e-03
6.262740936745425299e-03
6.259932055201460760e-03
6.266815520287102696e-03
6.263574113115903848e-03
6.260557882156026974e-03
6.257737352051350940e-03
6.255078223545323599e-03
6.262619232838723647e-03
6.259472909002953070e-03
6.256548115724569481e-03
6.253799966693981797e-03
6.251207829648990945e-03
6.248739324815363524e-03
6.246380517827143306e-03
6.244115857297673558e-03
6.253564456035808593e-03
6.261243580227562715e-03
6.257784526563702106e-03
6.254577160917005295e-03
6.251587714766478066e-03
6.248776414224343351e-03
6.246122712019679980e-03
6.243593926922049071e-03
6.253199760544498990e-03
6.250095114199606151e-03
6.247181827963736722e-03
6.244426170585076416e-03
6.241811203913454585e-03
6.239307103961251426e-03
6.236896909670105321e-03
6.234557651608099889e-03
6.232656326704870235e-03
6.245218539123601961e-03
6.254985477588188847e-03
6.262875180968260555e-03
6.269423190350426923e-03
6.264918789040824394e-03
6.271247244689296362e-03
6.276516442011307109e-03
6.271655536658147720e-03
6.267226564108390949e-03
6.263153153127031490e-03
6.259392086265710628e-03
6.255891865380855919e-03
6.252614632180417478e-03
6.249517446721260250e-03
6.246590927522474405e-03
6.243798841152945964e-03
6.241130323245215432e-03
6.252069303339592883e-03
6.248756658883556497e-03
6.245654437383892782e-03
6.242715681171188274e-03
6.239918561270016255e-03
6.251329038794013054e-03
6.247916246170155501e-03
6.244723935314600710e-03
6.255181169569481135e-03
6.263507729646613717e-03
6.270365803925545024e-03
6.276143800586299164e-03
6.280911976580077355e-03
6.284995465128452932e-03
6.279483912899338355e-03
6.274474411466861822e-03
6.269903256098389305e-03
6.265700281146154016e-03
6.261809316167494220e-03
6.269082345163362775e-03
