1.392660155318923947e-02
1.877036130970397357e-02
2.472700378135379157e-02
3.237470271597819166e-02
4.193224893521325242e-02
5.470479619349832151e-02
4.954541046720517539e-02
6.463418253283433057e-02
8.694206898364822966e-02
1.242929693852736772e-01
2.054980932071440169e-01
4.181039101260224933e-01
8.176714970190848142e-01
1.137033060988942301e+00
1.295818123192418181e+00
1.395958909636824563e+00
1.477568655899251349e+00
1.550387019854996495e+00
1.617425815144805989e+00
1.680075861959209993e+00
1.739171998456615853e+00
1.795281861154097935e+00
1.848791116667242163e+00
1.900024899617559493e+00
1.949235617392495401e+00
1.996626591031256170e+00
1.975597690060078016e+00
2.022613039815122526e+00
2.067893613136184694e+00
2.046670175830489047e+00
2.091618009707485015e+00
2.134970944117969172e+00
2.113573226925695714e+00
2.156658442642187534e+00
2.135069386988253548e+00
2.177844480472932442e+00
2.219123695484138903e+00
2.259086272112077687e+00
2.297867828310681926e+00
2.335572642548573441e+00
2.372287688183741139e+00
2.350519945738978489e+00
2.387239607552157139e+00
2.422971509303672555e+00
2.457798626649947416e+00
2.491788438398858663e+00
2.524991370600982776e+00
2.557457485677757880e+00
2.589226903620594822e+00
2.620335955352067092e+00
2.650812917002165925e+00
2.680689873673212542e+00
2.658371203714831932e+00
2.688407941036240256e+00
2.717815796705025377e+00
2.746633068635415231e+00
2.774890880413456884e+00
2.802616178699160798e+00
2.829834730036072887e+00
2.856567580780368321e+00
2.882831547161222918e+00
2.908648876835289165e+00
2.934031877758727980e+00
2.958997704028514253e+00
2.983562925408993927e+00
3.007736204847177408e+00
3.031534569725994555e+00
3.054967177251014299e+00
3.078045520621151443e+00
3.100777649976572459e+00
3.123177582482813186e+00
3.145251037897272450e+00
3.167008433100561682e+00
3.188458463129451914e+00
3.209609357699942489e+00
3.230468913211041571e+00
3.207071164183338485e+00
3.228171496966743881e+00
3.248958673399357178e+00
3.269445693136434627e+00
3.289642122602201013e+00
3.309557583213333931e+00
3.329200859303368176e+00
3.348581718924052542e+00
3.324845110961796024e+00
3.300927887069406097e+00
3.321075726393672323e+00
3.340908877336998817e+00
3.316819493818909059e+00
3.336884843300157666e+00
3.356625181376261757e+00
3.376059863522251181e+00
3.395201072328578817e+00
3.414058962730842417e+00
3.432649091627525628e+00
3.450979444105579663e+00
3.469059024077314035e+00
3.486894394109280704e+00
3.504496938371417958e+00
3.521871940969941051e+00
3.539024374615220569e+00
3.555964439670872057e+00
3.572696091535577878e+00
3.589222556147919629e+00
3.605553106749995962e+00
3.621690555158616931e+00
3.637639346033656018e+00
3.653403974087830797e+00
3.668988581346521727e+00
3.684395088787701056e+00
3.699630949812434011e+00
3.714696385532940681e+00
3.729597929344729668e+00
3.744337388945074174e+00
3.758918207609106776e+00
3.773343348662506980e+00
3.787613685856215717e+00
3.801736050912616793e+00
3.777084121020056529e+00
3.791451196172383575e+00
3.805657257419337469e+00
3.819706026339266813e+00
3.833601304179268254e+00
3.847344526428322808e+00
3.860942810148919158e+00
3.874397112784929043e+00
3.887709152672445878e+00
3.862776767308002679e+00
3.837662600646376543e+00
3.851620541511731499e+00
3.865412511284846531e+00
3.879041444930059424e+00
3.892512481414222680e+00
3.905829840321511703e+00
3.918996373733701244e+00
3.932018703131225923e+00
3.944899131438566631e+00
3.957640954865454752e+00
3.970247594087870091e+00
3.982721961239099162e+00
3.995065328837910990e+00
4.007283803204067851e+00
4.019376686570029555e+00
4.031349536675347345e+00
4.006021669011094133e+00
4.018237210188816633e+00
4.030322808758591613e+00
4.042279959326029903e+00
4.054114620189132268e+00
4.065828046585436617e+00
4.077421091285335919e+00
4.088899632335296630e+00
4.100264354547625167e+00
4.111517427981734585e+00
4.122661081233297331e+00
4.133695674625160521e+00
4.144626289043181977e+00
4.155453390838927952e+00
4.166178748991906211e+00
4.140586252379262255e+00
4.151550760170351850e+00
4.162405992663574139e+00
4.136626071799262228e+00
4.147723739191424563e+00
4.158703494007739643e+00
4.169570842359323848e+00
4.180327079945164392e+00
4.154381008331291980e+00
4.165379822353592054e+00
4.176261879717968917e+00
4.150141435282175273e+00
4.161269231966346460e+00
4.172273191663919079e+00
4.183155675508953841e+00
4.193920092912844844e+00
4.204569649503192785e+00
4.178338077719301324e+00
4.189234178969939215e+00
4.200008640123574999e+00
4.210664913502460749e+00
4.221206050994976700e+00
4.231635098432974473e+00
4.241955111265214740e+00
4.252168405985514710e+00
4.262277468785656609e+00
4.235978718865706760e+00
4.246331726486486602e+00
4.256573979480220871e+00
4.266708321622582289e+00
4.276737589781060223e+00
4.250301569267056045e+00
4.260576021622352272e+00
4.270738908928294109e+00
4.280793295212419913e+00
4.290741758842072429e+00
4.300586787411848633e+00
4.310329678387559760e+00
4.319975327912972674e+00
4.329524545309443084e+00
4.338979388706233564e+00
4.348342119117194038e+00
4.357614517310752333e+00
4.366798387531302339e+00
4.375895476195142741e+00
4.384907438096541377e+00
4.393835789123256674e+00
4.402681855856896753e+00
4.411447227406987359e+00
4.385004025138959705e+00
4.394006559043389437e+00
4.402922350289423470e+00
4.411753381831704068e+00
4.420501354688340712e+00
4.429167826914459205e+00
4.437752973567505421e+00
4.446260933290171025e+00
4.454691663490719655e+00
4.463046548333901242e+00
4.471326847533092952e+00
4.479533987596578726e+00
4.452959439273306508e+00
4.426172571804740663e+00
4.434935645839553686e+00
4.407946769155133282e+00
4.416955157912012098e+00
4.425868261112923641e+00
4.434687110885250583e+00
4.443416686512029479e+00
4.416311462259124632e+00
4.425287487188607649e+00
4.397977132250104226e+00
4.407204432758567769e+00
4.416327376360442258e+00
4.425348947388139109e+00
4.434271890173222097e+00
4.443098824690447479e+00
4.451832189977653620e+00
4.460474258782976875e+00
4.469026728531922288e+00
4.477487250319359013e+00
4.485861741005101599e+00
4.494158215354054242e+00
4.502373345193825038e+00
4.510502365803370495e+00
4.483358722531886720e+00
4.491736434692405133e+00
4.500029211497191817e+00
4.508238958962050624e+00
4.516367482901038954e+00
4.524416508159141870e+00
4.532387677516982905e+00
4.540282559757490510e+00
4.548102652355107800e+00
4.520915391559707786e+00
4.493488746383237142e+00
4.501877836828938939e+00
4.510178057136207563e+00
4.518391582417466523e+00
4.526520461088956004e+00
4.534566640472546872e+00
4.542531975822330814e+00
4.550418227757205614e+00
4.558227073029105014e+00
4.565960107739379659e+00
4.573618866541822037e+00
4.581204814358499355e+00
4.588719342690956715e+00
4.596163785223448706e+00
4.603539421059083203e+00
4.610847483739630270e+00
4.618089150905494655e+00
4.625265561636122236e+00
4.632377804471213167e+00
4.639426925375173205e+00
4.646413932769954513e+00
4.653339803100806193e+00
4.660205475916597173e+00
4.667011858255448509e+00
4.673759825692146208e+00
4.680450224423885253e+00
4.687083872922079841e+00
4.693661563887473243e+00
4.666556143354577024e+00
4.673365890100513731e+00
4.680115193078481894e+00
4.652797333593230888e+00
4.659783131667388112e+00
4.666703873431581329e+00
4.673560733988184168e+00
4.680354841329192439e+00
4.687084684044727112e+00
4.693751929236808174e+00
4.700364305982336788e+00
4.706918025790895577e+00
4.713414012658899921e+00
4.719853157776609187e+00
4.726236321172013533e+00
4.732564329778298884e+00
4.738837989710031451e+00
4.745058077084117087e+00
4.751225341048633588e+00
4.723959784432556930e+00
4.696421199336213270e+00
4.668603999588142983e+00
4.675611013304172836e+00
4.682547368253926479e+00
4.689414569123158572e+00
4.696214051428357905e+00
4.702946138971256573e+00
4.709614212471950445e+00
4.716218501352114068e+00
4.722760204264391248e+00
4.694958589344664368e+00
4.701743354715781642e+00
4.673693486257686658e+00
4.645347020503452384e+00
4.652709650519478934e+00
4.659990809916598309e+00
4.667192547995780316e+00
4.638716714245385120e+00
4.646175298250679653e+00
4.653549662796343078e+00
4.660841992358760955e+00
4.668053453577358347e+00
4.675187788620515761e+00
4.682234053732120316e+00
4.689217677439132537e+00
4.696128615552617624e+00
4.702968470058590533e+00
4.709738768900161077e+00
4.716440969012780648e+00
4.723076459554023998e+00
4.729646570755379642e+00
4.736152575117996477e+00
4.742595691293456817e+00
4.748977087517867623e+00
4.755297884501220373e+00
4.761559158016219762e+00
4.767761940406448851e+00
4.773907227190847813e+00
4.779995974963527239e+00
4.786029104936505796e+00
4.792007504632267434e+00
4.797932030351723220e+00
4.803803508248176257e+00
4.776095249940685683e+00
4.782205348953972646e+00
4.788258292469528499e+00
4.794255041558426633e+00
4.766346610505010517e+00
4.772585642001032191e+00
4.778764258669818688e+00
4.784883562465081397e+00
4.790944612248936529e+00
4.796948426284909139e+00
4.802895983814467584e+00
4.808788227746788380e+00
4.814626066299198648e+00
4.820410374799767972e+00
4.826141997294520536e+00
4.831821748593974952e+00
4.837450415426607364e+00
4.843028757020208630e+00
4.848557508514853787e+00
4.854037380501745602e+00
4.859469060740720714e+00
4.831832923106084365e+00
4.837502223613273422e+00
4.843119434177529214e+00
4.848685366012150944e+00
4.854200802984412810e+00
4.859666502818475564e+00
4.865083198653614716e+00
4.870451598444441643e+00
4.875772388976048255e+00
4.881046234821549312e+00
4.886273779893759439e+00
4.858663878660103741e+00
4.864129212403391023e+00
4.869544433152332097e+00
4.874910303009951207e+00
4.880227559123855308e+00
4.885496914728771678e+00
4.890719060175793054e+00
4.862990635315912691e+00
4.834896728985035530e+00
4.840656678786278810e+00
4.812252814247605315e+00
4.818263873266599440e+00
4.824212770204459488e+00
4.830100762064863495e+00
4.835929053208587014e+00
4.841698797207150129e+00
4.847411101468074079e+00
4.853067028454276510e+00
4.858667598529548215e+00
4.864213792306634865e+00
4.869706552813452660e+00
4.875146787973791973e+00
4.880535371067868944e+00
4.852408322659115036e+00
4.858042935628449577e+00
4.863621932187723651e+00
4.869146305440413158e+00
4.840804974352837853e+00
4.846578813190883572e+00
4.852293954549002919e+00
4.857951515471100379e+00
4.863552569086694533e+00
4.869098145133552435e+00
4.874589235654670283e+00
4.880026792981364991e+00
4.885411735467780403e+00
4.857137088711242612e+00
4.862770356898263202e+00
4.868347026907919428e+00
4.873868133836412042e+00
4.879334675289046075e+00
4.884747614082898259e+00
4.890107869542156926e+00
4.861784541662085957e+00
4.867393925998158899e+00
4.872946644776740222e+00
4.878443743549187417e+00
4.883886220171016035e+00
4.889275038759577363e+00
4.894611127859907818e+00
4.899895381461019106e+00
4.905128662308916532e+00
4.910311802598684494e+00
4.915445604722731510e+00
4.920530845208845427e+00
4.925568271645958340e+00
4.930558607746074351e+00
4.902552043252047298e+00
4.907787416034734562e+00
4.912971931061829167e+00
4.918106419745728708e+00
4.923191686214384966e+00
4.928228509133260715e+00
4.933217640273348081e+00
4.938159806977093780e+00
4.943055713132738838e+00
4.947906040225378277e+00
4.952711448447051801e+00
4.957472577604571384e+00
4.962190048044180735e+00
4.934402483857816435e+00
4.939363096221977223e+00
4.944276410448771308e+00
4.949143149391722396e+00
4.921088324166936978e+00
4.892602049560020205e+00
4.898020317623346109e+00
4.903382472310060969e+00
4.908689563939232059e+00
4.913942603534549036e+00
4.885298933990126713e+00
4.856230407051148390e+00
4.862060018462332600e+00
4.867824867417263057e+00
4.838496416649856968e+00
4.844527012308358138e+00
4.850488489241040035e+00
4.856382446770770578e+00
4.862210409959935475e+00
4.867973836737819582e+00
4.873674118426110091e+00
4.879312586711267663e+00
4.850130551443522897e+00
4.856031524537103294e+00
4.861866470066178003e+00
4.867636834388169298e+00
4.873344001488744581e+00
4.878989296221205585e+00
4.884573986155755776e+00
4.890099287987157872e+00
4.895566366971284111e+00
4.900976343601501917e+00
4.906330291723168813e+00
4.911629245824006951e+00
4.916874200176694742e+00
4.922066111992463355e+00
4.927205903334867187e+00
4.932294463049168520e+00
4.937332648485780240e+00
4.942321287171605348e+00
4.913904422383876813e+00
4.919144384267917225e+00
4.924330989018459448e+00
4.895612613346798092e+00
4.901054889558643879e+00
4.906439838582205226e+00
4.911768541799095722e+00
4.917042040462589192e+00
4.922261337514046708e+00
4.927427399375480910e+00
4.932541157728278058e+00
4.937603511208113360e+00
4.942615327027912286e+00
4.947577442525924241e+00
4.952490666624179028e+00
4.957355781230513792e+00
4.962173542550700311e+00
4.966944682332529837e+00
4.971669909041351865e+00
4.976349908972211189e+00
4.980985347290399545e+00
4.985576869029200608e+00
4.990125100020947890e+00
4.994630647779387367e+00
4.999094102332773737e+00
4.971271244370350395e+00
4.975980235123550699e+00
4.980643581518965135e+00
4.985261967886943424e+00
4.989836058585865430e+00
4.994366498672544452e+00
4.998853914591542491e+00
5.003298914897345462e+00
5.007702090910762571e+00
5.012064018964003331e+00
5.016385256173957252e+00
5.020666345061311375e+00
5.024907816338729738e+00
5.029110185212484652e+00
5.033273953397313427e+00
5.037399609938358225e+00
5.041487631409236947e+00
5.045538482590133711e+00
5.049552616890762735e+00
5.053530476817160277e+00
5.026337728987044784e+00
5.030556522219640669e+00
5.034735709188431052e+00
5.038875815315596363e+00
5.042977353187722223e+00
5.047040822847273844e+00
5.051066712098017497e+00
5.055055496862847164e+00
5.059007641522945242e+00
5.031766769785391169e+00
5.035961654097580009e+00
5.040116529370023635e+00
5.044231945056209199e+00
5.048308436723207393e+00
5.052346526360937951e+00
5.056346722707491637e+00
5.060309521671547017e+00
5.064235406729153510e+00
5.068124849349742611e+00
5.071978309385794859e+00
5.075796235516809141e+00
5.079579065645090985e+00
5.083327227300230788e+00
5.087041137997576179e+00
5.090721205637638747e+00
5.094367828854557523e+00
5.097981397368648082e+00
5.101562292495950501e+00
5.105110886876845555e+00
5.108627545387752100e+00
5.112112625237926977e+00
5.115566476231239612e+00
5.118989441049190070e+00
5.122381855491680014e+00
5.125744048731804448e+00
5.129076343548242711e+00
5.132379056540570694e+00
5.135652498352890838e+00
5.138896973467683260e+00
5.142112781650841846e+00
5.145300218068197928e+00
5.148459570145580422e+00
5.122579778897492275e+00
5.125972494981589911e+00
5.129334119206585108e+00
5.132665004545502896e+00
5.135965497908697941e+00
5.139235940065843167e+00
5.142476665647476963e+00
5.145688003189145654e+00
5.148870275213052849e+00
5.152023798329264714e+00
5.155148883361094114e+00
5.158245835476660268e+00
5.161314954329180971e+00
5.164356535519750047e+00
5.167370865668823754e+00
5.170358229834282504e+00
5.173318908864174226e+00
5.176253175067914825e+00
5.150769585579707766e+00
5.153936066314821929e+00
5.157073176415760685e+00
5.160181251030818039e+00
5.163260619758296421e+00
5.166311606550043400e+00
5.169334529681205659e+00
5.172329702131018614e+00
5.175297430532153520e+00
5.178238016399627774e+00
5.181151755837323236e+00
5.155631684232912626e+00
5.158779663257709203e+00
5.161897790520155738e+00
5.164986425077918497e+00
5.168045919537710198e+00
5.171076619981252342e+00
5.174078865959880424e+00
5.177052990550991218e+00
5.179999320825549702e+00
5.182918176780821895e+00
5.185809872688799338e+00
5.188674716819017263e+00
5.191513013541189103e+00
5.194325057509951549e+00
5.197111139907661048e+00
5.199871546514992282e+00
5.174653812648605467e+00
5.148715191283924852e+00
5.151978893961030259e+00
5.125405668721698227e+00
5.098127141387496231e+00
5.101933150714175191e+00
5.105697952268606343e+00
5.109422238136217764e+00
5.113106681047628221e+00
5.116751934665908053e+00
5.120358633951121341e+00
5.092929981225766234e+00
5.096794694725110375e+00
5.100617229237250250e+00
5.072686169169807968e+00
5.076772512861417397e+00
5.080812892546842541e+00
5.084808156004850588e+00
5.088759122855817552e+00
5.092666585646881572e+00
5.096531310887294275e+00
5.100354040163311176e+00
5.104135491161735594e+00
5.107876358742359457e+00
5.111577315904318297e+00
5.115239014785755600e+00
5.118862087554889584e+00
5.122447147319768135e+00
5.125994788969864935e+00
5.098679856688188572e+00
5.102483274821477899e+00
5.106245765670305303e+00
5.109968004007959586e+00
5.113650644798322986e+00
5.086009024270466305e+00
5.089951165710180803e+00
5.093850091521357371e+00
5.097706543844360283e+00
5.101521242270405487e+00
5.105294884547039835e+00
5.109028147398498199e+00
5.112721687280879834e+00
5.085045323339706158e+00
5.088998522134494884e+00
5.092908387214340138e+00
5.096775660544857089e+00
5.100601061593153851e+00
5.104385288049520852e+00
5.108129016660027055e+00
5.111832903986185173e+00
5.115497587227218368e+00
5.119123684995670054e+00
5.091591075354235940e+00
5.095475035029377153e+00
5.099316856769291029e+00
5.103117241535751525e+00
5.106876869787123852e+00
5.110596402170874519e+00
5.114276480167836425e+00
5.117917726828670411e+00
5.121520747430973408e+00
5.125086130194376643e+00
5.128614446947935335e+00
5.132106253754190384e+00
5.104870567433701822e+00
5.108617028341387645e+00
5.080779071361897437e+00
5.084787127114209326e+00
5.088750885913443156e+00
5.092671111788226845e+00
5.096548546074409103e+00
5.068415398153210738e+00
5.072557598515052391e+00
5.076653256943009396e+00
5.080703209295283962e+00
5.084708265029444618e+00
5.088669208086058049e+00
5.092586797892190376e+00
5.096461770275069192e+00
5.100294838461760349e+00
5.104086693965208532e+00
5.107838007525571378e+00
5.111549429982851223e+00
5.115221593086216600e+00
5.118855110343464077e+00
5.122450577750235823e+00
5.126008574557775255e+00
5.129529663973139364e+00
5.133014393799490982e+00
5.136463297110671178e+00
5.109309159024448377e+00
5.113011664008596746e+00
5.116674920662002357e+00
5.120299538148446850e+00
5.123886109516925913e+00
5.127435212142323451e+00
5.130947408177480185e+00
5.134423245002994740e+00
5.137863255756633940e+00
5.141267959787063191e+00
5.144637863170134828e+00
5.147973459184872702e+00
5.151275228754988333e+00
5.154543640927123249e+00
5.157779153306282893e+00
5.160982212454397811e+00
5.164153254319322706e+00
5.167292704622084010e+00
5.170400979210103998e+00
5.173478484435562130e+00
5.176525617496980480e+00
5.179542766748470584e+00
5.182530312032595177e+00
5.185488624978882299e+00
5.159520831380343786e+00
5.162721674203159417e+00
5.165890140045024559e+00
5.139350787167912493e+00
5.142768349388104454e+00
5.146150199656540636e+00
5.149496861348860755e+00
5.152808845884940148e+00
5.156086652833268502e+00
5.159330770030912561e+00
5.162541673829981193e+00
5.165719829355961856e+00
5.168865690770410026e+00
5.171979701600108115e+00
5.175062295047825778e+00
5.178113894286615171e+00
5.181134912804505888e+00
5.154950274878008720e+00
5.158217235851156879e+00
5.161450382581635132e+00
5.164650197219095240e+00
5.167817151047146673e+00
5.170951704572502194e+00
5.174054307739207381e+00
5.177125400155896173e+00
5.180165411329670455e+00
5.183174760962590888e+00
5.186153859231752428e+00
5.189103107055711206e+00
5.192022896406395915e+00
5.194913610567056139e+00
5.197775624429132435e+00
5.200609304762513041e+00
5.203415010464881973e+00
5.206193092834515923e+00
5.208943897943350443e+00
5.211667760382112213e+00
5.214365010098819475e+00
5.217035970380059950e+00
5.219680955660229493e+00
5.222300279061562023e+00
5.224894245141446625e+00
5.227463152618212483e+00
5.230007294530403250e+00
5.232526958437923703e+00
5.235022426590647981e+00
5.237493976067554513e+00
5.239941878966262401e+00
5.242366402521192015e+00
5.244767809273978898e+00
5.247146357206631251e+00
5.249502299855816290e+00
5.251835886466094117e+00
5.254147362099589991e+00
5.256436967766226154e+00
5.232279939986220541e+00
5.234797427869302133e+00
5.237290221733635676e+00
5.239758613668096032e+00
5.242202891529888831e+00
5.217538765119662969e+00
5.220217030405222225e+00
5.222868201336129168e+00
5.225492624134192354e+00
5.228090641586778275e+00
5.230662587967996657e+00
5.233208796636742655e+00
5.235729592223353102e+00
5.238225293304680896e+00
5.213377338026224272e+00
5.216109664779810196e+00
5.218813857785078447e+00
5.221490296865832548e+00
5.224139354624537823e+00
5.226761398674871550e+00
5.229356784624348720e+00
5.231925860740453516e+00
5.234468973306529271e+00
5.236986458961237823e+00
5.239478647486127016e+00
5.241945861934155459e+00
5.244388418820375541e+00
5.246806628288886998e+00
5.249200794257034453e+00
5.224637521722968359e+00
5.227266035467243555e+00
5.229867527222352486e+00
5.232442355519875576e+00
5.207303526982205888e+00
5.210119426916342000e+00
5.212905509474508925e+00
5.215662203336494329e+00
5.218389928295223967e+00
5.221089095228646393e+00
5.195562726136743414e+00
5.198507456007966709e+00
5.201420372173513940e+00
5.204301956379446814e+00
5.207152679287887942e+00
5.181171635059264702e+00
5.184273094553709882e+00
5.187340314001609443e+00
5.190373840268076577e+00
5.193374206505702695e+00
5.196341932395591279e+00
5.199277524374743997e+00
5.202181475996551008e+00
5.205054268241534388e+00
5.207896369914920776e+00
5.210708238021923400e+00
5.213490318123687572e+00
5.216243044747831625e+00
5.218966841731287332e+00
5.221662122608007550e+00
5.224329290963368955e+00
5.226968740761727794e+00
5.229580858996386361e+00
5.232166019022405301e+00
5.234724587952184649e+00
5.237256921999591697e+00
5.239763374547091068e+00
5.242244288537197150e+00
5.244699999415953329e+00
5.247130835357415535e+00
5.249537117539778031e+00
5.251919160379482143e+00
5.254277271724446585e+00
5.256611753104405871e+00
5.258922899935540407e+00
5.261211001687986055e+00
5.263476342109209227e+00
5.265719199404588657e+00
5.267939846381654689e+00
5.270138550650822928e+00
5.272315574782100889e+00
5.248393469553028545e+00
5.250799396571799171e+00
5.253180782278928262e+00
5.255537940675839792e+00
5.257871180517486032e+00
5.260180805232911538e+00
5.262467112879622100e+00
5.264730396118543432e+00
5.266970942284648238e+00
5.269189033448816062e+00
5.271384946471211030e+00
5.273558953126598503e+00
5.275711320203465782e+00
5.277842309592456260e+00
5.279952178417516073e+00
5.282041179153706523e+00
5.258390553387742195e+00
5.260706563001879665e+00
5.262998871029294534e+00
5.238657644707434002e+00
5.241185012251964537e+00
5.216079677424414029e+00
5.218851005743496252e+00
5.221591958870028805e+00
5.224302998008590215e+00
5.226984574779729442e+00
5.229637131040242082e+00
5.232261098880286454e+00
5.234856900681590375e+00
5.209534908052951607e+00
5.183363219072536054e+00
5.186493414582018957e+00
5.189587598346606434e+00
5.192646386575320960e+00
5.165940782613612114e+00
5.169261759005834733e+00
5.172543666905137449e+00
5.175787212661469461e+00
5.178993082071099430e+00
5.182161940947993095e+00
5.155157894012657671e+00
5.158591666308819157e+00
5.161984718629469171e+00
5.165337803533584626e+00
5.168651650539400677e+00
5.171926966930689318e+00
5.175164438452851456e+00
5.178364730170126329e+00
5.151292809161425623e+00
5.154757756439205529e+00
5.158181846318742103e+00
5.161565826476898877e+00
5.164910421758251324e+00
5.137457384785042436e+00
5.141070558798810808e+00
5.144640575239028735e+00
5.148168246499309042e+00
5.151654359441264930e+00
5.123843216954233171e+00
5.127601455845703704e+00
5.131314281727290982e+00
5.134982572203970363e+00
5.138607176315526104e+00
5.142188915602012855e+00
5.145728585166747138e+00
5.149226954786872312e+00
5.152684769932548647e+00
5.156102752746202889e+00
5.159481603149404627e+00
5.162821999674343409e+00
5.166124600458814164e+00
5.169390044045293564e+00
5.172618950264944004e+00
5.175811921026346241e+00
5.178969541021361422e+00
5.182092378505756436e+00
5.185180985919952690e+00
5.188235900596268380e+00
5.161636881002322319e+00
5.164948136986567739e+00
5.168222254875984412e+00
5.171459844146058416e+00
5.174661498141299276e+00
5.177827794407846795e+00
5.180959295202069548e+00
5.184056547899272616e+00
5.187120085533780234e+00
5.190150427225941776e+00
5.193148078715814187e+00
5.196113532782356437e+00
5.199047269741778443e+00
5.201949757891475734e+00
5.204821453908622608e+00
5.178751009714087417e+00
5.151873279774028980e+00
5.155289585013998810e+00
5.127717899240053612e+00
5.131401825679577478e+00
5.135042541453890053e+00
5.138640829233961149e+00
5.142197449045524671e+00
5.145713138766373262e+00
5.149188614724357294e+00
5.152624572329974839e+00
5.156021686839502571e+00
5.128526915802663844e+00
5.132189736715639050e+00
5.135810025921303534e+00
5.139388543636559170e+00
5.142926027494131525e+00
5.146423193250933004e+00
5.149880735518117980e+00
5.153299328567264581e+00
5.156679627022437984e+00
5.160022266662291024e+00
5.163327865147825158e+00
5.166597022680810447e+00
5.169830322757952068e+00
5.173028332764805448e+00
5.146088182576534109e+00
5.149544780411529743e+00
5.152962588490369811e+00
5.156342249740298200e+00
5.128924699608478299e+00
5.132568291774030733e+00
5.136170088603562611e+00
5.139730818531004886e+00
5.143251189189264494e+00
5.146731887970494412e+00
5.150173582620956481e+00
5.122611082613949485e+00
5.094279302618497596e+00
