2.009620174410213967e-04
4.123453476341293789e-04
6.174421022789479538e-04
8.192628356225526700e-04
1.018976674453407616e-03
1.220869390477327199e-03
1.326707492679505369e-03
1.521084879902578338e-03
1.721041744562886366e-03
1.930953257927567768e-03
2.172719314597899420e-03
2.453927880799594997e-03
2.692802660198693240e-03
2.807663888525213647e-03
2.875953937121410956e-03
2.946950006152589552e-03
3.022498529241828512e-03
3.100014413889134665e-03
3.177799428556001265e-03
3.254911280211535921e-03
3.331192068752074093e-03
3.406486852387948655e-03
3.479920145918163898e-03
3.551640155036996701e-03
3.621639420621435099e-03
3.689859829779507886e-03
3.747751941009421113e-03
3.813133300082651236e-03
3.876625203982753728e-03
3.929676118352531770e-03
3.990386218261956532e-03
4.049441486655789429e-03
4.098151455045499075e-03
4.154640944315677979e-03
4.200848926365730734e-03
4.254967839924210168e-03
4.307521333492142675e-03
4.358592652894257430e-03
4.408276600672208188e-03
4.456586633436690481e-03
4.503670738655426303e-03
4.541362132950615103e-03
4.586681628140537419e-03
4.630758885005550191e-03
4.673638421700845175e-03
4.715388255838170138e-03
4.756103532463511023e-03
4.795742741883042386e-03
4.834378758609855775e-03
4.872105867121495106e-03
4.908899063054053720e-03
4.944804821346873887e-03
4.972773982577031668e-03
5.007647868933824686e-03
5.041647952684208227e-03
5.074797722765239834e-03
5.107156331097146944e-03
5.138718941407045653e-03
5.169545393360766919e-03
5.199736556719189787e-03
5.229184637362115778e-03
5.258045826454436390e-03
5.286221538404928082e-03
5.313798456344692722e-03
5.340791712090289627e-03
5.367173399881713068e-03
5.393023989700182312e-03
5.418360319261354870e-03
5.443171709965857058e-03
5.467458962297382964e-03
5.491272616880261449e-03
5.514570549974019339e-03
5.537396148969750583e-03
5.559759361865024112e-03
5.581666970921062183e-03
5.603126096537339694e-03
5.618337807834136548e-03
5.639555654782589349e-03
5.660239685763444363e-03
5.680470483557701657e-03
5.700318743073732111e-03
5.719757615773878728e-03
5.738814027625090651e-03
5.757494491083748472e-03
5.770063846804718982e-03
5.782717790438650016e-03
5.801344279039558766e-03
5.819494755264279645e-03
5.831363685821380587e-03
5.849223635241774730e-03
5.866589807982909056e-03
5.883537014841962176e-03
5.900063812187981462e-03
5.916160389398016604e-03
5.931910920383229140e-03
5.947300851941362924e-03
5.962351810898888251e-03
5.977078886921337840e-03
5.991495645355358890e-03
6.005640323158412813e-03
6.019473360446780941e-03
6.033036769415735419e-03
6.046312723303203657e-03
6.059313784804459466e-03
6.072067498101288083e-03
6.084569922022979409e-03
6.096828875155149187e-03
6.108848130317041068e-03
6.120633195596205355e-03
6.132198585850697110e-03
6.143552999331131775e-03
6.154680508536341556e-03
6.165621756778278534e-03
6.176369698432248798e-03
6.186901353591711325e-03
6.197231051340857007e-03
6.207338049437231831e-03
6.217283888843870565e-03
6.221734172663018030e-03
6.231852798923832870e-03
6.241711559367115608e-03
6.251344787157510005e-03
6.260739935034280446e-03
6.269895040027726081e-03
6.278871906949121812e-03
6.287678489423838800e-03
6.296282468366357250e-03
6.299440742653214000e-03
6.302881049141935074e-03
6.311922100973807633e-03
6.320692351464327410e-03
6.329213755595193384e-03
6.337471134169236388e-03
6.345506409774634253e-03
6.353306075688179219e-03
6.360935500582043552e-03
6.368362157458687389e-03
6.375611612992743149e-03
6.382686510717196227e-03
6.389598099218811791e-03
6.396329265879045420e-03
6.402913758086462188e-03
6.409333990214241029e-03
6.415627097943143314e-03
6.416592649718845173e-03
6.423135419255075057e-03
6.429471292855495033e-03
6.435603577383583462e-03
6.441590552726471873e-03
6.447410190557663172e-03
6.453072573191855760e-03
6.458593896448448779e-03
6.463974350300919283e-03
6.469221151753592157e-03
6.474338529633833807e-03
6.479346211468127274e-03
6.484233401460257236e-03
6.488996151797351945e-03
6.493648974552672370e-03
6.493090231834228003e-03
6.498062603406629112e-03
6.502859356835003109e-03
6.502350007403658906e-03
6.507374305343191501e-03
6.512192534805377048e-03
6.516809534859605534e-03
6.521253321335451596e-03
6.520391824381067264e-03
6.525068052682085444e-03
6.529518878872744327e-03
6.528615940696464066e-03
6.533278258169871767e-03
6.537686869644213430e-03
6.541886926373478156e-03
6.545898581854523411e-03
6.549724868424484925e-03
6.548259276743627864e-03
6.552336654389387914e-03
6.556213423295200078e-03
6.559897182481472071e-03
6.563413505364865987e-03
6.566775563326326948e-03
6.570006393144154147e-03
6.573107508443441771e-03
6.576087356477843329e-03
6.573847951016619472e-03
6.577159447071537733e-03
6.580299647901880974e-03
6.583290251783386129e-03
6.586127082142931993e-03
6.583710260427116934e-03
6.586840057679442008e-03
6.589783572600999700e-03
6.592567220240228530e-03
6.595200393646890105e-03
6.597706086160913530e-03
6.600082250702976779e-03
6.602345435681366767e-03
6.604530149981451687e-03
6.606634738536760511e-03
6.608630314295203464e-03
6.610542352882721809e-03
6.612370521928805089e-03
6.614118758322088711e-03
6.615792738627433202e-03
6.617402608265152315e-03
6.618962902287276080e-03
6.620469529214065285e-03
6.616880178755541950e-03
6.618770119128233702e-03
6.620552574285575725e-03
6.622224632361093516e-03
6.623789635863725975e-03
6.625262709012142218e-03
6.626656241428799561e-03
6.627952361260971113e-03
6.629183211535722396e-03
6.630343377907463483e-03
6.631456324068453478e-03
6.632485050061693969e-03
6.628480908691921150e-03
6.624897356240354307e-03
6.626759493934821291e-03
6.623360618689313334e-03
6.625418303521407766e-03
6.627261097207908132e-03
6.628922458895982611e-03
6.630401317153720130e-03
6.626673577251773750e-03
6.628433843076818842e-03
6.624891336339555972e-03
6.626835709355663809e-03
6.628563640613482043e-03
6.630102285781843199e-03
6.631472397526613424e-03
6.632694687381361642e-03
6.633785794307071187e-03
6.634762739324404426e-03
6.635661527509506726e-03
6.636739801388176312e-03
6.637249887855188255e-03
6.638427996163865502e-03
6.639533660499977175e-03
6.640151675265113310e-03
6.635662785343116564e-03
6.637100668742113713e-03
6.638407372241597604e-03
6.639597708915281199e-03
6.640685978755870092e-03
6.641682535218079372e-03
6.642596535652260138e-03
6.643435429615511187e-03
6.644206036960083155e-03
6.639525458717190388e-03
6.635269401069037419e-03
6.636857752498549062e-03
6.638258027377289851e-03
6.639493802028470330e-03
6.640588843214728296e-03
6.641561746521500685e-03
6.642426012204475164e-03
6.643194551325236168e-03
6.643878407597857139e-03
6.644488188843142122e-03
6.645028290127170424e-03
6.645502231369525281e-03
6.645918524324145524e-03
6.646282707512434808e-03
6.646599922196278105e-03
6.646871536511510942e-03
6.647101694014934808e-03
6.647290643336050374e-03
6.647441179006173193e-03
6.647556837585608287e-03
6.647641053536886002e-03
6.647693951832693918e-03
6.647717172799772790e-03
6.647711971053206319e-03
6.647680087402778153e-03
6.647622540338271255e-03
6.647540340962911076e-03
6.647434558710925423e-03
6.642096431507601463e-03
6.642467093351444619e-03
6.642741292700163336e-03
6.637697116015921391e-03
6.638342282153025103e-03
6.638849152253679768e-03
6.639238833214351244e-03
6.639527984430924901e-03
6.638830818270650969e-03
6.638187139008116903e-03
6.638232140584603841e-03
6.638222079862883714e-03
6.638162979405503282e-03
6.638059845018691278e-03
6.637916952144502780e-03
6.637740064391804869e-03
6.637529933557310101e-03
6.637289303363763139e-03
6.637021178566677830e-03
6.631601097611405059e-03
6.626634113524901455e-03
6.622053540520315279e-03
6.623043126548689395e-03
6.623821869201915527e-03
6.624423612295383609e-03
6.624875745218103927e-03
6.625200830971874136e-03
6.625417895406901167e-03
6.625540158906885989e-03
6.625580753820566569e-03
6.620379796445331581e-03
6.620808379501913997e-03
6.615904500682442263e-03
6.611374364551063539e-03
6.612441930540466882e-03
6.613285186511518032e-03
6.613939606339203775e-03
6.609190958126339582e-03
6.610080601703887185e-03
6.610774933130797275e-03
6.611303687030463568e-03
6.611691720771855664e-03
6.611959215309507788e-03
6.612053555715952970e-03
6.612121980256016433e-03
6.612110939101423397e-03
6.612029709528259233e-03
6.611886269996056741e-03
6.611687265077271537e-03
6.611439547423163428e-03
6.611148369266284935e-03
6.610818247908559209e-03
6.610453106720545237e-03
6.610056374828048378e-03
6.609630963899730018e-03
6.609179585621587430e-03
6.608705273713395140e-03
6.608209431580398460e-03
6.607693890902885739e-03
6.607160279456750218e-03
6.606610237194136467e-03
6.606044882165968031e-03
6.605465384378719426e-03
6.600462330018246754e-03
6.600370102745735899e-03
6.600189078547676405e-03
6.599934034056225730e-03
6.595193732724629297e-03
6.595338468572037142e-03
6.595360370128516142e-03
6.595279635165726337e-03
6.595112584345865295e-03
6.594872452166166375e-03
6.594569947116216829e-03
6.594213898618413866e-03
6.593811612921984637e-03
6.593369179316439267e-03
6.592891677378541308e-03
6.592383452941102430e-03
6.591848205451967049e-03
6.591288991940809708e-03
6.590708541882065070e-03
6.590109175058643173e-03
6.589492903400103602e-03
6.583771769190697662e-03
6.583641334520161890e-03
6.583422917828791500e-03
6.583131230006027124e-03
6.582778039833144662e-03
6.582372846675060320e-03
6.581923425223191668e-03
6.581436021541717599e-03
6.580915934616330190e-03
6.580367537546815380e-03
6.579794495306929072e-03
6.574115462361289179e-03
6.574015393550665040e-03
6.573823071363926393e-03
6.573553945887846556e-03
6.573220395823235578e-03
6.572832423300501228e-03
6.572398180643523706e-03
6.566829139672524136e-03
6.561703758591025393e-03
6.562123586765078800e-03
6.557216000851698312e-03
6.557857536896399137e-03
6.558308123632228259e-03
6.558599417813393284e-03
6.558756926563455089e-03
6.558801256558135367e-03
6.558749352102571060e-03
6.558615152782392051e-03
6.558410224847524041e-03
6.558144234079243962e-03
6.557825298620554265e-03
6.557460368911580302e-03
6.557055195967087177e-03
6.551494170219929018e-03
6.551538418326909551e-03
6.551479485920080024e-03
6.551334239012170969e-03
6.545977062648726183e-03
6.546214864789457778e-03
6.546323652135870204e-03
6.546324540003144697e-03
6.546234636662997229e-03
6.546067659698142499e-03
6.545835063449185857e-03
6.545546122295070081e-03
6.545208700432503940e-03
6.539704020275810895e-03
6.539804185573872865e-03
6.539796695626071132e-03
6.539699046947618048e-03
6.539525534853559904e-03
6.539285046531488448e-03
6.538989545424065547e-03
6.533521084822148037e-03
6.533656577971442073e-03
6.533681079753152383e-03
6.533610136071003015e-03
6.533460950563392371e-03
6.533245524435107345e-03
6.532973586793436836e-03
6.532653533633427621e-03
6.532291828576159906e-03
6.531893870319096726e-03
6.531464681724412878e-03
6.531007842871303266e-03
6.530527235996646217e-03
6.530025839640136998e-03
6.524410282002344671e-03
6.524387690168592831e-03
6.524275044854096518e-03
6.524087986750132587e-03
6.523838704539733531e-03
6.523536978204876394e-03
6.523190839115639711e-03
6.522806858275149652e-03
6.522390475210606414e-03
6.521946221780424574e-03
6.521477909587776976e-03
6.520988744931153352e-03
6.520481448471551408e-03
6.514873681380397435e-03
6.514847342155790505e-03
6.514733818478424775e-03
6.514548082644689916e-03
6.509196242976200003e-03
6.504273638345631214e-03
6.504888793428431799e-03
6.505329610012935797e-03
6.505625766759712270e-03
6.505801011429876435e-03
6.500728691971126121e-03
6.496050742186945323e-03
6.496928068802047297e-03
6.497603626805212133e-03
6.492909166136697982e-03
6.493798108467340423e-03
6.494490449210421797e-03
6.495017606498550665e-03
6.495405468291542798e-03
6.495674453724510113e-03
6.495842397274145807e-03
6.495923564701860595e-03
6.490758372115656115e-03
6.491219944023466498e-03
6.491548338228169193e-03
6.491764991251113004e-03
6.491886931386365266e-03
6.491928136647472959e-03
6.491899978409770497e-03
6.491812114656153945e-03
6.491672497825784482e-03
6.491488007716436984e-03
6.491264273597809401e-03
6.491006268297803798e-03
6.490718201672822027e-03
6.490403706376977368e-03
6.490065929605899793e-03
6.489707603911550916e-03
6.489331108322428376e-03
6.488938524163541215e-03
6.483679543284541491e-03
6.483766884840615891e-03
6.483767188936347126e-03
6.478648169778921870e-03
6.479026960771292962e-03
6.479279378335411725e-03
6.479426877909887951e-03
6.479486642464993111e-03
6.479472553074381441e-03
6.479395918228053261e-03
6.479266025182403056e-03
6.479090557907475276e-03
6.478875918219703656e-03
6.478627474988334946e-03
6.478349756672749198e-03
6.478046605748851577e-03
6.477721299254893088e-03
6.477376645532064402e-03
6.477015062035388140e-03
6.476638638793357459e-03
6.476249188464250177e-03
6.475848289840551927e-03
6.475437322181255319e-03
6.475017494090409657e-03
6.474589867612781310e-03
6.469820545487650100e-03
6.469882463516110627e-03
6.469862790691479140e-03
6.469776089458447593e-03
6.469633888497337143e-03
6.469445404793366244e-03
6.469218074249155105e-03
6.468957951247768061e-03
6.468669999153216568e-03
6.468358417771219102e-03
6.468026523821804492e-03
6.467677115334654822e-03
6.467312687551612232e-03
6.466935291370629058e-03
6.466546673741101203e-03
6.466148337010770540e-03
6.465741570225526196e-03
6.465327490092145565e-03
6.464907065335361025e-03
6.464481139798603469e-03
6.459741911101592356e-03
6.459805961267218490e-03
6.459790721157384653e-03
6.459710512945832095e-03
6.459576654660032641e-03
6.459398179167380460e-03
6.459182361608161761e-03
6.458935112809573165e-03
6.458661272842003420e-03
6.454055304024077823e-03
6.454238656256831158e-03
6.454329747535970593e-03
6.454344741404798545e-03
6.454296496482444558e-03
6.454195341422446115e-03
6.454049645985021448e-03
6.453866251172643391e-03
6.453650792132716203e-03
6.453407945334285224e-03
6.453141616798540973e-03
6.452855091005047644e-03
6.452551145598404807e-03
6.452232142773354356e-03
6.451900100184942803e-03
6.451556750315889065e-03
6.451203586704751594e-03
6.450841902312600198e-03
6.450472833537459171e-03
6.450097343368836091e-03
6.449716286969374782e-03
6.449330413979050339e-03
6.448940383049051907e-03
6.448546774436512627e-03
6.448150100308475650e-03
6.447750813773740590e-03
6.447349316427566229e-03
6.446945964784144868e-03
6.446541075933640529e-03
6.446134905962068451e-03
6.445727734491741787e-03
6.445319824882624581e-03
6.444911335570857776e-03
6.440230453976181213e-03
6.440314109258814604e-03
6.440322877001427269e-03
6.440270543148572668e-03
6.440167966727992910e-03
6.440023784666890939e-03
6.439844930324277808e-03
6.439637017674483196e-03
6.439404629677389358e-03
6.439151535803741382e-03
6.438880859123175503e-03
6.438595204351194902e-03
6.438296757590829950e-03
6.437987401637274704e-03
6.437668618082417402e-03
6.437341787795219754e-03
6.437008120743697298e-03
6.436668530460587338e-03
6.432058219984475994e-03
6.432200467471274261e-03
6.432264481112239494e-03
6.432264429447461136e-03
6.432211505523906768e-03
6.432114639693593296e-03
6.431981022938691554e-03
6.431816493168101764e-03
6.431625834359584737e-03
6.431412992872846505e-03
6.431181247930703969e-03
6.426666049290597794e-03
6.426895613978693585e-03
6.427038749998800413e-03
6.427110724741337891e-03
6.427123659906393283e-03
6.427087274503103138e-03
6.427009432127039901e-03
6.426896550153261140e-03
6.426753905344815068e-03
6.426585872947662356e-03
6.426396103670741281e-03
6.426187663337002386e-03
6.425963205804971837e-03
6.425724862166029387e-03
6.425474510943060026e-03
6.425213762692004969e-03
6.420682576343270456e-03
6.416613410554585818e-03
6.417237995516068133e-03
6.413423602510109206e-03
6.409967811508223388e-03
6.411158099322726393e-03
6.412130760390455722e-03
6.412923246594023907e-03
6.413565456813437315e-03
6.414081481290350752e-03
6.414490895804404735e-03
6.410504529631886120e-03
6.411243377544574226e-03
6.411840491767581765e-03
6.408001996757259171e-03
6.408879427866913912e-03
6.409596087993026971e-03
6.410178244641970627e-03
6.410647090498010348e-03
6.411019882859745819e-03
6.411310791926329994e-03
6.411531546207109751e-03
6.411691921829124063e-03
6.411800123735947321e-03
6.411863078789186397e-03
6.411886669524123963e-03
6.411875915778072338e-03
6.411835122657241412e-03
6.411767998333929054e-03
6.407390821604848179e-03
6.407775236224407325e-03
6.408066663668410615e-03
6.408280914863792067e-03
6.408430613142846073e-03
6.404229372661099026e-03
6.404775155189407036e-03
6.405206373521623447e-03
6.405542395570919083e-03
6.405798723635427495e-03
6.405987883905371778e-03
6.406120090227278296e-03
6.406203738524279129e-03
6.401950957211201797e-03
6.402453509918206408e-03
6.402849890859523690e-03
6.403157943253829677e-03
6.403391962794936255e-03
6.403563512891833308e-03
6.403682033100777278e-03
6.403755291860462572e-03
6.403789733041321229e-03
6.403790740062267027e-03
6.399473167246754780e-03
6.399915675376643444e-03
6.400261240315774196e-03
6.400526348871711166e-03
6.400724169174538958e-03
6.400865325112923936e-03
6.400958465150453740e-03
6.401010691524643484e-03
6.401027881197343498e-03
6.401014934049407273e-03
6.400975963002876815e-03
6.400914440658201504e-03
6.396550154352396295e-03
6.396946273284544009e-03
6.392949872715793062e-03
6.393679244081752408e-03
6.394271243724483286e-03
6.394749557409424960e-03
6.395133063222214684e-03
6.391129260382598896e-03
6.391864112524348919e-03
6.392466261736155612e-03
6.392957802386617545e-03
6.393356484536392124e-03
6.393676699420385370e-03
6.393930218041221289e-03
6.394126743331056406e-03
6.394274334910772864e-03
6.394379731337380794e-03
6.394448603754459247e-03
6.394485752892588651e-03
6.394495262970886426e-03
6.394480627607438371e-03
6.394444846884018638e-03
6.394390509029658498e-03
6.394319855468242123e-03
6.394234832728533206e-03
6.394137138268831538e-03
6.389748460422730973e-03
6.390123389522965255e-03
6.390414749959603610e-03
6.390637192265528378e-03
6.390802335162848978e-03
6.390919487884826403e-03
6.390996179969289821e-03
6.391038554005915723e-03
6.391051663887806732e-03
6.391039698047784774e-03
6.391006153363251209e-03
6.390953968550637694e-03
6.390885627107835074e-03
6.390803240530896004e-03
6.390708613265409961e-03
6.390603293590624810e-03
6.390488616640795441e-03
6.390365738316100379e-03
6.390235662037510936e-03
6.390099262603116115e-03
6.389957305006930231e-03
6.389810459246943533e-03
6.389659314403580218e-03
6.389504389640737053e-03
6.385081602900483794e-03
6.385410788328313436e-03
6.385663132905606415e-03
6.381571828190943721e-03
6.382202043163031323e-03
6.382714277355682093e-03
6.383129148082490253e-03
6.383463045320637679e-03
6.383729124228985918e-03
6.383938036325018973e-03
6.384098478739012351e-03
6.384217608123840537e-03
6.384301355240286184e-03
6.384354668996223940e-03
6.384381704895436029e-03
6.384385971556526436e-03
6.384370448411794997e-03
6.380067032738899815e-03
6.380510226232131814e-03
6.380865864023277725e-03
6.381149120560064558e-03
6.381372062399882743e-03
6.381544380139638796e-03
6.381673929852194407e-03
6.381767135786424634e-03
6.381829292852210685e-03
6.381864798660135535e-03
6.381877330947524803e-03
6.381869984280738595e-03
6.381845378903909689e-03
6.381805744468275164e-03
6.381752988393818264e-03
6.381688749897935359e-03
6.381614442905514210e-03
6.381531292311168509e-03
6.381440396284560231e-03
6.381342644247125183e-03
6.381238848894596125e-03
6.381129722784893710e-03
6.381015859214729177e-03
6.380897848899392578e-03
6.380776178029191545e-03
6.380651277129326636e-03
6.380523527005658654e-03
6.380393266067286087e-03
6.380260796126227887e-03
6.380126384041198001e-03
6.379990269261855314e-03
6.379852664219760883e-03
6.379713759524051689e-03
6.379573726076841374e-03
6.379432715725528308e-03
6.379290865377506767e-03
6.379148297570038338e-03
6.379005123129647195e-03
6.374610928719067968e-03
6.374952814161268487e-03
6.375220805790948742e-03
6.375428383758263706e-03
6.375586159705602836e-03
6.371441087094430016e-03
6.372010609136937939e-03
6.372477242174259468e-03
6.372858871500824106e-03
6.373169753052113432e-03
6.373421305530846057e-03
6.373622842385698317e-03
6.373781942960415718e-03
6.373904848427184092e-03
6.369733922785576936e-03
6.370286974166719692e-03
6.370743144297213827e-03
6.371118950180847465e-03
6.371427576643827126e-03
6.371679683410971795e-03
6.371883879443714094e-03
6.372047225997021051e-03
6.372175623311473504e-03
6.372273953090611120e-03
6.372346307967497944e-03
6.372396139125332572e-03
6.372426374323598638e-03
6.372439510860479495e-03
6.372437686417754127e-03
6.368165219063264340e-03
6.368625511493555130e-03
6.369002038370928306e-03
6.369309382806925129e-03
6.365290184523765202e-03
6.365980332626188128e-03
6.366555809885483634e-03
6.367036226774297654e-03
6.367437232120988326e-03
6.367771434120141245e-03
6.363775789283306582e-03
6.364494782267315215e-03
6.365098520431436251e-03
6.365606261851996031e-03
6.366033448228798804e-03
6.362113126182003184e-03
6.362905068768133846e-03
6.363573361280044915e-03
6.364138492403762816e-03
6.364616918967835012e-03
6.365021986290820069e-03
6.365364610179740160e-03
6.365653792962507919e-03
6.365897013411978694e-03
6.366100528488717603e-03
6.366269606390920037e-03
6.366408707974774775e-03
6.366521631887027931e-03
6.366611627809862575e-03
6.366681489089497104e-03
6.366733626768395285e-03
6.366770129092916806e-03
6.366792844431626644e-03
6.366803318064393272e-03
6.366802935605936874e-03
6.366792879711760493e-03
6.366774256601251056e-03
6.366748006369925619e-03
6.366714959493100304e-03
6.366675849809028294e-03
6.366631328034130441e-03
6.366581972734214855e-03
6.366528296349486388e-03
6.366470755983216073e-03
6.366409759920438165e-03
6.366345670965014268e-03
6.366278814076907835e-03
6.366209480772759555e-03
6.366137930477567403e-03
6.366064396510672657e-03
6.365989088853109615e-03
6.361661025305702204e-03
6.362067715037431070e-03
6.362399790246632374e-03
6.362670751118339359e-03
6.362891230811905038e-03
6.363069690636184370e-03
6.363212926996590635e-03
6.363326444854896721e-03
6.363414741793600032e-03
6.363481520961828189e-03
6.363529851168333445e-03
6.363562294610516229e-03
6.363581003891760277e-03
6.363587796350648161e-03
6.363584215696184258e-03
6.363571580186721741e-03
6.359299171532229941e-03
6.359756256510516216e-03
6.360133958776995750e-03
6.356181793860266396e-03
6.356926843557342624e-03
6.353274493459187475e-03
6.354291581693157810e-03
6.355152796778256417e-03
6.355884761298349894e-03
6.356508737066540043e-03
6.357041862517853054e-03
6.357498073410215028e-03
6.357888793432403020e-03
6.353950111538292193e-03
6.350433413697277769e-03
6.351584854971788208e-03
6.352565431531210192e-03
6.353403937562743242e-03
6.349827338954595023e-03
6.350939182587438982e-03
6.351891291123209875e-03
6.352709681365912263e-03
6.353415335473347296e-03
6.354025332292095873e-03
6.350260493301159402e-03
6.351211516296785542e-03
6.352027679911835707e-03
6.352730642489843454e-03
6.353337906447415959e-03
6.353863750557050064e-03
6.354319922044853429e-03
6.354716164008901783e-03
6.350773289112696986e-03
6.351564929885145094e-03
6.352243006807208048e-03
6.352825988698031744e-03
6.353328742095050441e-03
6.349469986063160758e-03
6.350339696892481206e-03
6.351084787552000940e-03
6.351725662722112337e-03
6.352278735462051767e-03
6.348459072528012115e-03
6.349368462763675669e-03
6.350148571888650922e-03
6.350820506532466221e-03
6.351401258018449930e-03
6.351904635218709461e-03
6.352341958723979609e-03
6.352722585664294722e-03
6.353054307262530863e-03
6.353343654079328037e-03
6.353596138194144045e-03
6.353816435690331013e-03
6.354008537030543698e-03
6.354175862023363382e-03
6.354321356020648306e-03
6.354447566115090616e-03
6.354556701673949766e-03
6.354650687561666338e-03
6.354731204137158314e-03
6.354799724283700241e-03
6.350585355019582046e-03
6.351123756224041905e-03
6.351579474796513296e-03
6.351966890663155764e-03
6.352297406317390996e-03
6.352580154059251499e-03
6.352822519382160700e-03
6.353030526386221032e-03
6.353209131021447451e-03
6.353362440217988349e-03
6.353493883178026359e-03
6.353606340600627053e-03
6.353702248235237188e-03
6.353783677207009220e-03
6.353852396633604543e-03
6.349642094154612018e-03
6.345890466045622964e-03
6.346837042067507602e-03
6.343336442685925010e-03
6.344517782527814287e-03
6.345526372315537546e-03
6.346391709708108092e-03
6.347137344431578836e-03
6.347782253406986964e-03
6.348341862069724166e-03
6.348828810245637014e-03
6.349253536021125070e-03
6.345332935028502944e-03
6.346151235058917171e-03
6.346854784303866508e-03
6.347462331013586229e-03
6.347988960334482664e-03
6.348446927166894252e-03
6.348846274976343781e-03
6.349195303590035241e-03
6.349500921602935569e-03
6.349768920928116310e-03
6.350004188260940929e-03
6.350210868970315205e-03
6.350392500375412821e-03
6.350552113669024473e-03
6.346414151457205159e-03
6.347028484762280882e-03
6.347553349425524676e-03
6.348003965915407186e-03
6.344101814264735059e-03
6.344931267157042851e-03
6.345641694354168735e-03
6.346253155861020755e-03
6.346781690253589653e-03
6.347240244562943334e-03
6.347639362898740110e-03
6.343696180700617894e-03
6.340180484698235489e-03
