2.828796837513424325e-02
4.031517099969817441e-01
1.439885055970542060e+00
2.210714370075359536e+00
4.145020929277184685e+00
4.938011427753316696e+00
5.024381333547467854e+00
5.028629888813238580e+00
5.044767876844907128e+00
5.052009747963028374e+00
5.063304227557778425e+00
5.077055862501860695e+00
5.096617637862625116e+00
5.124051646075470146e+00
5.161291975984882541e+00
5.210939236266713515e+00
5.276199800975160059e+00
5.360845665607490318e+00
5.357769336474312638e+00
5.463117336817362002e+00
5.592603551280541652e+00
5.752251751274459757e+00
5.740863450117315026e+00
5.927341249603805373e+00
5.917199396801859912e+00
5.916074129715914509e+00
6.120674437149499880e+00
6.345562601049674178e+00
6.334809545697790867e+00
6.334659497072816059e+00
6.568032176766786634e+00
6.566316894558609008e+00
6.803388444613102770e+00
7.048027520095414999e+00
7.289121659061641445e+00
7.272973497172105617e+00
7.265767954179467303e+00
7.268322569598137939e+00
7.481070016356994756e+00
7.481641872003181426e+00
7.671417829535962518e+00
7.672520748273879754e+00
7.836526107233022564e+00
7.982391470808629208e+00
8.106622009344947699e+00
8.208652488943643633e+00
8.204700378505133784e+00
8.284675339865495758e+00
8.349408807580081415e+00
8.400215361745678067e+00
8.400428672058131596e+00
8.437992023168664701e+00
8.468788351875645048e+00
8.493040809076457975e+00
8.512307104478891162e+00
8.514694581176602384e+00
8.521268889147437520e+00
8.531621377997984368e+00
8.543054428707554493e+00
8.552745954287161112e+00
8.557885511392536060e+00
8.563627477250056685e+00
8.570204005372699996e+00
8.576310669751100235e+00
8.582052011244449830e+00
8.587467080426458566e+00
8.592597837418942675e+00
8.597508205288075800e+00
8.600482378823176788e+00
8.602803234541724464e+00
8.606681982673444864e+00
8.610718121384557833e+00
8.614725636052732227e+00
8.622667871106823867e+00
8.633542598901986054e+00
8.632594658699661139e+00
8.635387196403314647e+00
8.638653090651214228e+00
8.646340947592586090e+00
8.658047242279231170e+00
8.657377847139439808e+00
8.659257075000972748e+00
8.669232249859284423e+00
8.683143757923851069e+00
8.682096001997530621e+00
8.697645663776139457e+00
8.695623502902606106e+00
8.695137883062162842e+00
8.696687574815410215e+00
8.699612609398318597e+00
8.703351065633970762e+00
8.707569806794502654e+00
8.711095383833340478e+00
8.713620545600862854e+00
8.717234790450287818e+00
8.721272988584955144e+00
8.725696822294271016e+00
8.730419207913652002e+00
8.735339631926576587e+00
8.740405726977421352e+00
8.741641016828726407e+00
8.744940977185908793e+00
8.749506659675800435e+00
8.754339009249957115e+00
8.759497987137264019e+00
8.764892945586444384e+00
8.770457363934905715e+00
8.776146809301808460e+00
8.781956549129555256e+00
8.783057476364406924e+00
8.786991903988530694e+00
8.792291076974443342e+00
8.797838254281556303e+00
8.800468193286638652e+00
8.804202607322004326e+00
8.809457272133283112e+00
8.815089264317466089e+00
8.821058020785404352e+00
8.827279368477974231e+00
8.833686004502741440e+00
8.835664265737035450e+00
8.841746216642746958e+00
8.844305530185945230e+00
8.849778326302347509e+00
8.855509212533391405e+00
8.861771088667179441e+00
8.868381805590548339e+00
8.875240178802124902e+00
8.877588918211818836e+00
8.882504013120700037e+00
8.888895191791391426e+00
8.895507448549340168e+00
8.902420849692433080e+00
8.909533119945237445e+00
8.916802772852427950e+00
8.924185945039043943e+00
8.931665639039534810e+00
8.933130589538500033e+00
8.938645553655369724e+00
8.945747408557737756e+00
8.949108098897138319e+00
8.954111356005116207e+00
8.960899453762650069e+00
8.968054107992067259e+00
8.975589969439372595e+00
8.978275071309182565e+00
8.983840756554108964e+00
8.991168504958210406e+00
8.998717044666877385e+00
9.006566046155509042e+00
9.014649988672134739e+00
9.016627480486903323e+00
9.022666417883153045e+00
9.030477850543473295e+00
9.038470424000129455e+00
9.041118298563203481e+00
9.047073454315222918e+00
9.054937501488600660e+00
9.058616803480209256e+00
9.064345003136965673e+00
9.072032593686268243e+00
9.080063692708904455e+00
9.088477395452633445e+00
9.097159256458205334e+00
9.106012036387900466e+00
9.114999234321365051e+00
9.124081442169744705e+00
9.133257320958268366e+00
9.134055955397416326e+00
9.138977188241240057e+00
9.143308643144059999e+00
9.148988347755933503e+00
9.155993682711294213e+00
9.163956835157501146e+00
9.172430647714692853e+00
9.176153196417493163e+00
9.183881751421170136e+00
9.194463855714728240e+00
9.199287975000089546e+00
9.207336494500706792e+00
9.215272892232418300e+00
9.223991600285401660e+00
9.233283232472064839e+00
9.235174437453123275e+00
9.242887485067429409e+00
9.246703988721225898e+00
9.254173412114170105e+00
9.261065915400493509e+00
9.268428281726803775e+00
9.274820309748323055e+00
9.280907943710653640e+00
9.288562791922947426e+00
9.294255664460141730e+00
9.303101336831174351e+00
9.314968834467801884e+00
9.322066519601962753e+00
9.325973486244786059e+00
9.336123464372057867e+00
9.340531271677271263e+00
9.351675401274022192e+00
9.355844588094035075e+00
9.359428912063235018e+00
9.364487108606699195e+00
9.370795580682205639e+00
9.378001960143587112e+00
9.385845905516902121e+00
9.394160036964175120e+00
9.402845127849616347e+00
9.411809010834438993e+00
9.421042705915597892e+00
9.430468282403918323e+00
9.426312957433506057e+00
9.434875916719342115e+00
9.444329401965157800e+00
9.442742104497691358e+00
9.451063303991677600e+00
9.460358684657872885e+00
9.460249852254637659e+00
9.463936832776463248e+00
9.471567167456928615e+00
9.480408266504971593e+00
9.489305464631003773e+00
9.498701861846448935e+00
9.508479669993743499e+00
9.518537173213651670e+00
9.528761747810383653e+00
9.539137123351885350e+00
9.549636275286689013e+00
9.560225721056196946e+00
9.557265188983302906e+00
9.558465670128009961e+00
9.565426663832546694e+00
9.576219948542114224e+00
9.586671365189873839e+00
9.597319567660738571e+00
9.608196829056748101e+00
9.606602768580408735e+00
9.608821498550382145e+00
9.614164738150483558e+00
9.621084763398210171e+00
9.627611491063831295e+00
9.632337182691037114e+00
9.656914634679012011e+00
9.662460907630583407e+00
9.667637116359211191e+00
9.712465644400426257e+00
9.733929145692256313e+00
9.749995055429620194e+00
9.764817984051225253e+00
9.778960198642579371e+00
9.792368508943082972e+00
9.804994912247071426e+00
9.797798025608580375e+00
9.810956725841723625e+00
9.821551655815378368e+00
9.831723719685523832e+00
9.841765896882288089e+00
9.834166692438309099e+00
9.830087935583820880e+00
9.842866992692192341e+00
9.852083189389190920e+00
9.860916837823955561e+00
9.856775603482592629e+00
9.855611856121797132e+00
9.855995785427097644e+00
9.872792109492266377e+00
9.881139611826748492e+00
9.888720349191297387e+00
9.888319032459515157e+00
9.897156733554091090e+00
9.898301358937148464e+00
9.906883489918609342e+00
9.909438314138375503e+00
9.917450535239835219e+00
9.923374306673078848e+00
9.924649566169167159e+00
9.932226879203293279e+00
9.938319120219670566e+00
9.944964059848812710e+00
9.952219483083105445e+00
9.959955554338206341e+00
9.956043281377725762e+00
9.964626407066988989e+00
9.972719281527041346e+00
9.980894959900737717e+00
9.977267105095769750e+00
9.985844367018914980e+00
9.994304740676625443e+00
1.000281944887974639e+01
1.001157453546806408e+01
1.002053263257598203e+01
1.002968199663780524e+01
1.003895804372651845e+01
1.004836347105464256e+01
1.005788303273447859e+01
1.005309446220300451e+01
1.005158658220668322e+01
1.005845780474897744e+01
1.005714004013343654e+01
1.006681512448686888e+01
1.006689819866811497e+01
1.006933259882952569e+01
1.007814530691766386e+01
1.008127792557718294e+01
1.008621501993444092e+01
1.009632818469356863e+01
1.010295125945746086e+01
1.010661519937334596e+01
1.011239400894135976e+01
1.012055453133608118e+01
1.012745395969696105e+01
1.013306151417867795e+01
1.013703510859866697e+01
1.014097020231672985e+01
1.014618017516118975e+01
1.015068862192720012e+01
1.015569577614243357e+01
1.016080662755023134e+01
1.016532944020698714e+01
1.017099502453952020e+01
1.017769346000286390e+01
1.018557452518222917e+01
1.018660252166143110e+01
1.019260488686706800e+01
1.019962760753679731e+01
1.020655265431786951e+01
1.020648145120478922e+01
1.020732541375894087e+01
1.020940279172028831e+01
1.021251461474277633e+01
1.021644247551454932e+01
1.022101567794565113e+01
1.022610723679170874e+01
1.023161972843020351e+01
1.022745297747221649e+01
1.023332882112029019e+01
1.023935746871074315e+01
1.024546656303738779e+01
1.025183026770423744e+01
1.024851178080657554e+01
1.025445054421940760e+01
1.026115837456563007e+01
1.025906300123728876e+01
1.025929367317209717e+01
1.026433387379928242e+01
1.026484953620626328e+01
1.027116934182344998e+01
1.027254604843498242e+01
1.027787388083811670e+01
1.028309018140314990e+01
1.028855804005586805e+01
1.029437730741259216e+01
1.030047501392313869e+01
1.030678178487147889e+01
1.031325590157657857e+01
1.031068836553334656e+01
1.031578267194390364e+01
1.032247203586347162e+01
1.032914167154770979e+01
1.032706309350501783e+01
1.032740514444015645e+01
1.032952981541772886e+01
1.033631238112883111e+01
1.033532341042140601e+01
1.033651835509202854e+01
1.033871955785511076e+01
1.034473111546093449e+01
1.035072250047273812e+01
1.035695216025070664e+01
1.036335523234713030e+01
1.036121456529943607e+01
1.036554378079818761e+01
1.036393880315271865e+01
1.036820016773834574e+01
1.037433415144213811e+01
1.038052407318209625e+01
1.038684896763261989e+01
1.038471196740938751e+01
1.038853533108188820e+01
1.039493060668724489e+01
1.039298033397610510e+01
1.039659000946578438e+01
1.040288121285975720e+01
1.040095837082405694e+01
1.040147519658175135e+01
1.040039514815743793e+01
1.040632104385333889e+01
1.041231854241655697e+01
1.041849014616281366e+01
1.041619999099035887e+01
1.041639142454571676e+01
1.041472097692463450e+01
1.042060735770262347e+01
1.042657035241173702e+01
1.043266774107395811e+01
1.043020286897545290e+01
1.043023554108312112e+01
1.043350920081411459e+01
1.042369613382808069e+01
1.042237614758502495e+01
1.042360466106129735e+01
1.042750031296672297e+01
1.042079943715110701e+01
1.042343750947251557e+01
1.042713295749366509e+01
1.043178162444611878e+01
1.043697466152841713e+01
1.044239298729982757e+01
1.044795592672926610e+01
1.045352642779183405e+01
1.045044713024108241e+01
1.045296061432985901e+01
1.045849262588355266e+01
1.046403124542963781e+01
1.046958161535276410e+01
1.046713744563465909e+01
1.046684696015030447e+01
1.046992526665946244e+01
1.047689106857965058e+01
1.045335564481779578e+01
1.045823232353535381e+01
1.045573783746530871e+01
1.045720749552584827e+01
1.046206301945034767e+01
1.046733407210219013e+01
1.047274729052828057e+01
1.046921273109207107e+01
1.047119765566000993e+01
1.047636858745588206e+01
1.047290301023316772e+01
1.047448798208562337e+01
1.047941062718679639e+01
1.048435726754600239e+01
1.048120214570609399e+01
1.048242864136041952e+01
1.048722467072459352e+01
1.049203582121485212e+01
1.049689158362530961e+01
1.050165947592620519e+01
1.050640685329127244e+01
1.051112014445051379e+01
1.051000705614415232e+01
1.051064463302276408e+01
1.051533499459303478e+01
1.052006211391961621e+01
1.051878134891706829e+01
1.051921643766744374e+01
1.052385960348905058e+01
1.052852898317727259e+01
1.053320892064818359e+01
1.053780657155783729e+01
1.053716129408474877e+01
1.053723402969417400e+01
1.054167552864669410e+01
1.054616416565391468e+01
1.055064326719846335e+01
1.055505337744432381e+01
1.055940099789626530e+01
1.056367212871717420e+01
1.056788765240361982e+01
1.057203665051133967e+01
1.057613757830301005e+01
1.057776420882038693e+01
1.057717035124881377e+01
1.057761034606515871e+01
1.058052878467563396e+01
1.058754935683253251e+01
1.056609371143378340e+01
1.056599988456115291e+01
1.056969191754317805e+01
1.057773873118519070e+01
1.055541366994003383e+01
1.055859251022862111e+01
1.055002113104763950e+01
1.054911648658546852e+01
1.055145542955246718e+01
1.055538346577634456e+01
1.055996918597245759e+01
1.056473688334679295e+01
1.056949218885479880e+01
1.056605139923915893e+01
1.056522477078929079e+01
1.056892921480846859e+01
1.057815225629877709e+01
1.054236732195865933e+01
1.054428063928290449e+01
1.054106491170553639e+01
1.053901450279250795e+01
1.053557595706043237e+01
1.053337931793988247e+01
1.053635583017765853e+01
1.053213759367843316e+01
1.053110663218133070e+01
1.052220643772031572e+01
1.052461882310582908e+01
1.052785151715983147e+01
1.053147726393809691e+01
1.053526135688205478e+01
1.053907487491475514e+01
1.054286071136012382e+01
1.054661689143050829e+01
1.055031044562869624e+01
1.054912635279477584e+01
1.054825283581019946e+01
1.054588703274792927e+01
1.054472658906309057e+01
1.054828434535284032e+01
1.054546638416502624e+01
1.054423551099555389e+01
1.054776835089468179e+01
1.055139095584635633e+01
1.055494302974946130e+01
1.055842358073487652e+01
1.055711425402638426e+01
1.055779171448307174e+01
1.056264130120378830e+01
1.053961617855426702e+01
1.053670015637207058e+01
1.053741177318456224e+01
1.054300113111773385e+01
1.055375128393095885e+01
1.056876621420749451e+01
1.051601246872533046e+01
1.050957146871573045e+01
1.051010163181990542e+01
1.050284187139722469e+01
1.050226715773355934e+01
1.049657101178654450e+01
1.049690446937827915e+01
1.049904105120495679e+01
1.050199545190549877e+01
1.049834903065745983e+01
1.049772500021696331e+01
1.049400572780306362e+01
1.049298953796023959e+01
1.049554229948911299e+01
1.049828713651165124e+01
1.049510766424665675e+01
1.049411448251664325e+01
1.049665949313632041e+01
1.049925341250853705e+01
1.050180630944635141e+01
1.050431994371044375e+01
1.050676335755932378e+01
1.050917265534493339e+01
1.051152108286435904e+01
1.051205273807355667e+01
1.051369429977073189e+01
1.050529202986465549e+01
1.050759039687103247e+01
1.051006829639052675e+01
1.051252410398293868e+01
1.051489975380991559e+01
1.051714318543470483e+01
1.051930056111057610e+01
1.052135074285708072e+01
1.052334272131765047e+01
1.052526277891813322e+01
1.052760577024733379e+01
1.053105992555824422e+01
1.052164718325392734e+01
1.052336318739326515e+01
1.052535918469854082e+01
1.052737579577573257e+01
1.052933760191362289e+01
1.053117362429377124e+01
1.053290507193493220e+01
1.053454297123303540e+01
1.053609909180585369e+01
1.053860353650938997e+01
1.053579165681295216e+01
1.053717739414128651e+01
1.053863100941141795e+01
1.054006071876492179e+01
1.054145634313723257e+01
1.054277056860868456e+01
1.054557347944046164e+01
1.054241786329806096e+01
1.054351347467885347e+01
1.054471220661808850e+01
1.054681119633343123e+01
1.055078548597418653e+01
1.053975685111442040e+01
1.054039943227693854e+01
1.054151388164298986e+01
1.054199953272831003e+01
1.054485289428190242e+01
1.053347252114469157e+01
1.053409175051834445e+01
1.053525424569144242e+01
1.053481771575281911e+01
1.053130412583133690e+01
1.053246103097052710e+01
1.053179460094556852e+01
1.052821797033730888e+01
1.052935104237954533e+01
1.053070216144669224e+01
1.053210643546349701e+01
1.053208124056741113e+01
1.053436546689176723e+01
1.052267560929400148e+01
1.052346212038621509e+01
1.052477021895011866e+01
1.052623473144895883e+01
1.052776674386058886e+01
1.052789516048081531e+01
1.053026281110729379e+01
1.053665974856853182e+01
1.054807576523400847e+01
1.050716142180397839e+01
1.050615542675996572e+01
1.050503191037283734e+01
1.050033551560388467e+01
1.050133553849338952e+01
1.049937286527709546e+01
1.049610701643084454e+01
1.049776809857496218e+01
1.049980883130577070e+01
1.049806546907474747e+01
1.049541330816739659e+01
1.049332603624970695e+01
1.049029406257204045e+01
1.049196142881966232e+01
1.048994833860268194e+01
1.049038751620629917e+01
1.047972345929913551e+01
1.047745330756487014e+01
1.047809408058041214e+01
1.046672253634218208e+01
1.046678628022809399e+01
1.046791870833583005e+01
1.046587395555175881e+01
1.046302551760727972e+01
1.046443939487108565e+01
1.046609448181760804e+01
1.046782590641913835e+01
1.046958281705960658e+01
1.046948260304114697e+01
1.046694154820108835e+01
1.046613217467374568e+01
1.046336691769156069e+01
1.046207324963228125e+01
1.045915897731594058e+01
1.046053698492559292e+01
1.046212121501730152e+01
1.046373049137468847e+01
1.046531602885881895e+01
1.046577634949934499e+01
1.046305786989418785e+01
1.046446976359135483e+01
1.046594602054590339e+01
1.046738913570748686e+01
1.046883599253873065e+01
1.047021246219505208e+01
1.047156986581681615e+01
1.047288679968525749e+01
1.047609669660359977e+01
1.047309047802950310e+01
1.047431893846391482e+01
1.047651875833886415e+01
1.047343617642856373e+01
1.047460634133180868e+01
1.047125913149350040e+01
1.047231657334241284e+01
1.047356148363842898e+01
1.047453253049175181e+01
1.047139790909933055e+01
1.047175989180264288e+01
1.046827500813825473e+01
1.046911730655960682e+01
1.047016937033826345e+01
1.047124926533070699e+01
1.047227152462904520e+01
1.047326612763299991e+01
1.047513069049631085e+01
1.047167847002282137e+01
1.047242853105722205e+01
1.047328834715204415e+01
1.047507424278384036e+01
1.047867954435408855e+01
1.046781980078458041e+01
1.046837742513852554e+01
1.046389406869571914e+01
1.046407615699805937e+01
1.046683444562346565e+01
1.047322073577757706e+01
1.048364127474891383e+01
1.049758469795866134e+01
1.051372786979363383e+01
1.045349843277739765e+01
1.044602917687283217e+01
1.044366602843206771e+01
1.044428253079298230e+01
1.044753987702535269e+01
1.043783278380942647e+01
1.043919477540000962e+01
1.043412597899746963e+01
1.043509573489149211e+01
1.043837379437582058e+01
1.042910522728316991e+01
1.043108124226895939e+01
1.043510691136397206e+01
1.044123538890391423e+01
1.042686463515776474e+01
1.043113262544806119e+01
1.042289269779275429e+01
1.042668737340496143e+01
1.043191037930770193e+01
1.043841256662381234e+01
1.042534053021369722e+01
1.043069226537860494e+01
1.042162425937581816e+01
1.042650083569696307e+01
1.041860256190973288e+01
1.041327249531675214e+01
1.040957626763678867e+01
1.041239004935396650e+01
1.040842535674396707e+01
1.040586165241825789e+01
1.040397385128840391e+01
1.040258898277676813e+01
1.040163887460688308e+01
1.040103964310303475e+01
1.040072695785169188e+01
1.040066137143158720e+01
1.040080680123758938e+01
1.040110859949829702e+01
1.040422227380053677e+01
1.040353128763598178e+01
1.040694418031121771e+01
1.040659163817313093e+01
1.040731064496463354e+01
1.041089108531684282e+01
1.041013865276869055e+01
1.041047417780226780e+01
1.041399503073497002e+01
1.041787712750483053e+01
1.041467311057045819e+01
1.041459933904182655e+01
1.041424774548176657e+01
1.041732812094197769e+01
1.041541935774499272e+01
1.041470973657195920e+01
1.041384372411122605e+01
1.041290186422684627e+01
1.041613545463869706e+01
1.042001409180669214e+01
1.042462627083692617e+01
1.041642101161849077e+01
1.041903030156773191e+01
1.041674987782641715e+01
1.041542409009044867e+01
1.041406452743278344e+01
1.041661569415608923e+01
1.041386809807429970e+01
1.041240725423114633e+01
1.041092838382907892e+01
1.040946588554734120e+01
1.040806059877774103e+01
1.040668929003886056e+01
1.040541036992844859e+01
1.040419422420028006e+01
1.040308859412410847e+01
1.040694493870774728e+01
1.040407586553705599e+01
1.040326439181329654e+01
1.040720965782342766e+01
1.040450287766823756e+01
1.040368261822456297e+01
1.040748772825959634e+01
1.041190529142723697e+01
1.041717225773649957e+01
1.042348741828171477e+01
1.040882658554874496e+01
1.040790199178319853e+01
1.041063293005886869e+01
1.040807140825903865e+01
1.040709065346969453e+01
1.040620011178389248e+01
1.040862735739299971e+01
1.041189525410187855e+01
1.040697476526364795e+01
1.040576012001763218e+01
1.040452162477546416e+01
1.040700593365910542e+01
1.040419441096742048e+01
1.040670656273624139e+01
1.040381001540868589e+01
1.040230462356731422e+01
1.040078781436821309e+01
1.039932530689785928e+01
1.039787922760038086e+01
1.039650812317002604e+01
1.039976876929506489e+01
1.039661245321866900e+01
1.039536672349352564e+01
1.039877485677268609e+01
1.039570155932251794e+01
1.039893797790344543e+01
1.039590703477630207e+01
1.039456766151243450e+01
1.039774518800389558e+01
1.039458643950701067e+01
1.039314724293213743e+01
1.039171161468599180e+01
1.039502913537826956e+01
1.039903189640183001e+01
1.039292708877186300e+01
1.039139798305300033e+01
1.038987207382197653e+01
1.038838933321126490e+01
1.039167061360262423e+01
1.039569249871423118e+01
1.040059260293543275e+01
1.039055091000468245e+01
1.039325187689223640e+01
1.038998026892003601e+01
1.039264617827064363e+01
1.038922367923541579e+01
1.038732943843694123e+01
1.038562380602328084e+01
1.038408528834084521e+01
1.038261637150933403e+01
1.038123367081966286e+01
1.038440295044118500e+01
1.038131555826109498e+01
1.038006736554821074e+01
1.037883214724723047e+01
1.038243795883645504e+01
1.037939984571738883e+01
1.038287443505230456e+01
1.037992061310822756e+01
1.038317658972513691e+01
1.038022829134384750e+01
1.038329087606908629e+01
1.038683031924999334e+01
1.038152130940563467e+01
1.037989035323280973e+01
1.037834960369568904e+01
1.038122531739306353e+01
1.037817222019480923e+01
1.037663387333092402e+01
1.037512635493964019e+01
1.037366197543625113e+01
1.037225101594211196e+01
1.037089042020665630e+01
1.036959873096168572e+01
1.037364150511577066e+01
1.037051573127135029e+01
1.036943258712639349e+01
1.036833797386658951e+01
1.036728433050400611e+01
1.037183392703893503e+01
1.037714799672700927e+01
1.038326425076659199e+01
1.037305299161130279e+01
1.037208949457282259e+01
1.037116043559528222e+01
1.037473085661970629e+01
1.037898727163782020e+01
1.038404262814673551e+01
1.038993272033636472e+01
1.037680885512851070e+01
1.037545052022206349e+01
1.037440020060343038e+01
1.037718591664861734e+01
1.037474473488193993e+01
1.037756723690139538e+01
1.037509474016687960e+01
1.037791960665856905e+01
1.038127310957974636e+01
1.037681332139696799e+01
1.037515497356475436e+01
1.037365338596765874e+01
1.037230734409254573e+01
1.037104532737775564e+01
1.036987035305707572e+01
1.036875933591403687e+01
1.036772022253657077e+01
1.036675309784605226e+01
1.036586382946378215e+01
1.036505316020047651e+01
1.036930946957141053e+01
1.036682651150091594e+01
1.036625092797473791e+01
1.036563667637209285e+01
1.036496369816465979e+01
1.036983205327680047e+01
1.037544464053092064e+01
1.038173575523751424e+01
1.037269540403481471e+01
1.037658183312775328e+01
1.037455167617965124e+01
1.037379002527763738e+01
1.037741544274896022e+01
1.037508712658745225e+01
1.037412722918286789e+01
1.037312775488666539e+01
1.037209042397388714e+01
1.037098738495328476e+01
1.036986508402744356e+01
1.036870972328205553e+01
1.036757672905623195e+01
1.037178448219233928e+01
1.036874824649072124e+01
1.036766511040583971e+01
1.036654196062900724e+01
1.037109455664044866e+01
1.036801660854524343e+01
1.036684389211098178e+01
1.036565953579870047e+01
1.036445205538757186e+01
1.036324092691666188e+01
1.036202748087120007e+01
1.036083666579747664e+01
1.035966552710862310e+01
1.035853135164612304e+01
1.036387487297662879e+01
1.036048138265821805e+01
1.035933638593672690e+01
1.035820480106098884e+01
1.035711954798119727e+01
1.035602746303054289e+01
1.035496319365572049e+01
1.035389888244980661e+01
1.035961494216764400e+01
1.035613746596608209e+01
1.035491220282068348e+01
1.036071922215318786e+01
1.036768464841881432e+01
1.037564768569988694e+01
1.038422835764029273e+01
1.039284017142726135e+01
1.037262826402686677e+01
1.037068767126791258e+01
1.036959591715568330e+01
1.037413931164756598e+01
1.038002829157600004e+01
1.037459680351150304e+01
1.037331579655448444e+01
1.037263533982141617e+01
1.037230580766542687e+01
1.037212101165527756e+01
1.037198123576323106e+01
1.037183153984999784e+01
1.037497640467672433e+01
1.037263243641666755e+01
1.037216746304421733e+01
1.037166240230505743e+01
1.037114616537795087e+01
1.037058356548205573e+01
1.037000656262882714e+01
1.036937235535776836e+01
1.036874042346860314e+01
1.036806729586689180e+01
1.037242973674461943e+01
1.036934070019551335e+01
1.037405883414675323e+01
1.038000609764429427e+01
1.037342513276670708e+01
1.037194442272408423e+01
1.037657025502120689e+01
1.037299739776920759e+01
1.037758734791857052e+01
1.037389388767643794e+01
1.037218137194476419e+01
1.037643416873704183e+01
1.037279449222837080e+01
1.037108304897623690e+01
1.037518038208466109e+01
1.038031746401120436e+01
1.037390283657160950e+01
1.037173211019181629e+01
1.037579016270616350e+01
1.037194926193836153e+01
1.036991242094405585e+01
1.036808383153252677e+01
1.036643311827082492e+01
1.036488781809633686e+01
1.036345324495187370e+01
1.036208876126665501e+01
1.036080307429232938e+01
1.035958461791619989e+01
1.035844802033233769e+01
1.035735564798461183e+01
1.035634693244780991e+01
1.035537331554769480e+01
1.036036581334041173e+01
1.036678092524353900e+01
1.036001556290294801e+01
1.036517808621439229e+01
1.036180540821162843e+01
1.036683976821264430e+01
1.036331187295138889e+01
1.036181518087495768e+01
1.036057372565243284e+01
1.036502843242726080e+01
1.036173442838817316e+01
1.036622439772244597e+01
1.037160526520403003e+01
