1.204958851429762702e-02
4.096105471066687560e-04
9.821655032630192701e-04
9.895377589341746696e-05
5.652782121632723067e-04
2.501216469749888952e-04
7.230885609453607853e-04
1.497511866402413715e-04
1.523443460999571826e-03
1.698518828909236433e-04
1.214009802186116413e-03
2.286508670250355626e-04
7.193490185421023021e-04
3.069736797614128817e-03
2.198419514493767102e-03
1.161140479247839766e-02
9.675418879412011827e-03
6.395406340018830113e-03
6.425567634930656746e-02
4.999999999999994449e-01
2.322266570602059266e-02
6.402604358909242711e-03
9.833411953867788810e-03
3.181859938441675920e-03
1.610971698915171718e-03
4.475948390511793359e-04
7.764456454574514407e-04
1.603184398305842204e-03
3.122976067393950627e-04
3.977205089950676723e-04
9.193827208501431951e-04
4.134310501827495230e-04
5.887758631822527121e-04
8.934103120224352055e-04
2.761462579405244712e-04
1.267275901125651527e-03
2.025477571612514186e-04
1.626205237261630352e-04
1.390905681696964563e-04
2.188182675711275178e-04
5.531823999496836590e-04
2.949202970917759329e-04
5.613813600823721337e-04
6.542022204293978203e-04
1.533644451821203250e-04
6.469841354155386704e-04
2.810041407285702986e-04
4.405183825691426922e-05
2.565502278783558625e-04
2.762883774703259058e-04
4.851818093513019225e-05
3.470618042850493709e-05
6.910378943241865697e-04
3.308253402526343542e-05
4.048355493185152990e-04
1.411382189439881730e-04
1.023861086672260882e-04
3.597875691754981719e-05
2.890820388462346342e-05
2.905954943429167045e-05
