9.949424877475411549e-07
1.108991998101110192e-06
1.243173682633021017e-06
1.647450281040583107e-06
1.670460337347637723e-06
2.014278182377484234e-06
2.507653322673312861e-06
6.601914893529239714e-06
5.687748299983798867e-06
5.347157085662894563e-05
6.901589795514953316e-06
8.724561746587702177e-06
1.085581264958980422e-05
6.489124994912773292e-05
1.609148254285063665e-05
4.993532992976619457e-05
2.275686494778182133e-05
3.588223254458019004e-05
5.412698556905300135e-05
1.328613080532628716e-04
8.703647962618306041e-05
4.824286615482228691e-05
1.433872063335891588e-04
2.865827901678566166e-04
1.153996483287575799e-04
8.713310379386299763e-05
1.688639462344945124e-04
1.123826987785764070e-04
1.197494126274087307e-04
1.760984249965972886e-04
1.586637213985479084e-04
1.846874271684783805e-04
2.005562532054328397e-04
3.222836004640661418e-04
2.665937804994510129e-04
6.247308581659673146e-04
3.857880665183935766e-04
4.492587632065224630e-04
8.207306167213007479e-04
9.107687241072932828e-04
8.744273506172502890e-04
2.195143220906098629e-03
1.498546435876358133e-03
3.453961625897680656e-03
3.152390234837861103e-03
1.121714047778990357e-02
6.767577344407007568e-03
1.692452815265123311e-02
2.288246068216951215e-02
5.290182990497700050e-02
2.711480142115010317e-01
5.000000000000000000e-01
1.220889588934993969e-01
4.891366779131321035e-02
2.040473421523660708e-02
9.330993608552780316e-03
8.747177775648729350e-03
6.434231840356523409e-03
3.593640299327707961e-03
3.588410455680608041e-03
