4.320734154103899601e-05
4.802149318296776437e-03
4.135907078986269213e-03
2.059437002793345912e-04
2.492596555450068627e-02
2.343491025074238496e-02
1.075907857467365636e-03
4.233152088663151048e-03
8.842238839664249683e-04
8.054761270034381591e-05
2.722727661210677663e-02
7.922568773523534780e-03
1.869303897376213379e-03
2.239204121679063807e-03
1.952384329414721996e-03
2.484209462123848221e-04
8.034990626133034844e-04
2.092413917480919622e-02
4.600039988260749141e-02
2.248857420605099994e-02
6.036140923910192878e-03
1.095335862695335782e-01
2.288244131514208940e-02
1.939217062363383579e-02
1.598572667465437275e-02
1.767527960714105131e-02
5.497190659237644744e-02
1.353825095071415352e-01
3.903246163675798408e-02
2.289708905239798420e-02
2.639595745613104172e-01
4.804400404405008707e-01
3.369989660182809987e-01
4.115340785139822710e-01
4.882188196073072861e-01
5.484132014724837356e-01
5.594226516713821651e-01
7.158660745183036411e-01
8.352636517027160756e-02
2.176764338145357747e-01
3.286821001003986664e-01
5.132346447214694574e-02
1.867787384931171302e-01
2.890028275967306270e-01
1.484710953685124644e-02
3.267220782995670231e-02
1.040103331279951422e-02
2.363821772337829780e-02
6.460786452332013818e-02
5.475575719455073181e-02
4.375377871276218446e-03
5.669086598448116847e-03
8.872146330925588173e-03
1.486235104127099117e-02
2.567944518858828601e-02
1.661337204824307745e-02
8.505231407738090069e-03
6.681277700234678624e-03
1.899554370442361811e-03
5.016701678318836143e-03
6.754981419649852374e-03
4.254615155331289283e-03
4.933650122625903717e-03
8.554706429773963408e-03
1.235936450829351087e-02
3.839571773764303021e-03
2.536003003925333364e-03
4.537949882732225312e-03
1.138194047914673455e-03
2.678844453399270055e-03
4.882661171236248217e-03
4.442385991699945337e-03
8.561655996980289604e-03
7.444281525497875758e-03
9.659214856573713169e-04
1.236450125507407814e-02
1.840707189451968023e-03
4.671311000226157674e-03
1.393935940383083045e-03
2.226640331088585584e-03
1.088328459764883885e-03
4.092499488997888499e-03
1.289396582137083101e-02
1.232879942745120560e-03
2.408890216253806865e-03
1.460551011651751432e-03
1.728332598648211257e-03
1.580227856256184249e-03
2.453800239055575587e-03
2.290239167581766943e-03
9.343050653295201886e-04
2.815562733944846057e-03
2.019155521418376266e-03
5.168191030592237875e-03
2.792265219563240791e-03
8.893385769472822444e-03
9.951700919080668298e-03
1.046248762299953035e-03
2.764937113366973225e-03
2.542400576741455590e-03
