1.844624496136360514e-03
4.005282058478110575e-04
2.789437423064681457e-03
3.013818108629340038e-03
3.594213442079537249e-05
3.262920876433829040e-03
1.536305908676312759e-04
1.325952287227706757e-02
4.725610298912653840e-04
6.679378476941432450e-05
4.411277041217299445e-03
3.329904724203443158e-03
3.575075382068142573e-04
3.002338661903834489e-03
5.184170010004414495e-04
2.123256431224857486e-03
3.456118335593840688e-03
5.285637440525846852e-03
1.704824078955442107e-02
1.066094808791949282e-03
2.257761792125259973e-03
3.953802209493162585e-03
2.091751447614813471e-03
3.933061578573838861e-03
3.480346165600189424e-03
3.267483097056551444e-03
1.983627736893930904e-02
5.173177696033394272e-03
1.184573074237448183e-02
1.010017638333611523e-02
2.788066032653645915e-02
2.630214310862203503e-02
3.460193948412732673e-02
2.130157433154653349e-02
4.035154628706504043e-02
6.566076810720748724e-02
5.276979664251491009e-02
9.858823293815641153e-02
2.118791572539064361e-01
5.351451218832845719e-02
2.807492392861089536e-01
1.359918513030564657e-01
3.841850467427435634e-01
4.965477310022881063e-01
3.382599186115636813e-01
3.999942250664469401e-01
4.368416735175319476e-01
2.164932151632729673e-01
1.430982021317903363e-01
1.038651398662462366e-01
5.610557896000371858e-02
7.532066257249084296e-02
4.247548905220577264e-02
9.140039445634658144e-02
1.134051862835696589e-01
1.469196183075173467e-02
3.835920822906521699e-02
6.061916102241940441e-02
1.475011450472590857e-02
3.168242485239146367e-02
2.837987154215090152e-02
2.428104293617305495e-02
1.191598384482465273e-02
1.558812070724518821e-02
1.291873284183805808e-02
4.662225675155806139e-03
1.253662248058506727e-02
2.045450431749524373e-02
1.686992311805744771e-02
7.192739373899964886e-03
4.126679179374618742e-03
1.107904809738496400e-02
5.932897992816612252e-03
4.698135190023528147e-03
3.166312343659149001e-03
4.338252678354548655e-03
8.355759746877126914e-03
3.026322081622645401e-03
7.644180821039454725e-03
3.091306887799125710e-03
6.851392429817376555e-03
3.661007035441109659e-03
5.119823872226723048e-03
2.979907930206025877e-03
1.058563217907523488e-02
6.646039454821430804e-03
3.874327660243941443e-03
2.364042835956956228e-03
3.942751157636015767e-03
3.866265628995053331e-03
9.669925267926796422e-03
1.628658209713326624e-03
7.363140976330414741e-03
3.067115066163926367e-03
2.342318029199487363e-03
4.149682818391828287e-03
3.525854421478956911e-03
3.305834096637220911e-03
2.176772361334671380e-03
1.837952460718217385e-03
