2.238239572123445727e-05
2.141623188211314017e-05
1.365034510746557402e-04
2.515201487427372068e-05
1.474194702683140421e-04
3.066814541061268741e-05
3.444644258725095535e-05
3.924763857339986578e-05
4.542181039331152274e-05
1.007031016326937660e-03
6.339934689563577277e-05
7.584901743312585053e-05
9.092139348601213059e-05
1.093685236156463121e-04
1.806912789727385682e-04
5.047364722632385935e-04
1.814038478101766207e-04
3.343406008841455826e-04
2.418030344490715950e-04
4.487799151195435727e-04
3.179791612673496526e-04
2.808135988558663112e-03
4.050362725415813741e-04
4.549185403179858392e-04
5.088848364909825213e-04
1.376183458950879695e-03
6.314878124716560544e-04
7.336479940083637154e-04
9.523330364224103124e-04
8.509856273852957993e-04
1.361858246231687679e-03
1.029509714490004337e-03
2.886194833664243453e-03
1.238064731457227561e-03
2.071117378413162707e-03
2.945636111379179925e-03
1.705682023710890054e-03
1.827920075694994132e-03
2.600406485303059009e-03
2.367449752189111981e-03
2.310831666990376728e-03
1.117222655981040848e-02
6.656174508911787656e-03
4.836828059807760788e-03
6.532290759641450062e-03
4.044059445551220940e-03
4.969883021216723283e-03
5.759819068158656893e-03
6.304433879988811766e-03
1.107194070997543668e-02
7.602634845963071770e-03
9.146103409533028195e-03
8.111340930075369021e-03
8.420916454556734779e-03
9.474133144650200705e-03
2.185439973090615856e-02
1.933942610633515927e-02
2.095008972407571071e-02
3.048126030113647300e-02
3.054470472752315174e-02
3.698081662678073811e-02
4.006760277515685614e-02
5.835199817986241183e-02
9.069212352308671232e-02
7.433430518436608125e-02
1.285663242302229337e-01
1.696576114157643256e-01
1.657068241564720879e-01
2.001468136373436013e-01
3.413506366428604166e-01
4.319577752654962799e-01
4.389973585912945730e-01
4.613830928851296864e-01
5.001599238650401569e-01
4.979450914770827685e-01
4.356275374744124074e-01
4.103030935256239964e-01
3.939890856038151257e-01
3.322814131632725321e-01
2.314261801424520038e-01
1.563075345419540074e-01
1.578389806115898797e-01
1.123812802797187066e-01
7.379349116489263005e-02
7.108415691645401935e-02
4.294180055043723271e-02
8.889850149307473859e-02
5.842802883890850507e-02
4.750937446729908142e-02
3.543576622421845679e-02
4.306346550407498530e-02
2.454119739670508962e-02
3.326738964699188505e-02
4.444863737225376171e-02
2.464342603285215455e-02
2.946359743981726009e-02
1.888795945282472841e-02
1.691481839463991957e-02
1.897259896339027752e-02
2.179296262691511263e-02
