9.667483021077322982e-04
4.686643930792040578e-05
2.348258562611176898e-05
9.319805615481089071e-04
2.807548135867023376e-05
3.526289287188113538e-05
3.992277600497857272e-05
3.987498794509701240e-05
4.614934511560938419e-05
6.324797541292889909e-04
7.835313760026324211e-05
9.741372511626291341e-04
3.348730278674600389e-04
4.752355604493970279e-04
2.267743632763747665e-03
1.556949501961266732e-04
1.328107452531808279e-03
2.129033363976243741e-04
3.966868092565730927e-04
2.828283119418761350e-04
3.660740460747038722e-04
9.212721087026121223e-04
1.005913616296822159e-03
1.599359132708035600e-03
5.886874009687104474e-04
1.623924136357943280e-03
3.680631774382623310e-03
7.343606269526579576e-04
8.276998374432515630e-04
3.280741949023243884e-03
9.696274001585015274e-04
2.251724879184573754e-03
1.696081326133319243e-03
1.553264011475424290e-03
2.464000800667696684e-03
3.886741180645147693e-03
2.343313879259939243e-03
7.069002076160247824e-03
5.920965406707947958e-03
3.000714754120655057e-03
6.176175191076514748e-03
5.453529013630887580e-03
5.206170384531447898e-03
6.373178866441844663e-03
5.580413917907362312e-03
1.145835894390048910e-02
1.030683574893971090e-02
1.492589859124673207e-02
1.472417132730603588e-02
2.708178237857753259e-02
1.275569656264854967e-02
1.384129905779627259e-02
3.176966896941095519e-02
2.379487483789972588e-02
2.362840208708771872e-02
2.513992669547261347e-02
5.465858008437347176e-02
6.740100985002552003e-02
1.739279857279811825e-01
7.975770102874407685e-02
2.810725091978358847e-01
1.518847974623432906e-01
2.100011300197885122e-01
2.870846025936052426e-01
4.910085286426369988e-01
4.775302443679533826e-01
5.279292489671968402e-01
4.241506045996727425e-01
4.299595240242672922e-01
4.813795382354394969e-01
3.335123069625785530e-01
3.244462536573310962e-01
1.754044978476809458e-01
7.225414335735537430e-02
7.201440190314464806e-02
5.728905920781127842e-02
4.425730304131397785e-02
6.876520932792033747e-02
6.184640608286490898e-02
5.206484774301423785e-02
3.145719305756027040e-02
2.271920221276538254e-02
3.367913485217485792e-02
3.158716308340747680e-02
3.489084232153610160e-02
2.579118552341963522e-02
1.669898047960661353e-02
1.190526176718851963e-02
2.268866549327786669e-02
2.720068889120436442e-02
1.327912418761341938e-02
2.627777755672858206e-02
1.989686985955134435e-02
1.492357370710859638e-02
1.158569169692220090e-02
1.030821088823961028e-02
1.508611292999126156e-02
7.423727235271184235e-03
8.451357173702798292e-03
6.841157334450097445e-03
