8.580945053133096426e-04
1.892021085712810857e-01
1.323515257304099489e-02
1.462571049071548501e-01
2.541779889063851619e-02
2.994006504685079763e-03
1.622193118875236637e-02
1.014398935467801868e-02
8.358097664026724327e-02
2.069212460061713860e-02
2.372325184772981765e-02
1.381510817638107423e-02
2.400833352784819807e-03
1.806268905740666042e-03
4.227866342508831282e-02
8.421529137889989872e-03
5.332856561317488725e-02
5.563431007574402148e-02
1.645586235746857376e-02
6.272350450120803798e-03
5.933418523521472726e-02
3.107621563623787567e-02
3.416605361997636092e-01
2.238259217556369182e-02
3.366085749853710007e-01
2.859067311378121201e-01
7.938588479433948963e-01
4.777258131461885604e-01
3.534072585571877423e-01
2.306319291708261721e-01
3.373694073907027580e-01
2.842302641307715150e-01
2.689433386634285106e-02
1.670746820093218371e-02
3.759527494919093216e-01
4.632555876002360240e-02
3.862586428835930452e-02
3.207540601269835701e-02
2.061309344326638440e-02
5.429914959557679936e-03
1.180472442166501795e-01
6.284855647971251090e-03
3.999100066954294763e-03
4.396674701452450013e-02
1.139268046190045243e-02
1.175005509381557567e-02
6.065793085987759327e-03
2.432928001637967713e-02
3.025133135882312682e-02
1.299034041453347478e-02
2.621826270920439138e-03
2.028830089064571820e-03
1.151614933187353022e-02
9.940483089409587331e-03
3.486751531072421022e-03
1.183705425555119529e-03
3.585226566535437871e-03
4.708204404584978055e-03
3.709798750221351450e-03
1.026916755279740773e-03
1.967359708232233051e-02
2.885608631899791183e-03
1.886537349462768035e-02
1.033006325564697105e-03
1.965518358348329608e-03
1.179378411968938674e-02
1.025101762719995068e-03
2.038294202492075581e-03
2.910900707401429220e-03
3.716043747216895166e-03
8.240539272259880940e-04
1.948369621473300915e-03
1.652325772083081817e-02
1.103713560779672571e-03
6.933425386335235509e-03
1.190114292284955282e-03
6.723594821498594032e-04
1.343640846286206156e-03
6.362047196841333829e-04
6.907028417061525892e-03
2.141186693555586877e-03
1.999630463146089259e-03
1.901217979052051855e-03
6.527249558714733708e-04
4.447255558072714561e-03
1.169037353271575996e-03
1.438210493123567033e-03
2.823648219832252445e-03
1.331539123174035714e-03
1.499764228928805818e-03
3.624003327923176233e-03
6.795231446302640562e-04
6.545402316709232268e-04
1.278956232242953314e-03
1.619334463328022050e-03
3.638217949864861259e-03
4.400634562352003128e-03
5.088464896329795333e-04
5.278129502148553101e-03
1.859930656077922765e-03
