2.216227835490006188e-05
1.184863791997941136e-04
2.581227327377643371e-05
8.912588079430463659e-04
1.140961839641027673e-04
1.540854552195796822e-04
6.565732495162725398e-03
7.023545508231317670e-05
9.224641485862753463e-04
2.738744723079784404e-03
5.899416864977880329e-03
2.777848131133419524e-04
1.015655939726848602e-04
1.218651099671447160e-03
4.202035525960013621e-04
1.414907036351880244e-03
1.636289334659846899e-03
1.223144228439027687e-03
6.792113589789923510e-04
4.758911096631843370e-04
2.197298222551535667e-03
6.364798211318885204e-04
4.368578967507919832e-03
1.854053815576741380e-03
3.450670627902431738e-03
8.286890454867691571e-04
1.183225128470610657e-03
5.607479131734713698e-03
5.356395239384502578e-03
4.828779880409706134e-03
1.475970810883698268e-02
1.322773703189645753e-02
2.346054767549287517e-02
6.310173912846071820e-03
2.854758924071093898e-02
1.312988524671342659e-02
8.849678851682172415e-03
6.098478903246099501e-03
1.578315353831390849e-02
8.858749284397143819e-02
1.002025222177983267e-02
1.955844332308109487e-02
9.946189043149419873e-02
4.518982855783620217e-02
1.086711933861259083e-01
1.227740259348559931e-01
1.014063850446287052e-01
4.801531949019750556e-01
3.313265724581407334e-01
3.182895806712774389e-01
4.851361486503360521e-01
4.767255931763696442e-01
5.686157452783555666e-01
6.251222921557985091e-01
4.667842153331116517e-01
7.878286295927004745e-02
1.652500896636229233e-01
9.774953993925560025e-02
1.544645994765571906e-01
1.637425302322836895e-01
4.151196879837309311e-02
8.061038132820044777e-02
7.682257714338469601e-02
6.116382716285465038e-02
1.449677670571431973e-02
2.639060776084645871e-02
9.130372592667204690e-02
1.895572181631671738e-02
6.964393758029569816e-03
1.724569209818329132e-02
4.369144149683043543e-02
1.386086545729183113e-02
3.667527820621937010e-03
1.359321198111617529e-02
8.476843039598048329e-03
1.604096769054360813e-02
1.359210710549103168e-02
1.230166067298468086e-02
1.466516242841035648e-02
6.580485221166617639e-03
5.203439066609655099e-03
9.732392704239012024e-03
4.535130275560709731e-03
1.401127175962966001e-02
4.949486812029230652e-03
1.298903383225551850e-02
1.319772509883839276e-02
1.159787504894762775e-02
1.430095209586512532e-02
3.333065768012644873e-03
2.805581617934620273e-03
5.541749807242635911e-03
2.223876039251200445e-03
3.526959449653070504e-03
1.105936553924666971e-02
5.673346308017006116e-03
9.386685637132246782e-03
6.632327485877723833e-03
3.735786349051677373e-03
3.432415205486457569e-03
