1.392660155318923947e-02
1.877036130970397357e-02
2.472700378135379157e-02
3.237470271597819166e-02
3.121375397782535921e-02
4.037716560426959228e-02
3.780030948630879600e-02
4.899906076734570487e-02
6.381552100349079104e-02
8.548910817504584703e-02
1.212784194458872006e-01
1.014584166111662522e-01
8.603701401364084733e-02
1.283488935261806740e-01
1.050358135110381480e-01
1.789759090468334146e-01
4.014932799896220317e-01
8.526811079513180180e-01
6.988508216777353788e-01
5.358316754186780440e-01
1.021611742503837350e+00
1.278333585699768404e+00
1.226964086220678540e+00
1.155743523036652398e+00
1.053510520165589881e+00
1.306096318948994695e+00
1.256146889529795363e+00
1.395505732589498837e+00
1.485407180733315347e+00
1.460549592064729119e+00
1.540583475439195160e+00
1.612572083003204648e+00
1.679200874549157341e+00
1.741659227578209235e+00
1.800674269160867036e+00
1.856749643697272800e+00
1.910264969388375533e+00
1.888179735697130823e+00
1.865832130381045895e+00
1.920009817127154683e+00
1.971572363089759694e+00
2.020910311881230381e+00
1.998704189553120125e+00
2.047394653075865989e+00
2.094116977979937566e+00
2.139112271468354809e+00
2.182561975528183318e+00
2.224607939009487279e+00
2.265369669060146585e+00
2.304944985615413611e+00
2.343416208019041047e+00
2.380856557058820488e+00
2.417329856656037279e+00
2.452891896852297471e+00
2.430506734544366942e+00
2.466087309012506612e+00
2.443509014496019649e+00
2.479065969303879235e+00
2.456315320508523747e+00
2.491819963550452321e+00
2.468914060372688457e+00
2.504342126937945778e+00
2.538731880772617355e+00
2.572185170941748922e+00
2.604780880260666454e+00
2.581852882187873011e+00
2.558711187390360298e+00
2.592236451820387089e+00
2.624820994155664167e+00
2.656556114357146114e+00
2.687514232436895689e+00
2.664369038026498604e+00
2.695400967499748113e+00
2.725673186119539348e+00
2.702400316969400418e+00
2.732757422901188171e+00
2.762378244866762422e+00
2.791322075934190128e+00
2.819636983022412835e+00
2.847363329237293517e+00
2.874537968883501993e+00
2.851178662722864132e+00
2.878510454793354434e+00
2.854978636355375521e+00
2.882452016971882802e+00
2.858759062344792934e+00
2.886359575636844088e+00
2.913335405071076689e+00
2.939732312202586684e+00
2.965590399773557539e+00
2.990945195337743279e+00
3.015820282442592148e+00
3.040245820941271493e+00
3.064241406163513037e+00
3.087824582582843647e+00
3.111015012871289009e+00
3.133827883905889067e+00
3.156278109808952959e+00
3.178380853696577191e+00
3.200146263436155714e+00
3.221585593373561096e+00
3.197728632823674033e+00
3.219390654972105192e+00
3.240709722351439392e+00
3.261702276246596810e+00
3.282376148444050568e+00
3.258314555333105211e+00
3.279215003568151765e+00
3.299787907002653231e+00
3.320044637010650224e+00
3.339997624924456510e+00
3.359656230724600956e+00
3.335411185457095584e+00
3.355303555738180510e+00
3.330885133397923248e+00
3.351004561490229072e+00
3.326418029379630603e+00
3.346759987973876527e+00
3.366751085686393363e+00
3.386413993248817533e+00
3.361734313977137401e+00
3.381623127637877424e+00
3.401176695619336332e+00
3.376372986035126367e+00
3.351351637725135113e+00
3.326092481482225249e+00
3.300573430295817179e+00
3.322191176041429550e+00
3.343329808074029241e+00
3.317808628750672284e+00
3.339144777045042201e+00
3.360023501839859428e+00
3.380474360470393513e+00
3.400530716062547310e+00
3.420212875379823103e+00
3.439547057763842730e+00
3.458550555446297636e+00
3.477240326356894506e+00
3.495631664884982115e+00
3.513738289948668214e+00
3.531572248424546867e+00
3.506553281503128172e+00
3.481327602772803065e+00
3.499923319396177401e+00
3.474538219578237275e+00
3.493361366987194128e+00
3.467820724246161390e+00
3.486870607291598922e+00
3.505571247544569946e+00
3.523944935563704473e+00
3.542006290412846425e+00
3.559774211358439189e+00
3.534351123182116083e+00
3.552352930582402646e+00
3.570057818090250912e+00
3.544533814587340625e+00
3.518776596738717899e+00
3.537266886706644797e+00
3.555419582116946753e+00
3.573256925550163388e+00
3.590793022497197118e+00
3.565114230917795002e+00
3.582888501392701652e+00
3.557052120545606044e+00
3.575061328292784335e+00
3.592750030415189588e+00
3.566843793615130043e+00
3.584769533938829245e+00
3.602374982572112305e+00
3.619679152839873737e+00
3.636699995339943481e+00
3.653449510416327595e+00
3.669938635003402005e+00
3.686182128669602154e+00
3.702187235487659045e+00
3.717966327439514718e+00
3.733526674037866311e+00
3.707948632394429289e+00
3.682159704610211470e+00
3.698444384966748100e+00
3.714477476574189030e+00
3.730270226561921199e+00
3.745831392168734286e+00
3.761173178863636224e+00
3.776302842420350636e+00
3.750569959680986720e+00
3.724621244128201614e+00
3.740470585941488846e+00
3.714356534352952988e+00
3.730453991948429415e+00
3.704176678731685435e+00
3.677641082822268537e+00
3.694520575139189411e+00
3.711093677832208559e+00
3.727376465055414645e+00
3.743385849625391781e+00
3.716988914655117604e+00
3.690330373447078038e+00
3.707123347658741519e+00
3.723610026881890800e+00
3.739809254583879028e+00
3.755734916567814885e+00
3.729226116211139530e+00
3.745398315121867938e+00
3.761296978584049544e+00
3.776934868606293350e+00
3.792324443639992104e+00
3.807477229469805824e+00
3.822401813303486939e+00
3.796110758504315008e+00
3.811286514275975090e+00
3.784829199477608430e+00
3.758119605524274487e+00
3.731137333791093358e+00
3.747609489735157950e+00
3.763778611253613349e+00
3.779660664712961360e+00
3.752758556925251732e+00
3.768889478274849658e+00
3.784735234720171260e+00
3.800309583171064265e+00
3.815626337260219270e+00
3.830698225568454962e+00
3.804024375906801758e+00
3.819347587150121015e+00
3.792509917275093567e+00
3.808085350813059655e+00
3.823397995690225315e+00
3.838461006234883399e+00
3.811649448796422757e+00
3.826965119163001638e+00
3.842026619608069904e+00
3.815144637914563042e+00
3.830461175774197535e+00
3.845523367723657771e+00
3.860343543478736095e+00
3.833481809151178421e+00
3.806355003803482795e+00
3.778942438786489610e+00
3.751221788611814656e+00
3.767924880897695061e+00
3.784288653963165938e+00
3.800337512916833305e+00
3.816086078387236569e+00
3.788661298741014871e+00
3.760933521370263488e+00
3.777506353326065991e+00
3.793749420851181053e+00
3.809682552952382117e+00
3.782106930249373722e+00
3.798294069078850921e+00
3.814174166192221271e+00
3.829764443206013613e+00
3.845078335674200876e+00
3.860134138126146475e+00
3.874942513486829831e+00
3.889513265322189994e+00
3.903858570995193844e+00
3.876886322730618062e+00
3.891487476668826773e+00
3.905859347464789799e+00
3.920011888502554775e+00
3.893036837052196830e+00
3.907444129570261548e+00
3.921627951662946199e+00
3.935597994930319476e+00
3.908614718358260021e+00
3.881375273691136663e+00
3.896085831547714484e+00
3.910552699723002235e+00
3.924790620723240586e+00
3.938806893517119878e+00
3.911679539977135356e+00
3.884287918496453607e+00
3.856612060197147418e+00
3.828630366439469412e+00
3.844472258596708159e+00
3.816335152968635569e+00
3.832436869318260442e+00
3.848214103855769785e+00
3.863690443807175079e+00
3.878881276743293860e+00
3.893801970826740178e+00
3.908464717829738255e+00
3.922885396724127283e+00
3.895406245482353480e+00
3.867644382929683822e+00
3.839578837706378867e+00
3.811186902003241173e+00
3.827516002043226173e+00
3.843507868982934728e+00
3.815150110854386600e+00
3.786447396257438314e+00
3.803308696358004948e+00
3.774464178977482653e+00
3.791584196473967605e+00
3.808320235938477794e+00
3.779555600996599818e+00
3.796548173557558581e+00
3.767644352302762734e+00
3.738362430354127408e+00
3.756279299086577428e+00
3.726871801588149236e+00
3.745035928116858148e+00
3.715507154503199683e+00
3.685559261059395020e+00
3.704711664477136956e+00
3.723348262694526678e+00
3.741507857125877745e+00
3.759227385488630002e+00
3.776537775378149053e+00
3.793465811187666237e+00
3.810038485079019654e+00
3.826272730959671797e+00
3.842190159687678630e+00
3.857810315244687871e+00
3.873146649355088122e+00
3.888213563828977648e+00
3.903024038442877597e+00
3.917589759057698906e+00
3.931921689589276347e+00
3.904379147004006345e+00
3.876569566735357242e+00
3.891663358191305822e+00
3.906495046241330371e+00
3.878650255395047708e+00
3.850517148906501319e+00
3.866140779842536013e+00
3.881472740062808846e+00
3.896528410131197884e+00
3.911323641477371105e+00
3.883439135487686045e+00
3.898490908421497370e+00
3.870451040072342863e+00
3.885763727719240723e+00
3.900799004766103639e+00
3.915570762900046908e+00
3.887636926053771980e+00
3.902668063658461861e+00
3.917434792107953090e+00
3.931950307641892017e+00
3.946224889967354432e+00
3.960272552695798698e+00
3.974101450788020795e+00
3.987720881277975860e+00
4.001139039551522281e+00
4.014363613089065197e+00
4.027401942683689562e+00
4.000141655666062057e+00
4.013435145625375178e+00
4.026535280504881520e+00
3.999179502566919453e+00
4.012538103005526935e+00
3.985014939769166986e+00
3.998632493400116061e+00
4.012040847912722974e+00
3.984440622520527331e+00
3.998109011874543484e+00
4.011564409700548062e+00
4.024816089944245334e+00
4.037872285508318448e+00
4.050738959847830500e+00
4.063426817920342771e+00
4.036062325969665743e+00
4.049007259645887480e+00
4.061766447583689654e+00
4.074346705529199753e+00
4.046954369015338671e+00
4.059792452137730656e+00
4.032228406388655984e+00
4.004399369056862668e+00
4.017965516623847044e+00
4.031314499015319797e+00
4.044456098249781917e+00
4.057399013679330757e+00
4.070151516414587611e+00
4.042528067469512543e+00
4.014637232807978684e+00
4.028118129818412108e+00
4.000057061750419862e+00
3.971697473815276158e+00
3.985954240721930386e+00
3.999956623826515401e+00
4.013717702869736392e+00
4.027249308627798285e+00
3.999114010355297566e+00
4.012910058035941141e+00
4.026476354927679857e+00
3.998294372631987503e+00
3.969809569638401037e+00
3.984158039550870001e+00
3.998245052496765428e+00
3.969741965854586052e+00
3.984100267095290970e+00
3.955432813774631295e+00
3.970061296555325026e+00
3.984416490008189093e+00
3.998510856832449001e+00
3.969984983289478908e+00
3.984350217266587890e+00
3.955660873346711348e+00
3.970295910486238533e+00
3.984658202564552720e+00
3.998759997868686078e+00
4.012618310059280269e+00
4.026243029088908187e+00
3.997950997689224462e+00
4.011842279290321223e+00
3.983384567403554843e+00
3.997543794692028918e+00
4.011454256141613328e+00
3.982969582737133862e+00
3.954171303543870586e+00
3.968883720852302233e+00
3.983318899894753518e+00
3.997491660249736345e+00
4.011415287361360882e+00
3.982905278368674029e+00
3.997096921184782659e+00
4.011036500250797054e+00
4.024739902314512285e+00
4.038216576327439356e+00
4.051474786290000907e+00
4.064527495960581938e+00
4.077379891194382822e+00
4.090041598636184439e+00
4.102521400616399028e+00
4.074704850490599384e+00
4.087445488314403796e+00
4.099998080783232801e+00
4.072097052848365983e+00
4.043925843669343045e+00
4.015465593460457505e+00
4.029237517767793264e+00
4.042775198186500774e+00
4.056086267437154724e+00
4.069184382405945044e+00
4.040922364807619793e+00
4.054285494919019683e+00
4.067432741327117185e+00
4.039117324523626706e+00
4.052531992150808726e+00
4.024047856417035440e+00
4.037731761058277691e+00
4.051182400769033798e+00
4.022661238704743347e+00
3.993830038184539521e+00
4.008069689032372374e+00
4.022048554700289102e+00
4.035780144789270274e+00
4.049276538237660539e+00
4.062548717197418391e+00
4.034105185149077677e+00
4.047645680776268406e+00
4.019034757827244952e+00
3.990110475239620147e+00
4.004445603147574140e+00
4.018515150966678995e+00
4.032331075514900220e+00
4.045909521892360416e+00
4.059259965175061602e+00
4.030740705602614327e+00
4.044359845704383893e+00
4.057748683516059884e+00
4.070917925802444159e+00
4.042478584610326386e+00
4.055915658953721525e+00
4.069130346014248722e+00
4.040645038619876672e+00
4.054128150928815622e+00
4.025475751591870655e+00
3.996510875988348754e+00
4.010787170832820436e+00
4.024799934548044078e+00
4.038560878266286736e+00
4.052086052199224575e+00
4.065384590819770771e+00
4.036823379366499154e+00
4.007957969030388590e+00
4.022037446656429260e+00
4.035861637870250540e+00
4.049446828856398284e+00
4.062800888942342148e+00
4.034188817724185583e+00
4.005270455366843230e+00
3.976024737429272093e+00
3.990710146067660613e+00
3.961306662494989972e+00
3.976264797156209951e+00
3.990926506026934995e+00
4.005304392656864110e+00
4.019417510244714720e+00
4.033277573232907365e+00
4.004388790295518419e+00
3.975178541725244763e+00
3.989849942681091832e+00
4.004240016877028019e+00
4.018363863594303531e+00
4.032235040812403248e+00
4.003346333581031757e+00
4.017487840265922650e+00
3.988439060861181495e+00
4.002850157017705968e+00
4.016996255819771378e+00
4.030887077412960373e+00
4.044538779162434317e+00
4.015774755890549663e+00
3.986700600618831469e+00
4.001146267791381383e+00
4.015325340256248765e+00
4.029247704961003151e+00
4.000325298306885102e+00
4.014519854584135850e+00
3.985438577051264364e+00
3.956026771461969460e+00
3.971050309412480050e+00
3.941486843755800162e+00
3.956783796282932197e+00
3.971766142471833128e+00
3.942250713837657461e+00
3.957507854861339602e+00
3.927843880731417325e+00
3.943373683221866433e+00
3.958580597597432860e+00
3.973483156467159993e+00
3.988098211821461181e+00
4.002440842936243470e+00
3.973355381441264988e+00
3.987967737036600457e+00
4.002308018297640935e+00
4.016390064300924045e+00
4.030224685352005842e+00
4.043826922796867507e+00
4.057205291560475047e+00
4.028654767302525030e+00
3.999813325523182694e+00
4.013963483288990552e+00
4.027861500934886152e+00
4.041523068352516290e+00
4.054956936227575248e+00
4.068173333338477526e+00
4.081181452500880269e+00
4.093988419880498775e+00
4.106603455781002054e+00
4.119035747629929745e+00
4.131290360179103338e+00
4.103261159507471056e+00
4.115776442368683341e+00
4.128109225474213773e+00
4.140266262472606762e+00
4.112234795973269463e+00
4.124652897648706684e+00
4.096452256395584968e+00
4.109134213323032192e+00
4.121624001624063283e+00
4.093351707190188371e+00
4.106106593675337812e+00
4.118665227163348597e+00
4.131035713442090085e+00
4.102790653547899957e+00
4.115425909843536623e+00
4.127866958589234692e+00
4.140125098815428117e+00
4.152205709435307313e+00
4.164115455406973254e+00
4.136058239785233681e+00
4.107736220538067862e+00
4.120357108754338249e+00
4.132781776674998575e+00
4.104392159947201080e+00
4.117085870836873163e+00
4.129581476370721482e+00
4.101128254446179788e+00
4.113892004799295954e+00
4.126454013411935406e+00
4.138822812701890896e+00
4.151006281058080560e+00
4.163011873120979978e+00
4.174846083498225724e+00
4.186513479588654718e+00
4.198022283705919122e+00
4.170033399691117637e+00
4.141784196731334688e+00
4.113256921935436239e+00
4.125923200649506128e+00
4.097222491603455197e+00
4.068212955484228566e+00
4.081651515874349379e+00
4.052471865678811014e+00
4.066188140668093531e+00
4.079654329102546662e+00
4.050466303356491160e+00
4.064209705900055702e+00
4.034854153403849786e+00
4.005147530579544757e+00
4.019730312186061916e+00
3.989862741458929385e+00
4.004727151061922896e+00
4.019284017067173309e+00
3.989467641104867290e+00
4.004303042593256201e+00
4.018836504132734966e+00
4.033081685991978915e+00
4.003500370380545625e+00
4.018025335988373747e+00
4.032265828975873490e+00
4.046237150212602884e+00
4.059951707680152566e+00
4.073425324352734300e+00
4.086668056827919671e+00
4.099690444328373040e+00
4.112502244451635924e+00
4.125112424258854382e+00
4.137529267852986692e+00
4.149760285396747683e+00
4.161812675862041289e+00
4.173692761393946959e+00
4.185403778277500209e+00
4.196951468759291259e+00
4.168885497964559761e+00
4.180698838903998293e+00
4.192346866670106031e+00
4.203830268820836658e+00
4.215165066529877436e+00
4.226345734150475764e+00
4.237387187128240917e+00
4.248288885121404235e+00
4.259055024149290603e+00
4.269689555872981046e+00
4.280196209560361176e+00
4.290578514407917154e+00
4.262942459964405906e+00
4.273577681704796127e+00
4.284082804486118334e+00
4.294461573260410781e+00
4.266746718184365683e+00
4.277380073029644514e+00
4.287881413109840167e+00
4.298254670651585840e+00
4.308503542479143356e+00
4.280765286263497948e+00
4.291269046096418016e+00
4.301642806163847865e+00
4.273778101589464917e+00
4.245661547234251820e+00
4.217276401412185294e+00
4.228734393570260153e+00
4.240026002763870316e+00
4.211552061114499423e+00
4.223113140439291868e+00
4.234503416788978569e+00
4.245729610469116899e+00
4.217265013736806623e+00
4.228760078045179505e+00
4.240086585792629315e+00
4.251251070662013021e+00
4.262259591853258200e+00
4.273117777685574659e+00
4.283830868366301559e+00
4.294403747012015771e+00
4.304840992105106956e+00
4.315146894336599814e+00
4.325325466877742109e+00
4.335380480114503499e+00
4.307471673126769929e+00
4.317783466920508850e+00
4.327966266618330060e+00
4.338023993710244497e+00
4.310047096509441289e+00
4.320362911555663210e+00
4.330548257822881553e+00
4.340607196744248775e+00
4.350543532128679836e+00
4.360360847813806728e+00
4.332430598744337225e+00
4.342504489120389444e+00
4.352453926443749843e+00
4.324394470714690186e+00
4.334603201074857637e+00
4.344682146344845286e+00
4.354635391848185932e+00
4.364466766754442340e+00
4.374179868200727128e+00
4.383778083788721247e+00
4.393264614082851516e+00
4.402642479146790855e+00
4.374784127988058380e+00
4.384415774808423372e+00
4.393933324590625134e+00
4.365936019965621639e+00
4.375710368523265004e+00
4.347519656330832483e+00
4.357555099945219723e+00
4.329170127920925815e+00
4.300503205334661239e+00
4.271535969131337929e+00
4.282687555336162966e+00
4.293668913820189559e+00
4.304487034339683049e+00
4.315148388518296407e+00
4.325658956538928734e+00
4.336024292426829518e+00
4.346249558799350154e+00
4.356339565716278450e+00
4.366298806911561137e+00
4.376131495134111482e+00
4.385841578641899829e+00
4.395432765981719392e+00
4.367213161958196643e+00
4.338726326116272958e+00
4.309955611590781110e+00
4.320614932603223046e+00
4.291648591707292404e+00
4.302583465740885238e+00
4.313355223235283198e+00
4.323970291259756848e+00
4.334434612813207188e+00
4.305584782968430169e+00
4.276430952333456048e+00
4.287607886480473418e+00
4.258259391713215436e+00
4.269718226088662583e+00
4.280993406506051535e+00
4.251583230529822011e+00
4.221835539909494450e+00
4.233877416418849293e+00
4.245711321925993431e+00
4.257337968742567647e+00
4.268784195468784404e+00
4.280049316483911070e+00
4.291140885294708163e+00
4.302065894583112282e+00
4.272925082371402006e+00
4.243469370903138582e+00
4.255130683032653849e+00
4.266602693133289215e+00
4.237092897247412004e+00
4.248847480169771096e+00
4.260409483918206952e+00
4.271787244232492675e+00
4.282988451339249103e+00
4.253678803858702118e+00
4.265158576233045729e+00
4.235660839150479973e+00
4.205830147932745788e+00
4.218079419348610415e+00
4.230115980475477322e+00
4.241949683586081044e+00
4.212238398641109605e+00
4.224356690673610082e+00
4.194461039839106675e+00
4.206866525837599013e+00
4.176788253243280735e+00
4.189483268164641672e+00
4.201947991399298310e+00
4.214193580011967200e+00
4.226230245403605146e+00
4.238067354912569584e+00
4.249709120679145080e+00
4.261172473730748145e+00
4.231792519398368313e+00
4.243533779000196127e+00
4.213971613268833849e+00
4.225993755268737218e+00
4.196250627665679467e+00
4.208556349633615135e+00
4.220652149986197088e+00
4.190879372701930450e+00
4.203258896747456674e+00
4.173307768148442953e+00
4.143005251259793909e+00
4.112328976975487826e+00
4.126079273657322410e+00
4.139552799573192665e+00
4.108919878960963779e+00
4.122686549787188071e+00
4.136177924090280733e+00
4.105586565501093688e+00
4.074607908780945920e+00
4.043216983948666687e+00
4.058208191334394144e+00
4.072859962379556720e+00
4.087190980153255104e+00
4.101222257594391074e+00
4.070409844556398760e+00
4.084732772889717367e+00
4.053763236142159165e+00
4.022389613106311046e+00
4.037632096699172557e+00
4.052528540622961195e+00
4.067102995468690807e+00
4.081371463504272157e+00
4.095345314273726167e+00
4.109048659362755984e+00
4.078658618036957506e+00
4.047906614481800780e+00
4.062474959476306324e+00
4.076742134264967454e+00
4.090720518009241857e+00
4.104431926155852395e+00
4.117885378137328800e+00
4.131097763345664475e+00
4.144076135635488711e+00
4.156834538029833936e+00
4.127176103429593290e+00
4.097200753386616157e+00
4.110745301635591709e+00
4.124047820011923271e+00
4.137114673809189291e+00
4.149956636471836546e+00
4.162583608374561983e+00
4.175004727050235509e+00
4.187228462602264223e+00
4.199262655846961678e+00
4.211114598976116952e+00
4.222791088283988969e+00
4.234298464716025556e+00
4.245642651196531503e+00
4.256829209496279631e+00
4.267855933977255489e+00
4.278742402305620196e+00
4.289485979674914518e+00
4.261013599546529917e+00
4.232285801182508855e+00
4.203287013301403974e+00
4.215150344110877079e+00
4.226833331486076872e+00
4.238342930255520002e+00
4.209383703013379829e+00
4.221163335498685498e+00
4.232765292086860143e+00
4.244196361867912159e+00
4.215271680251896136e+00
4.186061265742371695e+00
4.198218829171421973e+00
4.210182647178037030e+00
4.180923378726808082e+00
4.193162351027737600e+00
4.205204154540406414e+00
4.217057078249665025e+00
4.228728772880746334e+00
4.240226318275229112e+00
4.251556292016360317e+00
4.222682180018241027e+00
4.234281178308195059e+00
4.205232252327003373e+00
4.217103388181707047e+00
4.228791566077524600e+00
4.240304035971358410e+00
4.251647533382922894e+00
4.262828320102548751e+00
4.234018506138323090e+00
4.204927001513939722e+00
4.216823150621013205e+00
4.228534322939085044e+00
4.240067962705567517e+00
4.251430975674705515e+00
4.222492254490031627e+00
4.234125934096100607e+00
4.245584700719359006e+00
4.256875297481117926e+00
4.268003965821945300e+00
4.278976522622316203e+00
4.289798394815570681e+00
4.300474667214843727e+00
4.271910714801021136e+00
4.282851103698785522e+00
4.293640899009120382e+00
4.264981952236269080e+00
4.276037888632115092e+00
4.286938373913051770e+00
4.297688881769558655e+00
4.269024640826751593e+00
4.280041516630021192e+00
4.290903561753720119e+00
4.262148935002222139e+00
4.233111412908297844e+00
4.203772750271212999e+00
4.174113070640134815e+00
4.186634071320071371e+00
4.198937867453746087e+00
4.211034648532676172e+00
4.181494090745236925e+00
4.193872097199694338e+00
4.206040482819746629e+00
4.218008740326795625e+00
4.229785578263614454e+00
4.241379030841865294e+00
4.252796522136422119e+00
4.223713798289652210e+00
4.235404677017446495e+00
4.246915598719300355e+00
4.258253714781080390e+00
4.229214663464263779e+00
4.199876941870361868e+00
4.170221214669123100e+00
4.140226517471172762e+00
4.153302590622121926e+00
4.166137672800087621e+00
4.178743811981634693e+00
4.191131987936262071e+00
4.203312243833458695e+00
4.215293803141574536e+00
4.227085139847169160e+00
4.238694091046318668e+00
4.250119148593431539e+00
4.261384365422986598e+00
4.232428152092530205e+00
4.203180218147460678e+00
4.215171860459761000e+00
4.226972455015556740e+00
4.238589924810883147e+00
4.250024326858418355e+00
4.220951278534093021e+00
4.232665704212115187e+00
4.203414991081658947e+00
4.215405378258462399e+00
4.185977879633722587e+00
4.198246980293323105e+00
4.210313317038155922e+00
4.222185708997380438e+00
4.233872278497142538e+00
4.204652086019988744e+00
4.175123866279048634e+00
4.145267597546281380e+00
4.158212102040232061e+00
4.170924034613105569e+00
4.183414616323021917e+00
4.195694101441305612e+00
4.207771899548747641e+00
4.219656670326383363e+00
4.231356399010110181e+00
4.242878487921259989e+00
4.254229804304507923e+00
4.265416718650063110e+00
4.276445163553037609e+00
4.287320697453101737e+00
4.298048509069754886e+00
4.269424581009059416e+00
4.280417247577358530e+00
4.291257264951447326e+00
4.301949850805935505e+00
4.312499898991348779e+00
4.283941494435568487e+00
4.294755461580016309e+00
4.305421857640041594e+00
4.315945626177390970e+00
4.326331395614915643e+00
4.336583513226186071e+00
4.346706072846321156e+00
4.318335873581767181e+00
4.289706019208227694e+00
4.300494092152457704e+00
4.311133130399522173e+00
4.321628279367238257e+00
4.292984156451665534e+00
4.303745427265177170e+00
4.314357869602766904e+00
4.324826620677057143e+00
4.296168586607541862e+00
4.267232059546834932e+00
4.278393253258504281e+00
4.289389913783676178e+00
4.300228295892607022e+00
4.310914207205198245e+00
4.321453052180948440e+00
4.292714438995695048e+00
4.263692312328508649e+00
4.274930056949624912e+00
4.285999611203945570e+00
4.296907499473299197e+00
4.307659772850461977e+00
4.278760960692283177e+00
4.249568982247946991e+00
4.261035039165010474e+00
4.272323617759539616e+00
4.283441912017313946e+00
4.254296324124327455e+00
4.265689865737235742e+00
4.276909038220002124e+00
4.247694853939226078e+00
4.259190379263471549e+00
4.270507591573188932e+00
4.281653704954759831e+00
4.292635403956959195e+00
4.303458888309156904e+00
4.314129921093443620e+00
4.324653877638019672e+00
4.295871747929353113e+00
4.306663727048041679e+00
4.277696215884267517e+00
4.288759886442551128e+00
4.299661447579141260e+00
4.310406971360594142e+00
4.281455672704755244e+00
4.292472510608969394e+00
4.263335875440043665e+00
4.233892875176684889e+00
4.245643292758130016e+00
4.257203929967249501e+00
