1.506201496346880157e-02
1.895525566978111323e-02
2.019542499631496457e-02
2.281996725451461080e-02
2.476165509610981502e-02
2.505379216769122036e-02
2.637621857025597427e-02
2.638644940084870771e-02
2.739370331051570878e-02
2.724585738551430630e-02
2.809448417667415737e-02
2.782353781289414324e-02
2.856864334340527417e-02
2.821728161754199701e-02
2.889350400632017049e-02
2.850644387601058288e-02
2.913375285113825597e-02
2.870752512761024292e-02
2.930217364808966607e-02
2.976869136430096083e-02
2.924259453634907302e-02
2.974576502716022933e-02
2.922579649904164315e-02
2.973625976425485137e-02
2.922110244750727656e-02
2.973395846333219336e-02
2.922318979009644671e-02
2.973279431586655502e-02
3.013182171502374468e-02
2.956065343977818533e-02
3.000606271666985889e-02
2.945492647297803801e-02
2.991849290617801249e-02
2.938288799721068892e-02
2.891491950645735595e-02
2.950856214817540110e-02
2.903741919460241586e-02
2.957588695713828791e-02
2.909695249161748862e-02
2.867655953639281288e-02
2.930575354668481930e-02
2.977086177436382222e-02
3.014545098309501236e-02
2.958364900742768006e-02
2.909305466987539834e-02
2.865304654648467841e-02
2.825114721119411504e-02
2.788732137352493284e-02
2.756562877573123793e-02
2.728859994559223318e-02
2.837637628063764336e-02
2.902098857253319897e-02
2.953372899497767878e-02
2.906402358048336756e-02
2.957727130697866344e-02
2.998147349409312212e-02
3.030749975847941285e-02
3.057308924766768965e-02
2.995025054431063247e-02
3.029412675839518107e-02
3.055919338890372705e-02
2.993865545117676413e-02
3.028185897601326157e-02
2.970391389814206265e-02
3.008870581024433027e-02
3.038653757238024902e-02
3.063058947733842893e-02
3.083089581334953408e-02
3.016884519143792076e-02
2.959063843802900093e-02
2.907701641686193106e-02
2.861091296262916958e-02
2.931929804648409146e-02
2.887918837379975165e-02
2.942246743527014707e-02
2.984301810751767772e-02
3.018367908831581098e-02
3.046229825026811056e-02
3.069190224225244734e-02
3.005317696269777655e-02
3.037220024309858490e-02
3.061687007435977964e-02
2.998929882607415803e-02
3.031917785395147821e-02
2.973715853212871921e-02
3.011154722867599026e-02
3.040130772344655855e-02
3.063973462116829916e-02
3.000949180426154550e-02
2.945788152435839177e-02
2.896695111861955635e-02
2.955286540885803531e-02
2.908440279753036692e-02
2.958213453638150470e-02
2.911172358522502376e-02
2.960127839247372536e-02
2.998293079562825911e-02
2.945497642835026575e-02
2.899058779928867513e-02
2.857290048352633186e-02
2.921895157165659007e-02
2.880055778250119672e-02
2.934694856361363263e-02
2.891101759582036593e-02
2.852373480365497788e-02
2.913820413865064046e-02
2.873049134449039144e-02
2.836528006217415090e-02
2.900564515194852672e-02
2.949933726885958785e-02
2.903924017881761438e-02
2.953456433060079947e-02
2.993054658779152610e-02
3.025521729088246140e-02
3.052263578863668309e-02
3.074348550390003029e-02
3.092618034987919956e-02
3.107747471274446491e-02
3.120292002021136588e-02
3.130700432640837194e-02
3.139347205061612106e-02
3.146533761838805898e-02
3.070411432369312202e-02
3.091048631521845641e-02
3.106533993284848680e-02
3.036705370055615971e-02
2.975677911507199069e-02
2.921209007843675667e-02
2.974329818375812118e-02
3.010465321068620664e-02
3.039953435037326748e-02
3.064175196018996405e-02
3.001285947918316821e-02
2.946095557498220122e-02
2.990497717327597962e-02
2.938399994902487003e-02
2.981771026356055607e-02
3.015686580685451867e-02
2.958144841306650785e-02
2.997703456290973234e-02
2.944738230920955144e-02
2.898151528241947605e-02
2.950464916491804535e-02
2.990157480156949155e-02
3.021977741176580176e-02
3.048149848546466770e-02
2.984609438702679959e-02
2.931955443635519964e-02
2.978147682835726937e-02
2.927464035852147747e-02
2.972205697628332519e-02
3.007845448676766537e-02
3.037266648675187447e-02
3.061625765478529979e-02
2.998974547388637626e-02
2.943999151745081352e-02
2.894946607115185880e-02
2.951020986610589439e-02
2.990450193953533495e-02
3.022826022649765382e-02
2.966018523922874309e-02
3.003716653984344828e-02
2.949678595756423383e-02
2.990162485176380697e-02
3.022436508756636692e-02
3.049128039960866468e-02
3.071247925881784302e-02
3.006832812453811427e-02
2.950433518242989717e-02
2.900275763801162324e-02
2.855147356669263115e-02
2.922303755225276814e-02
2.966758398936178084e-02
3.003076242838825100e-02
2.948969190572805349e-02
2.901397334344339718e-02
2.951878035485929613e-02
2.905129565128877420e-02
2.863933027675684070e-02
2.827182281942811418e-02
2.794120941823480253e-02
2.764382900131455781e-02
2.737878156986450762e-02
2.829817486355824113e-02
2.799024192656694721e-02
2.867111592107494250e-02
2.831153168618217794e-02
2.892706381168075325e-02
2.853096048677651597e-02
2.818386722933427166e-02
2.882733048776707496e-02
2.844347535154613180e-02
2.903001951007466372e-02
2.861730928977946134e-02
2.916978051850322579e-02
2.873649805617473421e-02
2.926636403222942703e-02
2.969754055873673193e-02
3.004692065598155853e-02
3.034068172127483629e-02
2.973494689021389734e-02
2.921035365234120676e-02
2.875582891969615321e-02
2.836066962635726621e-02
2.899198176769937976e-02
2.947018811545867867e-02
2.986383824155817643e-02
2.933082444093973104e-02
2.975237994460759247e-02
3.009630634609426411e-02
2.952762008357953313e-02
2.991465784574608502e-02
2.937268844621742508e-02
2.978605296415098858e-02
2.926409256360516797e-02
2.969597157908727969e-02
2.918841305870328515e-02
2.875212941582400844e-02
2.837620109695516285e-02
2.897919816931458087e-02
2.945786797345215438e-02
2.898939643689842777e-02
2.946899452482740212e-02
2.986196078473514828e-02
2.933200826245570964e-02
2.975167420773738858e-02
3.009557155645571636e-02
3.037955980811020071e-02
3.061560894564464147e-02
3.081146985922629533e-02
3.097402379765521255e-02
3.027303974332593364e-02
3.053224444773410678e-02
2.989705712718917011e-02
3.021989054188852983e-02
2.963362594246715317e-02
3.000116775502117625e-02
2.944988991975459186e-02
2.984877838190896568e-02
3.017434977346708513e-02
2.959945736847446537e-02
2.910434548451991399e-02
2.957094339690907736e-02
2.908818856562087052e-02
2.867276041879863666e-02
2.831363039716209770e-02
2.892756465915135786e-02
2.941431126562095086e-02
2.895764125636286421e-02
2.944203208137514613e-02
2.983898996471435680e-02
2.931707583682454168e-02
2.886735913243686918e-02
2.847942229657761046e-02
2.906132328722897326e-02
2.865539534216717671e-02
2.919303748708998794e-02
2.876739917051810910e-02
2.840130737383878001e-02
2.898790802261321659e-02
2.946476311756163202e-02
2.985884807873739194e-02
3.018522904488165487e-02
2.960883685975390298e-02
2.998092414924757171e-02
2.943316955254180606e-02
2.983500392131044343e-02
2.930927670898487991e-02
2.885859673887410451e-02
2.936464232834435500e-02
2.891145105632539347e-02
2.852307486577873238e-02
2.908714373590236268e-02
2.867691283097035734e-02
2.921003942883136986e-02
2.964812345232818724e-02
3.001070437709565594e-02
2.946091002000297138e-02
2.985814075331804165e-02
2.932951293620614588e-02
2.887620726383850756e-02
2.937870964718814620e-02
2.892315338135458339e-02
2.941294156596099829e-02
2.981565381653216579e-02
2.929491707884521179e-02
2.972039058080232915e-02
2.921317790040178428e-02
2.965258533100948585e-02
2.915566054456326939e-02
2.960491828221897478e-02
2.997439543422097258e-02
3.028077705698796473e-02
2.968915651337936112e-02
2.918090181616908932e-02
2.963139512034692127e-02
2.913776251853386276e-02
2.959009084257218161e-02
2.996190709442087333e-02
2.941959278706222231e-02
2.895425079284238631e-02
2.944328825467832506e-02
2.897969500596753872e-02
2.858261726222947885e-02
2.913567044458998875e-02
2.871957521015723949e-02
2.924485679702532731e-02
2.881222187630117296e-02
2.932141361350309311e-02
2.974028251631844616e-02
3.008728821185826727e-02
3.037516073025425464e-02
2.977005340399309016e-02
2.924952190657263001e-02
2.880242637272174833e-02
2.932615298198040094e-02
2.974405040650715190e-02
3.009007239789648902e-02
3.037709979603306354e-02
2.977154002755732706e-02
3.011595593872005289e-02
2.954855763995433218e-02
2.906212765714065449e-02
2.864473782364474266e-02
2.828480778025802000e-02
2.797200567098159785e-02
2.866886854435759038e-02
2.832308506272110046e-02
2.802469254384415062e-02
2.776698444304052243e-02
2.754341545474787989e-02
2.829786141391548576e-02
2.890019025932591065e-02
2.939524821700639431e-02
2.980385725139297198e-02
3.014197837091954837e-02
3.042223359371919525e-02
2.980838247359508114e-02
2.927874790024242654e-02
2.882366053614088264e-02
2.843240904157939841e-02
2.809464119230101545e-02
2.876510625051042352e-02
2.839920350959501336e-02
2.898419032431261491e-02
2.946382900216596920e-02
2.985991462155210968e-02
2.933012950397211049e-02
2.975126379317203154e-02
2.923555403982258660e-02
2.967253264997074189e-02
3.003183747182442548e-02
3.032958881374956187e-02
2.972690675536783511e-02
3.007906084140645267e-02
2.951311674967302054e-02
2.902865963203901667e-02
2.950485947218290869e-02
2.989204837109466634e-02
3.021284174066453387e-02
3.047905506794392622e-02
3.070017788077670368e-02
3.088395057438004035e-02
3.019860703550271766e-02
2.960873178273239203e-02
2.910141429689625664e-02
2.866346362820308691e-02
2.828292022311884590e-02
2.893635219058259683e-02
2.942321929359005550e-02
2.896354984821588457e-02
2.944734216652296344e-02
2.898296948375077633e-02
2.946310404764364635e-02
2.985745855192261863e-02
2.933106291966874890e-02
2.887867673307277505e-02
2.848996693362597366e-02
2.906751258027732640e-02
2.866015309303387992e-02
2.919646434366189938e-02
2.876971750587356894e-02
2.928703294077513244e-02
2.971212731746892752e-02
3.006408550233767921e-02
2.950582673068516751e-02
2.902584104505152515e-02
2.861391606666938842e-02
2.825946120263630665e-02
2.888629953606730930e-02
2.850563590779996506e-02
2.906994098389686226e-02
2.953322407427904500e-02
2.991638411218371096e-02
3.023389178692038881e-02
3.049732670459840561e-02
3.071611891013048892e-02
3.005712801886839883e-02
3.035339513284801560e-02
2.974696290262196161e-02
3.009542792067298675e-02
3.038113503887379316e-02
3.061836814796650014e-02
2.997369852030136450e-02
2.941992533307988267e-02
2.894402426869245593e-02
2.944627512129401395e-02
2.984300848656849803e-02
3.017156445990841485e-02
3.044422876691414009e-02
3.067072940033739939e-02
3.002120768022436756e-02
2.946196556194180180e-02
2.986699418347138132e-02
3.019105192417519817e-02
3.045993455290172194e-02
2.984324650651222141e-02
2.931290138594571520e-02
2.974296865826428840e-02
2.923560815086985454e-02
2.967078954868680035e-02
2.917525671663964704e-02
2.962135326585850839e-02
2.998741922486213712e-02
3.029107391109202990e-02
3.054326684242592016e-02
2.991565524216174485e-02
3.023587555576720196e-02
2.965379800468248908e-02
2.915362235791845932e-02
2.872234429699654576e-02
2.926532169808577361e-02
2.969310259815877845e-02
3.004720902112246322e-02
3.034094863081312349e-02
3.058489535753197361e-02
3.078763412084285778e-02
3.095618400315441540e-02
3.026506337584155409e-02
3.052677575277194799e-02
2.989967915339183935e-02
2.936026506229465205e-02
2.978391060980065119e-02
2.927135230890064860e-02
2.883025937626798596e-02
2.934478865000174005e-02
2.890058954169112335e-02
2.851766912764374176e-02
2.818619994693307221e-02
2.882209591209433999e-02
2.932800836904101913e-02
2.974579078316074224e-02
2.924238121976281690e-02
2.880754275251642266e-02
2.843187361531757801e-02
2.902230664653471584e-02
2.862503811299811282e-02
2.916770184064576554e-02
2.961323312159629823e-02
2.998190287300128015e-02
2.943953154913463155e-02
2.984051734222240709e-02
2.931730628977061506e-02
2.886784224836795934e-02
2.937251211675763821e-02
2.978209714745340408e-02
3.012139549569926161e-02
3.040296367538050312e-02
2.979482837792865602e-02
2.927153907073503855e-02
2.970737989208901628e-02
2.920357698386998740e-02
2.877147484034451447e-02
2.929288257408668369e-02
2.885339789358364396e-02
2.935530186883173603e-02
2.976781764372525563e-02
2.925729090947239153e-02
2.881841977279021860e-02
2.844104287885569279e-02
2.811524353458189074e-02
2.783188216060800829e-02
2.854960128428668878e-02
2.910422570242219426e-02
2.869420161786311735e-02
2.922530723493753368e-02
2.966180623550366408e-02
3.002300897913683098e-02
3.032246542153005375e-02
2.972493356088938554e-02
3.007783655579885501e-02
2.951478455726217268e-02
2.990302283574484965e-02
3.022183634512594710e-02
3.048641358759242651e-02
3.070619448453676056e-02
3.004865675883151843e-02
3.034602907232911151e-02
2.974219154211902097e-02
2.922446280874665958e-02
2.877977766288198139e-02
2.839598187755631650e-02
2.900589198059662713e-02
2.947939253633085829e-02
2.987089056971925852e-02
3.019525324171869196e-02
3.046442793029746632e-02
3.068799359465016960e-02
3.003630469648566059e-02
3.033618069777685097e-02
3.058076130041164492e-02
3.078399725859294958e-02
3.011630091155619027e-02
3.040246399374470915e-02
3.063539527201490295e-02
2.999062429678702249e-02
3.029727046332616330e-02
3.054785521837871665e-02
2.991735570699796676e-02
3.023699151991908821e-02
3.049770121297317588e-02
2.987602458100059588e-02
2.934084082354489198e-02
2.887834975872862267e-02
2.847576961059210959e-02
2.908534326036665493e-02
2.954494612274804338e-02
2.907182856521375175e-02
2.953652052200963357e-02
2.906368987310187224e-02
2.952949817611124142e-02
2.905725904746014887e-02
2.865044198650186155e-02
2.829914682529760528e-02
2.891290283097984123e-02
2.853296954431808544e-02
2.820512832266132419e-02
2.792170677104176268e-02
2.860027045045518412e-02
2.826510099095113152e-02
2.887250359588939413e-02
2.849559981646141923e-02
2.817039046960092066e-02
2.789006630886160104e-02
2.857279865844549252e-02
2.912454597605962717e-02
2.957947016199919885e-02
2.909421134270612566e-02
2.955582236568360388e-02
2.907112920118650953e-02
2.865479797291205222e-02
2.919604730900214259e-02
2.963788450576240394e-02
3.000335460328416165e-02
3.030618973694729559e-02
2.970813173750977421e-02
2.919374956417927075e-02
2.875248969409688327e-02
2.837352940127879988e-02
2.898036272668408006e-02
2.945922016620663650e-02
2.899063543184030381e-02
2.858799899400196742e-02
2.914032193860682102e-02
2.959121628719842828e-02
2.996442970457895497e-02
2.941912059959274350e-02
2.982367133170088502e-02
2.929779293758702843e-02
2.972300705254704578e-02
2.921232223372232858e-02
2.965205258290697782e-02
2.915260310674068489e-02
2.960250464612452365e-02
2.911110382984604186e-02
2.956810382012550753e-02
2.994437480836835419e-02
2.940217921465562018e-02
2.893709359648549001e-02
2.853865331385722209e-02
2.910563851787928424e-02
2.869117029809019684e-02
2.922148502562860184e-02
2.965778598640754146e-02
3.001916128261013575e-02
3.031880897411275144e-02
3.056756330408654312e-02
3.077421339379224352e-02
3.010601386431824636e-02
3.039388876533751296e-02
3.062912622234654353e-02
3.082459240774638315e-02
3.014768272467434340e-02
2.956579315501420627e-02
2.906526457889724302e-02
2.954799061042356900e-02
2.992693133250014584e-02
3.024075408054783740e-02
3.050157829341496388e-02
2.987765774350545009e-02
3.020358816274845704e-02
3.047031318415922493e-02
3.069195188488840764e-02
3.087621635612915194e-02
3.102947026851670190e-02
3.115695555792502222e-02
3.043239658472740236e-02
2.980747310782350806e-02
3.015643000024167616e-02
2.958375816319892479e-02
2.996068229794407456e-02
2.942001070459490664e-02
2.982456851136881110e-02
2.930610304702575483e-02
2.885974051809988075e-02
2.847377830385783987e-02
2.813741066751421910e-02
2.879956076211384608e-02
2.843618378716608261e-02
2.901356602588176653e-02
2.948573811520505822e-02
2.902037157228001818e-02
2.949369734435718093e-02
2.988223849030301540e-02
2.935528587232063072e-02
2.977034678958255520e-02
3.011109600469213249e-02
2.954805583445717365e-02
2.992990600201802034e-02
3.024312923963615521e-02
2.965938250297864634e-02
2.915706808544622775e-02
2.872439740843349756e-02
2.926523918296155408e-02
2.969259256870523944e-02
2.919409365908533921e-02
2.876502479368512125e-02
2.839537188940818510e-02
2.899051128856636531e-02
2.946601280172145287e-02
2.985932317177123971e-02
2.933588103015212500e-02
2.975402718625020509e-02
2.924436219994374503e-02
2.880632025903238913e-02
2.842973380915972750e-02
2.810449777511962385e-02
2.782152161999788126e-02
2.854235001771927849e-02
2.909796255648220906e-02
2.868852991206934447e-02
2.922005721253680827e-02
2.965706013449933426e-02
2.916112554352216432e-02
2.873392045561328975e-02
2.836695242602434858e-02
2.896425174078388551e-02
2.944570785827740900e-02
2.984352777475027252e-02
3.017343142973928985e-02
3.044710051788751884e-02
2.982918088789088609e-02
3.016356376666364664e-02
3.043823161601003080e-02
3.066626676666646401e-02
3.085573234304361118e-02
3.101323938454187898e-02
3.030749284346732561e-02
3.056087896160480585e-02
3.076740332532836367e-02
3.093905655410925451e-02
3.024486390871131136e-02
2.964734485388091992e-02
3.002138229845403156e-02
2.946729119753317000e-02
2.986340761412757672e-02
3.018762188553441098e-02
3.045677420601506855e-02
3.068051463309897503e-02
3.003047225524883151e-02
2.947001606635282767e-02
2.898586742550294734e-02
2.856505321482439783e-02
2.915805197877055846e-02
2.873918067372272650e-02
2.926265237761976196e-02
2.882914256291632671e-02
2.933594552377108769e-02
2.889140911002764656e-02
2.850829214809968287e-02
2.907611721143012543e-02
2.866999215081470279e-02
2.920414497543651067e-02
2.877851969793043460e-02
2.929348503895314038e-02
2.885375377793654092e-02
2.847548538176419841e-02
2.904764737773707708e-02
2.864409169334817054e-02
2.918258435665080364e-02
2.875830295292980052e-02
2.839362512425877214e-02
2.808031382173554677e-02
2.781019478463392369e-02
2.757584492381536662e-02
2.833052598499007438e-02
2.892520065571135141e-02
2.853848806305216493e-02
2.909764142028603909e-02
2.955729695439685001e-02
2.907299120140683507e-02
2.953820657508544889e-02
2.905422627503254085e-02
2.863884381697958531e-02
2.918257784133832314e-02
2.962680375443228070e-02
2.912978537632771384e-02
2.870321372999622145e-02
2.923522940530516590e-02
2.879655051217260009e-02
2.930922874038635953e-02
2.973128481496341638e-02
3.008074387327274585e-02
3.037044654014681155e-02
3.061084939818821404e-02
2.996500399207246632e-02
3.027607280929767511e-02
2.967856897629539067e-02
3.003828961416152646e-02
2.947738640397386603e-02
2.899725311596790256e-02
2.858650404589095986e-02
2.914607748793295039e-02
2.959494139596639470e-02
2.910610236747185678e-02
2.868648900862971057e-02
2.922096871364936177e-02
2.878828740974340855e-02
2.841749895297763367e-02
2.809982757069610926e-02
2.874263346647831438e-02
2.838267083585765960e-02
2.896805751005795265e-02
2.944923792296615453e-02
2.898261035285901871e-02
2.858123497996426302e-02
2.823723256413233212e-02
2.794213053741516350e-02
2.861913418659689165e-02
2.827571601972773269e-02
2.888138264411147307e-02
2.849780930198007531e-02
2.906420106217164415e-02
2.953005769013435436e-02
2.904802964478027730e-02
2.951771549998424837e-02
2.990465011936242756e-02
2.936433426405404487e-02
2.977904152251897169e-02
3.012071433664798709e-02
2.954690098756775421e-02
2.992962754030139075e-02
2.938389330345949832e-02
2.891689467600897651e-02
2.851818811313139301e-02
2.817715236526016978e-02
2.788399385542248560e-02
2.763018039130761203e-02
2.740863356627819963e-02
2.721371870358008094e-02
2.704102772683658271e-02
2.688756737061185828e-02
2.675138358779994771e-02
2.663116411081824231e-02
2.769085338807293628e-02
2.840923018175055964e-02
2.809438506630157831e-02
2.874195148750682827e-02
2.926861507808557056e-02
2.882103794550539000e-02
2.933601930152467119e-02
2.887411927296753764e-02
2.847561805980464156e-02
2.905467675228410110e-02
2.952527682967292025e-02
2.903439353725400032e-02
2.950980363675591994e-02
2.989990842315169012e-02
3.022192253293286973e-02
2.962751566688168886e-02
2.999839830375302871e-02
3.030269470259560477e-02
2.969560090404325947e-02
3.005390329430450772e-02
2.948375014954008472e-02
2.987799145985977137e-02
3.020161324128219082e-02
3.046961908779728320e-02
3.069170300116060707e-02
3.087587059266964223e-02
3.018626148504457984e-02
3.045922891892482651e-02
3.068216403177984400e-02
3.086708228487608160e-02
3.017958565825004658e-02
2.958728187036757662e-02
2.907678628595047540e-02
2.863529744966213444e-02
2.825132088232606281e-02
2.891569503680325656e-02
2.940597090281531906e-02
2.980962235357043077e-02
2.928840984998362651e-02
2.971493014323851184e-02
3.006445432605748744e-02
2.950376943110038022e-02
2.902083310693343021e-02
2.949915821404953953e-02
2.988549041246886875e-02
2.935205071098008142e-02
2.976676280154826743e-02
3.010689092058729116e-02
2.954019738144071650e-02
2.992248256782228596e-02
3.023575020696260551e-02
3.049593244889977489e-02
2.987048790545014654e-02
2.933195805448791937e-02
2.975737204506604186e-02
2.924356125250077154e-02
2.880258522919730210e-02
2.842315409307100832e-02
2.901437273685683257e-02
2.861517235627858077e-02
2.915849386025467713e-02
2.873801105392639194e-02
2.925952443802877501e-02
2.968780965592881030e-02
2.918745875788766875e-02
2.963050256709528693e-02
2.913725106732289669e-02
2.871360566281092735e-02
2.834974929566730362e-02
2.895043066111120320e-02
2.943254590364682149e-02
2.983120603282930772e-02
2.930854116355523925e-02
2.885854505632395525e-02
2.847187628173106569e-02
2.813876779174425552e-02
2.785007750724989573e-02
2.856169292285739431e-02
2.822914488560525695e-02
2.794236822405179663e-02
2.769524150544676669e-02
2.841253362546224820e-02
2.809964945393436317e-02
2.873784926216745375e-02
2.837502207686394551e-02
2.896395842502259149e-02
2.856572581856484799e-02
2.822350286177709514e-02
2.793040456819169057e-02
2.767924831310305048e-02
2.746330821263714278e-02
2.727664579078636214e-02
2.808764853580960480e-02
2.781794486531671481e-02
2.758468030174010197e-02
2.832394544399057315e-02
2.801596340374026134e-02
2.867478069586790884e-02
2.831294151392039007e-02
2.800160165183674527e-02
2.866463398566585635e-02
2.920569625856354185e-02
2.965087527479914886e-02
2.914267817966115226e-02
2.870474564580949295e-02
2.924016407751951763e-02
2.967868226854666544e-02
3.004050411102244383e-02
3.034015958184223261e-02
2.972749585333830935e-02
2.920026964207466519e-02
2.874959938344628929e-02
2.836532023006004682e-02
2.803724306366875418e-02
2.775605260530999638e-02
2.751365702459972196e-02
2.829731542385089532e-02
2.799434728259440897e-02
2.773325874850696149e-02
2.844470415295136112e-02
2.811814027986167530e-02
2.783723200970550718e-02
2.759662892728154474e-02
2.739061687560423453e-02
2.817182559352078564e-02
2.788402697641143360e-02
2.856863470259880106e-02
2.912773530146660003e-02
2.958732263727547815e-02
2.996625411048174301e-02
3.028002953866510208e-02
2.967759473428930456e-02
3.004214733363841025e-02
2.947055180311297304e-02
2.987032134613296780e-02
3.019925067482157055e-02
2.960506677949318807e-02
2.909516855217550088e-02
2.956115637555215003e-02
2.906298206636611509e-02
2.953115988511116966e-02
2.903947495894917963e-02
2.861952318771476475e-02
2.916715184265055230e-02
2.873267818664877390e-02
2.925773486829365277e-02
2.968946906587011103e-02
3.004659284077990447e-02
3.034248861857843232e-02
3.058792889623867042e-02
3.079156452157340643e-02
3.011462736195983508e-02
2.953146540212725837e-02
2.992122095900697290e-02
2.937307964283993392e-02
2.978502115546105555e-02
3.012352610004260037e-02
2.954824151886963762e-02
2.992959259042961631e-02
2.938390876565409593e-02
2.979318011750035564e-02
2.926920910835637685e-02
2.969805158197899239e-02
3.005058288728639296e-02
3.034292273721201846e-02
3.058582435503301791e-02
3.078767176990472240e-02
3.095551575807582029e-02
3.109508213114599295e-02
3.037593169720280428e-02
2.975576348391178322e-02
3.010994419349847379e-02
2.953895095791776032e-02
2.904918925161772275e-02
2.952340903809769906e-02
2.990536053740821057e-02
2.937050827195477470e-02
2.978180315684928608e-02
3.011913112813665097e-02
3.039899742627321863e-02
3.063148686594154360e-02
3.082474704059455506e-02
3.015080034385318394e-02
2.956960623297562318e-02
2.995597406712621411e-02
2.941305772790457282e-02
2.894653715893375640e-02
2.854415974127530800e-02
2.819458694189466361e-02
2.788813518566015184e-02
2.861219448372034901e-02
2.915543457266850033e-02
2.873771491303759099e-02
2.837593788777124579e-02
2.806269246294066516e-02
2.779040076690143454e-02
2.755220358087218796e-02
2.832040810970898326e-02
2.891756612480161220e-02
2.940752601743238173e-02
2.981201352036587371e-02
2.929167075281810875e-02
2.971811362965445791e-02
2.920814819660627268e-02
2.964861093441938794e-02
3.001049872097800303e-02
2.945612360547242986e-02
2.897967665341678531e-02
2.857095416188508083e-02
2.821948020472549862e-02
2.791554584257762914e-02
2.861604658944475604e-02
2.915800500330489875e-02
2.960526504806019338e-02
2.997494839794099392e-02
3.028142633658546454e-02
3.053578830255940582e-02
2.990302229446307331e-02
2.935708592198058367e-02
2.888772563025869197e-02
2.939750147423172283e-02
2.980228374350273393e-02
3.013711759126753986e-02
3.041494576798543098e-02
3.064571752751166223e-02
2.999575255576176699e-02
