5.182151764472670355e-03
3.288829214272615681e-02
2.752801827236225213e-02
4.603898284740774033e-02
4.756276755016927010e-02
4.441916680954510060e-02
4.832433508500703218e-02
4.503885743861670010e-02
4.898638439891480484e-02
4.580318642510451677e-02
4.925752417179773274e-02
4.608771407388961155e-02
4.937981901696233966e-02
4.618370769029206402e-02
4.944429609632971373e-02
4.621063649415325242e-02
4.947991332332329212e-02
4.620676254542543243e-02
4.949588618512242022e-02
5.002445047494090413e-02
4.677880871406236291e-02
4.986446885624595815e-02
4.653279637768809041e-02
4.976068803832640886e-02
4.637040069744324117e-02
4.967077237462408368e-02
4.623104090197548144e-02
4.958279407613614548e-02
5.023745944355320625e-02
4.683454266293297918e-02
4.996250466478514146e-02
4.646574294254247200e-02
4.976143820993417927e-02
4.620323370681477665e-02
4.138801164164301882e-02
4.852608809202851176e-02
4.473614549078695768e-02
4.864277594605789096e-02
4.488867653549865472e-02
3.997985410046091259e-02
4.733415282218499109e-02
4.888559223986637531e-02
4.981617408886148540e-02
4.620195738559153970e-02
4.136739496975152391e-02
3.541971343338572858e-02
2.889890340503551910e-02
2.261985445483576801e-02
1.728055288539199000e-02
1.318409379740214347e-02
3.740459914690043297e-02
4.294305569438581355e-02
4.622731225151718859e-02
4.204300759265520993e-02
4.651749146419946468e-02
4.836270259320792769e-02
4.956636000298698247e-02
5.040054335825210063e-02
4.660148081655297869e-02
4.976463101327274069e-02
5.057962045523889394e-02
4.680261411875914768e-02
4.995221770448499826e-02
4.612896092081860550e-02
4.951176537794470950e-02
5.038993210371615211e-02
5.096104349101058389e-02
5.137737874228543583e-02
4.766144955531006339e-02
4.265197605745805337e-02
3.639137631636431280e-02
2.943731996325612069e-02
4.595087091608295732e-02
4.156208847165458742e-02
4.675431475013318988e-02
4.865010001152503955e-02
4.973752908429496244e-02
5.043314875289658938e-02
5.092697278698034291e-02
4.725074383892185342e-02
5.024150189610897960e-02
5.085993983326475565e-02
4.717208570325132078e-02
5.021999517142159558e-02
4.647104075333669676e-02
4.976866534011891580e-02
5.053316188029551015e-02
5.102036776374049148e-02
4.736511548545119937e-02
4.241780434003112471e-02
3.621721573845354536e-02
4.767953592746144303e-02
4.360542190222552184e-02
4.796497055664396963e-02
4.404034326643683356e-02
4.805971674629213458e-02
4.930926429280767243e-02
4.563261267759465695e-02
4.081701726986420448e-02
3.496697577675861313e-02
4.605070405974349274e-02
4.203844043631786709e-02
4.653528634070165648e-02
4.266260216399612309e-02
3.794175542497552067e-02
4.508496554435187376e-02
4.116338513616794870e-02
3.657045962009205370e-02
4.371883861995226606e-02
4.618189455602177140e-02
4.240883409926370778e-02
4.617402669971745061e-02
4.772999949347388887e-02
4.883633966091598805e-02
4.967371462662703574e-02
5.033550759099195138e-02
5.087516431408308643e-02
5.132571140407637955e-02
5.170886088254023072e-02
5.203982638714507031e-02
5.232949594831644985e-02
5.258608210443418973e-02
4.857098972478394311e-02
5.129818084800932126e-02
5.185484397472274465e-02
4.791455374821902702e-02
4.286597403742319068e-02
3.673751890061628667e-02
4.746333359738152957e-02
4.920965981557987035e-02
5.019330377280566829e-02
5.083611533627601514e-02
4.708247541733407565e-02
4.226051797876637095e-02
4.854589612892629830e-02
4.471442364344804798e-02
4.830663386334958093e-02
4.944589157409253616e-02
4.578146454780023661e-02
4.888689869560397527e-02
4.522476175092099426e-02
4.062278970042117882e-02
4.700318372394337446e-02
4.845662558743153020e-02
4.939435532404067714e-02
5.007453850756195951e-02
4.643841903266618387e-02
4.185076110198421989e-02
4.788820095122870574e-02
4.423646084096565650e-02
4.767125911725176440e-02
4.882491146343074379e-02
4.962192889552076436e-02
5.023017243188180464e-02
4.658581012230660762e-02
4.202135092039311487e-02
3.651138930443646041e-02
4.641541951286636686e-02
4.803833628608347728e-02
4.905816896354540935e-02
4.549165526493482298e-02
4.841354791714863604e-02
4.487719170081658215e-02
4.793698669278505242e-02
4.893955490232953370e-02
4.967339213942609244e-02
5.025702402508622907e-02
4.659984950640183587e-02
4.209557906456173892e-02
3.669730171213981401e-02
3.069037588478833525e-02
4.460621172208417001e-02
4.680382645205585085e-02
4.814574592265095931e-02
4.460987841505868051e-02
4.041635565257949841e-02
4.607450180449618182e-02
4.264427021913757415e-02
3.866864897569675941e-02
3.418414676891622095e-02
2.939816542022756843e-02
2.464670532024587288e-02
2.027935203838823405e-02
3.715496770248238878e-02
3.361211082974124853e-02
3.920103353077836889e-02
3.571929468740284858e-02
4.041156749472950283e-02
3.700386025631924314e-02
3.370033946099452310e-02
3.910700549683746724e-02
3.594467165198794029e-02
4.001883087814148143e-02
3.684845062687004680e-02
4.057853854435371221e-02
3.742100281761197994e-02
4.092200135570305680e-02
4.335033609080719830e-02
4.535434966683026675e-02
4.702996544285369118e-02
4.302981223014787360e-02
3.927022253934653317e-02
3.563217706616889774e-02
3.203637904299933697e-02
3.961696670768075773e-02
4.221737451529278262e-02
4.432793341325946129e-02
4.083453012010165167e-02
4.363003299894643167e-02
4.545935099701164245e-02
4.186384112970245597e-02
4.450697618693839896e-02
4.115683171769092541e-02
4.385902325993192019e-02
4.067763261164117350e-02
4.340489428367591551e-02
4.034023089418525138e-02
3.748630106479703544e-02
3.470148858955950794e-02
3.977699669607424882e-02
4.213563834781610534e-02
3.920227377683550840e-02
4.200617613249475052e-02
4.398155406901800568e-02
4.072353336058771867e-02
4.332919003329055441e-02
4.509719339278865646e-02
4.662336419815372307e-02
4.794870622313415764e-02
4.910109367031369187e-02
5.010310098647270671e-02
4.571053070222655390e-02
4.795891451999487187e-02
4.408705815636725783e-02
4.649970231223766320e-02
4.299633611243499492e-02
4.549825626249094646e-02
4.224596020278943015e-02
4.479725146275888997e-02
4.629890499970386319e-02
4.293727346519536636e-02
3.973761547500197222e-02
4.354322344288828056e-02
4.071034025340115187e-02
3.798361219883244350e-02
3.522267538026972039e-02
4.043647070742543981e-02
4.267762938798547873e-02
3.985203626182722003e-02
4.255912243912976511e-02
4.438832052799043110e-02
4.125275235174256233e-02
3.841928843680407490e-02
3.569192763044729683e-02
4.050615180644739910e-02
3.807044338142436674e-02
4.094193581788389824e-02
3.840905699598395201e-02
3.612823477028812708e-02
3.968763021527740853e-02
4.195360580786049176e-02
4.390167781757896986e-02
4.559426598349016618e-02
4.201122715160806459e-02
4.440631886721538996e-02
4.117574485493726705e-02
4.363777423839707709e-02
4.063125038962654006e-02
3.797962870745899555e-02
4.139361740320994520e-02
3.885748252910645184e-02
3.658636919400452131e-02
4.003379630361522667e-02
3.769395284200834084e-02
4.048419219939825009e-02
4.259751268529553270e-02
4.443743373491309406e-02
4.111774591874230861e-02
4.354204760134633423e-02
4.049563619564246902e-02
3.787203701639828973e-02
4.119089117842417158e-02
3.867198806186880611e-02
4.131656327462789741e-02
4.328841584568253464e-02
4.029236146173908323e-02
4.275980273973707668e-02
3.992069888327752503e-02
4.241804453230442473e-02
3.967494636540252334e-02
4.218920641228970925e-02
4.402462543973189452e-02
4.563252657721465766e-02
4.216189297213073645e-02
3.918482006109968996e-02
4.248186778473844044e-02
3.978799347177535556e-02
4.231534731871444688e-02
4.412159059081943724e-02
4.106028829039514577e-02
3.840302190789091075e-02
4.169515215606933722e-02
3.917884422660579402e-02
3.694353695432514573e-02
4.028220765730266412e-02
3.798184125901499231e-02
4.068459443433871531e-02
3.826520764275975067e-02
4.091928830743411100e-02
4.293919897123033708e-02
4.471023773913927052e-02
4.626794914934546921e-02
4.257266672852558914e-02
3.944586126987405239e-02
3.662851418280058113e-02
4.104673318502186780e-02
4.306533115483038299e-02
4.480456033729835613e-02
4.632307916889253502e-02
4.269336353729212552e-02
4.496569032432301549e-02
4.173070848857127202e-02
3.891273060264219263e-02
3.628172827557656077e-02
3.366444477634625981e-02
3.095566459733230941e-02
3.838387412626893813e-02
3.617971360009104853e-02
3.419658126558956790e-02
3.230181942977970039e-02
3.041401825488486421e-02
3.567172618903578785e-02
3.877019282562008812e-02
4.138605635307237435e-02
4.363297403457432055e-02
4.557979842590158953e-02
4.727208782558123962e-02
4.298805288218125048e-02
3.945000114900399507e-02
3.641728551237070899e-02
3.366083676012009834e-02
3.100994640850580908e-02
3.775486171757661685e-02
3.547725610120672918e-02
3.864099248772898815e-02
4.115386597336626734e-02
4.333813406199311935e-02
3.993363671035612961e-02
4.251528359515523853e-02
3.940218063924470770e-02
4.200208721236986520e-02
4.399192942852902383e-02
4.574037356072421096e-02
4.199939805561148792e-02
4.436314750214283287e-02
4.103189292734102378e-02
3.822460286793426254e-02
4.148297691914312052e-02
4.347561976560216507e-02
4.521018106642483991e-02
4.673037777370333407e-02
4.806413531248246440e-02
4.923339546817854379e-02
4.491512433940922366e-02
4.115422749043181477e-02
3.771999183149400692e-02
3.440300959079960891e-02
3.106875570795044478e-02
3.963992815808192044e-02
4.205676546553108186e-02
3.923463336322474682e-02
4.194492215360406950e-02
3.920838597543212234e-02
4.186287922175715298e-02
4.379083535039775266e-02
4.069431983289209520e-02
3.803476590902893362e-02
3.558804803567575115e-02
3.989446906112106839e-02
3.757998362100367640e-02
4.037522917213822587e-02
3.793974688816065949e-02
4.066172951545570652e-02
4.275011070735298263e-02
4.457720444664527853e-02
4.120488740354000257e-02
3.837872966719973328e-02
3.585009406414586819e-02
3.342590256937700427e-02
3.876970762075585691e-02
3.656393140122393692e-02
3.947808570470270201e-02
4.176327580173807424e-02
4.376031530940930475e-02
4.551400184123953474e-02
4.705451800589161709e-02
4.840572860639971026e-02
4.412315086378332946e-02
4.633437136698788372e-02
4.264260959975631204e-02
4.496961110380595650e-02
4.649978878220690365e-02
4.782192142715632754e-02
4.391623744594815720e-02
4.049954327621276690e-02
3.733551345396769749e-02
4.212213856611641410e-02
4.402375483293773095e-02
4.562547390233834266e-02
4.700567291873863907e-02
4.820571697947263062e-02
4.429270037014278183e-02
4.081543576860014594e-02
4.430333605514357592e-02
4.585560429430766277e-02
4.716840696248312398e-02
4.360111276348108134e-02
4.037468161077099882e-02
4.388859172063738767e-02
4.107826453244133036e-02
4.357613467699537196e-02
4.084131053491490276e-02
4.332966670854725838e-02
4.496064084611346018e-02
4.635583407769290620e-02
4.756582863594928379e-02
4.392541114491397419e-02
4.612922880721827268e-02
4.287008370155697551e-02
3.986748043509415196e-02
3.690621194633885577e-02
4.196822150500820192e-02
4.386498410680115395e-02
4.543178535354205211e-02
4.676804108865498938e-02
4.792398615134514650e-02
4.893087045484231790e-02
4.981086921729559885e-02
4.566407408285948211e-02
4.779575343701784190e-02
4.417656485744639316e-02
4.078495330655238643e-02
4.454611065802825676e-02
4.165467917101069173e-02
3.887903117374744144e-02
4.265841377980008481e-02
4.009069803689040840e-02
3.762245996281156357e-02
3.511222120822100196e-02
4.011209941867779211e-02
4.240050820905017642e-02
4.426055863459187056e-02
4.119328254989852028e-02
3.846574410049335285e-02
3.586384917235848485e-02
4.050943850864371226e-02
3.814404287238860880e-02
4.096745910331917734e-02
4.301678285369983645e-02
4.477073291906676078e-02
4.150551400762246546e-02
4.389302941465390157e-02
4.089182319079626843e-02
3.826185232320936797e-02
4.161472832191051574e-02
4.353020496931993277e-02
4.518083412719834518e-02
4.661856234240563390e-02
4.300446053233261678e-02
3.985910618529523580e-02
4.322693510326851285e-02
4.045438281466197383e-02
3.796779770383210129e-02
4.137302403948459745e-02
3.895054237571107109e-02
4.159376481353426608e-02
4.350019332304602693e-02
4.059170616123910363e-02
3.805584471385166367e-02
3.567699441429970225e-02
3.330009688631380138e-02
3.083143526830077127e-02
3.776525294764693924e-02
4.038940645712123245e-02
3.776162938586800910e-02
4.057346894457050657e-02
4.273697900678036926e-02
4.462038576689930647e-02
4.626733726760081516e-02
4.243925627619285490e-02
4.476714196626926240e-02
4.139609770347587453e-02
4.380024170829507207e-02
4.547544010549395277e-02
4.693323281219842491e-02
4.820777425498386920e-02
4.416785440807319968e-02
4.635970541490054553e-02
4.282790883481316091e-02
3.971677998530831477e-02
3.679842923794446330e-02
3.389580143931195111e-02
4.014940904276155520e-02
4.239330557201291538e-02
4.425766199382652477e-02
4.585238819981127256e-02
4.723333137432562251e-02
4.843587279139725116e-02
4.438766818197144304e-02
4.657346266047466404e-02
4.783988678686774965e-02
4.892740375993154950e-02
4.490030974627676891e-02
4.706636475218960169e-02
4.824082454991687058e-02
4.446177209142692516e-02
4.667291569547973862e-02
4.787389426599715503e-02
4.424595666565382668e-02
4.647793900229511138e-02
4.768306111224642624e-02
4.414763519090466465e-02
4.082022286359938273e-02
3.749023153394007851e-02
3.401661470014706590e-02
4.156849419721713595e-02
4.365762875630673640e-02
4.081367578203266150e-02
4.341042016632572220e-02
4.065343768604172403e-02
4.321692737633672787e-02
4.051432140893018730e-02
3.800980455990589368e-02
3.553079259487081087e-02
4.025674447320343186e-02
3.795041426120513567e-02
3.580929248263332171e-02
3.370327298446329500e-02
3.826513499795443363e-02
3.606206937927262240e-02
3.921721615968723484e-02
3.682251038514760405e-02
3.473190664276293305e-02
3.278797487067940802e-02
3.706576598387273380e-02
3.983390212083459669e-02
4.221274657906958633e-02
3.903507225563999233e-02
4.173028635852139151e-02
3.875890025008440348e-02
3.630382058525136180e-02
3.961885804301526481e-02
4.192414907093489768e-02
4.394596101594352988e-02
4.572260126730211260e-02
4.193834101861436403e-02
3.881050714179069827e-02
3.608543658989517983e-02
3.354895301460708579e-02
3.884813577893722614e-02
4.125695240629499716e-02
3.847613957477808572e-02
3.615499373857920112e-02
3.946057552020337811e-02
4.175142457587320555e-02
4.376121160448027264e-02
4.043217245896950363e-02
4.290590755268578610e-02
3.985760609255636910e-02
4.236772781118159498e-02
3.949427030598259142e-02
4.202428136969574290e-02
3.925933450096791982e-02
4.180099108533094632e-02
3.910385154796437029e-02
4.165236680774466599e-02
4.358637108623407419e-02
4.048668758513263716e-02
3.788412813752698588e-02
3.554362830955948294e-02
3.962193824456330948e-02
3.735475649280807497e-02
4.010438736382314351e-02
4.225582321455093049e-02
4.414807282017872703e-02
4.581689966356052024e-02
4.728735427308655009e-02
4.858027539534812145e-02
4.430717837120200925e-02
4.649024031568595866e-02
4.784561382970641680e-02
4.901812845812595493e-02
4.481250003617717054e-02
4.112850064076117168e-02
3.773181214307182174e-02
4.265268650072791962e-02
4.449714281182364645e-02
4.604040095594343768e-02
4.736564586135665056e-02
4.365806498240878269e-02
4.588645453755418879e-02
4.721383395824916424e-02
4.835487793977593513e-02
4.934646287232588580e-02
5.021183104803803726e-02
5.096854635669459399e-02
4.655848266030664095e-02
4.245292043195105641e-02
4.626292905969488917e-02
4.294246379997496144e-02
4.542745919228350499e-02
4.234192290578140533e-02
4.483033668208948747e-02
4.189663813628601713e-02
3.908794329621889663e-02
3.623536924354315431e-02
3.323417944724577078e-02
4.017593129007674541e-02
3.775921058922979828e-02
4.091071176189453595e-02
4.306867378531453044e-02
4.018631772519842132e-02
4.280215924879225003e-02
4.458622698606007351e-02
4.144546304133225195e-02
4.386900727860248983e-02
4.547023944141678764e-02
4.219164781475401999e-02
4.453029547311680020e-02
4.602248633765253227e-02
4.267381604604975759e-02
3.967477282279403827e-02
3.679812955851766848e-02
4.161040595682178461e-02
4.354815653938144682e-02
4.070691607420033609e-02
3.815530125680190177e-02
3.569580220453993924e-02
4.024033700393897517e-02
4.239308625550646664e-02
4.421638664787665846e-02
4.110392195575569146e-02
4.351676414307351776e-02
4.061473134099666260e-02
3.806534326404314994e-02
3.565863615534552861e-02
3.324446541076014200e-02
3.073390645456613654e-02
3.779320296801552681e-02
4.043285117065766043e-02
3.779217664486481110e-02
4.061842518704436578e-02
4.278134325714236935e-02
3.969876846967198419e-02
3.712911246358222700e-02
3.483908752065114495e-02
3.895049557566307441e-02
4.131534529072391354e-02
4.337598269171173693e-02
4.518359744150620555e-02
4.677003645805016818e-02
4.281823489263533733e-02
4.511847397697910794e-02
4.667112927134026840e-02
4.802192423778827574e-02
4.920125168725547615e-02
5.023112806616564230e-02
4.571766823062317631e-02
4.783852565842753451e-02
4.901342559666149734e-02
5.001533081280712389e-02
4.570305962311508458e-02
4.180036090189508113e-02
4.540803979885231489e-02
4.217425844634844351e-02
4.466350934377551207e-02
4.618736424560264398e-02
4.746690958605820354e-02
4.856407160227802638e-02
4.472766421553599908e-02
4.118888980082479473e-02
3.772850042186160630e-02
3.418713331540588346e-02
4.165922724151118611e-02
3.907948330810062654e-02
4.202981868754999961e-02
3.942607005169115886e-02
4.219931835242992507e-02
3.958330013045301826e-02
3.717947121662156656e-02
4.077089316350305387e-02
3.836953957100400908e-02
4.117284209859654182e-02
3.868002263751128822e-02
4.139667405414190066e-02
3.885379981086800605e-02
3.659804063970752835e-02
4.001953782179391156e-02
3.768904277047068624e-02
4.047836478645287783e-02
3.803009368107559962e-02
3.589571250926584106e-02
3.390377106822679842e-02
3.193840173849607500e-02
2.992952540600912412e-02
3.591569491982168211e-02
3.888270461851851822e-02
3.625138756834685172e-02
3.929003337317547861e-02
4.174769306916845113e-02
3.858715771734829575e-02
4.132007535545617616e-02
3.835297503414118736e-02
3.593254354961421260e-02
3.922828909944298809e-02
4.159942848055982190e-02
3.861536472830865568e-02
3.618441800229926092e-02
3.943146532753363798e-02
3.696820441313619643e-02
3.977021748578211946e-02
4.204343391644785322e-02
4.405842908805886193e-02
4.584104915146326731e-02
4.741248640831458028e-02
4.321974661176210958e-02
4.550543160922772279e-02
4.186772753784697571e-02
4.425278774847777458e-02
4.098809932281462926e-02
3.822019295425982399e-02
3.572369986364492406e-02
3.993519733065571675e-02
4.215189714755261663e-02
3.932587429796403911e-02
3.693075586042367242e-02
4.020498500893167348e-02
3.779708477739465722e-02
3.572011437984676241e-02
3.380091651874753828e-02
3.781400736581522204e-02
3.570546440391077214e-02
3.869001248930300368e-02
4.110935435762427814e-02
3.825694616471463777e-02
3.593036341476974621e-02
3.390172064773446653e-02
3.200706945308119666e-02
3.661999197870399736e-02
3.455508590681354020e-02
3.767913401769223264e-02
3.536226961568262467e-02
3.837543642833313173e-02
4.090155832986260009e-02
3.788299768262595041e-02
4.063037913904740672e-02
4.287128737000671375e-02
3.950059534243072906e-02
4.208529034548948861e-02
4.412183429359074066e-02
4.058131248928259494e-02
4.305818205063206144e-02
3.985878752100807665e-02
3.723998523276429023e-02
3.496465363551574945e-02
3.284827617621231821e-02
3.076377897098909325e-02
2.863588166815583466e-02
2.643454387627240665e-02
2.416878800294842283e-02
2.187889792995782734e-02
1.962541215153331894e-02
1.747531425455380386e-02
1.548849226962986658e-02
3.130083566847152721e-02
3.597367417579429294e-02
3.251444839806423570e-02
3.685496779258765759e-02
4.033026639929516988e-02
3.646937233898599889e-02
4.001746874658738962e-02
3.645277539088370017e-02
3.358009180437678681e-02
3.752054327600642253e-02
4.051339728512650534e-02
3.707156609611671899e-02
4.024558097897325964e-02
4.281930244806883556e-02
4.506977686044294495e-02
4.092150537488289247e-02
4.365958268562378231e-02
4.572453854583391486e-02
4.162823901343505606e-02
4.425114445779021466e-02
4.056587713794481548e-02
4.325450948874815654e-02
4.524048766189604776e-02
4.695825494465147298e-02
4.844867750247312810e-02
4.974167934843593680e-02
4.516827178704411333e-02
4.744349098712077190e-02
4.883220146679410206e-02
5.000994248508224688e-02
4.554861929578216118e-02
4.149499671102715309e-02
3.770520941710137769e-02
3.404015319907881254e-02
3.041814468139977801e-02
3.948347134701761518e-02
4.213441253584600255e-02
4.423543677268195612e-02
4.086756405868004899e-02
4.350028266856530157e-02
4.529287496381493444e-02
4.182918873961041090e-02
3.877975464495497793e-02
4.228455297190849421e-02
4.419870969745032935e-02
4.103841634232061053e-02
4.353925052703627729e-02
4.523911337155462481e-02
4.190664290050679502e-02
4.430713495343632097e-02
4.588148530974165556e-02
4.723983908279830168e-02
4.353089523962008073e-02
4.021089436255680105e-02
4.372152485051373355e-02
4.082808736076571493e-02
3.817734419109829885e-02
3.559247959588585086e-02
4.034239446543000374e-02
3.797165894018084131e-02
4.086454364508282366e-02
3.838300990333624180e-02
4.115616085318677536e-02
4.318351520212190126e-02
4.021908741165330925e-02
4.273480631739851043e-02
3.990988806056676441e-02
3.744285981129497065e-02
3.513442361544211884e-02
3.943236560781005623e-02
4.170654673206850710e-02
4.366580425480273003e-02
4.051452994637251559e-02
3.784668507640443630e-02
3.542897969848467221e-02
3.308721959548922148e-02
3.070969480752521602e-02
3.731990805139513701e-02
3.518561024964281941e-02
3.331194308144288380e-02
3.156330931127530187e-02
3.584787837010949135e-02
3.375242535855670079e-02
3.713016704939490348e-02
3.477020226603474984e-02
3.797250467194492746e-02
3.546333253039150868e-02
3.342104755690174928e-02
3.165088892890000755e-02
3.002059522691753746e-02
2.844640369096610236e-02
2.687924745242909266e-02
3.263780056930126738e-02
3.064089281015468930e-02
2.898905846957406870e-02
3.315275475616248635e-02
3.097626520765435140e-02
3.477963912171661010e-02
3.229195260965980058e-02
3.034678567869862620e-02
3.423532534977020286e-02
3.759369678931047398e-02
4.062791766037421315e-02
3.695266855835047104e-02
3.414089000557973125e-02
3.763901820430265444e-02
4.052074078746915192e-02
4.310346344496528842e-02
4.539598388518463479e-02
4.101922000440870464e-02
3.754187330868511557e-02
3.474197478472638989e-02
3.238523543228435247e-02
3.028135557946753931e-02
2.829698660389990197e-02
2.635079328078461861e-02
3.346794046079499402e-02
3.139110981715607235e-02
2.968290525287694409e-02
3.373933991416594447e-02
3.155562234261600346e-02
2.979887532511513518e-02
2.829640668476274268e-02
2.693668660311663091e-02
3.158693318535652633e-02
2.958523421686118718e-02
3.356789706178942706e-02
3.713191142012569473e-02
4.034925313685019943e-02
4.321939074669468861e-02
4.574931964790540651e-02
4.097871866544822855e-02
4.384036223341455235e-02
3.964514698075074367e-02
4.254561501281554914e-02
4.491054000160576987e-02
4.070634146395236269e-02
3.732813490226580266e-02
4.065000964193734440e-02
3.751896924826875895e-02
4.044696820077156585e-02
3.743327547654361903e-02
3.500402087741216750e-02
3.836860225165210359e-02
3.584308144628016446e-02
3.884081000253400417e-02
4.135284944462372381e-02
4.358869448003407226e-02
4.557175767670933186e-02
4.732191325931257853e-02
4.885843965018082935e-02
4.420010121782223106e-02
4.030554486486272875e-02
4.356169817562450391e-02
4.021476779676769892e-02
4.282142380531394482e-02
4.475676970270795613e-02
4.124816890982286460e-02
4.370527287249810489e-02
4.050003879965109049e-02
4.300968160607925722e-02
4.000583592050924175e-02
4.254371130673260948e-02
4.441017444054716490e-02
4.603961174489162866e-02
4.746754710094555629e-02
4.871902465380163055e-02
4.981453240026831319e-02
5.077199577875404074e-02
4.616930362554918371e-02
4.205006960888260648e-02
4.561736364396113547e-02
4.223187490536621513e-02
3.916709451066233832e-02
4.279747687595020222e-02
4.464453505781685455e-02
4.153359664809989221e-02
4.399567187110457744e-02
4.559813742267199155e-02
4.696694316500939909e-02
4.815121067395444765e-02
4.918157799139182690e-02
4.512956566478830422e-02
4.142679989711819943e-02
4.507666637597718129e-02
4.198464704025482025e-02
3.908939842430483175e-02
3.620899540808445588e-02
3.322397468529674630e-02
3.009039973466196005e-02
3.882214561304956485e-02
4.151213757786691161e-02
3.873779944263609776e-02
3.626159887580559377e-02
3.390957717991538445e-02
3.156945479971513119e-02
2.918397976655845091e-02
3.621530228247577671e-02
3.936380187829850719e-02
4.194030846032578003e-02
4.410521691971745761e-02
4.051896815830996479e-02
4.313856252150889692e-02
3.989708738204882782e-02
4.252849343538847582e-02
4.446841905619530050e-02
4.104742604350870155e-02
3.815979146929360244e-02
3.557648006739665830e-02
3.311694017999290002e-02
3.066114676176291340e-02
3.732331489274177960e-02
4.005081366358864692e-02
4.237651141361137991e-02
4.439215889812611615e-02
4.614834340348921565e-02
4.768005950678917693e-02
4.344840818544446620e-02
3.989484896715478346e-02
3.677804012718442761e-02
4.123742879035173503e-02
4.332236776842268711e-02
4.511082945824760465e-02
4.666560421260119995e-02
4.802239461488909400e-02
4.393663873956258487e-02
