2.009620174410213967e-04
3.344739422239450871e-04
5.416480284707054366e-04
6.692339314889222176e-04
7.937011584929308658e-04
9.157448416707698836e-04
1.035759807903328467e-03
1.152836224121534230e-03
1.341411279498563869e-03
1.449835906703626906e-03
1.630830416616262536e-03
1.732195054370371662e-03
1.831418501117372012e-03
1.928491427521010406e-03
2.023855191150204791e-03
2.191655637172440062e-03
2.279393308177499362e-03
2.365199274384034277e-03
2.536337213943084222e-03
2.712613968585721614e-03
2.778528748909579044e-03
2.844614492247100803e-03
2.910326857758941104e-03
2.975071209485348912e-03
3.039179752523245466e-03
3.102559321544185334e-03
3.165120031324503754e-03
3.226788645981287090e-03
3.287509433783405120e-03
3.347232876789034070e-03
3.405929147644003608e-03
3.463570793111293671e-03
3.520147572312882795e-03
3.674626281872936731e-03
3.721385650606820385e-03
3.767886033323294883e-03
3.814048084558360752e-03
3.859803807128195634e-03
3.905090815210885292e-03
3.949860533054558309e-03
3.994068748839305592e-03
4.037680574435890436e-03
4.197268677079422569e-03
4.365807954995468317e-03
4.384722397848237613e-03
4.405608588090624902e-03
4.555975754360631555e-03
4.747805278364967269e-03
4.939835522929553017e-03
5.128892393989451653e-03
5.329324927204635853e-03
5.288192617935502833e-03
5.475436644583968858e-03
5.441034064115189695e-03
5.399883357384537182e-03
5.359383881749340758e-03
5.558489849517439692e-03
5.519064052185166519e-03
5.476534620142903091e-03
5.437742796268790237e-03
5.405565156814050656e-03
5.380592684732531106e-03
5.596566379115881784e-03
5.553377990760639295e-03
5.518827880656866462e-03
5.748920582764344839e-03
5.694090381447917265e-03
5.648966318651865368e-03
5.614165346593655639e-03
5.859150848726213043e-03
6.108076469582651886e-03
6.051397025481581281e-03
5.979263739192469673e-03
6.187408264530929423e-03
6.152739548947960824e-03
6.091713809137326921e-03
6.017768376615583933e-03
5.949219001321136291e-03
5.895575746928572065e-03
6.182097666629296148e-03
6.099901525828681399e-03
6.026290080215363984e-03
6.313067887273931741e-03
6.423110650921106182e-03
6.441110652531723858e-03
6.448100842664405280e-03
6.461162895280517585e-03
6.472354696808735319e-03
6.478574822173212289e-03
6.489072239911993292e-03
6.495222081231352522e-03
6.501223858115146199e-03
6.507250567990330130e-03
6.519105430296536115e-03
6.524904079311847661e-03
6.530489027482095157e-03
6.536109057265632356e-03
6.548587714573491335e-03
6.553865869005089106e-03
6.564917330250118893e-03
6.569705877376613538e-03
6.574300490123785243e-03
6.579248775753515459e-03
6.583937812353060463e-03
6.588621104253572155e-03
6.593264857320280461e-03
6.597704883139650194e-03
6.602406862237584183e-03
6.606771726901434875e-03
6.610529147468892537e-03
6.613145227518178737e-03
6.613315343926089683e-03
6.607765197123749434e-03
6.643948684320691474e-03
6.645658714406785933e-03
6.645309992140482035e-03
6.639765366441284164e-03
6.671235221231678995e-03
6.672504937604904415e-03
6.688076030656418640e-03
6.689541312247606480e-03
6.690909745772308584e-03
6.704042694041774039e-03
6.713386403986301883e-03
6.713836263027455654e-03
6.714505341127861154e-03
6.723991881874557229e-03
6.732248163613420260e-03
6.731960471845776367e-03
6.732295143566991748e-03
6.740375896975757397e-03
6.740054856955860103e-03
6.739985635644963301e-03
6.740444597460339832e-03
6.740782967769415671e-03
6.751180242191281641e-03
6.750916241268325665e-03
6.751160912867044950e-03
6.751273942682239036e-03
6.761888255845393235e-03
6.761361777001645770e-03
6.760976373761867948e-03
6.770409269987041206e-03
6.769489414180421792e-03
6.768765707420464593e-03
6.768515733792741969e-03
6.778280920445527331e-03
6.786038094653988953e-03
6.784265061038721213e-03
6.791387499636872965e-03
6.789313824732536549e-03
6.795766396042521654e-03
6.793477419357190489e-03
6.799508010264678978e-03
6.797043382195511359e-03
6.794894077091017705e-03
6.801431494499496182e-03
6.806785377240442102e-03
6.803875685578416113e-03
6.801313242798424398e-03
6.799044463591764551e-03
6.797020312774546685e-03
6.795184956802800304e-03
6.803080319805586938e-03
6.800708134228241296e-03
6.798559049392432878e-03
6.796598327406655655e-03
6.794787041302669667e-03
6.793088908909490284e-03
6.791466724392865480e-03
6.789918021789608134e-03
6.800755134325596127e-03
6.809291452415066649e-03
6.806272790288903259e-03
6.803496174116080951e-03
6.800919831803454996e-03
6.798504663827323324e-03
6.796200881825950439e-03
6.794000417776593394e-03
6.791895911839828520e-03
6.789850107931039158e-03
6.787750599932597037e-03
6.785799365408732263e-03
6.783870160536014174e-03
6.782196245375235640e-03
6.780538309121091588e-03
6.778903062489674211e-03
6.777269764571766837e-03
6.775529837743083858e-03
6.774006229278898769e-03
6.772524393775862864e-03
6.771143086322334997e-03
6.797467787655953227e-03
6.808287334941803999e-03
6.817197671391253024e-03
6.812900774808763361e-03
6.809031593040704329e-03
6.805467023314820500e-03
6.815047589089345305e-03
6.810870116233901095e-03
6.807078993583510866e-03
6.803560146511626779e-03
6.800953782572507003e-03
6.799081490829781554e-03
6.798468795883715922e-03
6.799996005632020016e-03
6.805189510676791335e-03
6.815624367918081579e-03
6.807916841898083160e-03
6.813305991658164841e-03
6.809811693164489164e-03
6.807378046450571901e-03
6.806686916244935985e-03
6.809020408113979073e-03
6.816576812316996192e-03
6.810000934345716329e-03
6.809229312198506606e-03
6.812606006418734164e-03
6.808938648192448991e-03
6.806424628385128808e-03
6.811874258143706812e-03
6.807657883334548680e-03
6.803894031468559096e-03
6.801453838050667763e-03
6.800593505368652050e-03
6.803287665307971785e-03
6.803328556983088103e-03
6.800627518748162542e-03
6.799577856098657468e-03
6.802206134198874113e-03
6.801527094224434598e-03
6.806332951763310532e-03
6.801084962407900544e-03
6.796382322814882582e-03
6.792362254586367318e-03
6.789334779801724229e-03
6.788012819339618240e-03
6.792549937358242397e-03
6.788277969968443785e-03
6.794564905273138902e-03
6.789300447557673930e-03
6.795257612927189765e-03
6.789588354692344119e-03
6.795512243118884479e-03
6.789600379693789232e-03
6.784130595768853716e-03
6.779034568064445064e-03
6.774599490936278681e-03
6.770145131318862884e-03
6.766007988125226705e-03
6.775093349246602385e-03
6.770421168415930932e-03
6.777499373242515217e-03
6.782457759061668104e-03
6.785900505332917096e-03
6.779406994083882025e-03
6.773403365124429712e-03
6.767804115814915478e-03
6.773164675287384091e-03
6.767293016829636389e-03
6.761806455971744283e-03
6.767315641785434134e-03
6.761520328558074007e-03
6.766432575569764768e-03
6.760443747370408277e-03
6.754857850048764413e-03
6.749596321083494062e-03
6.744621197421649464e-03
6.739883699896562913e-03
6.735350364524754323e-03
6.730992393367309090e-03
6.740167515141203165e-03
6.735095165746064413e-03
6.730285454532301467e-03
6.725695019327206786e-03
6.721291867388630437e-03
6.717005234556727190e-03
6.728532746002009908e-03
6.723546504831573629e-03
6.731967751381613338e-03
6.726454025413362153e-03
6.721263587505714107e-03
6.716338280791749743e-03
6.711647346214225963e-03
6.707107332867231521e-03
6.717667283924531538e-03
6.725245683494749001e-03
6.719337867336670940e-03
6.713798814733127306e-03
6.721259286526282128e-03
6.726583726484569072e-03
6.730366230284115341e-03
6.723572474756231432e-03
6.717272171872266245e-03
6.721777858302544449e-03
6.724980972961856242e-03
6.718229789525210008e-03
6.721429180596568201e-03
6.714776603743390776e-03
6.708592606412667678e-03
6.702810236641864976e-03
6.697358057023516595e-03
6.692200779780314683e-03
6.687296697243122305e-03
6.682601468533691698e-03
6.690453845606394653e-03
6.696188103500816044e-03
6.690314197439079999e-03
6.684800003145463347e-03
6.679593123097090843e-03
6.674661894182839887e-03
6.669950631326728753e-03
6.678017823187027725e-03
6.684100779683547003e-03
6.688556420454961661e-03
6.682212908939171199e-03
6.686332639934892963e-03
6.689439795392191496e-03
6.691582844061934668e-03
6.684614213087514828e-03
6.686938859207086465e-03
6.680192598347210048e-03
6.673936441865609311e-03
6.668109780211472874e-03
6.662631575520020985e-03
6.667396863588225149e-03
6.661662219994805845e-03
6.656276267637770486e-03
6.651185906908798490e-03
6.646346734750147901e-03
6.641723977319796690e-03
6.637293415426008536e-03
6.633027218754950459e-03
6.628889049203701665e-03
6.624875344654048044e-03
6.620960108129235987e-03
6.617121992362352129e-03
6.613333406371755575e-03
6.609589755459986150e-03
6.621428057797871906e-03
6.629997589692915479e-03
6.624751972721658333e-03
6.619808500476231233e-03
6.627903269349758736e-03
6.622496561519477035e-03
6.629521508520330210e-03
6.623811327516810829e-03
6.618442476142007320e-03
6.625444718501963086e-03
6.619743836946931879e-03
6.614391744580039832e-03
6.609320071621622820e-03
6.616954308855480665e-03
6.622710105934779580e-03
6.627120282668285713e-03
6.620688534607415202e-03
6.614706735799997031e-03
6.619860545593437597e-03
6.623658831062660679e-03
6.617194182082731559e-03
6.611183055092284544e-03
6.605558530707654995e-03
6.610937909690342042e-03
6.615063939583182111e-03
6.608813326203866710e-03
6.602999810798969652e-03
6.597541878261913018e-03
6.592396382362351349e-03
6.587518143870796025e-03
6.582865998060836478e-03
6.590152850014264867e-03
6.585009379199441119e-03
6.580140005346160094e-03
6.587188152428277363e-03
6.581897487206319307e-03
6.576907954310063156e-03
6.572169872760979040e-03
6.567659156672553400e-03
6.563337075813085661e-03
6.559165742855149403e-03
6.555129420972148450e-03
6.565097785739320603e-03
6.572780702307403494e-03
6.567392755101900299e-03
6.562333861002809902e-03
6.569752768101713193e-03
6.575489446279594342e-03
6.569564934736781860e-03
6.574944606097410209e-03
6.568952929646518918e-03
6.563369335381535365e-03
6.558123694588384109e-03
6.553167602485550532e-03
6.560373328535081504e-03
6.565868881028984021e-03
6.560017041878607805e-03
6.564976734509743103e-03
6.569025168831211202e-03
6.562718199309825091e-03
6.556873320224148802e-03
6.551416216111163697e-03
6.546285532166463451e-03
6.552337965679598877e-03
6.546910529567856116e-03
6.541818941248641120e-03
6.537005562510086500e-03
6.532437274176699886e-03
6.539917151417974639e-03
6.534873790229689047e-03
6.530129062229193988e-03
6.525623325577323275e-03
6.521326989676643621e-03
6.529651266065875093e-03
6.524808497880569234e-03
6.520229857383290015e-03
6.515884402167962559e-03
6.524421128439758695e-03
6.519531525076405383e-03
6.526965941557671264e-03
6.521724174267912177e-03
6.516812281876128640e-03
6.512178051983045883e-03
6.520170581919651834e-03
6.526276655924685352e-03
6.520665311341862155e-03
6.515438372306307444e-03
6.521807046304802999e-03
6.516329479187427977e-03
6.522193270769595895e-03
6.516570379465814848e-03
6.511318732460163149e-03
6.517335384759555782e-03
6.522133926591309160e-03
6.516234329595677228e-03
6.520811642086510318e-03
6.514912774487066800e-03
6.509439023248833958e-03
6.504326716882666455e-03
6.499521091705273874e-03
6.506062796523754896e-03
6.500911110790571004e-03
6.496079231402180493e-03
6.491511272101529832e-03
6.487182907923412858e-03
6.483048441511491365e-03
6.479090073202850748e-03
6.475285422191261013e-03
6.471606917487693865e-03
6.481737678929969972e-03
6.489444919119792023e-03
6.484425935986050209e-03
6.479722714257636802e-03
6.475297116768577096e-03
6.471091684691117167e-03
6.467077561264962353e-03
6.463226794717175615e-03
6.473603508511153841e-03
6.481653429530184404e-03
6.476495318260411596e-03
6.483585182032923500e-03
6.478198563311850407e-03
6.473173985381744551e-03
6.468462641049286914e-03
6.464014427700197005e-03
6.472522623097757069e-03
6.467596633070258477e-03
6.475001402454496138e-03
6.469766550658387870e-03
6.464874781548791624e-03
6.460288597817406483e-03
6.455953429013120554e-03
6.464857624208786291e-03
6.471807955088714273e-03
6.466403013696896823e-03
6.472714167362328928e-03
6.467171065433453651e-03
6.462023997995012051e-03
6.468619677166551236e-03
6.463244378624255146e-03
6.458240516720281654e-03
6.464900097141708726e-03
6.470246219605892309e-03
6.474588729275254639e-03
6.477996660225428770e-03
6.471651406040120937e-03
6.465829462321673327e-03
6.460443222614625260e-03
6.455425706444466172e-03
6.450728207030741700e-03
6.446305288872082769e-03
6.442115882079994978e-03
6.438130226370904034e-03
6.446372420558121007e-03
6.441844345467339153e-03
6.437585120727914653e-03
6.445337024806938389e-03
6.440640117640384493e-03
6.436238164748461776e-03
6.432082035459701572e-03
6.428144345066834700e-03
6.437123961487448143e-03
6.432630399294334521e-03
6.440213541171921699e-03
6.446292326658476478e-03
6.451249747841906503e-03
6.455262535081085148e-03
6.449195672962807456e-03
6.443633515511334835e-03
6.438486445139908650e-03
6.444080613069226061e-03
6.448514806743973517e-03
6.442822761288914679e-03
6.447217751271918686e-03
6.441564574088772498e-03
6.436348673969528346e-03
6.431511366357856377e-03
6.437243281559454182e-03
6.441874703219694492e-03
6.436394151378439094e-03
6.440786126804091093e-03
6.435315561162917829e-03
6.430253543954033216e-03
6.425551241986842722e-03
6.421151494566885651e-03
6.417023415650944217e-03
6.423844980519278353e-03
6.419301504952256744e-03
6.415065393085895608e-03
6.421842156169590803e-03
6.427374079693768533e-03
6.422263519082877480e-03
6.427382131450769254e-03
6.422197357061394489e-03
6.427078895993898998e-03
6.431071820191416530e-03
6.425488052640688716e-03
6.429562087297366162e-03
6.424049815592768921e-03
6.418983034280908474e-03
6.414283288217395920e-03
6.409895383600055889e-03
6.405773528850293441e-03
6.401893809604103890e-03
6.398223850153253976e-03
6.394734262031550112e-03
6.391396035595142862e-03
6.399688514256535524e-03
6.406303436352791050e-03
6.401787585490886605e-03
6.397595596281706147e-03
6.393670601804395115e-03
6.400866864543278828e-03
6.396527777184981244e-03
6.403008213902042743e-03
6.408324357823371592e-03
6.403258182939850114e-03
6.398571105268778536e-03
6.394211563457012290e-03
6.390150823563594748e-03
6.386330224821806095e-03
6.382712266824454479e-03
6.379273773967930952e-03
6.375984628115087191e-03
6.384989711742144157e-03
6.381098763004646422e-03
6.377433304772282124e-03
6.373954928937289321e-03
6.382876383540510117e-03
6.378842731086267932e-03
6.375057107337028968e-03
6.371479676113352142e-03
6.368079303438258475e-03
6.377825490255057198e-03
6.373825253431102990e-03
6.370055858888405177e-03
6.366501948346019873e-03
6.363114211901705827e-03
6.373437703470512770e-03
6.369432145521975071e-03
6.378184535521564009e-03
6.373749118422118200e-03
6.369613135787960401e-03
6.365735854241770172e-03
6.362067633492047777e-03
6.358579609726351493e-03
6.369255291601981159e-03
6.365141598866371798e-03
6.361271415247719829e-03
6.357613038938019281e-03
6.354113385135496186e-03
6.350762546952519114e-03
6.347546358366343462e-03
6.361065040878926928e-03
6.357149910142713238e-03
6.353452517366507159e-03
6.349941560661835974e-03
6.346595890647605161e-03
6.343392500844455967e-03
6.340305441472309303e-03
6.337255972508808698e-03
6.353368728832686774e-03
6.349652144828423460e-03
6.361598850233579280e-03
6.370721838206755937e-03
6.365712937867764286e-03
6.373708348729532729e-03
6.368518089579215669e-03
6.375814364562921999e-03
6.370501858292878378e-03
6.365592239288765664e-03
6.373278643108904254e-03
6.368149107087150811e-03
6.363391186104800333e-03
6.371306303655535803e-03
6.366286917074708354e-03
6.361632234830084942e-03
6.369576723531713766e-03
6.375948217629216937e-03
6.370523386416294259e-03
6.365519186704807902e-03
6.360884669579599041e-03
6.356565897747810771e-03
6.352503134147515808e-03
6.348662587613383007e-03
6.345005259749825731e-03
6.341503315907716723e-03
6.338150992708887176e-03
6.334922303882297573e-03
6.331800999704243274e-03
6.328763045634709823e-03
6.343932373107109488e-03
6.340113383900503052e-03
6.351633686205588637e-03
6.360331875254047508e-03
6.367172764997178387e-03
6.361728423343127568e-03
6.368036872270678092e-03
6.373124252125320598e-03
6.367317678031766959e-03
6.361998592580036908e-03
6.367981440564287297e-03
6.372763472816134374e-03
6.376513907731213432e-03
6.370526862816212194e-03
6.365067918837467344e-03
6.360044723115072622e-03
6.355395544399447191e-03
6.361833532926808484e-03
6.366992437245869857e-03
6.361701633069370351e-03
6.356836968577693134e-03
6.352337969076916370e-03
6.348147920815419738e-03
6.355380117528546674e-03
6.350844748011569806e-03
6.346630675396778241e-03
6.342701181918128199e-03
6.338996014770120410e-03
6.347438580073613661e-03
6.343262965722283077e-03
6.339355544781600550e-03
6.335687763231177480e-03
6.332235943555701747e-03
6.328961475100915342e-03
6.325834679512931831e-03
6.322828043529178481e-03
6.319920319879038760e-03
6.331837996247198334e-03
6.328182136827053064e-03
6.324741479157448137e-03
6.335468346848552833e-03
6.331424222590929622e-03
6.327638280548524528e-03
6.324065850491470894e-03
6.320677748036603386e-03
6.317454646293707912e-03
6.314354694469786686e-03
6.311391156255966028e-03
6.325863484022025730e-03
6.336080162556123087e-03
6.331652156945681391e-03
6.327523775123707235e-03
6.323670812718470632e-03
6.334140254259421066e-03
6.329766503161182549e-03
6.338805755952643672e-03
6.345919403552547494e-03
6.351583185361896894e-03
6.356129001839474178e-03
6.350239219842309865e-03
6.354903221424759892e-03
6.358670486198725672e-03
6.361648460963910401e-03
6.364061551604498039e-03
6.365894130021283216e-03
6.359478603291178304e-03
6.362024302693415449e-03
6.356005788042392267e-03
6.350526590258197789e-03
6.354273754962984182e-03
6.348910626587525065e-03
6.343993514275816405e-03
6.339472325947280960e-03
6.335281771932026011e-03
6.331389161491364319e-03
6.337791444076818458e-03
6.333557232914021479e-03
6.329631472043648587e-03
6.325971752001560526e-03
6.322530813364099847e-03
6.319288068295296663e-03
6.316211756247911910e-03
6.313277498264376758e-03
6.310460192214944856e-03
6.307742071991504634e-03
6.305125358901320087e-03
6.302577677800719376e-03
6.313890876821469551e-03
6.322688203015008369e-03
6.318709935477170164e-03
6.315006760498142503e-03
6.311549653211447237e-03
6.308291084393686209e-03
6.305200061291387284e-03
6.302249960968296476e-03
6.313468820381194432e-03
6.309839079450192331e-03
6.319242124710658555e-03
6.315145195470659931e-03
6.311344377273290715e-03
6.307786858385833889e-03
6.304426869125885104e-03
6.301233458479661188e-03
6.298187504629459976e-03
6.295636240674399101e-03
6.292858947913901151e-03
6.290508791123323312e-03
6.287954611717804128e-03
6.285507659351970665e-03
6.283163054622543063e-03
6.280972537251633056e-03
6.279010763106218640e-03
6.298625041612228824e-03
6.295888308608686701e-03
6.293724153981297004e-03
6.307773246403031685e-03
6.304396318555617953e-03
6.314971196415089007e-03
6.311171368173259209e-03
6.307456466362164511e-03
6.317408326760950814e-03
6.313052188345724854e-03
6.322499111253955355e-03
6.317800037183616581e-03
6.313870053818186959e-03
6.309920492079781548e-03
6.306287298332546865e-03
6.302951160516182157e-03
6.299940675372746844e-03
6.297407672442279468e-03
6.295622562401545323e-03
6.295348638048659136e-03
6.307571793756276517e-03
6.304629319978089126e-03
6.302661233557239721e-03
6.302564566811404319e-03
6.312148458752863019e-03
6.320762599590196672e-03
6.316574875292546923e-03
6.312536828923424360e-03
6.321335958911330523e-03
6.316721008028548280e-03
6.312894365541137608e-03
6.309150972511396414e-03
6.318752513503573393e-03
6.314325803986106829e-03
6.322578121306513151e-03
6.317774776425743102e-03
6.313367957569309720e-03
6.321839695703831453e-03
6.317048026142846155e-03
6.312646666310992374e-03
6.308573455863141985e-03
6.304806295754916690e-03
6.315806639976023762e-03
6.311455083971371192e-03
6.307428395674216821e-03
6.316987631409241334e-03
6.324240323592480138e-03
6.319163644445011281e-03
6.314497393455932410e-03
6.322172424941524711e-03
6.328014652834346339e-03
6.332638103813900861e-03
6.326931292832048588e-03
6.321744701619618108e-03
6.316994820497919862e-03
6.312605314930779150e-03
6.308534802653322469e-03
6.316627583403018609e-03
6.312153982553361624e-03
6.308015380473317932e-03
6.316088532558987445e-03
6.311581394275578467e-03
6.307416164613777187e-03
6.303544536826998987e-03
6.299913206524554270e-03
6.309416753003003683e-03
6.305247997082495497e-03
6.313538345722033950e-03
6.309029609792434282e-03
6.304860699557852423e-03
6.300987566130612956e-03
6.309875532097215627e-03
6.305553103397971808e-03
6.301554192758679687e-03
6.297831112872903127e-03
6.307224764048485234e-03
6.314680844928929372e-03
6.309880012079065528e-03
6.305476231474719563e-03
6.301396123867655623e-03
6.297594072947270728e-03
6.294026769122764049e-03
6.304091123531111937e-03
6.299959283804517154e-03
6.308541621983490728e-03
6.315328544695468678e-03
6.310317996252020299e-03
6.305731610071341718e-03
6.301499872225093703e-03
6.297555884146127658e-03
6.293870388025065224e-03
6.290400345007246541e-03
6.300709416523625310e-03
6.308636519752227646e-03
6.303980584127980187e-03
6.311295009779006350e-03
6.306446043999170900e-03
6.313150376372347362e-03
6.308186790256140389e-03
6.303627902243131784e-03
6.310744760871128331e-03
6.305978183596713631e-03
6.301591298942053020e-03
6.297517109250496542e-03
6.293727185083709472e-03
6.290176468255760309e-03
6.299736136326923933e-03
6.307250346468183493e-03
6.302577213598349257e-03
6.298261772423436287e-03
6.305952876742976047e-03
6.301367819212281771e-03
6.297134206382725384e-03
6.293204668624706975e-03
6.289536077067542537e-03
6.286089570993892706e-03
6.282832928026340150e-03
6.293223236320863619e-03
6.301496655534840133e-03
6.308226227224885720e-03
6.303239921586872331e-03
6.298674171128975340e-03
6.305820228391312982e-03
6.311473989588961726e-03
6.316200348369226808e-03
6.310696373641028895e-03
6.315445386573280591e-03
6.310075728837361182e-03
6.305171096078573956e-03
6.310657058317230284e-03
6.305704836345935732e-03
6.310948270995979381e-03
6.305974468051520065e-03
6.311159241645736620e-03
6.306173788786628882e-03
6.301608904174769120e-03
6.297405157189145224e-03
6.303733579771128408e-03
6.299296493890136489e-03
6.305214945082341337e-03
6.310031040027668479e-03
6.305038196088906186e-03
6.300476763711555968e-03
6.305950340380272849e-03
6.301281393528110862e-03
6.296998751694741873e-03
6.293055403247697910e-03
6.289390407695598373e-03
6.285965379558870574e-03
6.293457880247856941e-03
6.289596874056426791e-03
6.286015516799032220e-03
6.282669938753326216e-03
6.279523540981630549e-03
6.276563492487868823e-03
6.273748938437895967e-03
6.283457371539437342e-03
6.280001938932025345e-03
6.276777116712223964e-03
6.273735891684719887e-03
6.270854109602493065e-03
6.268116871877772028e-03
6.265490525735602917e-03
6.262958696763569477e-03
6.260495268730723040e-03
6.273226845755455923e-03
6.269985493106889143e-03
6.266940897731761682e-03
6.264036600444343288e-03
6.261265143428542713e-03
6.258963199304496718e-03
6.256444996399200022e-03
6.253994715308820555e-03
6.269731583028680631e-03
6.266499566206160977e-03
6.263507895125363344e-03
6.260710384455668749e-03
6.273858643603295003e-03
6.270324864962386301e-03
6.267075919899342019e-03
6.264045260321807716e-03
6.261603340009674196e-03
6.259493402131916830e-03
6.257894926890754210e-03
6.256904465133297961e-03
6.271048265633333459e-03
6.268560014409048017e-03
6.266840529787617506e-03
6.278853210318422438e-03
6.288045944254000430e-03
6.283643594177280509e-03
6.279660697728119481e-03
6.276064283680873532e-03
6.273215824285647071e-03
6.270949327080973038e-03
6.269619883243131124e-03
6.269790651229526814e-03
6.273328929372153778e-03
6.278821587088410407e-03
6.288532864431741788e-03
6.284456559987675918e-03
6.281244658874156686e-03
6.290973556786638547e-03
6.298137784562007901e-03
6.303586337885846817e-03
6.298200085052398610e-03
6.293301788571400296e-03
6.288813041457167428e-03
6.296257701368417753e-03
6.291514580900700593e-03
6.298329884419680801e-03
6.293416003279529887e-03
6.288917887383874486e-03
6.284767175299985596e-03
6.280906890090007938e-03
6.277318039083140851e-03
6.273952119009840352e-03
6.270780349851358057e-03
6.267788350891791149e-03
6.264962510211475287e-03
6.262309796173657142e-03
6.276431873993243080e-03
6.272848420262826415e-03
6.284065553164104069e-03
6.279882350160216446e-03
6.289203437028751884e-03
6.284647874205217741e-03
6.292762806173137283e-03
6.287959553698704157e-03
6.283554478651851884e-03
6.279483518371975319e-03
6.288881569534937079e-03
6.284383804397270304e-03
6.280225267355682255e-03
6.289233430088887224e-03
6.284687119543680249e-03
6.280480073418023140e-03
6.276582561469835203e-03
6.272933094392375494e-03
6.269503683358069838e-03
6.266261150352061063e-03
6.263173590090104735e-03
6.276465889178656221e-03
6.272609237988809386e-03
6.269006168120690690e-03
6.280672658625376624e-03
6.276470535973912093e-03
6.286325369872777097e-03
6.281712615782624604e-03
6.277465789010307912e-03
6.287037151058052012e-03
6.282394459659629976e-03
6.290900312818507520e-03
6.286021938734553775e-03
6.281528691137958260e-03
6.277367286513032760e-03
6.286830739599100909e-03
6.294182068720252307e-03
