6.997924963679337052e-04
1.199030366930074450e-03
1.567937534962126397e-03
1.851728710245705749e-03
1.901887988709010865e-02
1.473894824713467902e-02
1.135503662350679371e-02
8.838203003226888579e-03
3.783492172194586473e-02
3.277493244866119121e-02
2.744998902516180422e-02
2.232808696760187062e-02
4.006987136380887882e-02
3.558097241880992662e-02
3.083456481791843617e-02
2.620090705551096286e-02
2.200265042834211732e-02
1.843391027661877429e-02
3.262503326358776046e-02
2.799398650206708083e-02
2.393131644326714977e-02
3.694966517164469111e-02
3.191799409475400834e-02
2.719005613125304033e-02
3.954210680043134668e-02
3.451358329649646672e-02
4.336347568385096052e-02
3.851726747387161642e-02
3.331634424064268407e-02
2.821746314032314365e-02
3.943426973983409772e-02
3.461307029058051377e-02
2.986603511490372453e-02
2.554008588354881454e-02
3.538719837476955732e-02
3.091498609505882386e-02
2.687508233042621222e-02
2.342580640555340030e-02
2.059687767315666884e-02
1.832781476265528398e-02
1.651663539099216746e-02
2.607112453681299097e-02
2.314247535546396645e-02
2.088715741782181876e-02
2.783156973650702595e-02
3.435918762803655269e-02
2.998851409649481298e-02
2.647019152557501115e-02
2.371823186186534926e-02
2.157374296567377350e-02
1.987382279614956573e-02
1.848359569947225639e-02
1.730331429930077186e-02
1.626431219799379449e-02
1.532160577105451567e-02
2.395038695222034830e-02
2.175663255491014011e-02
2.012356788980755595e-02
1.886457351634759569e-02
1.784652004869703365e-02
2.435471357173958976e-02
2.208671276193630365e-02
2.041719861318670726e-02
1.914282135091857628e-02
1.811944096859739381e-02
2.450056780318683042e-02
2.224924236766890120e-02
2.838707915041691066e-02
2.532248151499265701e-02
2.306956343436776524e-02
2.138512772933050254e-02
2.738131588469768993e-02
3.310137833442642480e-02
2.928826976711420074e-02
3.479831248886971345e-02
3.083710502149616950e-02
2.782151106791926759e-02
3.309671832525033774e-02
2.975442872000750444e-02
2.722802203172882199e-02
3.221878073837428080e-02
3.684222565919995085e-02
3.291967765826551984e-02
2.990370753848025157e-02
2.759534017875278980e-02
2.578736489187340858e-02
3.079101665897809870e-02
3.517235042876231538e-02
3.180286024585679550e-02
2.925287229917079845e-02
2.729298472979753767e-02
3.188296114530127928e-02
2.940461556715814190e-02
2.751586838141040561e-02
2.601628329929695643e-02
3.054644320134793783e-02
3.470717932744828149e-02
3.158152749248319818e-02
3.568415822098447432e-02
3.245760670069174070e-02
3.002580649794465290e-02
2.814879678268264115e-02
2.663222577977721744e-02
3.115323757909194829e-02
3.511374644211702478e-02
3.206974421839904610e-02
2.978514930533367189e-02
2.801552260333469227e-02
2.657265366750499042e-02
2.532623694048020957e-02
2.419131889372146127e-02
2.926442885113763812e-02
2.735690616029383404e-02
2.587356653378141899e-02
2.464949010249178549e-02
2.357764728223207817e-02
2.259136838925063229e-02
2.165029956314003592e-02
2.714125412021019951e-02
2.525600280139016912e-02
2.380777056485006496e-02
2.262754185604232485e-02
2.770642984712735901e-02
3.248747446924478421e-02
3.706190616031139473e-02
4.126880497321702701e-02
3.638540253529458368e-02
3.257765556679424052e-02
2.969220273170100968e-02
2.749159753775989867e-02
2.575425527672010884e-02
3.073836418340846963e-02
2.842046563994164721e-02
2.665653227795314675e-02
2.524751723184930075e-02
2.405544688606513562e-02
2.299046150956276721e-02
2.199627248889058154e-02
2.742260995641992299e-02
2.551241733329276742e-02
2.404780421956549327e-02
2.285605006819031726e-02
2.182536533696871617e-02
2.088658386060445252e-02
2.640808558055523364e-02
2.445871772061007296e-02
2.298367604582631646e-02
2.180078940418561304e-02
2.079151631916116919e-02
1.988243856648503130e-02
1.902959916501300794e-02
1.820756311923111756e-02
1.740231172860970746e-02
1.660696502742993463e-02
1.581911037161519429e-02
1.503919057541469942e-02
1.426947296796786044e-02
2.307782105227875261e-02
2.956844554268895156e-02
2.588990747201708534e-02
2.316891004677175750e-02
2.115790694305356642e-02
2.752059039115372849e-02
2.464004920704479171e-02
3.053605990034798101e-02
2.712476288546345621e-02
2.458507348448844831e-02
2.267704636685379319e-02
2.119296996900321348e-02
1.997969926468461110e-02
1.893387735407158629e-02
1.798952682479919643e-02
1.710632996880701723e-02
1.626084901114128317e-02
1.544051918995454492e-02
2.352451636433550847e-02
2.141713274681331797e-02
2.750264683551286934e-02
2.451069297714650666e-02
2.232802607262898698e-02
2.070086429198673625e-02
2.671059196961765927e-02
2.412936290133987222e-02
2.979686434935554726e-02
2.662123129781202371e-02
3.205888551750361165e-02
2.854583890838757396e-02
2.593877194740074749e-02
2.398764581923453626e-02
2.247393256491047459e-02
2.791571687127786250e-02
2.558040133872035646e-02
2.384405731345477439e-02
2.249290532714369115e-02
2.763994816228226500e-02
2.541245116058632111e-02
2.375963436522798150e-02
2.246946006909401883e-02
2.139764413845448091e-02
2.045211214547683690e-02
1.957643698889986045e-02
1.873719058217849023e-02
1.791548067547432330e-02
2.455420509821203134e-02
3.008514889304211848e-02
2.681014776579124237e-02
2.443074826122462045e-02
2.266979540177167102e-02
2.130594045441911930e-02
2.018497936648639898e-02
1.920734790178864337e-02
2.531499178381772103e-02
2.325683624258566284e-02
2.173212468933093458e-02
2.054012346046371618e-02
1.954773105339390263e-02
1.867167663674138695e-02
2.468626683821157838e-02
2.264187009192153432e-02
2.113521752161705639e-02
2.669696650793194209e-02
2.423697157952675596e-02
2.244634807166570947e-02
2.108592513605465207e-02
1.998865469366068945e-02
2.569691268745638926e-02
3.109081344336694572e-02
2.766763085150610035e-02
2.518036141896038554e-02
3.040017894243374902e-02
3.530145041040496506e-02
3.124279877995056465e-02
2.821740290965987080e-02
3.301829047234164372e-02
2.974282583497187687e-02
2.731636293148520175e-02
3.191042482299297905e-02
3.618751401381856136e-02
3.239706301709857628e-02
2.955613888768626393e-02
2.741735497361213331e-02
2.575199367656163044e-02
3.042168015843166318e-02
2.812971107064377030e-02
2.640074176405689949e-02
2.502975279461039024e-02
2.387529284029427448e-02
2.284580612213071849e-02
2.188405368233916834e-02
2.095493909026145338e-02
2.003848817353980766e-02
1.912342788081201547e-02
2.568841102959144515e-02
2.376267037235835905e-02
2.230927824229140752e-02
2.114570049677856611e-02
2.015395010778433041e-02
1.926139071154956556e-02
2.515782890497051186e-02
2.314358968056210580e-02
2.164593731668654902e-02
2.046833429499319776e-02
2.603400263032221509e-02
3.139960216636118739e-02
3.653267909369502242e-02
3.204213140063427723e-02
3.693255175641721455e-02
4.127472176733509857e-02
4.504813541713999919e-02
3.952656798838725255e-02
3.489784374419102608e-02
3.940651138584704005e-02
3.506094908164958390e-02
3.922381200847873534e-02
3.508699213021342772e-02
3.181184909999781180e-02
2.923867128986019567e-02
2.717763052900285317e-02
2.546317568590797040e-02
2.397046810576394793e-02
2.261336335637014264e-02
2.133635324926162410e-02
2.798518402647260858e-02
3.263375943324622191e-02
3.695655091784589424e-02
4.085168473139556833e-02
4.426998877406671667e-02
3.916076134764698291e-02
4.276381216358481757e-02
3.812986412093794658e-02
3.441105002797380241e-02
3.147168922701060190e-02
3.589510693829923993e-02
3.937780285044843731e-02
3.570309061234947651e-02
3.922362538263076542e-02
3.572026180541553603e-02
3.915145759623273047e-02
4.207502474635250317e-02
3.815410761605442236e-02
3.502469790263273292e-02
3.248865402335689850e-02
3.659288948085324955e-02
3.395672798740375503e-02
3.184135094901625884e-02
3.559167229061534210e-02
3.317280239674238324e-02
3.123383556567586872e-02
3.497956489432705457e-02
3.266857257892145927e-02
3.612165666809739190e-02
3.357904879443281143e-02
3.158317831795035696e-02
2.992794741430068739e-02
3.389684775096034330e-02
3.177190417879578038e-02
3.007500920050132018e-02
3.385320699028069452e-02
3.167751397989269913e-02
2.995985198421823037e-02
2.851756365053980877e-02
2.723049119745548502e-02
3.160772957138485023e-02
2.965999818674898772e-02
2.810915864522010865e-02
2.679321000565259431e-02
2.560934692119591974e-02
3.021407344306234824e-02
3.418513321583506459e-02
3.786365264528856328e-02
3.426717711976409037e-02
3.158238079715951913e-02
2.953074154443012869e-02
2.788286052224723741e-02
2.647597286574926087e-02
2.520346686223477045e-02
3.023297870068828580e-02
2.827095942072560195e-02
2.673293530635436135e-02
3.103303224669570065e-02
2.885254983461215880e-02
3.292805818646459687e-02
3.670897003816425697e-02
3.330687724596694682e-02
3.701848453663317967e-02
3.370437962200149157e-02
3.121883390311392531e-02
3.502645631229468065e-02
3.232606754076858963e-02
3.027291095221470996e-02
2.863801412214504044e-02
3.267012717857951942e-02
3.049916667601479392e-02
2.881377113828000394e-02
2.742557711009870058e-02
2.620975631574009451e-02
2.508769324462703856e-02
2.401146983359926310e-02
2.295288439403914138e-02
2.843844503577903221e-02
2.654921600520091657e-02
2.507350378864894175e-02
2.970735139511671702e-02
2.750466375775826797e-02
2.583255591810205976e-02
3.036916983160246539e-02
2.805347140462604791e-02
3.236405843955957734e-02
2.965776030651105094e-02
2.764677164523838410e-02
2.608569520218597185e-02
2.479945558843002842e-02
2.367320465857393474e-02
2.263514426363534907e-02
2.788400724543745393e-02
2.596289757645149979e-02
2.448989074421343420e-02
2.328801696529660126e-02
2.224400184716866791e-02
2.735898573381979892e-02
3.203928348277811783e-02
3.650088781413300676e-02
3.248379101093642335e-02
2.950458892786269466e-02
2.729218485602885602e-02
2.559314385912265372e-02
2.421555418506912000e-02
2.302889063848303011e-02
2.194968111880891970e-02
2.092685405869319087e-02
1.993071460948165133e-02
1.894548725963155628e-02
1.796456055730587600e-02
1.698744579535472685e-02
1.601776169493487195e-02
1.506124675009505240e-02
1.412581595198488318e-02
2.417789592861999473e-02
3.029047377954199177e-02
2.668843063508196528e-02
3.262251840835053013e-02
2.875811891932052861e-02
2.583093602120170584e-02
2.361911543619530859e-02
2.939926964413373464e-02
2.655249833972726792e-02
3.174893474429427154e-02
2.850600314958859349e-02
2.607322111123967084e-02
2.421650669686287519e-02
2.274121444707197237e-02
2.150632994156015387e-02
2.041731557549577442e-02
1.941390840590948713e-02
1.845943775298540535e-02
1.753304451963291072e-02
1.662400656504647856e-02
1.572831470765475442e-02
1.484682666406486086e-02
2.380316120344255423e-02
2.166392573754075124e-02
2.008489069096908511e-02
1.886588403799128663e-02
1.787054061348146775e-02
1.701204987252216347e-02
1.623668316294104783e-02
2.310914812750084618e-02
2.096413539016765346e-02
1.940939071201605581e-02
2.556967606440937318e-02
2.290844649171240588e-02
2.098747190445455352e-02
1.955603710624841812e-02
1.843222453518640613e-02
1.749589224138848112e-02
2.395078904858466071e-02
2.174697015408998818e-02
2.014443627151970076e-02
2.612196942889834575e-02
3.207798295876838901e-02
3.766377263475916004e-02
3.271105492757674787e-02
2.885262503366723547e-02
2.595588790960283096e-02
2.378419099037078904e-02
2.210883502399620462e-02
2.796059440088121892e-02
3.301585920815382214e-02
2.943357541787261500e-02
3.430569122056646714e-02
3.875483573657990261e-02
3.422042785494284339e-02
3.070776329841577723e-02
2.804186080307879969e-02
2.599365708011523030e-02
3.096952999411898416e-02
3.524834290233850448e-02
3.174196640268354963e-02
2.910781710449336993e-02
2.710040491276763039e-02
2.550839974647800892e-02
2.417606334496025244e-02
2.917828403729962397e-02
2.709826912670888072e-02
3.145590389170310058e-02
2.887320534072522482e-02
2.695180531437615934e-02
2.545706915802024156e-02
2.422291195552842696e-02
2.314046013421455078e-02
2.214146544221457999e-02
2.744369092400872345e-02
2.553386782989422107e-02
3.014208370155122690e-02
2.762331964367249412e-02
2.576802613124878211e-02
2.433554801452267324e-02
2.903730682186125844e-02
2.684273278856141864e-02
2.520480330543264577e-02
2.974507442327650394e-02
2.742281345543912466e-02
2.570105686691159103e-02
3.016444718355314886e-02
3.441323491906972398e-02
3.105553053695785798e-02
2.859854399089994947e-02
2.676110137383486826e-02
2.531836218738277300e-02
2.411331813348291733e-02
2.304350393321389842e-02
2.810980968352754655e-02
2.618156879270973000e-02
2.471659929006276776e-02
2.926699856120726362e-02
3.361390267219817318e-02
3.037860346340292769e-02
2.801861605560750437e-02
2.625178704392522322e-02
3.069159833808649332e-02
2.833017146772267431e-02
2.657181572362660865e-02
3.086176104171107007e-02
3.492445215196784275e-02
3.161867439101356120e-02
2.919016242514730491e-02
3.329351715138018086e-02
3.055033392977378817e-02
2.851093471563616658e-02
3.256230750921182415e-02
3.007649521892376276e-02
2.821152725607705553e-02
2.674242446009832824e-02
2.551222892974365844e-02
2.993794780776786596e-02
3.392332275851511064e-02
3.099867678561604722e-02
2.884214881121255694e-02
2.718920890503464735e-02
3.140088822942480734e-02
2.916234527216720121e-02
3.312170710629099013e-02
3.051541138373862691e-02
2.857165935912916316e-02
2.705148755955307308e-02
3.122772265464831068e-02
2.907741693482288406e-02
2.743990399323138069e-02
2.611732373227452358e-02
2.497882833180756559e-02
2.948180209055604323e-02
3.354537932648862797e-02
3.740329017942620876e-02
3.366161474817765120e-02
3.089245164317693318e-02
2.881290894213682854e-02
3.294756931221615864e-02
3.046669152269760802e-02
3.430050916772631880e-02
3.786076118260153778e-02
3.433323775292469737e-02
3.788055194792474406e-02
3.449810175662641060e-02
3.194703299924605416e-02
3.564901867534921165e-02
3.292536596540683591e-02
3.641434616349020770e-02
3.358298426081999383e-02
3.142198816176602905e-02
3.506852914679755434e-02
3.260814308257951183e-02
3.070565578248429101e-02
3.437884759889658220e-02
3.207704032605963873e-02
3.028692049886577004e-02
2.881080293692430891e-02
3.276926234762048834e-02
3.071862414241528783e-02
3.434978964964393450e-02
3.194067421986909738e-02
3.546775909550625022e-02
3.284898772040406589e-02
3.628138529262013579e-02
3.938284790146739933e-02
4.220852572459802415e-02
3.819710874269806322e-02
4.118918333865974335e-02
4.373493876287935095e-02
3.960787010762026328e-02
4.241813786948381293e-02
3.872859780294247295e-02
3.583623200255433433e-02
3.350066669192292707e-02
3.151060541746091015e-02
2.970821540704809277e-02
2.798699724504935538e-02
2.628222604694311140e-02
2.456164939718923079e-02
3.194579260775548546e-02
2.992438820094532256e-02
2.827624212825709249e-02
2.684575052806166540e-02
2.553693638822914988e-02
2.429340868450585375e-02
2.308381338029798571e-02
2.189237496556756951e-02
2.818866352281571355e-02
3.287309859931111800e-02
3.711879999883670872e-02
3.334383629496698309e-02
3.740393137795449546e-02
3.379409228391443837e-02
3.104501476632153673e-02
2.891071653674260819e-02
2.718080239089197547e-02
3.183190835810702918e-02
3.569295178599417306e-02
3.922322543992677601e-02
4.239378163661584181e-02
4.519263431540819498e-02
4.034815589291771559e-02
4.343033880024124715e-02
3.911450699433732803e-02
3.568398285108018847e-02
3.294963844360136729e-02
3.069947894451584627e-02
3.523944834771407936e-02
3.847876131597097876e-02
3.537055754218287884e-02
3.294764299607415292e-02
3.098020444955413080e-02
2.929123298921176843e-02
2.775805486388905480e-02
2.630137371501020671e-02
3.170162001673222651e-02
2.971712367137979358e-02
2.811423739407170955e-02
2.673803340336548817e-02
2.549052840640034234e-02
2.431245252643640664e-02
2.947729464055720214e-02
2.751958848981412090e-02
2.596655239222988437e-02
3.055669671955387259e-02
2.833695667044129965e-02
2.662501359402228221e-02
3.109845883654977286e-02
2.878938913081017376e-02
2.702505000390353906e-02
2.560027639080107720e-02
2.437771977252535874e-02
2.327077948541182370e-02
2.222701180987511974e-02
2.770464064058528880e-02
2.576281264622831690e-02
2.426220398923209509e-02
2.303008778923645861e-02
2.195614196289801673e-02
2.724816139821408315e-02
2.522668885884522122e-02
2.368916133373536598e-02
2.244902704052354966e-02
2.138534180003312177e-02
2.677611026755657292e-02
3.172220283967119858e-02
3.641850538437343965e-02
3.227779329000419334e-02
2.918828243260926034e-02
2.689157951447816372e-02
3.162615926201897687e-02
2.889310829873846867e-02
2.685775346497262794e-02
3.133034472527912451e-02
2.877637859732271042e-02
3.303170938983627375e-02
3.702467458417703361e-02
4.071194911820859991e-02
3.625341977817905792e-02
3.282848717761185919e-02
3.022467459611588927e-02
2.819947917220505182e-02
3.267830094790393630e-02
3.643265948200902909e-02
3.316335328950752864e-02
3.687413027027217072e-02
4.021070070051028372e-02
4.321712500207731955e-02
4.587332674755440626e-02
4.097858553697912576e-02
3.702641270104230914e-02
4.058558233143384764e-02
3.697940097279832361e-02
3.413374883814378896e-02
3.183560989063179136e-02
2.989524958073529193e-02
3.439669409613023421e-02
3.212923715126118906e-02
3.571802671558602094e-02
3.318798526818780154e-02
3.119769833274348494e-02
2.954528234184545382e-02
2.809018078093498266e-02
2.674094658436942246e-02
2.544097382538965113e-02
2.415725532442421566e-02
2.287285580900308077e-02
2.158206067535606287e-02
2.861060005513154161e-02
2.660920722081179177e-02
3.128570690924221964e-02
3.553647773590121878e-02
3.214211363475312500e-02
2.959376101734377887e-02
2.762786965078014786e-02
3.213437406364449966e-02
2.969723320597992058e-02
3.377906098587887124e-02
3.104512721969947264e-02
3.495824563223344505e-02
3.851527716993412287e-02
3.486204409777333979e-02
3.209659097018964513e-02
3.590497964059240904e-02
3.303077378490820726e-02
3.083355260343582233e-02
2.908345910101397050e-02
2.760948150888411015e-02
2.629557194113647800e-02
2.506720650947099824e-02
2.387853681546367110e-02
2.270303710805296124e-02
2.152728918808095512e-02
2.034702778477377391e-02
1.916456148043104921e-02
1.798690720769438589e-02
1.682425956792539187e-02
1.568857043308497304e-02
2.573849188723868753e-02
2.350349879406382278e-02
2.181802810625190631e-02
2.048144046977836211e-02
1.936241982550180804e-02
1.837879122203325832e-02
1.748045782835319639e-02
1.663747630846493242e-02
1.583241226249015171e-02
1.505558516253692643e-02
1.430214497175318067e-02
1.357027513762240623e-02
1.286006561331725848e-02
1.217276012887446614e-02
2.229731705699360134e-02
2.946186197267887039e-02
2.538358305391202538e-02
2.234450850416184672e-02
2.011562788100723295e-02
1.845843365388306900e-02
2.549376362571928456e-02
2.270006222868581336e-02
2.065869492354354200e-02
2.706469985438218415e-02
2.407967357092613211e-02
2.188826082353525354e-02
2.024782833447455813e-02
1.896780243839288685e-02
2.529509150654651178e-02
2.289507237892439082e-02
2.877498985269747248e-02
3.445083861288309596e-02
3.018426166260432600e-02
2.695682208796064752e-02
2.454997768232066932e-02
2.272242481243380921e-02
2.842134456618500629e-02
3.347379384683013548e-02
2.979964103911021678e-02
2.706160595517856371e-02
3.201629452052683761e-02
2.891712076955914659e-02
3.354858740056157473e-02
3.783394060852655894e-02
3.364640166495919821e-02
3.044105817491071439e-02
2.800724053800108734e-02
2.611685314405628316e-02
2.458195574538046130e-02
2.967187882285251405e-02
2.746639068999020064e-02
2.578956179946461161e-02
2.444705394055445360e-02
2.330655093680344264e-02
2.228294001028169324e-02
2.132335164283327006e-02
2.039591108552342782e-02
1.948225857158150318e-02
1.857286063762992809e-02
1.766410165794369061e-02
1.675644235419606123e-02
1.585318805494011912e-02
1.495957660529351717e-02
1.408202571116333283e-02
1.322748854272219957e-02
2.353189518433650151e-02
2.997708740811912825e-02
3.614926953966185463e-02
4.144599096325439491e-02
3.600651912187528142e-02
3.139166025339075461e-02
3.721072825233092546e-02
4.174709746655883014e-02
3.670575461962218011e-02
4.133596476482343657e-02
3.653523563292273429e-02
3.244080928679092535e-02
2.907536065483162097e-02
2.634153304404443507e-02
3.241997795951540029e-02
3.685428766409640927e-02
3.302801308812602921e-02
3.741261100939467094e-02
3.362993774858920315e-02
3.782600414708929548e-02
3.410105522410343537e-02
3.814026854309369302e-02
3.448131534653945535e-02
3.152957186203193124e-02
2.912807362973942465e-02
2.711964130736285727e-02
2.537511036614955098e-02
2.379939770622054029e-02
2.232788278744896396e-02
2.092025847071127612e-02
1.955458398497987929e-02
2.764672109972860989e-02
3.242429205248223423e-02
3.684535194173869932e-02
3.289758563051357887e-02
2.989364906883155634e-02
3.440874995452165158e-02
3.125809510933547086e-02
3.541360513571963076e-02
3.217288768584086744e-02
2.969821787582746508e-02
3.390525168427446778e-02
3.762179700110167974e-02
4.101011898923236088e-02
4.402868417114125243e-02
4.666305169400492003e-02
4.892404008409489968e-02
5.084042706841975651e-02
4.533448051193109812e-02
4.801282218971196503e-02
4.994175533035517811e-02
5.154516807550036522e-02
5.288349298206293514e-02
5.400199383546478576e-02
4.851298358515295644e-02
5.080707295570158905e-02
4.576269339605790881e-02
4.110346748762292585e-02
4.500759079393187867e-02
4.095119719492048421e-02
3.734483529877469232e-02
3.410281075014377078e-02
3.920451267607114043e-02
3.620348329735771642e-02
3.358273266020472825e-02
3.121889087056830756e-02
2.901959019415995336e-02
3.472661407867589506e-02
3.231864892715455295e-02
3.632017892336523307e-02
3.368209937658551284e-02
3.736875964528835192e-02
3.461115024946791185e-02
3.235086058307973245e-02
3.040661903821886836e-02
3.479717068186154172e-02
3.250614592366354166e-02
3.061539966712344477e-02
2.896885847579901488e-02
3.335679535491686137e-02
3.685689644040014701e-02
3.400454050343750673e-02
3.177495463508143991e-02
2.994401559020180500e-02
2.835084862795481109e-02
3.289148261169995424e-02
3.079258354549476925e-02
3.456311052811049389e-02
3.791829928958292267e-02
3.476367325027268640e-02
3.812134427093865491e-02
3.505088957361980617e-02
3.268615565703254094e-02
3.627080621641488867e-02
3.371825305380902332e-02
3.703398356635724531e-02
3.435635978036857829e-02
3.758779281754013463e-02
3.484286566998302803e-02
3.270589252471410580e-02
3.095246382158173271e-02
2.942125786560430278e-02
2.800514135810754437e-02
3.266423712042865191e-02
3.071512551543029157e-02
3.437921572747955345e-02
3.767257318180552289e-02
3.461444154885357644e-02
3.229492558501093069e-02
3.045467220293250621e-02
2.890153436307211707e-02
2.750659648454079759e-02
2.618840769700708088e-02
3.125918090026261892e-02
3.498621082109237834e-02
3.224732067255515339e-02
3.017448055359608916e-02
2.852368365376758974e-02
3.263795128178449689e-02
3.046311223909725641e-02
2.876946931078864719e-02
3.272885546939456602e-02
3.051296106988747939e-02
2.879858906441853592e-02
2.739015105929178129e-02
3.156547463962498107e-02
2.951291379036747806e-02
2.791364924524608257e-02
2.658734340617682768e-02
2.541745259757509715e-02
2.433208835650753354e-02
2.328831981909137636e-02
2.849605326370897168e-02
2.660240374762000426e-02
2.512533786926462662e-02
2.973491918211909266e-02
2.753435452987954696e-02
3.191430576405066000e-02
3.601238541312133667e-02
3.979386834800898581e-02
3.550586821575773405e-02
3.226107800380639129e-02
3.624318292871675506e-02
3.300854818675199448e-02
3.674333880516191669e-02
3.352175297531500425e-02
3.714129079301236452e-02
4.038545306747150232e-02
3.652553720464932902e-02
3.356172482933154205e-02
3.720314977767551906e-02
3.423076113587072977e-02
3.193617495858751265e-02
3.009389183477228016e-02
2.853177992912437136e-02
2.713088193852937133e-02
3.181237136586434477e-02
2.982112177210856016e-02
2.823489148605308127e-02
2.689105886944438348e-02
2.568526227414323973e-02
2.455336617051513681e-02
2.345731538570769784e-02
2.237555467696039635e-02
2.812925288795991435e-02
2.620294371794622615e-02
2.469440751334787618e-02
2.343910270822917655e-02
2.233298233733867211e-02
2.131305588445966959e-02
2.691157638491373585e-02
2.491961586473910237e-02
2.988514001396392131e-02
2.727297491746246555e-02
3.202684375156712726e-02
2.905521312613100482e-02
2.685525913773551335e-02
2.517088785594089745e-02
2.381030624564705461e-02
2.264410231805175783e-02
2.159004407238345954e-02
2.059798592589888455e-02
1.963859704991681096e-02
1.869589991640798615e-02
1.776250019659874821e-02
1.683659890674711612e-02
1.592007288798488046e-02
1.501716111415447516e-02
1.413349750740936113e-02
1.327534331827214323e-02
1.244896954431213600e-02
1.166015265259859671e-02
1.091379720324342321e-02
2.323530300937012849e-02
2.068233186437106949e-02
2.765248917570031773e-02
2.416123881383714506e-02
3.103879975810729802e-02
2.702862975303029630e-02
2.395880188282888817e-02
2.164229248658887383e-02
2.830388252681255434e-02
3.421182686263529726e-02
2.997458837079982827e-02
2.667443763113548638e-02
2.414906211358027951e-02
3.015910518239151017e-02
2.708727966791378561e-02
2.476010888728038747e-02
2.296550573940724094e-02
2.152800713360082316e-02
2.729441219087903533e-02
2.497174103458381714e-02
2.322933436589057210e-02
2.186362759022890401e-02
2.073214132559968170e-02
1.974181979889345212e-02
2.561361230876972248e-02
