1.575622180595590649e+01
1.575264763135912816e+01
1.574924693688435440e+01
1.574569649773736479e+01
1.574226579628795086e+01
1.573839729482345362e+01
1.573456312781578426e+01
1.573217741345857945e+01
1.572946136056374478e+01
1.572578360695826483e+01
1.572212101514642413e+01
1.571847549004206357e+01
1.571484884335751886e+01
1.571124305158239132e+01
1.570879993508778938e+01
1.570523664923163132e+01
1.570169039447451276e+01
1.569816460374006084e+01
1.569466231755776064e+01
1.569118617084564526e+01
1.568773843749825936e+01
1.568432097784438639e+01
1.568093536495728912e+01
1.567758288964972557e+01
1.567426459760689283e+01
1.567299717088479838e+01
1.566919526258516981e+01
1.566548010279521641e+01
1.566184589759087586e+01
1.565828732846306970e+01
1.565479956487285840e+01
1.565137826525109332e+01
1.564735116388287395e+01
1.564334009968118622e+01
1.564292380149653461e+01
1.564201332899687102e+01
1.563783400855536954e+01
1.563371029831131942e+01
1.562962744043360885e+01
1.562557463989483075e+01
1.562154426108092409e+01
1.561753083608376969e+01
1.561353054039559574e+01
1.560954074730827479e+01
1.560555969700837053e+01
1.560158630704417071e+01
1.559761982781932055e+01
1.559365989099027594e+01
1.558970635838883112e+01
1.558575925810432672e+01
1.558538426152206746e+01
1.558137142066150993e+01
1.557736572039290657e+01
1.557336866964814703e+01
1.556938155983671201e+01
1.556540547581153788e+01
1.556144134505624343e+01
1.555748995051576244e+01
1.555355196501820991e+01
1.554962796064912567e+01
1.554571847749216928e+01
1.554128546276415612e+01
1.553691845907483327e+01
1.553261064528911106e+01
1.552835613469898490e+01
1.552414991491655627e+01
1.551921942777636687e+01
1.551428521808309213e+01
1.550934235437893527e+01
1.550438802616702283e+01
1.550385289497236663e+01
1.549882277668613995e+01
1.549377453913421832e+01
1.548870825404795859e+01
1.548362399894563524e+01
1.547852188393696693e+01
1.547340207541291868e+01
1.546826481316808710e+01
1.546311042220125742e+01
1.545793932026669992e+01
1.545275202207785270e+01
1.544754914090706777e+01
1.544233138818546536e+01
1.543709957158675472e+01
1.543185459197858123e+01
1.542659743954206419e+01
1.542132918929346630e+01
1.541605099618817931e+01
1.541076409249386714e+01
1.540546978484335128e+01
1.540016943403258942e+01
1.539486445905154532e+01
1.539678977737414733e+01
1.539129901446494131e+01
1.538518032886880249e+01
1.537913203491179459e+01
1.538074332681608780e+01
1.537457454096871601e+01
1.537652080739473348e+01
1.537885758070933484e+01
1.537214563798624667e+01
1.536560844365703815e+01
1.536796993213420315e+01
1.536130046726733411e+01
1.535479268855345936e+01
1.534842589649049316e+01
1.534218287915644119e+01
1.533518515162338680e+01
1.532820093243162241e+01
1.532122359625532049e+01
1.532249207619882547e+01
1.531534688489332652e+01
1.530821188502586949e+01
1.530975840337387694e+01
1.530222810622501406e+01
1.529479338719338166e+01
1.528742915013325820e+01
1.528011647315807764e+01
1.527284142163053104e+01
1.526559401639943303e+01
1.525836736188945686e+01
1.525115692975174397e+01
1.524395998443946532e+01
1.523677513224564883e+01
1.523885416253986591e+01
1.524144782868213532e+01
1.523399922137048712e+01
1.522656020570708790e+01
1.521913490841818017e+01
1.521172746840646717e+01
1.520434188855351643e+01
1.520703358452614751e+01
1.519879082276411530e+01
1.519064579830335937e+01
1.518259714176975983e+01
1.517464262151294463e+01
1.516677949183678820e+01
1.515900477298406912e+01
1.515131546383288885e+01
1.514370869624982063e+01
1.513528618117176983e+01
1.512625572744573788e+01
1.511789088598351505e+01
1.510952667350435341e+01
1.510116329398259793e+01
1.509280127573819819e+01
1.508403718787548087e+01
1.507569456267891894e+01
1.506735503220590822e+01
1.505902036710437741e+01
1.505069252114571476e+01
1.504237361136571316e+01
1.503406590288726363e+01
1.502577179323212242e+01
1.501749379648416394e+01
1.500899063961006519e+01
1.500074925865034992e+01
1.499253212598733320e+01
1.498434215253112889e+01
1.497618225159248695e+01
1.496805534835119644e+01
1.495996437258820855e+01
1.495191224436562294e+01
1.494390185884737221e+01
1.493593610386533932e+01
1.492734565962021520e+01
1.491886153594462527e+01
1.491047910648323693e+01
1.490219467819223098e+01
1.489309418526069884e+01
1.489423853899111805e+01
1.488516117783584747e+01
1.487609929714155932e+01
1.486705424087600491e+01
1.485802742065952309e+01
1.485843415472285223e+01
1.485853905169667044e+01
1.484962806307677674e+01
1.484069259746273417e+01
1.483174080084585533e+01
1.482278053165018683e+01
1.481381926546297123e+01
1.480486403971275244e+01
1.479592142270333532e+01
1.478699751262175965e+01
1.477809795384606240e+01
1.476922796440699415e+01
1.476039236975159419e+01
1.475159563916074212e+01
1.474284192221447931e+01
1.473413508355037571e+01
1.472547872829963644e+01
1.471687623435955850e+01
1.470833078692690599e+01
1.469984539299161774e+01
1.469142289931986944e+01
1.469114247711320509e+01
1.468215026860040950e+01
1.467326606068584560e+01
1.466448918772795196e+01
1.465581887542902351e+01
1.464636268649715589e+01
1.463694408229712351e+01
1.462756256547743661e+01
1.461821781633608630e+01
1.460890971460293386e+01
1.460906313653401867e+01
1.459987021874323965e+01
1.459068369677316035e+01
1.458150926582778695e+01
1.457235214525355893e+01
1.456321712477345542e+01
1.455410861213881724e+01
1.454503068050531311e+01
1.453598711333982685e+01
1.452698144550769754e+01
1.451801699982049065e+01
1.450909691877677155e+01
1.450022419153870246e+01
1.449140167638849164e+01
1.448263211902860448e+01
1.447391816073251292e+01
1.446526235215008782e+01
1.446573726568947826e+01
1.446646716850734293e+01
1.445737697986640313e+01
1.445720871709848865e+01
1.444829606390019983e+01
1.443946197687670008e+01
1.443069930920081489e+01
1.442200492856984440e+01
1.441337843520448914e+01
1.441314420488992099e+01
1.440483548635576128e+01
1.439655181105989357e+01
1.438830250445236025e+01
1.437920457925371132e+01
1.437007316766120901e+01
1.436091808223438804e+01
1.435174848909482748e+01
1.434903249891067034e+01
1.434009846061237603e+01
1.433112426257015670e+01
1.432212254061765222e+01
1.431310480269376839e+01
1.430408145186233071e+01
1.429506183894376470e+01
1.428605433647672918e+01
1.427706642530051440e+01
1.426810478669516691e+01
1.425917539469875273e+01
1.425028360476101774e+01
1.425246469740375410e+01
1.424358726103708683e+01
1.423473463603405520e+01
1.422591570480532397e+01
1.421713831619808843e+01
1.420840938180303148e+01
1.419973497519245242e+01
1.419112043026902370e+01
1.418189413412991584e+01
1.417279353801510133e+01
1.416276232386362466e+01
1.415358735412895541e+01
1.414488882813203929e+01
1.413540120189568228e+01
1.412595656434199576e+01
1.411655310782461292e+01
1.410718945470843266e+01
1.409786463309431959e+01
1.408857805011328779e+01
1.407932946391581552e+01
1.407011895533208623e+01
1.406094689986370305e+01
1.405160932259473050e+01
1.404107283517387827e+01
1.403207081358868535e+01
1.403119300286519255e+01
1.402237847362437684e+01
1.401357020645518325e+01
1.400477608265025609e+01
1.399600324653586370e+01
1.398725817338210575e+01
1.397854673581361595e+01
1.398007472270240825e+01
1.397148345554874638e+01
1.396290105143222959e+01
1.395433820549636117e+01
1.394580448085104685e+01
1.393730838484143142e+01
1.392816966309796101e+01
1.391914181862027711e+01
1.391022324836955448e+01
1.390141246264822428e+01
1.389270812338306804e+01
1.388320926321545734e+01
1.387374675099164634e+01
1.386431950297837723e+01
1.385492675539682672e+01
1.384556806647832161e+01
1.383624330447299400e+01
1.382695263216731796e+01
1.381769648907157233e+01
1.380847557216184995e+01
1.379789780768321883e+01
1.378880461229515753e+01
1.377974901224742510e+01
1.377073245186136852e+01
1.376175653506777152e+01
1.375282301973508758e+01
1.374393379780229907e+01
1.373509087165680320e+01
1.372629634142700539e+01
1.371651447541498747e+01
1.370783954543930072e+01
1.369922177931902851e+01
1.369066311626149535e+01
1.368216555467400219e+01
1.367373115916090676e+01
1.366536203801703131e+01
1.365637806784126163e+01
1.365732563657009457e+01
1.364839452740175041e+01
1.363958322896939634e+01
1.363001739881100072e+01
1.362049582149208504e+01
1.361101674776159598e+01
1.361220365986815395e+01
1.360279572581543661e+01
1.359339972354916348e+01
1.358401985911808829e+01
1.357465994476666005e+01
1.356532346412736523e+01
1.355601363448661090e+01
1.355760049215971286e+01
1.354836500260065257e+01
1.353913276977024260e+01
1.352991144626000874e+01
1.352070808122706680e+01
1.351152914295740182e+01
1.350238055521842639e+01
1.349326774322732980e+01
1.349348939588206342e+01
1.348460327130911729e+01
1.347571548644982187e+01
1.346683780563671817e+01
1.345798089937358810e+01
1.344915437262894997e+01
1.344036681855584447e+01
1.343094615117465729e+01
1.342163500329034953e+01
1.341243254720378353e+01
1.340333795387289584e+01
1.339435045794167323e+01
1.338457951574090288e+01
1.337484389196485779e+01
1.336514277620693036e+01
1.335547564892504191e+01
1.334584229373508180e+01
1.334541977713171157e+01
1.334614588958728021e+01
1.333679725746135247e+01
1.332741536118700765e+01
1.331800995995795489e+01
1.331885693671024384e+01
1.330958727228693128e+01
1.330029467604891558e+01
1.329098222842225141e+01
1.328165556061768449e+01
1.327232188014609804e+01
1.326298923681483366e+01
1.326518293563997020e+01
1.325598613294950034e+01
1.324676291821725549e+01
1.323752747764357984e+01
1.322829326045269127e+01
1.321907278643183403e+01
1.320987753639954398e+01
1.320071791372033587e+01
1.319091592778678645e+01
1.318122423320916781e+01
1.317958790332779095e+01
1.317020457839727321e+01
1.317168569473243878e+01
1.316239557303796737e+01
1.315320940286764717e+01
1.314411988751013460e+01
1.313512319611709067e+01
1.312534807500308887e+01
1.311557574178406682e+01
1.311795296629888163e+01
1.310846936350501757e+01
1.309894192188592577e+01
1.308938074504966664e+01
1.307979590238905843e+01
1.307019716525669395e+01
1.306059382826884807e+01
1.305099460171986614e+01
1.304140756005149271e+01
1.303184013216062276e+01
1.302229912109125820e+01
1.301279074281657522e+01
1.300332067601415531e+01
1.299389411532194494e+01
1.298451582771082258e+01
1.297519020662601008e+01
1.296592131956075455e+01
1.295671295153425895e+01
1.294651382336194700e+01
1.293715563733802476e+01
1.292818496890635060e+01
1.292859139124427337e+01
1.291911712020904979e+01
1.290974459491795479e+01
1.290047580488903378e+01
1.289131221110262260e+01
1.288225489900819554e+01
1.288464494266247229e+01
1.287572437834709049e+01
1.286602964856976072e+01
1.285633913161112396e+01
1.285917097487083360e+01
1.284962254793068936e+01
1.284008402451938657e+01
1.283055166606244413e+01
1.282102501523196203e+01
1.281150586155033722e+01
1.280199746074344525e+01
1.279250396064506745e+01
1.278302999093897263e+01
1.277358037954110159e+01
1.277623466540562980e+01
1.276685873978503771e+01
1.275748144539743123e+01
1.274811308047344305e+01
1.273876323917185793e+01
1.272944075752563364e+01
1.272015370169567028e+01
1.271090938890759148e+01
1.270171443004491252e+01
1.269257478507373271e+01
1.268242467976026511e+01
1.267346103610974417e+01
1.267495827216670889e+01
1.266539189644633190e+01
1.265593150648209253e+01
1.264657960615771159e+01
1.263733795818805028e+01
1.262820777273447170e+01
1.261832630243031872e+01
1.260847977008277887e+01
1.259866816804278677e+01
1.258848448537590947e+01
1.257876025572533329e+01
1.256907063573333083e+01
1.255941641771852701e+01
1.254979855453041182e+01
1.254021816709752102e+01
1.253067654805773934e+01
1.252117516014494392e+01
1.251171563061090808e+01
1.250204568033221264e+01
1.249267324542571167e+01
1.248334861126616246e+01
1.247306961682396675e+01
1.246387086090883400e+01
1.245472790836217669e+01
1.244564295094978235e+01
1.243661826338700216e+01
1.243799447362767374e+01
1.244077619912580879e+01
1.243127814591880309e+01
1.243291662959727262e+01
1.242359372460971123e+01
1.241434586148654873e+01
1.241450994747990499e+01
1.240534330956421982e+01
1.239629361989635292e+01
1.238734192164377923e+01
1.237847542947699964e+01
1.236968627506013618e+01
1.236097040182349538e+01
1.235147580453171301e+01
1.234195751413523645e+01
1.233241890315599143e+01
1.233519288185541463e+01
1.232615271567862969e+01
1.231702425810571100e+01
1.230782176648117598e+01
1.229855935001072353e+01
1.228925067911500690e+01
1.227990877153288096e+01
1.227811055458165868e+01
1.227848477289286855e+01
1.226997807787033423e+01
1.226131054444590873e+01
1.225250850869622710e+01
1.224359688596394058e+01
1.223459945512413682e+01
1.222553855199232764e+01
1.221643485816517760e+01
1.220730728170033785e+01
1.219817291873306075e+01
1.219935162661603378e+01
1.218988644451473569e+01
1.218042073519835888e+01
1.218207703393003527e+01
1.217257419783696193e+01
1.216314753511433899e+01
1.215379435405890263e+01
1.215444625406661316e+01
1.214551292734747179e+01
1.213659689048721191e+01
1.212770579520492475e+01
1.211884787714243039e+01
1.211003166956264465e+01
1.210126573008013828e+01
1.209169587510781163e+01
1.208209167443742338e+01
1.207246221338225389e+01
1.206281633725260960e+01
1.205316250814186141e+01
1.204350871684627755e+01
1.203386243835406866e+01
1.203334134171843672e+01
1.202390456087213622e+01
1.201444637323217535e+01
1.201762033203890567e+01
1.200831470255762667e+01
1.199895543603627956e+01
1.198955954904546850e+01
1.199352557735210389e+01
1.198427921441120958e+01
1.197496887812915922e+01
1.196561450416810501e+01
1.195623511143844198e+01
1.194684850652751074e+01
1.193678427494024952e+01
1.192679941059690130e+01
1.192946020788892802e+01
1.191969948421394143e+01
1.190998428330687808e+01
1.190032843316865119e+01
1.189074366511690783e+01
1.188123983290709695e+01
1.187182514632560348e+01
1.187474587213831789e+01
1.186555914490593722e+01
1.185642930229867531e+01
1.184652459986443240e+01
1.183659643173585430e+01
1.182665501135512720e+01
1.183193797134474501e+01
1.182198879836961680e+01
1.181208915274512705e+01
1.180222699555481825e+01
1.179239495185173681e+01
1.178258931103714957e+01
1.177280915028389963e+01
1.176305559392135613e+01
1.175333120895107974e+01
1.174363952621964913e+01
1.173398467420850899e+01
1.172389227661635047e+01
1.171435968048525922e+01
1.170487358472662898e+01
1.169443204814625403e+01
1.168510282670441747e+01
1.167583108854458374e+01
1.166662150331128700e+01
1.165747843186995780e+01
1.164805872057523217e+01
1.163842857357951388e+01
1.162891990167483058e+01
1.161953112636554053e+01
1.160892653751222880e+01
1.159897257529022774e+01
1.158905739848399818e+01
1.157917917441482913e+01
1.156933655033056496e+01
1.155952863551845233e+01
1.156013815666415745e+01
1.155056581138019034e+01
1.154097293528190882e+01
1.153136856724026416e+01
1.152176096984203291e+01
1.151215770833668905e+01
1.150256572782923747e+01
1.149299142826857434e+01
1.148344073492253514e+01
1.147391916286348312e+01
1.146443187464874924e+01
1.145498373088079092e+01
1.144557933369523006e+01
1.143622306347629625e+01
1.142691910926134291e+01
1.141767149339161413e+01
1.140848409101177019e+01
1.139936064503103630e+01
1.138965721826738786e+01
1.138006842120765150e+01
1.136928320974281625e+01
1.137390988308559692e+01
1.136454478006554147e+01
1.135527057364918768e+01
1.134519867452177877e+01
1.133513749314865038e+01
1.132508998359605279e+01
1.131505891509405615e+01
1.131242809741338995e+01
1.130276582291601351e+01
1.129307290179366952e+01
1.128335817097378779e+01
1.127363008338454087e+01
1.126389666128915934e+01
1.126741482683740081e+01
1.125782287154499883e+01
1.124820916135613302e+01
1.123857820243250316e+01
1.122893679707193115e+01
1.121929310131158530e+01
1.120965593547526140e+01
1.120003429939395545e+01
1.119043704660591665e+01
1.118087267845537447e+01
1.117134922583120016e+01
1.116187419277107828e+01
1.115180306132178067e+01
1.114183810872467717e+01
1.113198031387578091e+01
1.112185823578632693e+01
1.111222776079802976e+01
1.110181285065015722e+01
1.109142621573977294e+01
1.108106782634488674e+01
1.107073794894811769e+01
1.106043716554537149e+01
1.105016637023858372e+01
1.103992676077516677e+01
1.102971982629539482e+01
1.101954733220814830e+01
1.100916648563616818e+01
1.099810056465741859e+01
1.098806523436144467e+01
1.097807554714836797e+01
1.096813402736015064e+01
1.095824339425433180e+01
1.094840654925289414e+01
1.095161697862428163e+01
1.094193341343684445e+01
1.093227110897030663e+01
1.092263990685969510e+01
1.091304889297118486e+01
1.090285675902808293e+01
1.089276547389848737e+01
1.088277711813648096e+01
1.087289361078982708e+01
1.086311677262810527e+01
1.085258353869358139e+01
1.084207649093885450e+01
1.083159598031468462e+01
1.082114260087996094e+01
1.081071721211324999e+01
1.080032094337673954e+01
1.078995519257906288e+01
1.077962162027785276e+01
1.076932214016938438e+01
1.075905890673027798e+01
1.074787939747466403e+01
1.073772307540642856e+01
1.072761167333662868e+01
1.071754786549397842e+01
1.070753451264842937e+01
1.069757465213403691e+01
1.068767147039900145e+01
1.067782827688642477e+01
1.066804847912095333e+01
1.065833555890896633e+01
1.064869304958951624e+01
1.063779223430223553e+01
1.064416315789794432e+01
1.063395558922385220e+01
1.062385102628897826e+01
1.061385370317106869e+01
1.060396722786482293e+01
1.059331079815400756e+01
1.058268103646945058e+01
1.057207938384526891e+01
1.057283509001713817e+01
1.056279904251554136e+01
1.055273053059063137e+01
1.054263857598873066e+01
1.053253174308015261e+01
1.052241811805030913e+01
1.051230531395093593e+01
1.050220049305121250e+01
1.049211040000219519e+01
1.048204140068925661e+01
1.047199952291295588e+01
1.046199049613685261e+01
1.045201978844579216e+01
1.044209263957250933e+01
1.044791635711582245e+01
1.043808885636546790e+01
1.042826853432588941e+01
1.041846756823455422e+01
1.040869728528159222e+01
1.039831922240187012e+01
1.038803588707816594e+01
1.037785140166544728e+01
1.036776940263695046e+01
1.035779315027041037e+01
1.034792561679175726e+01
1.033729291021353980e+01
1.032668551625603648e+01
1.031610444425218276e+01
1.031759714808278439e+01
1.030753530771971072e+01
1.029744298994384977e+01
1.030189363484621268e+01
1.029207831443867605e+01
1.028227605277606749e+01
1.028439686512792406e+01
1.028125181949021538e+01
1.027365954522585412e+01
1.026611498507121389e+01
1.025783022285446222e+01
1.024943482966130581e+01
1.024092171731922463e+01
1.023852052122913037e+01
1.023038431944065252e+01
1.022247680081445509e+01
1.021566635753820407e+01
1.020818966962383101e+01
1.020058622926537950e+01
1.019285421849735229e+01
1.018499609516953441e+01
1.017701427577012829e+01
1.016891318349122919e+01
1.016069934991469381e+01
1.015238133755362959e+01
1.014439308091059111e+01
1.013660521512971791e+01
1.012871051180218984e+01
1.012071753665279239e+01
1.011263616641196705e+01
1.010447751535438243e+01
1.009625374353024085e+01
1.008797780005732569e+01
1.007966313475803943e+01
1.007132340726895769e+01
1.006297221613659332e+01
1.005462286298977048e+01
1.004628815989988944e+01
1.003714613114898846e+01
1.002793852514225215e+01
1.001867608200861426e+01
1.000936875217430533e+01
9.999555531888750792e+00
9.989238098685236267e+00
9.979938349689247090e+00
9.970621223188677718e+00
9.961294890437145000e+00
9.951966994071415940e+00
9.942644707083736932e+00
9.933334773067022283e+00
9.924043547387938702e+00
9.929120202723836996e+00
9.920035175289676488e+00
9.910913679800303910e+00
9.901770822070799838e+00
9.892620676109526556e+00
9.883476254890579682e+00
9.873715155746221939e+00
9.864023903676033100e+00
9.854408181591633564e+00
9.844872922782890612e+00
9.835422546919792453e+00
9.825242200713535823e+00
9.815065318109924775e+00
9.804893268976851317e+00
9.794727567710431515e+00
9.783619551268932568e+00
9.773508103574652495e+00
9.763407485991907109e+00
9.753319817783797419e+00
9.756663162005057899e+00
9.760433937895223622e+00
9.750950022933091432e+00
9.741374877454388681e+00
9.744200594318712660e+00
9.735171394264748201e+00
9.725988127666891359e+00
9.716661624331875302e+00
9.707205189149913593e+00
9.697635530330712683e+00
9.687970283698138729e+00
9.677555841678008974e+00
9.667127642195573856e+00
9.668871368889139006e+00
9.658440370271419440e+00
9.648066613798219393e+00
9.651543945679415870e+00
9.651511714882831328e+00
9.642135175164696648e+00
9.632719298171924294e+00
9.623270803926196493e+00
9.613796731322574729e+00
9.604304953106929332e+00
9.594804324986972333e+00
9.585304689181535664e+00
9.575816756115116846e+00
9.566351897796556258e+00
9.556921889716338825e+00
9.546690905976314312e+00
9.536388332685106661e+00
9.542543637827110459e+00
9.533598569248773913e+00
9.523841085702668963e+00
9.513975352675833719e+00
9.504013725259545353e+00
9.493969916674556586e+00
9.483858461687864505e+00
9.473694293834466151e+00
9.463492370916844365e+00
9.453267364171063392e+00
9.442000411825043571e+00
9.431856119347669321e+00
9.437315887982014928e+00
9.426960777187643359e+00
9.416567968496686092e+00
9.417118477854618419e+00
9.406694492219690673e+00
9.396335725542206418e+00
9.386039621283915224e+00
9.375805515894906961e+00
9.365634498158879495e+00
9.355529177279663600e+00
9.345493400013348051e+00
9.349640392297656533e+00
9.340002517762114209e+00
9.330384887532854776e+00
9.320797848570574473e+00
9.311252078733375015e+00
9.301758370928180142e+00
9.291500754912640048e+00
9.281193478249109674e+00
9.270845719559082099e+00
9.260466937937476217e+00
9.250066631308490273e+00
9.239654168997850192e+00
9.229238669130378270e+00
9.217309672957835431e+00
9.207032239285361186e+00
9.196765273625873149e+00
9.203774440909139543e+00
9.193797505807026482e+00
9.198176163963918128e+00
9.187680238340076855e+00
9.177187641478118607e+00
9.175292987526127320e+00
9.165385339971757972e+00
9.155442886868026875e+00
9.154680321251547070e+00
9.150764490964585107e+00
9.141935151538090665e+00
9.133023363227849245e+00
9.124038588849375131e+00
9.114989572244050819e+00
9.105884131192473419e+00
9.096731428517578877e+00
9.087540257517190412e+00
9.078320034529271609e+00
9.069080945264841986e+00
9.059833975738277090e+00
9.050590836681594809e+00
9.051717774892408030e+00
9.042541226044965796e+00
9.033442824858848752e+00
9.024422859348877779e+00
9.015481889672415150e+00
9.005851631110244782e+00
8.996155701449644937e+00
8.986393683499569462e+00
8.987118157471471136e+00
8.979204058902137575e+00
8.970551509829691739e+00
8.961787483733184345e+00
8.952909178790497080e+00
8.943918241432063709e+00
8.934820216740780197e+00
8.925624001931396378e+00
8.923942086073020974e+00
8.923009685556291259e+00
8.914209674071765122e+00
8.905308386798431286e+00
8.896310725105648132e+00
8.887223448637472600e+00
8.878055164713353875e+00
8.868816204802989489e+00
8.859518364258077483e+00
8.850174749185745426e+00
8.840799277943032664e+00
8.831406386580022527e+00
8.822010733591190146e+00
8.812626731192464646e+00
8.802618574818664499e+00
8.793377776435924886e+00
8.784178780799070552e+00
8.774213312498595485e+00
8.764198501396750274e+00
8.754143884151947219e+00
8.743065102443399184e+00
8.733033689551524148e+00
8.722496483268439960e+00
8.712471734491121111e+00
8.702438445694754776e+00
8.692404689395226924e+00
8.695904695730238387e+00
8.686244340681714249e+00
8.676522133089001443e+00
8.666753167629764221e+00
8.656952067502789561e+00
8.647132834218822950e+00
8.637308743151317358e+00
8.627492283429702979e+00
8.617695132944444225e+00
8.607301167098025729e+00
8.596981090949775250e+00
8.586741311994629200e+00
8.576587623031846519e+00
8.566108729334628080e+00
8.555333570165146284e+00
8.543641114976937345e+00
8.532912449972354096e+00
8.522183396002491307e+00
8.511456033357848838e+00
8.500732673861778110e+00
8.490015880919134617e+00
8.479308489126536230e+00
8.468613616087893092e+00
8.457934667350144764e+00
8.447275335267939056e+00
8.436328025930205143e+00
8.425720120842667527e+00
8.429072739994252217e+00
8.434703529843174508e+00
8.424523748017611169e+00
8.414248299268313858e+00
8.403891020379800736e+00
8.393467239399036828e+00
8.382993223690144546e+00
8.372485679510283774e+00
8.361961326102880676e+00
8.351436554350415875e+00
8.340927170176534844e+00
8.330448211411312087e+00
8.320013838556437946e+00
8.308790002235511452e+00
8.297522850896708491e+00
8.286221018638315172e+00
8.274438459497419629e+00
8.263116697686911039e+00
8.275786124336327987e+00
8.264813794417426251e+00
8.253830265132435784e+00
8.242830963754659734e+00
8.231815289885615172e+00
8.220785722641327453e+00
8.223914440718440133e+00
8.213444205847057589e+00
8.202895961659027790e+00
8.192278374346203762e+00
8.181602467782763455e+00
8.170881019031281056e+00
8.160127981618893855e+00
8.149357971723206973e+00
8.138585833141039672e+00
8.127186547809920114e+00
8.139372517911580118e+00
8.127747232122837673e+00
8.116216762935460238e+00
8.104781910977466808e+00
8.113028911909525576e+00
8.102081382164611156e+00
8.091159301881100774e+00
8.080272609615315460e+00
8.069432401662369969e+00
8.058650625626599506e+00
8.047939736112883935e+00
8.036513738871068568e+00
8.025049852315738974e+00
8.031942598612902273e+00
8.022159666199167205e+00
8.012394867872663085e+00
8.001836133073840784e+00
7.991173934660081635e+00
7.980421164933314770e+00
7.969592148127453868e+00
7.958702126467779969e+00
