1.410372387886292761e-04
2.545503142879634189e-04
3.386978878602799254e-04
4.285923271474989158e-04
4.961888855539339479e-04
5.483304829657095021e-04
5.907061401891932403e-04
6.243244663509132843e-04
6.507059736685618040e-04
6.710874798006186224e-04
7.166749232117770353e-04
7.664759437867965132e-04
8.077658550576469762e-04
8.348788331067866263e-04
8.662252703922861249e-04
8.916252392643749707e-04
9.071742324433974955e-04
9.279986064720341333e-04
9.439550406298101827e-04
9.521872608436116395e-04
9.620981377408473634e-04
9.699753050186789164e-04
9.760819577891598946e-04
9.806437195805171435e-04
9.838544746314189550e-04
9.837860134748767620e-04
9.856620491918686739e-04
9.842777563122632328e-04
9.852114007885754473e-04
9.852874331977973504e-04
9.937734774018414617e-04
9.972071312023677182e-04
9.902023199819473282e-04
9.933053135509537467e-04
9.859167908008070920e-04
9.848676547186280012e-04
9.833091918348046880e-04
9.812928165092086978e-04
9.857159812395746915e-04
9.753370626773009066e-04
9.796969486654612431e-04
9.685018566317096615e-04
9.665172033057013376e-04
9.641322497617644703e-04
9.690354342266923986e-04
9.713012343331697742e-04
9.713632177630484145e-04
9.874207283064760296e-04
9.840800515424530555e-04
9.900192876364959701e-04
9.952401817377581894e-04
9.923685777517888846e-04
9.967853980137426559e-04
1.000566521261201996e-03
1.003584180489357257e-03
9.988071340501121498e-04
1.001864428512934000e-03
1.004167131228780267e-03
1.006506516266806543e-03
9.927205514072519939e-04
9.958343239200428271e-04
9.984107649364489575e-04
1.000477958038741271e-03
1.002230701630530373e-03
9.959063061936921073e-04
9.977480693670558436e-04
9.995757271442954565e-04
9.930150025587430179e-04
9.951830716396280023e-04
9.884795316573438077e-04
9.904354699217681780e-04
9.918934752589038308e-04
9.940381287352750839e-04
9.871227243582784364e-04
9.896549737752279551e-04
9.826584031010737567e-04
9.855481236066773471e-04
9.774568847336678658e-04
9.804490049777068224e-04
9.819261005771650220e-04
9.848172321750630568e-04
9.868827434966443660e-04
9.888471001374687930e-04
9.993300000022760539e-04
1.000779756724519669e-03
1.009177986403896271e-03
1.014458518567798277e-03
1.018146422139849490e-03
1.018800697055099232e-03
1.019253481958771849e-03
1.024868682200993789e-03
1.025256024968696379e-03
1.025364308149755892e-03
1.025132173763687029e-03
1.027048445188442341e-03
1.028163622528530585e-03
1.028578469709926380e-03
1.028376461849263160e-03
1.027627392237845643e-03
1.026389669979164325e-03
1.024712496799241607e-03
1.022637752522211714e-03
1.022057486779533609e-03
1.020428448981836609e-03
1.018397279091403946e-03
1.015997667239140713e-03
1.015822790171937856e-03
1.013929446083868197e-03
1.013643204700865252e-03
1.012916661827018960e-03
1.012310086852942362e-03
1.011323867541152367e-03
1.011060375358538562e-03
1.010259274039890286e-03
1.008964179377795384e-03
1.008314265017106739e-03
1.007129586802020006e-03
1.007168300876242449e-03
1.006633316662700452e-03
1.005492371974090826e-03
1.003748862096988034e-03
1.004529733300465154e-03
1.002453242888617577e-03
9.996950311624054359e-04
9.962060862758743800e-04
9.919456559029651236e-04
9.958981451952746925e-04
9.911589961636925634e-04
9.952530179600162664e-04
9.984821065636229152e-04
1.000907584679224839e-03
1.002586934483314053e-03
9.986859080626188292e-04
9.940724111848493316e-04
9.887027728083615154e-04
9.825436812428091273e-04
9.878500082922635466e-04
9.922224967681553265e-04
9.861147042725742443e-04
9.907415461009613875e-04
9.944818233295267020e-04
9.973933942028613900e-04
9.919797459623136589e-04
9.952830093557759380e-04
9.977828699057362128e-04
9.995333545654537521e-04
1.000585792826736570e-03
9.965985777637420290e-04
9.918940045501704623e-04
9.946337674415673021e-04
9.896931180047431695e-04
9.928185017130111093e-04
9.876223459504866395e-04
9.911090348348060471e-04
9.937602528229513756e-04
9.956327728884001825e-04
9.912838534450964158e-04
9.936153106489388574e-04
9.951843300508057821e-04
9.911902671359605708e-04
9.932315840354842724e-04
9.945248096377087583e-04
9.908880906219475447e-04
9.864680188869311920e-04
9.812205116209672586e-04
9.845501286308586206e-04
9.897136348788904830e-04
9.928934133102049718e-04
9.891619262644398350e-04
9.922988815741465470e-04
9.945285359351972113e-04
9.823528213157414670e-04
9.844643036454961155e-04
9.864130685603874054e-04
9.753563106925013798e-04
9.775899955232576419e-04
9.747585093048750145e-04
9.769239337206611033e-04
9.739896770758741827e-04
9.761126662369036533e-04
9.730882611216345058e-04
9.796122485690331259e-04
9.851906187235610381e-04
9.908314749637455940e-04
9.945669112492612745e-04
9.884942450210708418e-04
9.909195521360808240e-04
9.950234998917309188e-04
9.975488530846849354e-04
9.929670692828624148e-04
9.870655713249791574e-04
9.897146367499108730e-04
9.938161323738497425e-04
9.879670208324910826e-04
9.817741862735110837e-04
9.855986523090666442e-04
9.884492299395419845e-04
9.925795136427660679e-04
9.868456434771752731e-04
9.893847329730605551e-04
9.840905019743528912e-04
9.871336816324616931e-04
9.822785226298617542e-04
9.854027042356160258e-04
9.899463865468084624e-04
9.843353397462298749e-04
9.872218140738854911e-04
9.818631529237495381e-04
9.850591942888846115e-04
9.895396590456596256e-04
9.839552362114162114e-04
9.781063725943621185e-04
9.814724022479607950e-04
9.866843804632720403e-04
9.902468203092534317e-04
9.845875703528932620e-04
9.872089830453916696e-04
9.890368699848176882e-04
9.901251922279671706e-04
9.863417529494358273e-04
9.817346986233843522e-04
9.846407726104653563e-04
9.867196907461784055e-04
9.824970855739198396e-04
9.850489683083053696e-04
9.805800592967120650e-04
9.835631955648046001e-04
9.857074633272020717e-04
9.815927323285861088e-04
9.841925080231949622e-04
9.798150783923375261e-04
9.745449189715416983e-04
9.783258813522547909e-04
9.812104192568145335e-04
9.780562454370614507e-04
9.806299901966586147e-04
9.829962754812587682e-04
9.850838853037080425e-04
9.868205817083230188e-04
9.997951665456188131e-04
1.009892426615842560e-03
1.017594714623946744e-03
1.023295135166894841e-03
1.023090247164541375e-03
1.022427337837632233e-03
1.027735540088918357e-03
1.031597395516814812e-03
1.030383573123535559e-03
1.028623147074417743e-03
1.032831236683143684e-03
1.035878137691567408e-03
1.037902425197553867e-03
1.036012154550755224e-03
1.033535786787421378e-03
1.036550345320684605e-03
1.038622095170473178e-03
1.039846146384368255e-03
1.037609324880773860e-03
1.039102076561751594e-03
1.039817682551174389e-03
1.037710820034615580e-03
1.038782091606788157e-03
1.036451324091859118e-03
1.037862016742053996e-03
1.038511101877226481e-03
1.038465427354065681e-03
1.037785440094544194e-03
1.036526224943535657e-03
1.034737944631874008e-03
1.032466256687434658e-03
1.032664652401632912e-03
1.032336829792788969e-03
1.031405712456045761e-03
1.031844534181766823e-03
1.030671691005204159e-03
1.028798990604116352e-03
1.030665675455192483e-03
1.028467758057410386e-03
1.025494857666874211e-03
1.021691047415038611e-03
1.026068766280128098e-03
1.029400728669315184e-03
1.031774852941038170e-03
1.028548393337829978e-03
1.031219512487364931e-03
1.027723880364443589e-03
1.030680274052804936e-03
1.026912678189229435e-03
1.030144740581169938e-03
1.026104273179705541e-03
1.029603838612347562e-03
1.032133343668745337e-03
1.033774511038070042e-03
1.030584069784505619e-03
1.032626223950980620e-03
1.033817840261095754e-03
1.034232751490552675e-03
1.031989791798623496e-03
1.032884478434912537e-03
1.033021768261721670e-03
1.031193774114064644e-03
1.031810585032760927e-03
1.031688286529810301e-03
1.030893812915859150e-03
1.030012539148102970e-03
1.028473655846704653e-03
1.026203016445413011e-03
1.028226775860160546e-03
1.025682397174716275e-03
1.022326605831740728e-03
1.025827848827603247e-03
1.028324743849413870e-03
1.029904899163191709e-03
1.027323466343038312e-03
1.029259823555100017e-03
1.030327794416862307e-03
1.028082539809109996e-03
1.029545410858190117e-03
1.027098013259664577e-03
1.023868208321160062e-03
1.026896942672510379e-03
1.023381675477177087e-03
1.026664166791466755e-03
1.022865778840570351e-03
1.018209812830194816e-03
1.022994618295566382e-03
1.026675035888514713e-03
1.022285321806946055e-03
1.026221903784417869e-03
1.021572233650110866e-03
1.025757544072648884e-03
1.020848880495415058e-03
1.015070359321862490e-03
1.020805163498059555e-03
1.025375320417966927e-03
1.019921856128419698e-03
1.013599891767685097e-03
1.019750791485391156e-03
1.013146424003279244e-03
1.019458196977518494e-03
1.024575977100486250e-03
1.028591058484665168e-03
1.031590644473544607e-03
1.033657647645207754e-03
1.029431074046140236e-03
1.031958215079785282e-03
1.033587647313428861e-03
1.034395977687609927e-03
1.034454506250707343e-03
1.032038743406237923e-03
1.028925753246919461e-03
1.030794433073408539e-03
1.027518764495581691e-03
1.023450230412122942e-03
1.026974286088089576e-03
1.022652666260504646e-03
1.017471220852472422e-03
1.022558015016588034e-03
1.026524647771503550e-03
1.029462262812637840e-03
1.031456888368165962e-03
1.032589308903411954e-03
1.032934873950225232e-03
1.030567861877043504e-03
1.031428986302782751e-03
1.031520835769612118e-03
1.030912942445402032e-03
1.029669337971386538e-03
1.027848661643163911e-03
1.025504855109173139e-03
1.022687134497700942e-03
9.801020986707049097e-04
9.891110526391031291e-04
9.887061153864321831e-04
9.868054788017555090e-04
9.904770188714580228e-04
9.846184555397903895e-04
9.830598427534714950e-04
9.874542888865394958e-04
9.817039136564911783e-04
9.861732880057187938e-04
9.797468584027285449e-04
9.835401197452635965e-04
9.780630688382872199e-04
9.811455216412760718e-04
9.765496441546127381e-04
9.788983122349281980e-04
9.777217061010100990e-04
9.734690376274548898e-04
9.584306572262631281e-04
9.516022206956483483e-04
9.525779262357058881e-04
9.596138046600960437e-04
9.563351282667239541e-04
9.610878727283582315e-04
9.647640851207864039e-04
9.674465391893678030e-04
9.622914398426432028e-04
9.655743091611752524e-04
9.678916403107458519e-04
9.786741827829369134e-04
9.805623670826536971e-04
9.789676209343892675e-04
9.641879155819936065e-04
9.585460434975169022e-04
9.626210534219063145e-04
9.564784206699947959e-04
9.610596649009232753e-04
9.645689489390118533e-04
9.588433819751250543e-04
9.516859566243503384e-04
9.524461495902424501e-04
9.595658994515398384e-04
9.599867134397098911e-04
9.583951298174437023e-04
9.585712008748376728e-04
9.570358128668106064e-04
9.629243358689872296e-04
9.592542386793255320e-04
9.509204505496578674e-04
9.569588373163069421e-04
9.618394429744883938e-04
9.656456118632230669e-04
9.588573842419632507e-04
9.506478713252641041e-04
9.567023599876591780e-04
9.615953331076284877e-04
9.654107680576796188e-04
9.682297632263510727e-04
9.625002077850688042e-04
9.659573070744992187e-04
9.684414695862888058e-04
9.632465528907219882e-04
9.663626647695620041e-04
9.685289334320508047e-04
9.638365261435132307e-04
9.666296605889032308e-04
9.775637571276479896e-04
9.791921353851321813e-04
9.800588964042908705e-04
9.839068630169975956e-04
9.781988826751259174e-04
9.813779190357774587e-04
9.809814583164305074e-04
9.644162021107249155e-04
9.756275515354578907e-04
9.773617587003841436e-04
9.652190904229844375e-04
9.608723245955895411e-04
9.551318576378925755e-04
9.597391014941346376e-04
9.632609974684532830e-04
9.578718613846816865e-04
9.510361707090407004e-04
9.566223959302725798e-04
9.492131959520321276e-04
9.552289945242613614e-04
9.472543426359540273e-04
9.536987333614552241e-04
9.589364463581444243e-04
9.630557747254604208e-04
9.564813674061071851e-04
9.611449370637918351e-04
9.647336171428700724e-04
9.673310361962273157e-04
9.781858058693273378e-04
9.795219943918307207e-04
9.773971288651089797e-04
9.722481866279150458e-04
9.580094295475798062e-04
9.622758038729821353e-04
9.556596467359174032e-04
9.475822850102909572e-04
9.480155176081073859e-04
9.479078955978547782e-04
9.471779252881643409e-04
9.382084954154514466e-04
9.373689033582547920e-04
9.358917805053472037e-04
9.253029647174556855e-04
9.360721221483986332e-04
9.454386793299458629e-04
9.534741491005768819e-04
9.602545956254982624e-04
9.595780051682025564e-04
9.584011129213573787e-04
9.482302544496578429e-04
9.558614040911860921e-04
9.549679873083622697e-04
9.535577095354435878e-04
9.430744185383335655e-04
9.515035404876239769e-04
9.586725581860683701e-04
9.646536352832089543e-04
9.640824462189274795e-04
9.618308455350527792e-04
9.672071123621793325e-04
9.629599400940733276e-04
9.540420329742420411e-04
9.597631957872866442e-04
9.643736286388878299e-04
9.679508222947037646e-04
9.607564329882848763e-04
9.650145850489686219e-04
9.682576417490417484e-04
9.705617884275177104e-04
9.649834632531965320e-04
9.679839194529080756e-04
9.620332568512450760e-04
9.656702710227592096e-04
9.683258444558498880e-04
9.629042427315431937e-04
9.661916886278144184e-04
9.685206051356171292e-04
9.635998621493058192e-04
9.665564725197589233e-04
9.612008818688376650e-04
9.647408713194583797e-04
9.589161492908517947e-04
9.516560500605504829e-04
9.524008586628441176e-04
9.595659337365826337e-04
9.562130780563484140e-04
9.610863477159125885e-04
9.536959774651481651e-04
9.542741914097186600e-04
9.611871652723097924e-04
9.576736886080314129e-04
9.492676927583432612e-04
9.495135303717184682e-04
9.573769634250704243e-04
9.632565639765440762e-04
9.595420570369887076e-04
9.639256476749127498e-04
9.672738758539576589e-04
9.608708650516985207e-04
9.530706107812674487e-04
9.534659718983927315e-04
9.533616639448321732e-04
9.526749843351464122e-04
9.513257509725830995e-04
9.330072565518877188e-04
9.427859800259913697e-04
9.417422040196557400e-04
9.401102250842770323e-04
9.378054320986043985e-04
9.347495223202549912e-04
9.550424899808290444e-04
9.510189048028015648e-04
9.461420918811475154e-04
9.641124107322956559e-04
9.790209748814762605e-04
9.912498283579161511e-04
1.001134462935722187e-03
1.008968931584789839e-03
1.015010482578717873e-03
1.019483813574121765e-03
1.022584952465960262e-03
1.024484704789396534e-03
1.025331742463037868e-03
1.025255546099223440e-03
1.024368803171403410e-03
1.022769600855354816e-03
1.023034330624181601e-03
1.021933791977921438e-03
1.020165647551542296e-03
1.020942695282760779e-03
1.019668717286193165e-03
1.020358069474728777e-03
1.019519579667746726e-03
1.020059868209769946e-03
1.019611954186520290e-03
1.019957126596867476e-03
1.019575617650185983e-03
1.020569713802860819e-03
1.020715063559883215e-03
1.020539689009422211e-03
1.019596136083886348e-03
1.017814305135214753e-03
1.015131601572006031e-03
1.019013907371381410e-03
1.021801694255988118e-03
1.019249222194574004e-03
1.015802937212573935e-03
1.020002846047785103e-03
1.023096446939586500e-03
1.025182036026449101e-03
1.026351130451025415e-03
1.024298003950318897e-03
1.021442030480667262e-03
1.024208266803714948e-03
1.021075459323083018e-03
1.017065921602350797e-03
1.012125922199653668e-03
1.017692620790233834e-03
1.022064145190723855e-03
1.017381908516996371e-03
1.021957467769357523e-03
1.016990599356095088e-03
1.011107647809445648e-03
1.004268955968447632e-03
1.011730282337789831e-03
1.017881987162591899e-03
1.022822152312971317e-03
1.026645476242624621e-03
1.021472414639745764e-03
1.015440367952195021e-03
1.020955496398179329e-03
1.025314293348912045e-03
1.028608441491138869e-03
1.030925174239442346e-03
1.032346947990296681e-03
1.028797435927221752e-03
1.024476204814158114e-03
1.019319332015915279e-03
1.013274260472506834e-03
1.019176498503922496e-03
1.023893489956617274e-03
1.027518198865829888e-03
1.030139257482144341e-03
1.025804233484845125e-03
1.028829431131217083e-03
1.030898980891097006e-03
1.032094390627247456e-03
1.028913671471409731e-03
1.024964962151527891e-03
1.020183641835432919e-03
1.024462517823008720e-03
1.019426067108936173e-03
1.013499563454833960e-03
1.019362611905698423e-03
1.013138547981472497e-03
1.019168155004250087e-03
1.024009786665315992e-03
1.027755683386488228e-03
1.030493905238280333e-03
1.025984265718661885e-03
1.029127292478217333e-03
1.031310276879019404e-03
1.032614374071720706e-03
1.033115482155862143e-03
1.032884279602778402e-03
1.030826877345957914e-03
1.028066414602504678e-03
1.029655122520521703e-03
1.026729131937893866e-03
1.023002169260227865e-03
1.026253548912450624e-03
1.022268709244517505e-03
1.017414018400499996e-03
1.022234550231987697e-03
1.017070636256964993e-03
1.022084176295920714e-03
1.025976217423771319e-03
1.028838243359878708e-03
1.030756642778992652e-03
1.031812587239424629e-03
1.032081816972281940e-03
1.029804031038301102e-03
1.030596108903067930e-03
1.028201604121153565e-03
1.029454512484387569e-03
1.026898804466968781e-03
1.028564138948022400e-03
1.029375686977334085e-03
1.027221449852988447e-03
1.024295534882652863e-03
1.026766970343605517e-03
1.023589963819107954e-03
1.026367631699337838e-03
1.022931104850708555e-03
1.018634341921994873e-03
1.022965770834312858e-03
1.026216992227557863e-03
1.022213832372855652e-03
1.025748544662375252e-03
1.021489902666051488e-03
1.025295745822065851e-03
1.028070286025439730e-03
1.029901374998347212e-03
1.030871165670075792e-03
1.028230234798177198e-03
1.024822635213948167e-03
1.020582646787958825e-03
1.024543394627630425e-03
1.027458106736193208e-03
1.029415768162194114e-03
1.030499639020624001e-03
1.027839623226715036e-03
1.029369515458905624e-03
1.030060091731087746e-03
1.027843417033425443e-03
1.028991233900203176e-03
1.029330327214699956e-03
1.027544235167221010e-03
1.028347740006614131e-03
1.026395844100066361e-03
1.027614450735932997e-03
1.025462765602073480e-03
1.027058105967098992e-03
1.024681654665589694e-03
1.026623581576765207e-03
1.027677272825468441e-03
1.027923647827153498e-03
1.026462204757970465e-03
1.024248793079275818e-03
1.026133689082621729e-03
1.027132066165011449e-03
1.025239196885159056e-03
1.026619536511681752e-03
1.024503692401261719e-03
1.021574712937091227e-03
1.024516896893756801e-03
1.026479546044197768e-03
1.023830327876855536e-03
1.020345363145866002e-03
1.023865785168516897e-03
1.026361078085709930e-03
1.027921220941658631e-03
1.028630004236929813e-03
1.028565033182922504e-03
1.027798051999804325e-03
1.026395003539365891e-03
1.024416294176564400e-03
1.021917222301950727e-03
1.018948201915837772e-03
1.020384191382993268e-03
1.021248222881428365e-03
1.019989680197271780e-03
1.018122517798152223e-03
1.019339507274665598e-03
1.019901715588136196e-03
1.019730802836775301e-03
1.020489522374136209e-03
1.020004819426790447e-03
1.018701451068954869e-03
1.016514572070532918e-03
1.019810422386471403e-03
1.017207352493340079e-03
1.013671487142415442e-03
1.018308065249828214e-03
1.021803382996787227e-03
1.024257230709595947e-03
1.025762929321654077e-03
1.023546737816420117e-03
1.025396948719155352e-03
1.022943178543343637e-03
1.019649381622249719e-03
1.015455377325588269e-03
1.020116885640844030e-03
1.015571313422340650e-03
1.020385069991967689e-03
1.015511248316047603e-03
1.009701151844963037e-03
1.015999349509190105e-03
1.009844117227111241e-03
1.016246279433954220e-03
1.009776040912195279e-03
1.016301156597438412e-03
1.021587951195385060e-03
1.015498585087424568e-03
1.021013395699696836e-03
1.025371821652104392e-03
1.019737498622678030e-03
1.013233715055587977e-03
1.005818800084226639e-03
1.006992484815515598e-03
1.007453488999596842e-03
1.007884752545459232e-03
9.667076518512781680e-04
9.723135578431238392e-04
9.752903717601871638e-04
9.682683074602447572e-04
9.692803693031646446e-04
9.672320529614082067e-04
9.686814567937844294e-04
9.664978357594793904e-04
9.683415977821539138e-04
9.687390247293494643e-04
9.675402719368236685e-04
9.683804297858039731e-04
9.669852109048649282e-04
9.682277440384368713e-04
9.666047988965762025e-04
9.682177129698502083e-04
9.684038467789547397e-04
9.763503125277176418e-04
9.747185562396823129e-04
9.821990469964844012e-04
9.742668461820365488e-04
9.813455357412948638e-04
9.848422184945925233e-04
9.852816544030488545e-04
9.669225863721900033e-04
9.675363456304671324e-04
9.667835341434523723e-04
9.744498244253368708e-04
9.817583465090600533e-04
9.854784878824489856e-04
9.667504162349764433e-04
9.665342796191327655e-04
9.670774974896794406e-04
9.662577448756458527e-04
9.668339797417571831e-04
9.664447984200192319e-04
9.742856381933800601e-04
9.814050570802949989e-04
9.849581654773655048e-04
9.854664417732750259e-04
9.924719833731237943e-04
9.984003439189783474e-04
9.741215255448927536e-04
9.679421265084153531e-04
9.737928719343047230e-04
9.795193225240602861e-04
9.756437422358824529e-04
9.802140898779541228e-04
9.765322956918570749e-04
9.809415030683024412e-04
9.849437031610517972e-04
9.725498432509563276e-04
9.764399752698995141e-04
9.733654010292929057e-04
9.771011893528352456e-04
9.739944862079447270e-04
9.775996909754309551e-04
9.744743033318582423e-04
9.796195900430616516e-04
9.841924781112212396e-04
9.889452029386552184e-04
9.836925092036445141e-04
9.861087647292845343e-04
9.909740327820402549e-04
9.853961166048637137e-04
9.902903772680011346e-04
9.940883509242945740e-04
9.974856031161026277e-04
1.000428648208908679e-03
1.002861884381258404e-03
1.018527483843939280e-03
1.020835625151987353e-03
1.022586019090870619e-03
1.034651244925491494e-03
1.040583620979031523e-03
1.044256765328915610e-03
1.045793265939625729e-03
1.046742618011954357e-03
1.047056634082016045e-03
1.050112960070710179e-03
1.049658810361992758e-03
1.052272201785313431e-03
1.053638345703768750e-03
1.053865458491635033e-03
1.053044264441839895e-03
1.051251753107613823e-03
1.048554112636149258e-03
1.049338590968160179e-03
1.049390065616197243e-03
1.048654877649497124e-03
1.048994785718736960e-03
1.048266642565544348e-03
1.047767931367485318e-03
1.046426244118008617e-03
1.044194312138862959e-03
1.046528799173728408e-03
1.047638381191296668e-03
1.047604352468204086e-03
1.046501541726401179e-03
1.044399039301443935e-03
1.041360723902489890e-03
1.037445970883769768e-03
1.039091952266843087e-03
1.035792172783365746e-03
1.031600630698158985e-03
1.033970136169194785e-03
1.030365236265530461e-03
1.032652238492822718e-03
1.034049093208015951e-03
1.032370540985727255e-03
1.033563538271165851e-03
1.033788159670145056e-03
1.032992326772609127e-03
1.031130321828517939e-03
1.028163239990376220e-03
1.032712552522141837e-03
1.035704606905710938e-03
1.033121816532473272e-03
1.036221398946313198e-03
1.037873348522023878e-03
1.035839870472717332e-03
1.037720108061688943e-03
1.035486430935212169e-03
1.037585585020491842e-03
1.035154689965398769e-03
1.037464434701031342e-03
1.034839769738350821e-03
1.031166351251407111e-03
1.035294982578898425e-03
1.037889289924473924e-03
1.034854562258313241e-03
1.030772811645063554e-03
1.035216709700323727e-03
1.038103156548924938e-03
1.039549845241323402e-03
1.039667667897416605e-03
1.038083993158440878e-03
1.035514830384295796e-03
1.031908053827449876e-03
1.035684077016726587e-03
1.037940750835049516e-03
1.038795048521911442e-03
1.036807916302667689e-03
1.037994669547654715e-03
1.035901226700512625e-03
1.032780955462948413e-03
1.028587068333713331e-03
1.023282682115093933e-03
1.029735517376905579e-03
1.034470096724265107e-03
1.029820863303921490e-03
1.034654303768317877e-03
1.029836092322500025e-03
1.034773153760408168e-03
1.038108189373361436e-03
1.034070646572994145e-03
1.037621232375352757e-03
1.039672935293223677e-03
1.036471853558029775e-03
1.032247988274445161e-03
1.036290005355430550e-03
1.038792617827965841e-03
1.039873785956806551e-03
1.037400359267654859e-03
1.033919848288077266e-03
1.029383487460653040e-03
1.023752930799473257e-03
1.030253071614368804e-03
1.024409951913772413e-03
1.030911142499112794e-03
1.035698691711910016e-03
1.038897177512057134e-03
1.040626136955454797e-03
1.037463428087841187e-03
1.039528723942944287e-03
1.040206794646102726e-03
1.037943951631544121e-03
1.039006968177179574e-03
1.036689719383645895e-03
1.038091805626024109e-03
1.038146563265048093e-03
1.036961354630727434e-03
1.036433882149523367e-03
1.035711485548199010e-03
1.033801279181111379e-03
1.030799699979290888e-03
1.026795297653676281e-03
1.021869275193320074e-03
9.756887134655876622e-04
9.824808689594842145e-04
9.863327720680660840e-04
9.864078834121109505e-04
9.831512970007285149e-04
9.769137894565518235e-04
9.618452588161754318e-04
9.637542535668785831e-04
9.601487745998608936e-04
9.639805880360619245e-04
9.579080774491056591e-04
9.623067065062687565e-04
9.559184256766973869e-04
9.608367192401538314e-04
9.640411362264868049e-04
9.656471351303843459e-04
9.618676340779617247e-04
9.640868609294403263e-04
9.647665165156340140e-04
9.621048439361614898e-04
9.634064984442117794e-04
9.632267647929193934e-04
9.616385982570963258e-04
9.620880155244750922e-04
9.601671633908332500e-04
9.564876681064597014e-04
9.595775859058749014e-04
9.610330936599284718e-04
9.583384856003267531e-04
9.603144064330018182e-04
9.572268763633088933e-04
9.523144350671204628e-04
9.568880259275005205e-04
9.597138292918897754e-04
9.557865665497287076e-04
9.590756166334928447e-04
9.607084457362527084e-04
9.577957097362573956e-04
9.599472796379619321e-04
9.605249953763058280e-04
9.692553166994707144e-04
9.678238492865973543e-04
9.699643805041538187e-04
