1.898179818994906454e-01
1.896190023587633611e-01
1.893938011226271589e-01
1.891552623239570186e-01
1.889004729526086723e-01
1.886020161671224937e-01
1.882631842292898927e-01
1.878915879579049764e-01
1.874861482903654175e-01
1.870285413814091746e-01
1.865439847730118172e-01
1.860302443018959639e-01
1.854419681467485148e-01
1.848123162757814297e-01
1.841460988968194323e-01
1.833940106486367239e-01
1.825920778194243810e-01
1.817437551672481388e-01
1.808700815339819301e-01
1.799314150445343041e-01
1.789748887284294820e-01
1.779347401088344216e-01
1.768929085775423071e-01
1.758383714681065191e-01
1.747669751615937295e-01
1.736355452572595770e-01
1.724987412313407076e-01
1.713930951420395421e-01
1.702508380537163246e-01
1.691422332212392798e-01
1.680170688957305647e-01
1.668730875877648678e-01
1.657515667370946522e-01
1.646570939022039270e-01
1.635344091657808252e-01
1.623923597279389452e-01
1.612732341424177596e-01
1.602006048645266689e-01
1.591488531865502543e-01
1.580454701079845314e-01
1.569714225001061503e-01
1.559339305534853115e-01
1.548740721511214780e-01
1.537594703421177322e-01
1.527368449302666520e-01
1.516857460081389164e-01
1.506285543283923667e-01
1.495144016919574270e-01
1.484496050772930731e-01
1.472389969839829060e-01
1.461503978283572314e-01
1.449994128879740496e-01
1.438426108132245529e-01
1.426158492649876042e-01
1.414618344325999089e-01
1.403269891022357330e-01
1.391392722829834505e-01
1.378950998189389099e-01
1.367503885932802588e-01
1.355227318266377379e-01
1.343920284538302201e-01
1.332124371265017426e-01
1.319709496441958396e-01
1.308312446006995033e-01
1.296407068081405489e-01
1.284330102600934886e-01
1.272249643754416737e-01
1.260434278730827307e-01
1.249310401117613156e-01
1.238421871050383316e-01
1.227543959260986445e-01
1.215833104094912742e-01
1.204915809724741577e-01
1.194271455066678034e-01
1.183769067621536775e-01
1.171946253029681334e-01
1.161428697042314051e-01
1.151135487842676053e-01
1.141140803337066245e-01
1.131259206344205209e-01
1.120336475597625697e-01
1.110208663215339897e-01
1.100279805318656601e-01
1.089497301171320903e-01
1.078833826700103526e-01
1.068456641370435500e-01
1.058377645952967155e-01
1.048429938390384591e-01
1.038649607119834090e-01
1.027954619023693922e-01
1.017596612838736619e-01
1.007498312972207322e-01
9.970888660015127247e-02
9.873205539454020518e-02
9.769165464607364180e-02
9.665901900211820719e-02
9.566035873858737271e-02
9.467780674922049444e-02
9.368073559691135477e-02
9.269093689529074587e-02
9.175868866368593058e-02
9.075344213393045367e-02
8.974930461993084474e-02
8.880778947024324521e-02
8.784585516508670866e-02
8.687645818909667250e-02
8.593332919232096745e-02
8.498920971055587414e-02
8.402650741724981831e-02
8.311694439140462909e-02
8.216223474379776015e-02
8.121170598179981714e-02
8.019185455161660647e-02
7.925717318505465236e-02
7.829386124767426236e-02
7.738702490344379070e-02
7.640426811973681509e-02
7.545185814448700234e-02
7.447512913471937557e-02
7.355620034675230956e-02
7.259649792804155621e-02
7.164050917705436228e-02
7.065907208657613847e-02
6.967629434904511199e-02
6.875402168215782872e-02
6.783444616817581319e-02
6.689372908660258521e-02
6.591696407622536780e-02
6.493726631336300958e-02
6.401839728888644721e-02
6.311958069090255197e-02
6.222901161022948574e-02
6.128918112287998210e-02
6.030477785456760803e-02
5.939978505357965816e-02
5.846690359361670503e-02
5.759492999119576739e-02
5.669389513783338469e-02
5.576870662850939159e-02
5.483193274071748030e-02
5.394845336504674321e-02
5.308186217553571840e-02
5.217641893133710684e-02
5.132048103434063563e-02
5.044015170590833430e-02
4.951579476820096998e-02
4.864232801677633583e-02
4.769266635104941338e-02
4.682786029238097947e-02
4.589318653701743300e-02
4.495314442757343543e-02
4.406812902144997129e-02
4.313534708265459594e-02
4.220114623599664078e-02
4.128206552654491851e-02
4.030503341429631653e-02
3.938009346122550020e-02
3.842253152886874329e-02
3.751616276978590042e-02
3.658264760493954576e-02
3.562618023074894114e-02
3.464360071825697829e-02
3.371903591909696657e-02
3.275355181371873703e-02
3.184186708707591879e-02
3.087636245101216606e-02
2.994586877506537348e-02
2.896335581867505102e-02
2.799728197807808960e-02
2.709405648889862128e-02
2.613893340875975482e-02
2.517924203830090163e-02
2.428766787932306465e-02
2.334666539389722295e-02
2.240502874162260752e-02
2.151355298321970186e-02
2.062304652005964370e-02
1.960858215109897301e-02
1.868137556523442530e-02
1.765797519774574970e-02
1.666908554403748188e-02
1.567568360210108702e-02
1.464413234713286827e-02
1.371533389050947314e-02
1.274860765567371532e-02
1.180211701270056888e-02
1.087221130654988238e-02
9.947674704320232444e-03
9.112288802784447930e-03
8.350448956028627689e-03
7.602796483349457887e-03
6.939989227450951009e-03
6.292636998379414620e-03
5.664286771222482725e-03
5.131004164180641078e-03
4.649384430523194681e-03
4.217080986159909596e-03
3.831120357080054686e-03
3.503904080550308570e-03
3.167300448716112073e-03
2.861303364103227106e-03
2.635332453654037291e-03
2.436547721924214264e-03
2.262124213496737556e-03
2.109408103353627856e-03
1.942574354678181870e-03
1.828880060571225078e-03
1.729792785754353688e-03
1.646195749750847597e-03
1.569143382073209499e-03
1.503573069846787661e-03
1.446367187648973669e-03
1.396031045076040174e-03
1.351140921201703701e-03
1.312011991799602161e-03
1.277819657484805232e-03
1.247899850551299978e-03
1.221169120590800397e-03
1.198215480682784896e-03
1.178110065258358838e-03
1.159253081051086045e-03
1.143708178387326619e-03
1.130016507645895769e-03
1.117929156360048318e-03
1.105365552171115118e-03
1.093804035851814443e-03
1.085344987168834546e-03
1.038427068306506688e-03
1.031485729887789268e-03
1.025285897360134679e-03
1.019718764393454536e-03
1.014692749868684706e-03
1.010130555394498763e-03
1.005966851386570250e-03
9.990049523216626686e-04
9.955166018324093213e-04
9.922805761367766396e-04
9.858112942953828339e-04
9.794066390939296270e-04
9.730384098447090232e-04
9.761270994234643892e-04
9.789203818653475966e-04
9.814356909080750122e-04
9.858200321256481609e-04
9.904067819812079673e-04
9.905876589717268164e-04
9.904626718270897329e-04
9.556511695978100410e-04
9.573832266357706075e-04
9.571089193768275152e-04
9.565973737278545474e-04
9.575102624357012754e-04
9.564709165976346614e-04
9.569322298850417401e-04
9.571615217796395616e-04
9.571928159986804567e-04
9.552514341807211672e-04
9.550322796379040599e-04
9.546778718852267981e-04
9.542086564568925434e-04
9.536421608877553632e-04
9.529934346389733191e-04
9.522754002685989046e-04
9.492594549292550062e-04
9.460733041525776557e-04
9.427082883575927958e-04
9.419129212264153997e-04
9.382488907064886335e-04
9.343975741107599141e-04
9.335611584959228361e-04
9.326838942337331920e-04
9.284389523646893521e-04
9.240071373554537438e-04
9.231392216891659520e-04
9.278113031317217207e-04
9.274156392243315715e-04
9.266741469246619423e-04
9.311170214423278085e-04
9.342999313494350540e-04
9.409152857227763437e-04
9.466362514882279691e-04
9.515589363550593788e-04
9.527179718421399180e-04
9.577323871383549951e-04
9.582821930346806585e-04
9.602354160203457065e-04
9.617499859024043361e-04
9.628896654957328242e-04
9.637090865590934282e-04
9.642550865438545647e-04
9.645678333537489055e-04
9.646817842115275321e-04
9.646265039303004865e-04
9.644273638375027834e-04
9.641061392423811360e-04
9.636815205449784103e-04
9.612529079773777510e-04
9.607210133129001454e-04
9.579700368801960996e-04
9.573513654544591779e-04
9.542758375461252076e-04
9.535916481221389093e-04
9.528538014933172779e-04
9.493360305666780465e-04
9.485670882188869347e-04
9.477591441058112178e-04
9.469196211046922596e-04
9.460548434705372224e-04
9.451702259893962014e-04
9.442704003645699309e-04
9.433593240778810184e-04
9.424403741737072187e-04
9.415164280636150341e-04
9.405899331547417676e-04
9.360085493999048024e-04
9.351394812153885879e-04
9.342649250075408043e-04
9.333873924986991642e-04
9.325089768481832587e-04
9.316314535352780571e-04
9.265396006519702058e-04
9.348279962220193201e-04
9.341376126858011051e-04
9.334443449368669005e-04
9.327500005660360272e-04
9.363649207916530711e-04
9.274583250010243933e-04
9.268142870854173760e-04
9.300489416991615174e-04
9.203334686049295579e-04
9.239407386449163297e-04
9.334087970613480674e-04
9.406722765126627377e-04
9.469175843980112391e-04
9.522896301665137410e-04
9.532966984355369057e-04
9.540052970993704532e-04
9.568041363909410854e-04
9.567465236531504276e-04
9.587145063288943355e-04
9.602402123426642937e-04
9.591386053251021136e-04
9.577597112136692053e-04
9.560925308309932771e-04
9.567408565101694073e-04
9.571278111189759127e-04
9.572935330537036191e-04
9.572723628668282792e-04
9.570937024857285565e-04
9.567827231269403687e-04
9.563609703291351414e-04
9.528653011142034553e-04
9.523495392615569707e-04
9.484686746874413862e-04
9.478869481908347655e-04
9.436271174560569757e-04
9.430037636356168552e-04
9.383726652419263582e-04
9.377286425446469155e-04
9.327354263788800856e-04
9.320896990354349916e-04
9.314036966164303656e-04
9.352339573665082763e-04
9.350563537551295464e-04
9.387353914267521256e-04
9.296875096056979228e-04
9.291481078172831795e-04
9.276583055110339390e-04
9.270712493353016606e-04
9.264730749138745062e-04
9.297097393231363747e-04
9.325735759589439669e-04
9.350466933006227818e-04
9.371138963478022402e-04
9.387625526995792410e-04
9.399824630539903476e-04
9.445043711246127937e-04
9.482211230563912085e-04
9.478345838912160225e-04
9.505449352663246712e-04
9.493201489363035277e-04
9.512457304400162832e-04
9.527436999850083608e-04
9.538783837306824467e-04
9.547047487661904476e-04
9.552697964356308968e-04
9.556137238028519776e-04
9.522360551860905827e-04
9.485960243102820955e-04
9.306066992402631851e-04
9.302926684287421422e-04
9.298842066815085671e-04
9.293971977327683022e-04
9.288452881168388466e-04
9.257629563546569294e-04
9.252337752443218861e-04
9.217038824761347639e-04
9.212025385792600544e-04
9.206521285727714554e-04
9.200621516198045219e-04
9.250823876464144566e-04
9.250211667318498357e-04
9.245654356267612485e-04
9.240805654460993151e-04
9.235727352138474846e-04
9.284452020655507799e-04
9.193207948436361680e-04
9.179437178068947101e-04
9.174670774373085624e-04
9.169790418151838604e-04
9.212775310042872756e-04
9.122033260783332740e-04
9.117994033444774219e-04
9.113875003203496510e-04
9.109691255260558840e-04
9.105466446444668554e-04
9.101220650055254560e-04
9.096970842135050942e-04
9.092731325645364354e-04
9.140893544538582823e-04
9.247356684386496889e-04
9.328966141097330168e-04
9.359378513731773279e-04
9.412579525371224517e-04
9.456456630357146058e-04
9.470511138240214665e-04
9.480535774283487590e-04
9.510246151639259503e-04
9.511386777992942567e-04
9.350524496222570878e-04
9.364518133830823871e-04
9.369016856009092361e-04
9.378355890937629556e-04
9.384705528447151619e-04
9.388533467531015109e-04
9.390238703925337478e-04
9.380786274667509339e-04
9.380792399187043440e-04
9.379303296601136739e-04
9.376568552988801507e-04
9.372800723369225555e-04
9.352885489975204525e-04
9.348968458140692302e-04
9.323584625816367256e-04
9.319691793480869941e-04
9.288930528596102149e-04
9.285225305669412774e-04
9.280878967519569454e-04
9.276012181165166131e-04
9.238220973626323123e-04
9.234117996855913590e-04
9.229585946962158647e-04
9.224711944922884968e-04
9.310681240022879949e-04
9.355524358215824669e-04
9.398476051887822823e-04
9.429779680315070666e-04
9.491909350003038901e-04
9.545255317730293784e-04
9.563671518032965634e-04
9.617910667427592491e-04
9.630291865353246333e-04
9.677739948429077118e-04
9.708129561069308655e-04
9.734002051941365551e-04
9.756002480449785155e-04
9.774681775950836045e-04
9.773498818029214500e-04
9.776503276172510831e-04
9.777372041690102645e-04
9.768520073193203389e-04
9.573356399813558008e-04
9.567333016809040835e-04
9.560379029743135615e-04
9.552672365930843035e-04
9.550749996747907389e-04
9.544866202304056043e-04
9.555768030582912796e-04
9.549073526698314456e-04
9.541801038535397024e-04
9.526131648020975820e-04
9.506501435721675421e-04
9.482822892371257310e-04
9.478089166071227388e-04
9.449007187616740222e-04
9.444652543898312668e-04
9.439662092308073434e-04
9.434162826303212545e-04
9.428262250147621554e-04
9.422051683130413429e-04
9.415608538347614975e-04
9.408998284851678717e-04
9.402276137464952175e-04
9.362718245820496896e-04
9.357674668941230820e-04
9.352441320750700705e-04
9.347072039674010277e-04
9.341611650476575913e-04
9.336097866788043050e-04
9.290756850373269038e-04
9.378626324223347972e-04
9.375241201328270981e-04
9.415894148697168684e-04
9.333085406338246983e-04
9.377481787711861895e-04
9.279342610375191248e-04
9.316921938443267900e-04
9.231704774921786760e-04
9.232133762086470108e-04
9.232270927026679048e-04
9.232152948280275681e-04
9.272339211167208387e-04
9.308472269905758044e-04
9.340262892800693184e-04
9.429175365308324966e-04
9.490270399631410515e-04
9.540980506720154238e-04
9.582903436219753716e-04
9.583150183781061681e-04
9.415481619105501307e-04
9.437462344216984971e-04
9.443446113677340633e-04
9.444957155973309057e-04
9.461051785716256216e-04
9.473373469722514133e-04
9.482510919714039069e-04
9.471823416105892889e-04
9.478715638091636140e-04
9.461557737640202605e-04
9.466867350697956906e-04
9.470256340036120818e-04
9.472032552489809999e-04
9.472457808016058675e-04
9.471755130393753842e-04
9.470114402330032533e-04
9.467697189820248240e-04
9.438056881403895405e-04
9.436797492444660594e-04
9.402231430460988512e-04
9.402107963180888605e-04
9.401273447543251512e-04
9.399847091503572968e-04
9.397930052217371788e-04
9.395608614566782184e-04
9.354488725035568905e-04
9.309203981841507021e-04
9.402586367852346994e-04
9.403560771741603392e-04
9.443990798239464525e-04
9.365331968694734412e-04
9.367066029236201415e-04
9.368302789696962346e-04
9.411169112015109256e-04
9.316826750112440318e-04
9.328507836376631569e-04
9.364802449710882878e-04
9.273547811595432176e-04
9.277044034350902463e-04
9.280097530447744712e-04
9.282759496199164458e-04
9.285079128129518182e-04
9.321805588210557367e-04
9.236068089231717123e-04
9.239937130183058711e-04
9.279767630796396851e-04
9.315753950114557527e-04
9.420567434727441245e-04
9.492453350647540823e-04
9.506804796071718737e-04
9.517366415220569493e-04
9.366060931434805423e-04
9.384397619812205301e-04
9.397591288503145046e-04
9.431896316021826489e-04
9.459526901532634355e-04
9.481523526012077376e-04
9.477784106898197490e-04
9.494879613297093571e-04
9.508090110602187639e-04
9.518026838459342715e-04
9.525207932864820709e-04
9.530073027146161420e-04
9.510926884751287483e-04
9.515304836931368863e-04
9.517964315101894298e-04
9.519182981006436188e-04
9.519196099699783536e-04
9.518203378036520527e-04
9.516374218703260767e-04
9.513852195013873482e-04
9.510758864237865966e-04
9.507197018814764851e-04
9.477863217019860632e-04
9.443919947758347769e-04
9.444962820188711108e-04
9.445275321552932656e-04
9.444969796801635630e-04
9.444141588671693937e-04
9.404757261393150965e-04
9.406181115591947693e-04
9.407015044102246936e-04
9.407344314353591544e-04
9.407241345020388341e-04
9.406768193055587172e-04
9.405977984101940173e-04
9.362537662137482199e-04
9.405629156393090955e-04
9.447897663024377611e-04
9.373833858756371821e-04
9.379396382746870570e-04
9.384229524777489700e-04
9.427671004494375673e-04
9.334618884857923300e-04
9.340677531767245610e-04
9.346088701894719871e-04
9.350918850634581600e-04
9.384694379266391145e-04
9.306833454455007296e-04
9.343484602228886542e-04
9.261065734583420099e-04
9.300772105584791463e-04
9.213513191291864508e-04
9.223623812798231736e-04
9.233019077080074606e-04
9.241750664614822126e-04
9.282002636786826312e-04
9.191363365629887181e-04
9.201552199660234521e-04
9.244544770979395065e-04
9.397689591744892972e-04
9.427388818978694410e-04
9.453269153224796171e-04
9.474929154007344628e-04
9.492017386668291949e-04
9.387117015515230971e-04
9.437736918763532656e-04
9.478690115738825327e-04
9.511516131528311487e-04
9.537511637104974932e-04
9.557769348218430683e-04
9.573210463663864430e-04
9.569514241501267436e-04
9.581778641051210592e-04
9.590673695002077453e-04
9.577872951918561849e-04
9.560000337522981924e-04
9.568994372085543954e-04
9.575517330005926852e-04
9.549287185388169496e-04
9.555702970067073013e-04
9.523140339022625111e-04
9.529864499629291802e-04
9.491162758677965539e-04
9.498550521497360188e-04
9.504379354662308935e-04
9.508879730065078082e-04
9.512247415355951606e-04
9.514649170883477097e-04
9.516226924906972216e-04
9.517101350401111805e-04
9.517374930542374378e-04
9.471362833156849381e-04
9.474504054460582006e-04
9.476946550134913733e-04
9.478782319441793379e-04
9.480089199951333189e-04
9.480933638162426531e-04
9.481372293655191373e-04
9.481453421953345241e-04
9.481218066736962768e-04
9.480701087622709668e-04
9.479932046085115050e-04
9.434097583471875428e-04
9.383444185791888067e-04
9.483284103799042306e-04
9.487747503197160740e-04
9.491531365391135634e-04
9.404501931508318186e-04
9.445654083729920726e-04
9.456421972106511401e-04
9.461783482210163595e-04
9.466463083202484446e-04
9.470527202691841244e-04
9.474033067433639812e-04
9.477030708174470023e-04
9.388960558393135781e-04
9.392249613270471599e-04
9.395130485784158143e-04
9.436268655858624614e-04
9.477141254774341071e-04
9.403383276209393649e-04
9.410903897218832409e-04
9.444132814449021727e-04
9.361933581334810819e-04
9.371221167239222796e-04
9.404839889160156868e-04
9.329391378957227607e-04
9.340195242105104115e-04
9.350128769991985622e-04
9.359251809670293340e-04
9.367628640215748276e-04
9.400780100854314123e-04
9.323964880302241381e-04
9.334275634499424306e-04
9.369427199745288502e-04
9.289481737769539511e-04
9.301507059219498320e-04
9.338618542811390156e-04
9.255384573462319044e-04
9.295593423224715254e-04
9.332185739028733395e-04
9.456569773003927534e-04
9.542725345102881767e-04
9.614132202079912108e-04
9.673184656356930864e-04
9.721885824127789438e-04
9.761913181766866633e-04
9.754446414736642331e-04
9.743643039004543050e-04
9.729141935892342318e-04
9.546245612523838152e-04
9.564965983479728788e-04
9.579173477896563106e-04
9.589576908449658427e-04
9.596773734343438120e-04
9.601267231036902635e-04
9.603481465401742835e-04
9.603773687952057428e-04
9.602444765739532239e-04
9.599747974019030199e-04
9.595896410928080218e-04
9.591069255252344028e-04
9.585417050963874553e-04
9.578879944842639670e-04
9.566509711054540501e-04
9.567271330028375743e-04
9.566847304513019469e-04
9.565394747196109089e-04
9.563047129889882137e-04
9.546244415861712207e-04
9.546876752296901570e-04
9.546521744365989073e-04
9.545297365171521390e-04
9.543304330326405401e-04
9.522999828991331617e-04
9.496511914362885118e-04
9.501592186914010422e-04
9.505468729252701835e-04
9.473804929354426264e-04
9.480520783094332745e-04
9.443176560924539846e-04
9.399634030067323008e-04
9.412822553251612868e-04
9.457416830599517507e-04
9.501340084699711917e-04
9.434893319688928510e-04
9.449884584931855964e-04
9.463260073854027742e-04
9.475166976024695237e-04
9.516281658401124117e-04
9.432014237906131277e-04
9.454438193609935714e-04
9.466033906048716522e-04
9.476429635943259180e-04
9.485722048806350922e-04
9.493996941844436198e-04
9.501330548656556707e-04
9.539435754039138175e-04
9.567540162810084237e-04
9.592957253419665941e-04
9.615226742242085007e-04
9.633916312843404141e-04
9.723494072167565821e-04
9.728936698779438704e-04
9.782980725423031688e-04
9.827509194197516038e-04
9.864067435516427843e-04
9.893948612904482440e-04
9.918235607165974688e-04
9.900292250769699917e-04
9.921428455494259429e-04
9.938596389660705240e-04
9.912998820279701490e-04
9.929034694261887339e-04
9.942136389343445360e-04
9.952758796819300563e-04
9.961284697320110879e-04
9.968036539994831399e-04
9.973285846030053442e-04
9.977261139267237355e-04
9.980154639729916372e-04
9.982127916653739386e-04
9.983316665322043010e-04
9.983834745283253105e-04
9.949516307320024292e-04
9.953384216381091013e-04
9.956393774720390718e-04
9.919055655003706628e-04
9.877969026960238194e-04
9.887914241960833565e-04
9.842735657660927479e-04
9.793332972578166519e-04
9.739478685202196829e-04
9.680996165308051842e-04
9.532724365420051438e-04
9.545307959107850702e-04
9.500774725086487621e-04
9.541290461505757235e-04
9.581639171437903238e-04
9.611691167174277141e-04
9.465897140450068919e-04
9.488739618859869107e-04
9.518806920094369500e-04
9.549199506738979305e-04
9.475702442738656844e-04
9.496331771309143941e-04
9.514994841423370792e-04
9.542466057064471954e-04
9.567549862924549153e-04
9.589696711603494647e-04
9.608387032356653298e-04
9.623134345375989511e-04
9.514253068185580739e-04
9.573676815304071799e-04
9.620960933410674723e-04
9.658051341084199258e-04
9.686570204057702192e-04
9.707870810620250132e-04
9.723082824308162172e-04
9.733149697931369349e-04
9.738859676206440552e-04
9.740871535215468204e-04
9.739735987470644549e-04
9.735913507517471961e-04
9.729789570283993395e-04
9.721686393874240080e-04
9.711873459173410873e-04
9.700576300831038282e-04
9.711981973112297946e-04
9.704437583523810871e-04
9.710847158001607773e-04
9.710690318588205633e-04
9.703720019791610288e-04
9.708982625787139671e-04
9.711814928626110724e-04
9.712476723439902220e-04
9.711191974341707887e-04
9.708154647239612255e-04
9.699712937515087138e-04
9.684375253579942475e-04
9.661960072553532229e-04
9.672897638112233371e-04
9.681321321059568365e-04
9.687464866639900699e-04
9.691532716365254974e-04
9.693704644398407500e-04
9.671016616006918162e-04
9.677134725048776006e-04
9.681251328316224560e-04
9.683530663489065427e-04
9.684117240821362316e-04
9.683139218858257584e-04
9.662989442007449171e-04
9.666509722594472101e-04
9.668239211322681272e-04
9.668313939350617900e-04
9.666854234399521609e-04
9.648170759196334021e-04
9.651306576021929928e-04
9.652661630852418144e-04
9.652368540479508083e-04
9.650544985974496975e-04
9.647296427091940239e-04
9.632779396865057044e-04
9.634287013818733760e-04
9.634085067677641617e-04
9.616798101062601833e-04
9.592083009565797753e-04
9.602187582326248945e-04
9.571788167989274745e-04
9.533791523136076569e-04
9.553183500620208513e-04
9.569730553003871678e-04
9.583656739064645713e-04
9.595162113466976228e-04
9.604426362049069436e-04
9.611611092540050215e-04
9.616861867612103458e-04
9.620310008947136841e-04
9.592025582505718908e-04
9.600146425729577616e-04
9.606239411016262832e-04
9.610446223983469278e-04
9.612893875515726933e-04
9.613697304603864091e-04
9.612960724451153835e-04
9.592653812531676521e-04
9.564841983548185312e-04
9.529366863958799519e-04
9.545846834710361353e-04
9.559691186503713016e-04
9.520664382811762187e-04
9.538239680257654682e-04
9.553172169121504744e-04
9.510818487950641791e-04
9.529554435091663629e-04
9.545631081019389282e-04
9.500132945040023341e-04
9.520063088612793585e-04
9.537311884785329994e-04
9.488823623046772123e-04
9.509960320061853134e-04
9.550088118506686432e-04
9.576387909006677879e-04
9.614999842345139762e-04
9.553341998764369736e-04
9.574384174866016218e-04
9.592802784353590424e-04
9.518124700503487017e-04
9.535272465514379233e-04
9.550126381304279311e-04
9.562824850975448461e-04
9.573494672241757153e-04
9.527288732363080413e-04
9.542833292682963283e-04
9.556123986094884051e-04
9.567300613140332062e-04
9.576489963049584185e-04
9.534019851786804849e-04
9.548084973093261220e-04
9.559933704899103773e-04
9.515449072343018120e-04
9.531873300442976439e-04
9.545917320934746778e-04
9.557736095211906121e-04
9.567469819053013884e-04
9.575246465043200927e-04
9.536793785713055171e-04
9.490863817947940489e-04
9.532587825326825463e-04
9.559607153344669558e-04
9.599647336747448717e-04
9.537357615475675629e-04
9.558938933434520330e-04
9.577850687581588402e-04
9.594265107506442375e-04
9.520070530245951798e-04
9.535360168730902183e-04
9.548454758895085284e-04
9.559483519782539188e-04
9.513434087867166100e-04
9.529334772646447889e-04
9.542949952438354319e-04
9.554421103631964779e-04
9.563876653112778070e-04
9.571434327899476860e-04
9.577202224081728370e-04
9.581279767310207397e-04
9.583758575597076243e-04
9.584723234009270582e-04
9.584251989966652285e-04
9.582417377053068647e-04
9.579286774508135802e-04
9.561361165977852548e-04
9.563677617805675137e-04
9.540774416959928303e-04
9.547914399714582190e-04
9.519637975586600718e-04
9.531131709003286181e-04
9.540293804960060233e-04
9.547290712352899918e-04
9.518587905258309731e-04
9.530009067547958856e-04
9.539115941517389797e-04
9.546072236224825138e-04
9.517067815831774897e-04
9.528489807270548598e-04
9.537605208443052963e-04
9.544576192322865677e-04
9.549548838201559961e-04
9.552655838936453033e-04
9.554017930584534713e-04
9.553745167077139873e-04
9.551938056483995701e-04
9.548688573546435443e-04
9.544081061665626430e-04
9.538193036180079697e-04
9.531095899546127752e-04
9.522855577933210611e-04
9.513533087751951337e-04
9.503185039738269897e-04
9.509441452761041970e-04
9.504421746179515188e-04
9.497958139432927799e-04
9.490150904834183856e-04
9.481090164215713904e-04
9.490262326367675466e-04
9.486144330464299545e-04
9.480431102771696419e-04
9.473242756480775364e-04
9.464686832543152189e-04
9.476099801999956877e-04
9.472284586698334966e-04
9.466799159440448608e-04
9.474774625225844231e-04
9.473694668612915853e-04
9.470726593710267205e-04
9.466022407029602232e-04
9.472808794408893581e-04
9.472459755047765544e-04
9.472920592704846482e-04
9.476545420650995437e-04
9.477954554869312412e-04
9.477329111080442202e-04
9.474830896974119820e-04
9.476284936306745860e-04
9.478102207366512818e-04
9.477868469192615502e-04
9.475746731114111912e-04
9.471882825185194959e-04
9.466408278424408686e-04
9.459441920915131552e-04
9.451091309758257461e-04
9.441453989799235020e-04
9.455600868263205677e-04
9.461116614628190024e-04
9.462274296555759885e-04
9.461366586218020441e-04
9.458561650285318744e-04
9.454009772053478854e-04
9.460754689210885884e-04
9.460602952343051888e-04
9.460987197919429889e-04
9.464847904772227816e-04
9.466475081115785332e-04
9.466050131182969160e-04
9.464896168406850951e-04
9.468640360487687400e-04
9.461008166617680074e-04
9.468601118704126707e-04
9.473761874433521716e-04
9.476684968760556342e-04
9.467487624131190431e-04
9.474513212838735080e-04
9.479199318219047685e-04
9.481728180544794641e-04
9.482263292743087039e-04
9.480952410413505437e-04
9.476142828914786318e-04
9.479406290781639986e-04
9.480612141029643499e-04
9.472382328007029634e-04
9.455322898497531530e-04
9.467021977187183544e-04
9.443374056037115959e-04
9.410811475566265016e-04
9.461276873057343018e-04
9.489848030315156798e-04
9.537496048531939443e-04
9.479081549767142062e-04
9.501323954386340026e-04
9.546969642321250209e-04
9.485765909979059071e-04
9.521842023635638565e-04
9.457405865889842358e-04
9.491634413245035725e-04
9.513111765406015137e-04
9.546612199441990160e-04
9.577422404359165441e-04
9.605019365547149638e-04
9.727890166805124939e-04
9.750244741783810299e-04
9.843250985975579397e-04
9.908041616951729531e-04
9.960006526295143731e-04
1.000115791881261941e-03
1.003317673367735150e-03
1.005746903855245927e-03
1.006580235855798625e-03
1.009810822055298056e-03
1.010373578102708890e-03
1.010535089615772174e-03
1.010262607722594956e-03
1.009525094456220455e-03
1.008295050671865990e-03
9.881920062198433670e-04
9.882240408216522685e-04
9.879152572387361886e-04
9.873136844639469716e-04
9.864591617440984436e-04
9.853847199411582946e-04
9.841177348278945611e-04
9.846387404608936914e-04
9.837914313206336421e-04
9.827502147618692122e-04
9.815351973954289551e-04
9.801632025829910052e-04
9.786484010073275355e-04
9.770027554766187988e-04
9.752363947942144489e-04
9.733579277956297101e-04
9.747578291245993050e-04
9.753804966913665053e-04
9.751978888411214942e-04
9.751405886981425256e-04
9.743128475656480554e-04
9.746436847728562293e-04
9.747089492283645502e-04
9.745304710117685780e-04
9.741274128454347923e-04
9.733227827971424172e-04
9.733888893817834419e-04
9.719947974771463899e-04
9.697685851764979454e-04
9.709325184836935674e-04
9.717866886745550820e-04
9.691510028283264588e-04
9.704053055071351370e-04
9.713517872496549689e-04
9.720132371790498162e-04
9.724099975331538777e-04
9.725603512710861379e-04
9.724807653222623371e-04
9.721861052227589919e-04
9.706561633570892200e-04
9.683103482586837224e-04
9.692708966672526497e-04
9.699408880017823227e-04
9.703407729921747008e-04
9.680193305944522885e-04
9.689007431630926662e-04
9.694974149944543193e-04
9.698289717015582453e-04
9.675762932326677961e-04
9.644924905931304181e-04
9.660430906797667352e-04
9.672661306423929999e-04
9.639009483173221950e-04
9.655551453203512326e-04
9.668794832186509893e-04
9.678966726309463746e-04
9.686272642736412815e-04
9.656378379237993406e-04
9.668579043575669177e-04
9.677769054677940038e-04
9.645880596569851367e-04
9.659824106853729655e-04
9.622686590764180717e-04
9.641007557157961093e-04
9.655950623551663595e-04
9.667743068061575165e-04
9.631523427425167649e-04
9.648002495858240459e-04
9.661239832000665479e-04
9.671449040240194571e-04
9.678824404264430243e-04
9.683543852777586362e-04
9.685770571865559260e-04
9.685654460676793292e-04
9.683333444785778652e-04
9.678934660224197076e-04
9.665742084477969929e-04
9.667106820423753419e-04
9.666044135594751077e-04
9.662709574318283480e-04
9.657244668115092055e-04
9.649779408722972823e-04
9.640433420753164633e-04
9.629317013845446142e-04
9.616532126138571061e-04
9.602173169639190587e-04
9.586327787132977894e-04
9.569077529412585003e-04
9.550498460797218238e-04
9.530661700181027041e-04
9.509633904170782057e-04
9.539110261538133765e-04
9.523968422113855865e-04
9.507141526090038489e-04
9.488749300408027762e-04
9.468900067183284039e-04
9.447693007936054438e-04
9.485538497042390275e-04
9.469761010848149786e-04
9.452205577729599602e-04
9.433011290741061261e-04
9.471753729999271391e-04
9.501669070690041191e-04
9.493979800701729576e-04
9.483794810176292191e-04
9.471326227770643456e-04
9.500783192632502022e-04
9.492769805741728406e-04
9.482300872176169107e-04
9.469583054008730164e-04
9.454801610907020374e-04
9.438123766308052472e-04
9.473691284744233630e-04
9.500226879940998608e-04
9.517329024142096028e-04
9.524683742771439341e-04
9.522063371867467690e-04
9.536207357082370287e-04
9.546374774464554602e-04
9.552896184795566393e-04
9.548257181281893675e-04
9.558366108217723409e-04
9.546928719820325189e-04
9.560521707726048115e-04
9.542309888279640936e-04
9.559311800012822505e-04
9.572467554616363120e-04
9.582069408103805223e-04
9.563481983913334032e-04
9.577185252462014397e-04
9.552432710720855022e-04
9.570017266255606862e-04
9.583878904626630217e-04
9.556193308506047250e-04
9.574129286332852193e-04
9.588390783561681922e-04
9.599237286695708670e-04
9.606905151096273082e-04
9.583632814955436166e-04
9.596059401841430889e-04
9.605209372582347539e-04
9.579905458557074578e-04
9.545613797310258499e-04
9.567003479905317881e-04
9.526807704568288895e-04
9.551984138067197774e-04
9.573189865685300748e-04
9.530391056626627902e-04
9.572990512921772084e-04
9.606471616735754804e-04
9.540076217347387682e-04
9.564569255997263731e-04
9.585313571201854082e-04
9.602547242016653368e-04
9.558742689061613387e-04
9.580684566327449248e-04
9.599051744833118514e-04
9.614069370031836379e-04
9.625944234456353197e-04
9.634867465267386985e-04
9.641015873936536595e-04
9.644553195047805101e-04
9.618416175561804102e-04
9.627552471332087884e-04
9.633809452890702276e-04
9.637367580633425437e-04
9.638392255450126513e-04
9.637036280229861534e-04
9.633441007084872151e-04
9.627737381273311678e-04
9.620046890296688521e-04
9.610482425904410533e-04
9.599149066238070330e-04
9.586144784861763473e-04
9.571561092954319937e-04
9.583473322255582801e-04
9.574895704199534122e-04
9.564288887483362624e-04
9.551789462330335457e-04
9.537521757574389698e-04
9.521600130687080804e-04
9.504129977638453748e-04
9.485208636885151352e-04
9.464926198202079123e-04
9.443366225908988044e-04
9.513057958870643153e-04
9.611022537918166922e-04
9.443900530750897089e-04
9.425049482135216313e-04
9.497053277830293586e-04
9.478151028744892731e-04
9.582598078920506095e-04
9.411222144408190170e-04
9.484986745269041513e-04
9.467765327892523628e-04
9.449050511163092176e-04
9.428960620820525315e-04
9.407603163527215916e-04
9.385076023844262944e-04
9.511223249184137807e-04
9.416680380461279858e-04
9.397536432911973150e-04
9.376959858221979626e-04
9.355068420718869486e-04
9.331972327343514067e-04
9.307771501159171294e-04
9.449514963212388543e-04
9.556882049852258440e-04
9.402995039995129317e-04
9.517597336735359251e-04
9.436443003513887186e-04
9.424069788822813471e-04
9.532374442268088830e-04
9.609229756505900623e-04
9.410439128745321739e-04
9.402007276990607086e-04
9.390934154685395656e-04
9.377457269778679064e-04
9.416584862009808998e-04
9.407317848510872134e-04
9.395518507238016835e-04
9.431062499169738135e-04
9.423410163878441752e-04
9.413123637402349021e-04
9.400434022616230983e-04
9.385548419907897800e-04
9.461706424164728580e-04
9.445897797215875536e-04
9.428428678732129076e-04
9.539149938847775803e-04
9.455519148573126144e-04
9.440794964435699670e-04
9.424284949726660816e-04
9.534929331049958427e-04
9.452291488259584058e-04
9.552289216939261743e-04
9.391663006499081402e-04
9.426584752930719079e-04
9.419921215354003447e-04
9.448018762703271284e-04
9.445121127418813680e-04
9.466165629879346507e-04
9.466859168021946611e-04
9.464342632212996952e-04
9.458891829185249412e-04
9.450754526990149664e-04
9.440154432260842868e-04
9.427293782371878872e-04
9.412355657852936259e-04
9.445673603806573884e-04
9.435610791287168042e-04
9.462744734304679925e-04
9.480188879240299994e-04
9.481278542807231990e-04
9.479200690021105484e-04
9.474221033347213780e-04
9.466578703223179573e-04
9.456490040967591854e-04
9.444151020338958620e-04
9.471031854541510885e-04
9.488403799479352583e-04
9.487767389187506473e-04
9.484143303029823023e-04
9.497989156046993337e-04
9.498574235322941118e-04
9.496124314952757769e-04
9.506538204552927689e-04
9.508332613271426462e-04
9.507046465623717000e-04
9.502926305125929162e-04
9.513402227857861932e-04
9.513804805161340866e-04
9.511267169342343649e-04
9.518704313294674285e-04
9.520626607249333632e-04
9.521606835342737423e-04
9.527682378104227173e-04
9.522029701325709309e-04
9.506477885695141516e-04
9.523648701667382843e-04
9.536875745496179975e-04
9.517538548566166533e-04
9.534501269938614994e-04
9.508548849231909317e-04
9.472888243896298178e-04
9.500824553058651555e-04
9.524390734981358743e-04
9.485207485550101918e-04
9.512314377174887472e-04
9.535228102334965565e-04
9.554236270582938022e-04
9.569602237827888212e-04
9.581568293560884094e-04
9.590357510726371442e-04
9.596175441246659627e-04
9.599211668339667535e-04
9.579738800910073257e-04
9.588151061772695735e-04
9.563356571973330097e-04
9.576635449290183408e-04
9.586593584707867434e-04
9.593454606854807682e-04
9.597423019943036697e-04
9.598687021978966234e-04
9.597419995615547950e-04
9.586079375737963700e-04
9.565664636353407883e-04
9.535990272288166021e-04
9.555504094458443058e-04
9.571257845260272264e-04
9.583513523304332477e-04
9.592510250776044300e-04
9.598467433068509505e-04
9.601586579406437170e-04
9.602052960881079157e-04
9.588184219181874069e-04
9.593995148587360425e-04
9.596923967001953163e-04
9.597165138388946085e-04
9.594896154491882505e-04
9.590280210869542386e-04
9.583467565771279896e-04
9.583195794500672582e-04
9.581987489082945944e-04
9.576287041076719884e-04
9.561326529325054257e-04
9.572584169506197574e-04
9.551417582728468107e-04
9.520802570941317962e-04
9.543475277136476576e-04
9.562129647013259967e-04
9.577053699402105109e-04
9.588509761575613822e-04
9.596737910239065044e-04
9.601958063479516846e-04
9.604371882296127436e-04
9.604164497441701432e-04
9.601506076056663024e-04
9.596553241593313351e-04
9.589450359582924431e-04
9.580330700893870469e-04
9.583545472427721680e-04
9.580165940847347591e-04
9.574412034536766052e-04
9.566446364733953477e-04
9.571734316048402655e-04
9.569167541447046220e-04
9.564097647182502821e-04
9.567323576375703431e-04
9.561275102067436906e-04
9.568525039259070854e-04
9.556153121319758015e-04
9.567475268109390356e-04
9.548676360550854229e-04
9.563865613003390406e-04
9.575404342365737790e-04
9.583561816286096649e-04
9.588582483049950958e-04
9.590689418263331637e-04
9.590086421623542339e-04
9.586959911542098896e-04
9.581480635771571315e-04
9.573805214581642721e-04
9.564077531729032154e-04
9.552429987245048167e-04
9.538984624920311163e-04
9.523854146296984510e-04
9.542440004244218165e-04
9.552065451243409600e-04
9.549892525547588450e-04
9.545077986536435995e-04
9.537822003960449426e-04
9.528305591726457914e-04
9.516693615031812702e-04
9.503136472321827184e-04
9.487771600406800761e-04
9.470724820568554537e-04
9.452111541663940067e-04
9.484040570548161889e-04
9.506982633283844178e-04
9.500745584582661468e-04
9.517437257762431527e-04
9.515543883384838374e-04
9.525688002983505841e-04
9.527843400869069092e-04
9.531249372742143676e-04
9.524827989559780288e-04
9.537715687397032953e-04
9.546843668386511671e-04
9.536303553433991441e-04
9.515979978234337866e-04
9.535856489115958562e-04
9.551674610030373236e-04
9.527414157022411892e-04
9.493554749784791080e-04
9.541198186694501739e-04
9.588143632370076368e-04
9.541683774993243647e-04
9.572296100813491339e-04
9.598629499425942240e-04
9.533140465945972404e-04
9.575453027521664030e-04
9.606874164771597247e-04
9.539879642161172135e-04
9.562617359880680413e-04
9.581714047174357375e-04
9.597396447526193846e-04
9.555434884188335849e-04
9.576013047347106460e-04
9.593080229873900654e-04
9.606855514639354651e-04
9.567316955306627395e-04
9.586094047188889597e-04
9.541517531764122763e-04
9.582769752764759910e-04
9.614635082931975371e-04
9.654288194978997159e-04
9.597897141353722112e-04
9.628120827104183314e-04
9.569550512469383353e-04
9.607631999875524548e-04
9.632253797849375018e-04
9.669444919750084383e-04
9.610529956155283889e-04
9.635134836967591213e-04
9.656279027135513055e-04
9.691917989682409572e-04
9.633271713544228803e-04
9.655024172677671322e-04
9.690591068306593156e-04
9.631566501853150442e-04
9.668190533104900836e-04
9.694492521860177767e-04
9.544483486569503095e-04
9.577447012427504555e-04
9.603536784997018967e-04
9.627365757830395800e-04
9.770897564800307394e-04
9.790136405284533428e-04
9.898409233863535682e-04
9.974843976885200067e-04
1.003550339491880977e-03
1.008292608848762248e-03
1.008985805751883187e-03
1.009330749921504792e-03
1.016168397402273651e-03
1.016326694406605906e-03
1.021196257496567511e-03
1.021014912047879704e-03
1.028123341486748528e-03
1.030615996956242304e-03
1.032526638159243955e-03
1.033938651727704661e-03
1.034922334473818836e-03
1.035537215533298243e-03
1.035833736196124571e-03
1.035854665144495586e-03
1.036648433849529692e-03
1.036170348755574436e-03
1.035512391344521610e-03
1.036041787707010862e-03
1.035700578158065769e-03
1.035169351138268048e-03
1.034470648150889304e-03
1.033623741781132402e-03
1.032645212073518906e-03
1.033464708289177740e-03
1.034281324168788126e-03
1.034102445768755527e-03
1.033718829720673337e-03
1.033153718412653781e-03
1.032427199004377037e-03
1.033314615428757455e-03
1.032897811260489410e-03
1.032302755338518861e-03
1.031549002982003194e-03
1.030653498104641816e-03
1.031678010003897082e-03
1.032680559810565321e-03
1.032539964468544161e-03
1.032189457172029163e-03
1.031652488400167404e-03
1.032632378894775054e-03
1.033586347155217083e-03
1.033713287239262663e-03
1.033603022345400829e-03
1.033282391566668580e-03
1.032774699480432752e-03
1.032100275413664952e-03
1.031276866904404406e-03
1.030319981539611768e-03
1.029243183985997876e-03
1.028058354092060240e-03
1.026775911150763516e-03
1.025405008734391532e-03
1.026793520235579462e-03
1.025824947729522731e-03
1.024728801828063939e-03
1.023518260297361961e-03
1.022204791588256396e-03
1.020798474179963585e-03
1.022563972538746572e-03
1.021547311567268549e-03
1.020400902382334303e-03
1.022243568445634684e-03
1.021432762455319002e-03
1.020467240208498437e-03
1.019363890716561832e-03
1.018137420619590712e-03
1.016800731951638401e-03
9.825550626404581153e-04
9.793556383367954272e-04
9.754991198671894223e-04
9.709512893689711214e-04
9.728988495309727307e-04
9.745821671314939616e-04
9.698493422153607081e-04
9.644093550645235205e-04
9.672498728172453401e-04
9.697577643599404867e-04
9.640910361713849342e-04
9.670588821016292856e-04
9.707397149806010683e-04
9.645475832627122773e-04
9.674186846835202205e-04
9.610716534661518234e-04
9.734198141228226492e-04
9.672442174654592934e-04
9.698705263178952546e-04
9.732560084273302655e-04
9.758409972914243100e-04
9.706952244115413676e-04
9.735013641253215718e-04
9.671112935110414170e-04
9.697249301612630504e-04
9.720344883822213669e-04
9.658038166497733001e-04
9.685787006246011910e-04
9.710361049900559198e-04
9.731968005916697383e-04
9.750799377415755864e-04
9.767032886610505643e-04
9.780833549236185240e-04
9.792354671974178634e-04
9.801738776735562098e-04
9.809118455589307083e-04
9.767729161901054363e-04
9.780592782351173273e-04
9.791106154970331647e-04
9.799430739209991428e-04
9.805714308455156913e-04
9.810093290549750256e-04
9.812693774388025428e-04
9.813632425837162058e-04
9.813017320608179595e-04
9.810948700990987370e-04
9.807519662916566912e-04
9.789564046495931402e-04
9.791676182502825378e-04
9.791987654375190579e-04
9.790634958182732259e-04
9.787741868697672366e-04
9.783421781341331957e-04
9.777778735978637399e-04
9.769850524964395801e-04
9.755768438914790746e-04
9.761667544659514018e-04
9.765290198428330662e-04
9.766830490815891618e-04
9.753085930030996756e-04
9.759030562632515149e-04
9.762683415300153940e-04
9.764240743704181774e-04
9.763879066870041236e-04
9.752903161229496166e-04
9.757079406718510966e-04
9.741835353944992360e-04
9.750086872107054147e-04
9.755835601656577018e-04
9.738200962730704860e-04
9.747941150945577636e-04
9.725576058478408413e-04
9.738994187543198152e-04
9.749538888771652062e-04
9.757456277248272806e-04
9.762968014259194209e-04
9.766274851190624197e-04
9.767558790291859701e-04
9.752305559746116169e-04
9.730451264128545412e-04
9.742671723547971160e-04
9.752125398225348039e-04
9.727783020011262442e-04
9.741126086499742390e-04
9.751645172245860128e-04
9.759577665280019408e-04
9.765137719049084069e-04
9.768519648135970054e-04
9.769899948852745798e-04
9.769439112370355630e-04
9.767283250951279590e-04
9.763565555790703265e-04
9.754905774175247910e-04
9.756163988062310994e-04
9.755509749357312629e-04
9.753103845985368944e-04
9.745558868844406662e-04
9.731570038084361987e-04
9.740027815990335040e-04
9.745928543690097123e-04
9.729446110138269916e-04
9.705991285837854872e-04
9.675192877385195523e-04
9.697365890450687035e-04
9.715999966406984288e-04
9.731396310688036943e-04
9.743826781448867991e-04
9.714119811723015419e-04
9.730381009750655114e-04
9.743649309548683404e-04
9.711564971113630703e-04
9.672361334370395284e-04
9.625762022748650783e-04
9.655984095269650944e-04
9.603891806305100845e-04
9.636871764798480601e-04
9.665876522943476394e-04
9.691210893931852168e-04
9.638577955207337442e-04
9.578802271862553062e-04
9.614582653422146675e-04
9.645186610952110554e-04
9.667463468223444880e-04
9.621889916988386054e-04
9.667286105550714848e-04
9.699078216722422860e-04
9.726599855643171819e-04
9.674167115276145193e-04
9.705168233272522304e-04
9.732735146047670873e-04
9.668695216629248548e-04
9.693905277644511605e-04
9.727898691962087686e-04
9.753054487109838293e-04
9.700007966097279940e-04
9.728329059821021370e-04
9.753446730234533249e-04
9.689387297816958204e-04
9.712898240183000633e-04
9.648696967547815096e-04
9.676973677804950793e-04
9.702066839446731820e-04
9.637309221026775161e-04
9.666955689360183599e-04
9.692607042851462615e-04
9.727229142738367347e-04
9.662556188423485244e-04
9.689500765513817679e-04
9.713351791042255197e-04
9.649700542755635345e-04
9.678188549991843630e-04
9.703460598490788952e-04
9.725727259888712313e-04
9.745182541400381794e-04
9.762006377220075644e-04
9.776365753475359330e-04
9.788415746940597444e-04
9.798300482987897745e-04
9.806154017904670020e-04
9.812101150579574573e-04
9.816258168394858836e-04
9.780123482174142135e-04
9.789894192438249737e-04
9.797487145622313376e-04
9.760909264114174012e-04
9.773581483784969919e-04
9.783802248156503022e-04
9.791751167416995211e-04
9.756970814480349277e-04
9.715589169773924255e-04
9.667287735335855243e-04
9.693757173688586195e-04
9.716766378110669672e-04
9.736578836009078877e-04
9.753434268900986175e-04
9.767551923029428249e-04
9.779132485015816847e-04
9.788359820319121173e-04
9.751163130321381265e-04
9.707361978039705068e-04
9.656650933637009847e-04
9.598819628768324053e-04
9.633381054494822605e-04
9.664021146734536700e-04
9.691030351618102256e-04
9.714673827629224327e-04
9.735194785987433741e-04
9.752816455513175229e-04
9.767743876157334790e-04
9.780165534688013435e-04
9.735957212824843197e-04
9.685182459898457070e-04
9.709566360237673228e-04
9.730744020984631289e-04
9.748949107352551354e-04
9.699250143253933644e-04
9.721842033996120009e-04
9.741363774422736287e-04
9.758037312520314970e-04
9.772065285920015446e-04
9.726597898865058794e-04
9.745347897958861255e-04
9.761276855711903400e-04
9.714635412958811571e-04
9.735071311199949362e-04
9.684330440502029276e-04
9.626746908051883947e-04
9.658234286066449525e-04
9.595951481535211795e-04
9.722022157800596460e-04
9.749336185716909239e-04
9.699920771550578748e-04
9.728134303211852588e-04
9.747182500865034412e-04
9.607706569627522163e-04
9.645559685179288037e-04
9.689150896101193355e-04
9.719315530419902300e-04
9.744794084657516656e-04
9.689612319756373297e-04
9.719693197639701215e-04
9.746585023323152755e-04
9.680069570134101301e-04
9.704103422287147689e-04
9.737994747089977155e-04
9.762976780981595399e-04
9.697831139080808792e-04
9.721343957998075744e-04
9.742074645940649799e-04
9.760191875325678786e-04
9.775853017774227115e-04
9.789204968395082140e-04
9.800384916205122279e-04
9.809521062542796762e-04
9.762794667278544255e-04
9.777511609675103819e-04
9.789832703962183299e-04
9.742853001120431542e-04
9.760255733481191381e-04
9.775014539497378033e-04
9.787313194561072290e-04
9.797319769739348729e-04
9.755394837033357254e-04
9.707010211065965344e-04
9.729132308446799063e-04
9.676506629431525430e-04
9.702587014768177063e-04
9.725365832360021107e-04
9.745083846291321614e-04
9.761960725304776390e-04
9.776198058830270782e-04
9.787981002892969570e-04
9.797479777943175153e-04
9.804851030845119705e-04
9.767391257424810035e-04
9.779918061724093142e-04
9.790027556187098304e-04
9.797895198878393830e-04
9.803680793744491955e-04
9.807531064832508260e-04
9.809580887791046009e-04
9.809954402962702772e-04
9.785981453966320284e-04
9.791669401374180660e-04
9.764047086879176470e-04
9.774430218216019657e-04
9.742664492965482075e-04
9.757280761180658771e-04
9.769136282949124513e-04
9.778451291996045468e-04
9.747210102123264348e-04
9.709183184808686069e-04
9.729498283944151013e-04
9.746652983723168642e-04
9.760898837616146422e-04
9.772463728122883931e-04
9.781555232990480579e-04
9.788362616092896422e-04
9.793058623133051553e-04
9.765769362864234419e-04
9.775320842594845128e-04
9.744036255703099510e-04
9.705943594928198147e-04
9.660733954979913631e-04
9.608189496558129736e-04
9.641791996883475758e-04
9.671396622727352396e-04
9.697311775713541486e-04
9.719818121977799683e-04
9.739172205016522355e-04
9.690803597537739561e-04
9.635567807807912189e-04
9.665561566504788640e-04
9.703519246260600096e-04
9.643628891857682767e-04
9.673056414432312225e-04
9.699015349745414554e-04
9.721750774634045416e-04
9.741488170428350656e-04
9.758435126551673420e-04
9.772782900094654883e-04
9.784707842055275027e-04
9.739537803316381231e-04
9.756506314538008129e-04
9.770810644305419346e-04
9.724845314043290912e-04
9.743868420762102391e-04
9.760054927240530229e-04
9.773609350212332167e-04
9.784718376089876664e-04
9.743365188566234817e-04
9.695436064074411994e-04
9.718430321868941129e-04
9.738269522965888178e-04
9.755187126842214049e-04
9.708228184150988031e-04
9.729519565693097675e-04
9.678371543747533610e-04
9.703670494246813358e-04
9.725687478754813141e-04
9.744663061746019518e-04
9.760816754388651657e-04
9.713383186796354990e-04
9.734070547529615229e-04
9.751803488172041496e-04
9.766796182426359507e-04
9.720862585669928389e-04
9.740456342880891632e-04
9.690498937543737170e-04
9.633726742244389657e-04
9.664453166315185514e-04
9.691565261469484811e-04
9.715325927861218330e-04
9.735975393986535465e-04
9.753734326259939219e-04
9.768805567296108289e-04
9.781375723255697659e-04
9.791616612069948492e-04
9.799686583456955653e-04
9.805731720992558447e-04
9.809886935856452096e-04
9.777072944280316199e-04
9.786585519750790139e-04
9.750200064986460757e-04
9.764456502778911520e-04
9.724030742790248190e-04
9.742570197951395602e-04
9.758180640307763821e-04
9.715974853504311115e-04
9.735791345850473410e-04
9.752601356508625420e-04
9.766633236667945483e-04
9.778094595994280165e-04
9.787175344352558575e-04
9.751375487515603034e-04
9.765232664861088702e-04
9.776495889451067983e-04
9.785361104009068518e-04
9.750998308356499493e-04
9.709974071540317629e-04
9.730349923707739971e-04
9.747634826489222576e-04
9.762067649730613202e-04
9.721580783301288263e-04
9.740283675977751826e-04
9.756039340633362433e-04
9.713784012227382565e-04
9.733735637867064810e-04
9.750665828882153609e-04
9.764804222792209786e-04
9.776359624641042106e-04
9.785523053974102062e-04
9.792469427559748717e-04
9.797359082754338380e-04
9.767282637561864374e-04
9.777214152823629403e-04
9.784802404584128348e-04
9.790225405541738701e-04
9.761793645834099904e-04
9.772047299689465803e-04
9.739594564321203338e-04
9.754184356431517926e-04
9.717333485934954475e-04
9.673472741913402258e-04
9.698664756889973076e-04
9.649744431494480801e-04
9.678161047860020646e-04
9.624177197588511777e-04
9.655723887830952807e-04
9.683494482059532222e-04
9.707772605718979677e-04
9.728816880260248096e-04
9.746864265293659702e-04
9.762132026321755510e-04
9.774819527259433725e-04
9.731846519829605519e-04
9.749295252379213284e-04
9.763975680481434046e-04
9.719857287914815619e-04
9.739064480621236137e-04
9.755366904970151892e-04
9.709863256325270905e-04
9.657566085267336835e-04
9.685187457328195979e-04
9.709343204268865331e-04
