1.898179818994906454e-01
1.896190023587633611e-01
1.893957100705900287e-01
1.891738390794753255e-01
1.889203032217507683e-01
1.886107169361712355e-01
1.882683850629979228e-01
1.878916364722912902e-01
1.874791872177209995e-01
1.870188348961791258e-01
1.865357010522039616e-01
1.859902121995882784e-01
1.854024223578094321e-01
1.847731805820334028e-01
1.841054040404441483e-01
1.833485013906230587e-01
1.825389743200256376e-01
1.816798446171090653e-01
1.807542683929298788e-01
1.798091692011562770e-01
1.788282845376744645e-01
1.777728060120013776e-01
1.767192912948100103e-01
1.756563852912129964e-01
1.745382007042129424e-01
1.734017440773576724e-01
1.722630931618457650e-01
1.711071305551822297e-01
1.699700403978707808e-01
1.688599097153572759e-01
1.677055013808015915e-01
1.665885711993504159e-01
1.654926340595464229e-01
1.643576441720754622e-01
1.632003951588155977e-01
1.620906152972959313e-01
1.609712709956195031e-01
1.598737495022138078e-01
1.588037361063087682e-01
1.576558624722060598e-01
1.565805009120314339e-01
1.554881753815451628e-01
1.544125146680861149e-01
1.533362546215907563e-01
1.522662484566454366e-01
1.511853456873188950e-01
1.501218953875811113e-01
1.490470916894761355e-01
1.480354342551885583e-01
1.470127895151678576e-01
1.459623550353341959e-01
1.448946541248300746e-01
1.437935363843312886e-01
1.427286600130569516e-01
1.416446300271951564e-01
1.405952676702882931e-01
1.394980529630333865e-01
1.383379443567476774e-01
1.371982296719453098e-01
1.361079787121979023e-01
1.349519902065603183e-01
1.337510663567081648e-01
1.325689126901942183e-01
1.313932848572560153e-01
1.302355235541680090e-01
1.290928546152929346e-01
1.278640646607537290e-01
1.266749775612957818e-01
1.255561880468995528e-01
1.243965456125658703e-01
1.232111539358301672e-01
1.220830409782015513e-01
1.209499828622599554e-01
1.198438592047619961e-01
1.187703655917739520e-01
1.176640008169401175e-01
1.165632876148836872e-01
1.155292547490377741e-01
1.145150019838909600e-01
1.134251068301848631e-01
1.123807027902395117e-01
1.113456282434304168e-01
1.103000943970444958e-01
1.092996298097083235e-01
1.082330975250671845e-01
1.071479102361451857e-01
1.061387260302004421e-01
1.051403176904004144e-01
1.041260036669979794e-01
1.031025698828366283e-01
1.020855351262045241e-01
1.010553041774553407e-01
1.000424063937461611e-01
9.901937007307308469e-02
9.805337079266399081e-02
9.700537053830458889e-02
9.602896172900524108e-02
9.506039861609251462e-02
9.401517117465231499e-02
9.300375415885350772e-02
9.199345127336615302e-02
9.096436234724346315e-02
8.990562941755461668e-02
8.891178400125848702e-02
8.785769515231897642e-02
8.684455766339660432e-02
8.583394846416594892e-02
8.479817347510858194e-02
8.375223419967608995e-02
8.269635338718470119e-02
8.164292077151037719e-02
8.057504343356146348e-02
7.948577441150546374e-02
7.847918176274894242e-02
7.736342192060900735e-02
7.633044629237850653e-02
7.531373135025154486e-02
7.428567333067115364e-02
7.331252715174899071e-02
7.230181265747966102e-02
7.130217919760149792e-02
7.028149942249066473e-02
6.931316296756831474e-02
6.827400422410739855e-02
6.724254205192330136e-02
6.628449799918348373e-02
6.527620629178536305e-02
6.432972838865422260e-02
6.340356927414915467e-02
6.244161885472696710e-02
6.147610906055501340e-02
6.046369459457574119e-02
5.953478204627903059e-02
5.861850979299909614e-02
5.768064533601730687e-02
5.676136923676657758e-02
5.578174634148679034e-02
5.486937920857097584e-02
5.397239566949522949e-02
5.309409174872856130e-02
5.217796668722578940e-02
5.126774644078550131e-02
5.029661426470209695e-02
4.940378595590945443e-02
4.847993286404995994e-02
4.761559852670468884e-02
4.676271680667778291e-02
4.581284476036116132e-02
4.493409477790973050e-02
4.406369541824870645e-02
4.319818307860562312e-02
4.233609029484865921e-02
4.142944749346172406e-02
4.048931165691407874e-02
3.956599192647856228e-02
3.863634397662366049e-02
3.776304993158387246e-02
3.689968266869222274e-02
3.594125957116799108e-02
3.505364757229501027e-02
3.417423496844575193e-02
3.330672366297077885e-02
3.239315688810155691e-02
3.147768217409452340e-02
3.052276084316682056e-02
2.959787108089970142e-02
2.864642667731786760e-02
2.777044932201393895e-02
2.685120999487823970e-02
2.587297625349533128e-02
2.496799869150223908e-02
2.407378897013348271e-02
2.313212384019323886e-02
2.218804116329829712e-02
2.124225657041979923e-02
2.023373964316398793e-02
1.927960609686528437e-02
1.829331630882791160e-02
1.736154656561640988e-02
1.635414838923327299e-02
1.538513996481850020e-02
1.441685489685463895e-02
1.345453293920132777e-02
1.250438082868561215e-02
1.157323364920233993e-02
1.062434687219900205e-02
9.760188973641547097e-03
8.934479243458687617e-03
8.102877735682419147e-03
7.337564398259087579e-03
6.694221245544539761e-03
6.070951324969695896e-03
5.501305943835515556e-03
4.984419027421979100e-03
4.538560814208592552e-03
4.118765663306708097e-03
3.702860839452744822e-03
3.376964542438898580e-03
3.088464087575942991e-03
2.791984952818280397e-03
2.574834439906965693e-03
2.352337772959636319e-03
2.187576475025184222e-03
2.043318425136378055e-03
1.917227609546574537e-03
1.807174890642674562e-03
1.711236601437832140e-03
1.627687168093547385e-03
1.554987868644265971e-03
1.491773329242547779e-03
1.436836935443210452e-03
1.389115995844935605e-03
1.346314950048137530e-03
1.310320388118305091e-03
1.279074094976032951e-03
1.251951970466208324e-03
1.228409999237332602e-03
1.207974528666794266e-03
1.188498507737231888e-03
1.171602637349522438e-03
1.156091429195764799e-03
1.142953330739785323e-03
1.131339960894043456e-03
1.081783514252281173e-03
1.072538870376488814e-03
1.064333276529977942e-03
1.057017383557366363e-03
1.050464477552291200e-03
1.042639542050419242e-03
1.037326323645014307e-03
1.032494919251990403e-03
1.028078876232220874e-03
1.024021371700964671e-03
1.020273785381790562e-03
1.016794470568164197e-03
1.013547720309691509e-03
1.010502895287157055e-03
1.007633686127851549e-03
1.004917487923906059e-03
1.002334868724815515e-03
9.998691169954255185e-04
9.975058556290596675e-04
9.952327398883467451e-04
9.930391595229382928e-04
9.909159397595277731e-04
9.888531616341913154e-04
9.834599812125937104e-04
9.780002349398207728e-04
9.761785910458340917e-04
9.743896662997960289e-04
9.726306186402389068e-04
9.708990385531751947e-04
9.783243904234897956e-04
9.768269029398896075e-04
9.753503038734355739e-04
9.738933735460189676e-04
9.724550762445366165e-04
9.710345295466466181e-04
9.696309791085581985e-04
9.682437778530642199e-04
9.668723687234774457e-04
9.655162703412282750e-04
9.632084363609863097e-04
9.662310664500058837e-04
9.745264249337268507e-04
9.807811325804097723e-04
9.819411940649889689e-04
9.856928387373506580e-04
9.501657523227938999e-04
9.526371814507432045e-04
9.546048443121708067e-04
9.544211683178786257e-04
9.557197117537753316e-04
9.566781022270375761e-04
9.573454518512675192e-04
9.577638540613530368e-04
9.579694134004105048e-04
9.579931071521741517e-04
9.578615207207287529e-04
9.575974757785922237e-04
9.572205672164935553e-04
9.567476224395113707e-04
9.561930944732276736e-04
9.555693985984459963e-04
9.548872007657514295e-04
9.541556648047421147e-04
9.533826643985494290e-04
9.525749649109321654e-04
9.517384021853089694e-04
9.508779857692520711e-04
9.499963300656533464e-04
9.490989637703840277e-04
9.481890290987626769e-04
9.472692241767747320e-04
9.463418654783315375e-04
9.454089412753918439e-04
9.444721575809350827e-04
9.435329776450670797e-04
9.425926559134567041e-04
9.416522672281344396e-04
9.407127319399666591e-04
9.397748375073567513e-04
9.388390422154223617e-04
9.379061555018380382e-04
9.369766650721714435e-04
9.360509861909533475e-04
9.351294718456907044e-04
9.308434011099569810e-04
9.299793041243864218e-04
9.291136062150477442e-04
9.282474805834045519e-04
9.273818947569252525e-04
9.265176794512701691e-04
9.256555470807119497e-04
9.247961077727927248e-04
9.239398832281181702e-04
9.230873187139149129e-04
9.313293642527799027e-04
9.306029385028847731e-04
9.298802512333285281e-04
9.291615382236395560e-04
9.331451320644078284e-04
9.368853229197906651e-04
9.393958556738261608e-04
9.452387694255574933e-04
9.503004331035349748e-04
9.546590972328969273e-04
9.584136540578143924e-04
9.616488688397208237e-04
9.644374403573164299e-04
9.668415661403267523e-04
9.689150408620927782e-04
9.707038394584982174e-04
9.722475023264478839e-04
9.735800222781070250e-04
9.747306334347199735e-04
9.757244857767004113e-04
9.765832223853946562e-04
9.773254737732697730e-04
9.779672814894686123e-04
9.785224613352869281e-04
9.790029149671765438e-04
9.794188973530207950e-04
9.797792464396803611e-04
9.800915804525508167e-04
9.803624674535075731e-04
9.805975711092596459e-04
9.808017760488747967e-04
9.809792957012823493e-04
9.811337650877558717e-04
9.812683206896902818e-04
9.813856692091249469e-04
9.814881467807002029e-04
9.815777699724169587e-04
9.816562797231793199e-04
9.817251792029278029e-04
9.817857664422401792e-04
9.818391624591383485e-04
9.818863355087147343e-04
9.819281219935100963e-04
9.819652444973678892e-04
9.819983273408460379e-04
9.799868805440876962e-04
9.785841796360644947e-04
9.771825169263329523e-04
9.757853159163892495e-04
9.743953935314867733e-04
9.730150736928306265e-04
9.716462598187282189e-04
9.702904970297248407e-04
9.689490255031906873e-04
9.676228262260272786e-04
9.663126602199728632e-04
9.650191021624640467e-04
9.637425691953757992e-04
9.624815623194844360e-04
9.612382513914147393e-04
9.600126879298233459e-04
9.564524354895603169e-04
9.552923802552581089e-04
9.541417053842513735e-04
9.530015671477870456e-04
9.518728718976923742e-04
9.478343310413833711e-04
9.467698894625281277e-04
9.457105655699339815e-04
9.446579529963619517e-04
9.436133321804563660e-04
9.425777540787306629e-04
9.380009465370613272e-04
9.370354791583539612e-04
9.321933499586901707e-04
9.312911054914733023e-04
9.303873282478315526e-04
9.294843183598369262e-04
9.285839692484384230e-04
9.276878687073686911e-04
9.267973416169639211e-04
9.350245338020223441e-04
9.342674614591293903e-04
9.335168630110934809e-04
9.327733790830996770e-04
9.320375267686574830e-04
9.313097174552858928e-04
9.349870584549584010e-04
9.258439503232523612e-04
9.242594154481506823e-04
9.235979203835087328e-04
9.229421164205359185e-04
9.222925131137971232e-04
9.216495243187409559e-04
9.210134813404737041e-04
9.203846444593684686e-04
9.197632129629573642e-04
9.191493338706878966e-04
9.185431095156612602e-04
9.179446041275468897e-04
9.173538495432937692e-04
9.167708501566725109e-04
9.161955872039997993e-04
9.199721113840481643e-04
9.300193556130443564e-04
9.377259011863437951e-04
9.443531735561989156e-04
9.500547165530574302e-04
9.549617158030524041e-04
9.591862572345965805e-04
9.628246425652168920e-04
9.659591859085967435e-04
9.686605049726411615e-04
9.709891844665264823e-04
9.729972288348580399e-04
9.747292987982947255e-04
9.762237651804511404e-04
9.775136080183864564e-04
9.786271844349808853e-04
9.795888850151204200e-04
9.804196953260842055e-04
9.811376766386348605e-04
9.817583777456332771e-04
9.822951879646052518e-04
9.827596398890086835e-04
9.831616691709265440e-04
9.835098375355294607e-04
9.838115243119653890e-04
9.840730909894616473e-04
9.843000226489049057e-04
9.844970495605509520e-04
9.846682517622822040e-04
9.848171490271975109e-04
9.849467782833637528e-04
9.850597602533150976e-04
9.851583568286962321e-04
9.852445204798030570e-04
9.853199368153738816e-04
9.853860612500967790e-04
9.854441506020801024e-04
9.854952903266701175e-04
9.855404179936637973e-04
9.855803435297736444e-04
9.856157666750546206e-04
9.856472920392830329e-04
9.856754420903600725e-04
9.857006683605183499e-04
9.857233611163316971e-04
9.857438577043410068e-04
9.857624497546769136e-04
9.857793893998166405e-04
9.857948946438146662e-04
9.858091539986623807e-04
9.858223304882972327e-04
9.858345651069283684e-04
9.836299543726767774e-04
9.812736983504132589e-04
9.797779958037107929e-04
9.782849331843482092e-04
9.754782131639091591e-04
9.740158685539941933e-04
9.725571039613760535e-04
9.711062083036401879e-04
9.696666924280740755e-04
9.682414350286492818e-04
9.668327754024390232e-04
9.654425931403214220e-04
9.640723765844325371e-04
9.627232816232971294e-04
9.613961821748076781e-04
9.600917135178633306e-04
9.559195158604131496e-04
9.547048359328561516e-04
9.535038974336214161e-04
9.523182918842796165e-04
9.511492467478552043e-04
9.499977205740892799e-04
9.488644431945753325e-04
9.477499503161556380e-04
9.466546132843256739e-04
9.455786646774678832e-04
9.445222203026719865e-04
9.434852980862239820e-04
9.424678342846720550e-04
9.414696973844065243e-04
9.404907000075985336e-04
9.395302946826608126e-04
9.385885580543597414e-04
9.376651866356780106e-04
9.367598541913291135e-04
9.358722171040119876e-04
9.350019188782305321e-04
9.341485939509734616e-04
9.284697368363054211e-04
9.322528839050256205e-04
9.359262706633329027e-04
9.260160852674689672e-04
9.255238168437095701e-04
9.250262762902268249e-04
9.245252704991722579e-04
9.240227420223871488e-04
9.235203349670666109e-04
9.230194354198287396e-04
9.225212066521854210e-04
9.257961660589308179e-04
9.356540588053647222e-04
9.432170298286085422e-04
9.497131350319620987e-04
9.552952529794293910e-04
9.561083165341249758e-04
9.594276611790692865e-04
9.621211917757046097e-04
9.642816721585381308e-04
9.659883068050101980e-04
9.673087652036656790e-04
9.683008847757826505e-04
9.690141153173717839e-04
9.694907458852697162e-04
9.697669481714801852e-04
9.674903158125370325e-04
9.675697632959330162e-04
9.675071961843337981e-04
9.646617536650741549e-04
9.644807235236042917e-04
9.641977848732122920e-04
9.638298982236170442e-04
9.603152428995270946e-04
9.599110425929363718e-04
9.594435374276934214e-04
9.589241428770044944e-04
9.583625775485190299e-04
9.577671397913904792e-04
9.571449210634670832e-04
9.565019595147254954e-04
9.558433840181862311e-04
9.551735507615374213e-04
9.544961525260410497e-04
9.538143126424243048e-04
9.531306657841112770e-04
9.524474274491426338e-04
9.517664537190145563e-04
9.510892926575718019e-04
9.460687144318338923e-04
9.455028389599188718e-04
9.449313354888362387e-04
9.443567195557102997e-04
9.437810743245462824e-04
9.432061566945959194e-04
9.426334427247734125e-04
9.420638309746384199e-04
9.414987217123650318e-04
9.409389586163503577e-04
9.403852328395347245e-04
9.398381048380798639e-04
9.392980231646190720e-04
9.387653406899247729e-04
9.382403286007947023e-04
9.377231884749933234e-04
9.372140626935078446e-04
9.367130434152432308e-04
9.362201803089423421e-04
9.357354872108175192e-04
9.352589478536680679e-04
9.347905207935918587e-04
9.343301436433909448e-04
9.338777367070375543e-04
9.334332060968523722e-04
9.329964464040010680e-04
9.325673429834066813e-04
9.412605691524121273e-04
9.409001863231504243e-04
9.405461450455849214e-04
9.401983330444986086e-04
9.398566353650839858e-04
9.395209352776784416e-04
9.391911150277327007e-04
9.420731307497685197e-04
9.335209265801075289e-04
9.359777862734151377e-04
9.267395589691288958e-04
9.266172805846002811e-04
9.294414421208911474e-04
9.205723643472137844e-04
9.205343263881152985e-04
9.204855998603211041e-04
9.237857755922005906e-04
9.347198224546160016e-04
9.431190577828186443e-04
9.448641640376193290e-04
9.503978621527250405e-04
9.512030722277404647e-04
9.381430381442966470e-04
9.414119024071969984e-04
9.440664273994925576e-04
9.461991036739688223e-04
9.478888063317894531e-04
9.492028258223808666e-04
9.501985867491004496e-04
9.509251048275559580e-04
9.502996760521111464e-04
9.507726330265465564e-04
9.510551634980893287e-04
9.496351336400522553e-04
9.497665396516897628e-04
9.497617842802940583e-04
9.496434427705780293e-04
9.494307430677448355e-04
9.491400870633996852e-04
9.487854749945263001e-04
9.483788206525175591e-04
9.479302578264668135e-04
9.474484008023586817e-04
9.469405626089855057e-04
9.464129420108485487e-04
9.458707837687377589e-04
9.453185160224321457e-04
9.447598680850925095e-04
9.441979714588576112e-04
9.436354464727037114e-04
9.430744765958273823e-04
9.425168721832654023e-04
9.419641251575454561e-04
9.414174559142283018e-04
9.408778535546988286e-04
9.403461103918980954e-04
9.398228515398046948e-04
9.393085602820450694e-04
9.388035998162496103e-04
9.383082318860806520e-04
9.378226327403972346e-04
9.373469067968484732e-04
9.368810983338685854e-04
9.330192168511683079e-04
9.327103422945770203e-04
9.323954965302545545e-04
9.320767263963820621e-04
9.317557131005992262e-04
9.314338768917517679e-04
9.270119389364716959e-04
9.268414307826140872e-04
9.266574179259390830e-04
9.264626961124351311e-04
9.262596030912394066e-04
9.260501369221957888e-04
9.258360021611233620e-04
9.256186498594251837e-04
9.253993122120706847e-04
9.251790325665160391e-04
9.249586914102285798e-04
9.247390288722977247e-04
9.245206642033823629e-04
9.243041126365221039e-04
9.240897999778005913e-04
9.238780752294939056e-04
9.236692215080651545e-04
9.325632102369340584e-04
9.323815812832109400e-04
9.322027483524716017e-04
9.320268326533250568e-04
9.318539248376905447e-04
9.316840895767223478e-04
9.315173694946899232e-04
9.313537885618509071e-04
9.311933550188609618e-04
9.310360638956685902e-04
9.350414846341785534e-04
9.268016227257102908e-04
9.267817049470555932e-04
9.267541457657990731e-04
9.267197725754600969e-04
9.266797072236981382e-04
9.266349207475070657e-04
9.265862527013139435e-04
9.265344281308476307e-04
9.264800724017056496e-04
9.264237241486758144e-04
9.263658465796448856e-04
9.263068373394989577e-04
9.262470371142962795e-04
9.296853078749345040e-04
9.207106266895006804e-04
9.207856484528334495e-04
9.208505435725452323e-04
9.209062055230060389e-04
9.209538561105296527e-04
9.209945604897008331e-04
9.210292468288155997e-04
9.210587236304659765e-04
9.210836948978660867e-04
9.211047734091001729e-04
9.211224923305799716e-04
9.211373153735265967e-04
9.211496456729769029e-04
9.211598335472334685e-04
9.211681832766454745e-04
9.211749590237518779e-04
9.247686652701012349e-04
9.162472751049402639e-04
9.163916688943630909e-04
9.203428961865606087e-04
9.134235277064515742e-04
9.215624488475644867e-04
9.257695320696155859e-04
9.336139314994142992e-04
9.369961783915658950e-04
9.411085866460448552e-04
9.444636926409967362e-04
9.471778891474143345e-04
9.493500237969175167e-04
9.510640969936137159e-04
9.523915186915713794e-04
9.533930117087992652e-04
9.541202195740553687e-04
9.546170667461948865e-04
9.549209108232705910e-04
9.550635196640782894e-04
9.550719008670541764e-04
9.549690065489387569e-04
9.547743326494916418e-04
9.545044289101558806e-04
9.541733331158986893e-04
9.537929410564333728e-04
9.533733218800540584e-04
9.529229870193653635e-04
9.524491196137148353e-04
9.519577702977262326e-04
9.514540243358615744e-04
9.509421443321657702e-04
9.504256921097500128e-04
9.499076328175216346e-04
9.493904238666395299e-04
9.488760909132710249e-04
9.483662927766196458e-04
9.466576645871001413e-04
9.463048296155838297e-04
9.459406632267741049e-04
9.455685198912204981e-04
9.432344400907917599e-04
9.430102937085529068e-04
9.427661857266154488e-04
9.425063724827630225e-04
9.422344277360782377e-04
9.419533896788800237e-04
9.389291231450517953e-04
9.388069310865403702e-04
9.386632750587844054e-04
9.385022454887049061e-04
9.383272870997106264e-04
9.381413419121779071e-04
9.379469180279284644e-04
9.377461491573651055e-04
9.375408461389751280e-04
9.373325415237775647e-04
9.371225281532859479e-04
9.369118925350845926e-04
9.367015437123933207e-04
9.329538295093248732e-04
9.329323147624613531e-04
9.328941083251544863e-04
9.328420823497125770e-04
9.327786466492047701e-04
9.327058691736183141e-04
9.326255220976170613e-04
9.325391217825356859e-04
9.324479634318089257e-04
9.323531511405115874e-04
9.322556239472814263e-04
9.279642189686978637e-04
9.280627053797116778e-04
9.281416036992498272e-04
9.282037955082774730e-04
9.282517112962487349e-04
9.282874505705833099e-04
9.235015171684943019e-04
9.281748099937714176e-04
9.289781479791898913e-04
9.293224191019353432e-04
9.328094709328263109e-04
9.046147919193902893e-04
9.047161822861056598e-04
9.048125472269552202e-04
9.049022440657310219e-04
9.049852640408487248e-04
9.050616888733061362e-04
9.051316653353125513e-04
9.051953855932755397e-04
9.052530719197929981e-04
9.108219157820766085e-04
9.024474583618424198e-04
9.026736638457665473e-04
9.028818717847928105e-04
9.030726558307721656e-04
9.032476352675249251e-04
9.034082502682553055e-04
9.090814504619574004e-04
9.003031525392427145e-04
9.061759154257451390e-04
9.176913012332290004e-04
9.265123893891460309e-04
9.340098732558338229e-04
9.403804025786822963e-04
9.457906639637587119e-04
9.503821615315020911e-04
9.542751364980859262e-04
9.575718501143965725e-04
9.603593397703027524e-04
9.627117375618779926e-04
9.646922243271404806e-04
9.663546791164309485e-04
9.677450735612686200e-04
9.689026520972141183e-04
9.698609320664311039e-04
9.706485520538652486e-04
9.712899921483034724e-04
9.718061859711489342e-04
9.730710310893951045e-04
9.748350672091585538e-04
9.752792987912374230e-04
9.756278103249178043e-04
9.758940760788360931e-04
9.760895906544758216e-04
9.762242296640032384e-04
9.763064802092881597e-04
9.771648768925151815e-04
9.786483866533015382e-04
9.787955122999732454e-04
9.788894362825074479e-04
9.789374833487074490e-04
9.789458884636246649e-04
9.789200344014373049e-04
9.788645692081891260e-04
9.787835073278531185e-04
9.786803167013565473e-04
9.785579938033398765e-04
9.784191283026273233e-04
9.782659587938388919e-04
9.781004208433731473e-04
9.779241884180147216e-04
9.786403427811259884e-04
9.799317199418115364e-04
9.803643893841495517e-04
9.809761317719346667e-04
9.805975067781935641e-04
9.795223794002013915e-04
9.784407488619495732e-04
9.773601216696297007e-04
9.762865994215514948e-04
9.752251349192281619e-04
9.738178356292635698e-04
9.720019157087720534e-04
9.712259049932152810e-04
9.704345906511644250e-04
9.679703073778245454e-04
9.673155847439568727e-04
9.666427044702198762e-04
9.659589667554824679e-04
9.652703944853521052e-04
9.645819707573303689e-04
9.638977911444154053e-04
9.632212178355335731e-04
9.625549422682828362e-04
9.619011088307129198e-04
9.612613980278184251e-04
9.606370978200298250e-04
9.600291648520699762e-04
9.594382769732696893e-04
9.588648782564528333e-04
9.583092175556730914e-04
9.577713814995064126e-04
9.572513226929942878e-04
9.567488837948480646e-04
9.562638180447567736e-04
9.557958067365531635e-04
9.553444740648026111e-04
9.516157704407544361e-04
9.474585575429200161e-04
9.474601451433460305e-04
9.474352025496535342e-04
9.473886206028625740e-04
9.473245115946414725e-04
9.472463760504079393e-04
9.471571867316680091e-04
9.470594614059804671e-04
9.469553258828233063e-04
9.468465686047986560e-04
9.467346879129237471e-04
9.466209329568089350e-04
9.465063390922591078e-04
9.463917584975258413e-04
9.462778866429026863e-04
9.416403609932628331e-04
9.365696635976816309e-04
9.369285766050407986e-04
9.406802973700370682e-04
9.234500337836627467e-04
9.235261463256396819e-04
9.235889141663273074e-04
9.236377501846006850e-04
9.236739044333615008e-04
9.236985159185184422e-04
9.290299953240906692e-04
9.208825958170549107e-04
9.211011315434162582e-04
9.212938815759701052e-04
9.259033342856402404e-04
9.301211424001753179e-04
9.392511079952208354e-04
9.461452831795291035e-04
9.519713472313158812e-04
9.568894429778623378e-04
9.610351381680649376e-04
9.645233518413946772e-04
9.674515822140429587e-04
9.699026112994779680e-04
9.719467755599285694e-04
9.736438755417473404e-04
9.750447843730403663e-04
9.761928044700546661e-04
9.771248132670043093e-04
9.778722318364040968e-04
9.784618445828165752e-04
9.789164935227771466e-04
9.792556668118453794e-04
9.794959979921703894e-04
9.796516897878516233e-04
9.797348740729361089e-04
9.807758996931916114e-04
9.820278608400662308e-04
9.821674951551546615e-04
9.822391629799992734e-04
9.822522927170290827e-04
9.822149365625303542e-04
9.821340212492128512e-04
9.829546172020428053e-04
9.841294437655150398e-04
9.841559915802398049e-04
9.841314660199043749e-04
9.840627482875854981e-04
9.846569375064890932e-04
9.859113142492001349e-04
9.859477541840008796e-04
9.859326130384558472e-04
9.858727522188259068e-04
9.857740447385225906e-04
9.856415794038172334e-04
9.854797664400984959e-04
9.859040280497327960e-04
9.871243374975598780e-04
9.870990528441560968e-04
9.872983514249806473e-04
9.887152877198119878e-04
9.887851108781094828e-04
9.887421354939777193e-04
9.903249592129489791e-04
9.904625812548963244e-04
9.905372333761581268e-04
9.905572032014454530e-04
9.905295822324883259e-04
9.904605247151360061e-04
9.902034233202083608e-04
9.889414090142106470e-04
9.876898915100642672e-04
9.868188126654195338e-04
9.857392007829545149e-04
9.846606255720521082e-04
9.835896548655042627e-04
9.820007385571388574e-04
9.811194272886267047e-04
9.802342872687144250e-04
9.793515114527419699e-04
9.784760759228767514e-04
9.761437575552767100e-04
9.754831166913165196e-04
9.748148957089814402e-04
9.741445685516133711e-04
9.734765596855724391e-04
9.728144546087820563e-04
9.721611267810014194e-04
9.715188465267491887e-04
9.708893744380096315e-04
9.702740414415252611e-04
9.671504148505231371e-04
9.636071990696215778e-04
9.634875109830825200e-04
9.633367532614693337e-04
9.592825377228372807e-04
9.593468228691859031e-04
9.593704904109760139e-04
9.593607194313806021e-04
9.593235534934153701e-04
9.592641197443782953e-04
9.591867565155959372e-04
9.590951236945082815e-04
9.589922981851443104e-04
9.588808564516456681e-04
9.587629458719271625e-04
9.542015951469173243e-04
9.543593439576788552e-04
9.544888182323681180e-04
9.545942990547295632e-04
9.546793798574679073e-04
9.497332384618542350e-04
9.500837656479202854e-04
9.503954343034113055e-04
9.506733735766451738e-04
9.509219378867565103e-04
9.511448773485422451e-04
9.513454187820924793e-04
9.515263360763299158e-04
9.516900113037642843e-04
9.518384877903410951e-04
9.466784817820002047e-04
9.471118642048366454e-04
9.415390741078440194e-04
9.442305565980546513e-04
9.449364395170007638e-04
9.455935329061301376e-04
9.462072609798762891e-04
9.467823522506710852e-04
9.496884283919008020e-04
9.526624189584791905e-04
9.271745108041617826e-04
9.313945439573627621e-04
9.228265420483859572e-04
9.234767288691577434e-04
9.240722924139897895e-04
9.246174924106671193e-04
9.251165757612944598e-04
9.255733265518405369e-04
9.269117043682380958e-04
9.311621881362252672e-04
9.224679865483838411e-04
9.268191465571588286e-04
9.187217431295152279e-04
9.195601954633456348e-04
9.203377243585079840e-04
9.210582380396405058e-04
9.217264072026481103e-04
9.223463888657482991e-04
9.229218860138912106e-04
9.234562006519098174e-04
9.239522807180092960e-04
9.244127615418311133e-04
9.285855240586557381e-04
9.206155952098541220e-04
9.212913563170046279e-04
9.219203249768947962e-04
9.225048554788883469e-04
9.230481712005132820e-04
9.235531555065819211e-04
9.240223909683454098e-04
9.244581942887074820e-04
9.248626471608007880e-04
9.252376235194582649e-04
9.265052353632655460e-04
9.307380547069902046e-04
9.346248762762421076e-04
9.442532538296427840e-04
9.514839611922908374e-04
9.575485981001145884e-04
9.626253011232115912e-04
9.668638568590876871e-04
9.703910998934185423e-04
9.733142264013851328e-04
9.757239513735632176e-04
9.776970986822624762e-04
9.792987718480899734e-04
9.805841763167589924e-04
9.816001513653254459e-04
9.823864595300279851e-04
9.829768731544454366e-04
9.843767506140593208e-04
9.846461298945571785e-04
9.847935529941646490e-04
9.860306989592504401e-04
9.869051778518319468e-04
9.884460653187432822e-04
9.887909616915506374e-04
9.890144338666111232e-04
9.891331197523286090e-04
9.891612552322028972e-04
9.891110774755114497e-04
9.889936098823437060e-04
9.888172897084797699e-04
9.885899742718856111e-04
9.883183773205057518e-04
9.880082817014803568e-04
9.876646706587113682e-04
9.882802288130911050e-04
9.878696797298604487e-04
9.889321223157652475e-04
9.887134085101640692e-04
9.884954331645786837e-04
9.882330715411775327e-04
9.890132234590480985e-04
9.900495953236042226e-04
9.899286509941563131e-04
9.897518672503716457e-04
9.895263631266805384e-04
9.892582551109963679e-04
9.889533622974406267e-04
9.886156690382056755e-04
9.882492475092397380e-04
9.878575847625296023e-04
9.874437119906530249e-04
9.870102652250396010e-04
9.875391766774402075e-04
9.870607971697871030e-04
9.865690960838276007e-04
9.860655848470463881e-04
9.855515812166371938e-04
9.850282350231465492e-04
9.873876051475116884e-04
9.861040772020724429e-04
9.871371633703486265e-04
9.881364316666914598e-04
9.880091480677412070e-04
9.878256297711220883e-04
9.875935436782644523e-04
9.873184297475466262e-04
9.870057093309717814e-04
9.866600430409435199e-04
9.862854828632686231e-04
9.872952215243860873e-04
9.879117772824282627e-04
9.869281974309172985e-04
9.859310776938773769e-04
9.849282034792229863e-04
9.848295808730148353e-04
9.840291535544408441e-04
9.832109289579138347e-04
9.823821739806816011e-04
9.815487818268114634e-04
9.807155325712165698e-04
9.798862657330624157e-04
9.790640276523727720e-04
9.782511973078233686e-04
9.774495936779295426e-04
9.765071007401915186e-04
9.759809835713644270e-04
9.754404157095877912e-04
9.739905097214957962e-04
9.737020767668471202e-04
9.733807117665055787e-04
9.730327157596292773e-04
9.726633385511077425e-04
9.706779498481394632e-04
9.705699960654488824e-04
9.680756586318262601e-04
9.682016186321304625e-04
9.651799587510752039e-04
9.655209195092827193e-04
9.657887858141548255e-04
9.659936119987270380e-04
9.661439827076361139e-04
9.662472739996105916e-04
9.663098176151712531e-04
9.663370433283813028e-04
9.663336023038123944e-04
9.663034739792090251e-04
9.662500586579972827e-04
9.661762577051206035e-04
9.660845429882827838e-04
9.659770169890635012e-04
9.658554648199038683e-04
9.657213992196041034e-04
9.655760994583765383e-04
9.625681713204695469e-04
9.627456659354790549e-04
9.592657137766739950e-04
9.597258320815090860e-04
9.601231873869406092e-04
9.604648468848570129e-04
9.607568971804440880e-04
9.610046375124418200e-04
9.612126825239584917e-04
9.613850517247600393e-04
9.615252473689958048e-04
9.616363222397381278e-04
9.617209386400079512e-04
9.617814197229898566e-04
9.618197941487241455e-04
9.618378349277725359e-04
9.618370932019331505e-04
9.618189276157513819e-04
9.617845298486412320e-04
9.617349468042164133e-04
9.616710998896272657e-04
9.615938017620131789e-04
9.615037708707103092e-04
9.614016440814951350e-04
9.612879876322762140e-04
9.611633066374935131e-04
9.610280533304450422e-04
9.608826342082955061e-04
9.607274162232646002e-04
9.605627321448864751e-04
9.603888852020744634e-04
9.602061530996157911e-04
9.600147914914523763e-04
9.598150369823765099e-04
9.596071097204883537e-04
9.593912156346003214e-04
9.591675483637366077e-04
9.589362909197107071e-04
9.586976171183913273e-04
9.584516928106324605e-04
9.581986769397423829e-04
9.579387224488732696e-04
9.576719770586159799e-04
9.573985839323995422e-04
9.571186822450154395e-04
9.568324076674966736e-04
9.561222476748051490e-04
9.561474613867745626e-04
9.561351580236000574e-04
9.560893196755885452e-04
9.560133718298039493e-04
9.559103176088305396e-04
9.557827920878549056e-04
9.556331095960888264e-04
9.554633049154556603e-04
9.547043385930642978e-04
9.548291262342111559e-04
9.549068379534636107e-04
9.536414195460591074e-04
9.539840234635934332e-04
9.542608996588923748e-04
9.544792576294174134e-04
9.546453489527289681e-04
9.547646525875331473e-04
9.548419736617016129e-04
9.548815295578184752e-04
9.548870249390051463e-04
9.548617171362025176e-04
9.548084731353821339e-04
9.547298192440667637e-04
9.546279843779070882e-04
9.545049377872705893e-04
9.543624219385477350e-04
9.542019811731134674e-04
9.540249866868993249e-04
9.538326583038150494e-04
9.536260834554618950e-04
9.534062337265956531e-04
9.529181210717002724e-04
9.530020303274682868e-04
9.530432793292078651e-04
9.520460457464741122e-04
9.523577460573361651e-04
9.526065322688852645e-04
9.510674510701750198e-04
9.515672268199151232e-04
9.519898093461906345e-04
9.523435596530891974e-04
9.526357464959475923e-04
9.528727487472706805e-04
9.530601684889961241e-04
9.532029296241857890e-04
9.533053638736331504e-04
9.533712857728884838e-04
9.534040580781500719e-04
9.518956533271543318e-04
9.522239601522394879e-04
9.524948955908845664e-04
9.527143254868350886e-04
9.528873426652874476e-04
9.510185064369119185e-04
9.514744806004470307e-04
9.490173911314662156e-04
9.459046054325994692e-04
9.469232236636578124e-04
9.478321056535486417e-04
9.441471343213166546e-04
9.452775179800257431e-04
9.462961856776681271e-04
9.472145165151976253e-04
9.480424630887823419e-04
9.487887972134823999e-04
9.494616999947093003e-04
9.500675023568607228e-04
9.506122507817961389e-04
9.511012959286695764e-04
9.515393785123312312e-04
9.519307044819045899e-04
9.522790107663091710e-04
9.525876227734194962e-04
9.528595046805092084e-04
9.530973034232794209e-04
9.533033871767988311e-04
9.534798790219385948e-04
9.536286864036988380e-04
9.537515269115192686e-04
9.538499508449607050e-04
9.512423816907942435e-04
9.516699898797910222e-04
9.520447605699124778e-04
9.523714986716900208e-04
9.526543862259893858e-04
9.528971271245903355e-04
9.531030063178449682e-04
9.532749415634436891e-04
9.534155286665002170e-04
9.535270810305740896e-04
9.536116642364495227e-04
9.536711262755252034e-04
9.537071239859427505e-04
9.515716122409441542e-04
9.487985966389132341e-04
9.494881339807683882e-04
9.500986212766669627e-04
9.506380028080702515e-04
9.511132066186027195e-04
9.515303383697852266e-04
9.518947841554780765e-04
9.522113003291054513e-04
9.524840919940656550e-04
9.527168815882517718e-04
9.529129688134218342e-04
9.530752830025878948e-04
9.505492422898653313e-04
9.510258518788067359e-04
9.514434099162576803e-04
9.518075155769205016e-04
9.521230436559340428e-04
9.492839158585876297e-04
9.498975523472415151e-04
9.504417731265701452e-04
9.509232937907912851e-04
9.513479700546819372e-04
9.517209723222556711e-04
9.520468710097160789e-04
9.523297111069895047e-04
9.525730773456322475e-04
9.527801511572752497e-04
9.529537604579437762e-04
9.530964231633831966e-04
9.532103852266942019e-04
9.532976538899648293e-04
9.533600267545012767e-04
9.533991171980745524e-04
9.534163766009568072e-04
9.534131137842797015e-04
9.514677557865177911e-04
9.517878876908585908e-04
9.492766859861349578e-04
9.498800709737102591e-04
9.504104474797615268e-04
9.473807635770754290e-04
9.481767110064975032e-04
9.488865915985655137e-04
9.495190487745419280e-04
9.500816274658403261e-04
9.505809784964429658e-04
9.510229701568730662e-04
9.514127857059630775e-04
9.517550085860725919e-04
9.520536969007303884e-04
9.523124485087411861e-04
9.525344579183865840e-04
9.527225660163755102e-04
9.528793035360151251e-04
9.530069290551400601e-04
9.531074622147894674e-04
9.531827127625252258e-04
9.532343059481401554e-04
9.532637047329107919e-04
9.532722292153317364e-04
9.532610736253707261e-04
9.532313211947739248e-04
9.531839571720450996e-04
9.531198802167509341e-04
9.530399123780582300e-04
9.529448078364711680e-04
9.528352605650291553e-04
9.527119110464387763e-04
9.525753521652631983e-04
9.524261343792150359e-04
9.522647702603474502e-04
9.520917384854587270e-04
9.519074873449275345e-04
9.517124378303947266e-04
9.515069863540853972e-04
9.512915071458119412e-04
9.510663543678882009e-04
9.508318639830737416e-04
9.505186989714274181e-04
9.495374044993442567e-04
9.499213432824086308e-04
9.502371161528205866e-04
9.504920946427895291e-04
9.506926798685572284e-04
9.508444897988563727e-04
9.509524588976511327e-04
9.510209249925727837e-04
9.510537050168951139e-04
9.510541610509773555e-04
9.510252579063512056e-04
9.509696133363677731e-04
9.508895418185710300e-04
9.507870927328939846e-04
9.506640836542849327e-04
9.505221293863497017e-04
9.503626672823229900e-04
9.501869793297275553e-04
9.499962114140046189e-04
9.497913901231694062e-04
9.495734374091271447e-04
9.493431833807888061e-04
9.491013774687992108e-04
9.488486981709201313e-04
9.485857615602626049e-04
9.483131287151378309e-04
9.486516546154200383e-04
9.486785555947406783e-04
9.486655190458656529e-04
9.486168039126889129e-04
9.485360840902079278e-04
9.484265866576023149e-04
9.482911489777870072e-04
9.481322684277465780e-04
9.479521457202874602e-04
9.477527226436489698e-04
9.475357149389640422e-04
9.473026409427944081e-04
9.477837695974395977e-04
9.478390960846378756e-04
9.478502666908025526e-04
9.478220949226763472e-04
9.477587377723428264e-04
9.476638429813188198e-04
9.477947759275356151e-04
9.479726469972163784e-04
9.480955784358073178e-04
9.481696106278601332e-04
9.481999745110246576e-04
9.481912582605182523e-04
9.481474895007451550e-04
9.480722069109428054e-04
9.479685226040318689e-04
9.478391764691971276e-04
9.476865835150660115e-04
9.475128751165157832e-04
9.473199349516562033e-04
9.471094303140788727e-04
9.468828393971094560e-04
9.466414750698230176e-04
9.471916047908891410e-04
9.470485549269406925e-04
9.473905301452394427e-04
9.476617672163460421e-04
9.478701669400177617e-04
9.480225870637840578e-04
9.481250385157322363e-04
9.481827936686441482e-04
9.482004806555632652e-04
9.481821655461789749e-04
9.481314239490154939e-04
9.480514034023169697e-04
9.479448777406526650e-04
9.478142944712140711e-04
9.476618160604992651e-04
9.474893559160194566e-04
9.472986097465957260e-04
9.470910828967244810e-04
9.468681141738135394e-04
9.466308966202252855e-04
9.463804956238459215e-04
9.461178647101554842e-04
9.458438593145660411e-04
9.455592487952774617e-04
9.452647269133433424e-04
9.449609209773913608e-04
9.446483998249827728e-04
9.443276807904039906e-04
9.439992357893351588e-04
9.436634966340226105e-04
9.433208596779045886e-04
9.429716898758648980e-04
9.426163243351686014e-04
9.422550754224302610e-04
9.418882334835512781e-04
9.415160692261792487e-04
9.411388358078829740e-04
9.407567706676278618e-04
9.403700971333152228e-04
9.399790258339031255e-04
9.395837559409575285e-04
9.417283258366696778e-04
9.416097820320262031e-04
9.414563982890366460e-04
9.412722309068703892e-04
9.410607645803081020e-04
9.408250490374292334e-04
9.405677553276523212e-04
9.402912247669180769e-04
9.421683078106963746e-04
9.421522894633786423e-04
9.420910609588863116e-04
9.419899140956142615e-04
9.418534123591635080e-04
9.416855474733372205e-04
9.414898133499176877e-04
9.412692704023383275e-04
9.410266014902245700e-04
9.407641605858535006e-04
9.404840151110804673e-04
9.401879827695279641e-04
9.398776635912135411e-04
9.395544678133208472e-04
9.392196401394883268e-04
9.388742808493404438e-04
9.385193641684775635e-04
9.381557542557262142e-04
9.377842191179553257e-04
9.374054427223160431e-04
9.370200355406204653e-04
9.366285437299889894e-04
9.362314571272815997e-04
9.388719243856553454e-04
9.387416591067222066e-04
9.385759056641700473e-04
9.383788908465378340e-04
9.404746318725634496e-04
9.405177323393508178e-04
9.405076678674501858e-04
9.404507737674540910e-04
9.403525214549032221e-04
9.402176923813517157e-04
9.400504674432769029e-04
9.398545047241263755e-04
9.396330071046507916e-04
9.393887810650252508e-04
9.412753126905806659e-04
9.412881109263315739e-04
9.412531868847603478e-04
9.411761065054585892e-04
9.425059788422708584e-04
9.426683502093764939e-04
9.427694323278955823e-04
9.428163379501769241e-04
9.428152251797035019e-04
9.427714827479616311e-04
9.426898291546151115e-04
9.425743989315071370e-04
9.424288177163444354e-04
9.422562675914009003e-04
9.420595439527300547e-04
9.418411050105155932e-04
9.416031148778964245e-04
9.413474810810433134e-04
9.410758872149674933e-04
9.407898213753878788e-04
9.404906009150295308e-04
9.421656844349539329e-04
9.421415942192833343e-04
9.420759781125259864e-04
9.419735459592792253e-04
9.418383592426970768e-04
9.416739775504513613e-04
9.429525230146199423e-04
9.430475421511868173e-04
9.430898989345910810e-04
9.430855934821104347e-04
9.430398153361074483e-04
9.438319869431092794e-04
9.440370416588172390e-04
9.441806902214729428e-04
9.442698721234350692e-04
9.443106013439226450e-04
9.446090459023031259e-04
9.448998288279614709e-04
9.451239760979658795e-04
9.452889034644813620e-04
9.454010466845714751e-04
9.454660499406865185e-04
9.454888669720481597e-04
9.454738491637935949e-04
9.454248222892857548e-04
9.453451533707683384e-04
9.452378089339455751e-04
9.451054057671986076e-04
9.449502551526012609e-04
9.447744014110333235e-04
9.445796554949240434e-04
9.443676242675025931e-04
9.441397360249684928e-04
9.438972627461894626e-04
9.436413394920012973e-04
9.433729813217074265e-04
9.430930980469267970e-04
9.428025071016056784e-04
9.439792066101786823e-04
9.439763144331050036e-04
9.439331144390723577e-04
9.438540261415778818e-04
9.437428621478414180e-04
9.436029693961837505e-04
9.434372887671284682e-04
9.432484069798650027e-04
9.430386017833234692e-04
9.440730251528013086e-04
9.441387624081696564e-04
9.441572031833318605e-04
9.445968484486869793e-04
9.448637146236160298e-04
9.450650333094022526e-04
9.452081613095206529e-04
9.452994795274261529e-04
9.453445809189073594e-04
9.453483713562719484e-04
9.453151574695657731e-04
9.452487231591424725e-04
9.451523962437279264e-04
9.450291065185116839e-04
9.448814363329134398e-04
9.447116646541748935e-04
9.445218054580725589e-04
9.443136411793475815e-04
9.440887518598116510e-04
9.438485405496796227e-04
9.435942554459599224e-04
9.433270091891914977e-04
9.430477956854379194e-04
9.427575047730282938e-04
9.424569350122737055e-04
9.421468048404063860e-04
9.418277623027119551e-04
9.415003935435340863e-04
9.411652302170913677e-04
9.408227559573729927e-04
9.404734120283552747e-04
9.401176022601183749e-04
9.397556973627816876e-04
9.393880386982839288e-04
9.390149415796975171e-04
9.386366981587325031e-04
9.382535799542687490e-04
9.378658400679037695e-04
9.374737151265691553e-04
9.370774269870862320e-04
9.366771842330319509e-04
9.362731834903694362e-04
9.358656105848652462e-04
9.354546415613601952e-04
9.350404435823851711e-04
9.346231757213233288e-04
9.342029896633998126e-04
9.337800303260576857e-04
9.367879360540088416e-04
9.366295821582604209e-04
9.364379015369812776e-04
9.362169195808643868e-04
9.359700890486302846e-04
9.384821124023399628e-04
9.384761598888366994e-04
9.384209896241838466e-04
9.383225311966322596e-04
9.381858991644332485e-04
9.380155610486306736e-04
9.378154213629798187e-04
9.375888946564439217e-04
9.373389690175647736e-04
9.370682612890905098e-04
9.367790650774111220e-04
9.364733924991102028e-04
9.361530104834859395e-04
9.358194723426538743e-04
9.354741452277081639e-04
9.351182340085024362e-04
9.347528020442945427e-04
9.375086883305648383e-04
9.374037590586988813e-04
9.372606757497864037e-04
9.370839980067215483e-04
9.368776468954637593e-04
9.366450505209781901e-04
9.363892079764212775e-04
9.361127449295128349e-04
9.385541333270004541e-04
9.385283293199773178e-04
9.384566401136471480e-04
9.402701352334801163e-04
9.404245501888108859e-04
9.405156204535199994e-04
9.416731239463455591e-04
9.419774860512419900e-04
9.422061149997673158e-04
9.423678554646784233e-04
9.429077356345715857e-04
9.432893906669818787e-04
9.435921777566986168e-04
9.438251018432904441e-04
9.437632443787226854e-04
9.429567631041112620e-04
9.436996668191808104e-04
9.443374776789124382e-04
9.448818938963076232e-04
9.453431078054998432e-04
9.457300604239208446e-04
9.460506004509038796e-04
9.463116228777626333e-04
9.451555015603671723e-04
9.456789906155582594e-04
9.461265407109750595e-04
9.465060807369712068e-04
9.468245184788146506e-04
9.470879344346907515e-04
9.473016859813668733e-04
9.474704982578404299e-04
9.475985434747977339e-04
9.476895101279844908e-04
9.477466634046559325e-04
9.477728979075573804e-04
9.467917436816465334e-04
9.451064857254030688e-04
9.457505517752350706e-04
9.463113908350534757e-04
9.467976357795831500e-04
9.472168157263391973e-04
9.475755603185389425e-04
9.478797125951122539e-04
9.481344275323660628e-04
9.483442580891901551e-04
9.465618604118566232e-04
9.470650492863925398e-04
9.475016520937683132e-04
9.478782338469735579e-04
9.456348671832715816e-04
9.462905219728729323e-04
9.468688713373837711e-04
9.473775889772408998e-04
9.478233733474502676e-04
9.482121362769964498e-04
9.485491009521210401e-04
9.488388875246375753e-04
9.490855879206331952e-04
9.492928312143499719e-04
9.494638407597712649e-04
9.496014841219833913e-04
9.497083167188463074e-04
9.497866199685853564e-04
9.498384346384477865e-04
9.498655900017331658e-04
9.498697293337857433e-04
9.498523322103924948e-04
9.498147340134449656e-04
9.485278071247721897e-04
9.465565043357638880e-04
9.471627251123455838e-04
9.476921616814132452e-04
9.451588273865098701e-04
9.459455842532920244e-04
9.466437284603202188e-04
9.472622550830613747e-04
9.478090181396209681e-04
9.482909400739455161e-04
9.487141280743456410e-04
9.490839757020791152e-04
9.494052516972136977e-04
9.496821775813659317e-04
9.471745585221671634e-04
9.477559343972633346e-04
9.482705414168377672e-04
9.487247336579487022e-04
9.491240548421195355e-04
9.494734068038736220e-04
9.497771291137566433e-04
9.500390686671344401e-04
9.502626405150965856e-04
9.504508810414707184e-04
9.506064944511825789e-04
9.507318934137681116e-04
9.508292345997045036e-04
9.487495440555753640e-04
9.491664854537996488e-04
9.495282921465782438e-04
9.498401285734048250e-04
9.501064901681619598e-04
9.503313538926270142e-04
9.505182426558031342e-04
9.506702815950415861e-04
9.485403434033534914e-04
9.490024558844815375e-04
9.494048523451831950e-04
9.497532532277678683e-04
9.500526396904467215e-04
9.503074129346810849e-04
9.505214664610029231e-04
9.506982491883965176e-04
9.508408206033235706e-04
9.487351948651658083e-04
9.491880085586515154e-04
9.495816000007283693e-04
9.499216514738836837e-04
9.502131098277116945e-04
9.504603453028158313e-04
9.481016293819109764e-04
9.486487630878259617e-04
9.491296415815803425e-04
9.495506992106510355e-04
9.499175436502673743e-04
9.502351262786210354e-04
9.505078239858454417e-04
9.507395106450345365e-04
9.509336195625833635e-04
9.510931980475299504e-04
9.512209550959339985e-04
9.513193030608064343e-04
9.513903940683174571e-04
9.514361518450543823e-04
9.514582995371883168e-04
9.514583840290352125e-04
9.514377972043813574e-04
9.498601849749607664e-04
9.501592975261720017e-04
9.504090084509624102e-04
9.506140420561442822e-04
9.507784998814542603e-04
9.509060050006645478e-04
9.509997618906190688e-04
9.510626086969902956e-04
9.494120012175231082e-04
9.497807849281906991e-04
9.500931980199438113e-04
9.503547978763546549e-04
9.505704144193615401e-04
9.507443075431191212e-04
9.508802386440182598e-04
9.509815330585645685e-04
9.510511345751667235e-04
9.510916530268585453e-04
9.511054058443621810e-04
9.510944543373769499e-04
9.510606353745987371e-04
9.510055890478959564e-04
9.509307828317373722e-04
9.508375326840514405e-04
9.507270214779955497e-04
9.506003151045741735e-04
9.504583765427976469e-04
9.503020781562933773e-04
9.501322124423157087e-04
9.499495014302822326e-04
9.497546049018369815e-04
9.495481275824991813e-04
9.493306254358026145e-04
9.491026111741164778e-04
9.488645590857411371e-04
9.486169092651780153e-04
9.483600713223323516e-04
9.480944276367550203e-04
9.478203362145642616e-04
9.475381331983184167e-04
9.472481350736955364e-04
9.469506406112313847e-04
9.466459325764694718e-04
9.463342792376286351e-04
9.460159356961628328e-04
9.456911450623784734e-04
9.453601394954130660e-04
9.463644331858852687e-04
9.463268951997895603e-04
9.462523080913214091e-04
9.461447415080117846e-04
9.460076989548794456e-04
9.458442537186255829e-04
9.456571041243973935e-04
9.454486216316500095e-04
9.452208927066630198e-04
9.449757552775457170e-04
9.447148304732734102e-04
9.444395502575357593e-04
9.441511814891392082e-04
9.438508468719048351e-04
9.435395431970792970e-04
9.432181572291095141e-04
9.428874795402083240e-04
9.425482165595750438e-04
9.422010010686977972e-04
9.418464013441749973e-04
9.414849291233896899e-04
9.432650496900568541e-04
9.443430564207222011e-04
9.446967179038258736e-04
9.451580690705891795e-04
9.447999133981969944e-04
9.454433778306635871e-04
9.459847116156937545e-04
9.464356180086267237e-04
9.468062758107322324e-04
9.471055964762742493e-04
9.473413863784469055e-04
9.475204881495220876e-04
9.476489038124893049e-04
9.477319020572672580e-04
9.477741117088957917e-04
9.477796031696656288e-04
9.477519593864531340e-04
9.476943376939376022e-04
9.476095237099000724e-04
9.474999783069917077e-04
9.473678785531515186e-04
9.472151533978708524e-04
9.470435147812297479e-04
9.468544847554073761e-04
9.466494191323680633e-04
9.464295281051806133e-04
9.461958942327849779e-04
9.459494881277461962e-04
9.456911821427877460e-04
9.454217623137266832e-04
9.461425382504935148e-04
9.461668640962676499e-04
9.461503399674727789e-04
9.460973635706207852e-04
9.460117306126961762e-04
9.458967753222446637e-04
9.462693131811504088e-04
9.464282279009755697e-04
9.461503152968034087e-04
9.465503548018178040e-04
9.468756994156014069e-04
9.459801891772343357e-04
9.465368738822882476e-04
9.470082712467966677e-04
9.474037231462943470e-04
9.477313590318845685e-04
9.479983136830106910e-04
9.482108535671579302e-04
9.483744870042237155e-04
9.484940602255405133e-04
9.485738411375514018e-04
9.486175923673416084e-04
9.486286349645966067e-04
9.486099039581177752e-04
9.485639968112920695e-04
9.484932156869486757e-04
9.483996043153480318e-04
9.482849801572461410e-04
9.481509624652687592e-04
9.479989967695330415e-04
9.478303762459560321e-04
9.476462603669389599e-04
9.474476911828218304e-04
9.472356075378251085e-04
9.470108574851884061e-04
9.467742091322717745e-04
9.465263601167279387e-04
9.462679458890411229e-04
9.459995469542169374e-04
9.457216952057667138e-04
9.463805687533388342e-04
9.463998520151176413e-04
9.463793744213696820e-04
9.463233846715208729e-04
9.462355486496683635e-04
9.464766271023337344e-04
9.466612276244253934e-04
9.467906049860400856e-04
9.468708117846431340e-04
9.469070910519696536e-04
9.469040431411316575e-04
9.468657078334494822e-04
9.467956358592428132e-04
9.466969512085729715e-04
9.465724054197299222e-04
9.464244248799735066e-04
9.462551520396332832e-04
9.460664813244792611e-04
9.458600904300884125e-04
9.456374675937764557e-04
9.453999353629202350e-04
9.451486713115691976e-04
9.448847260989949506e-04
9.446090392130456880e-04
9.443224526969616660e-04
9.440257231197460774e-04
9.437195320166501169e-04
9.448702994621313057e-04
9.448523618630197320e-04
9.447951021417215229e-04
9.447028564746864834e-04
