1.707851185845841676e-04
1.711223168981505218e-04
2.942413340602779656e-04
4.108945435988695040e-04
1.715206060040606374e-04
1.711237310237045364e-04
1.711229645882785878e-04
1.711229631155415350e-04
1.711229631127089755e-04
1.711229631127035545e-04
1.711229631127037713e-04
1.711229631127033106e-04
1.711229631127033106e-04
1.711229631127035274e-04
1.711229631127036358e-04
2.942419438748503937e-04
1.713323900015248954e-04
1.711233676306886896e-04
1.711229638899807500e-04
1.711229631141986422e-04
2.942419438762614286e-04
1.713323900015274975e-04
1.711233676306886896e-04
2.942423256058430752e-04
1.713323906858603776e-04
1.711233676320049653e-04
1.711229638899831895e-04
1.711229631141984525e-04
1.711229631127064276e-04
1.711229631127037713e-04
1.711229631127033106e-04
1.711229631127033106e-04
1.711229631127035274e-04
1.711229631127036358e-04
1.711229631127032834e-04
1.711229631127034461e-04
1.711229631127036087e-04
1.711229631127038256e-04
1.711229631127035274e-04
1.711229631127037713e-04
1.711229631127033106e-04
1.711229631127033106e-04
1.711229631127035274e-04
2.942419438748506105e-04
4.108951226378384581e-04
5.319113735578805211e-04
7.575285940907885420e-04
9.433576704293829360e-04
1.116887459623022152e-03
1.279053882485824264e-03
1.430724772653501047e-03
1.572688565556281315e-03
1.705660974975481978e-03
1.830227195331904757e-03
1.936759038603165289e-03
2.011168443868562375e-03
2.116920024269196461e-03
2.216279040420985388e-03
2.309648244646332789e-03
2.397429299833851290e-03
2.479993916993610600e-03
2.557683404041810257e-03
2.630815569081406888e-03
2.699682332100627503e-03
2.764555263708058132e-03
2.825685900613692219e-03
2.883258977568012305e-03
2.937539069509224193e-03
2.988748605211312762e-03
3.037089812713237181e-03
3.082673785499365389e-03
3.125695777619159118e-03
3.166300597940486985e-03
3.204684688052844913e-03
3.240897360728513428e-03
3.275102204497996449e-03
3.307421654663178761e-03
3.338000982592976857e-03
3.366899684220784218e-03
3.394178919940761454e-03
3.419999594734241845e-03
3.444412509462415391e-03
3.467496534657779454e-03
3.489324335288119128e-03
3.509970018073961875e-03
3.529496764864173755e-03
3.609191995742382520e-03
3.557584950684473772e-03
3.574475086138861370e-03
3.590522474564335383e-03
3.605708477493878208e-03
3.620079230985563581e-03
3.633679582362026126e-03
3.646551690227361857e-03
3.658733971572666454e-03
3.670266896968727745e-03
3.681183977239378593e-03
3.691518863081432681e-03
3.701303464964347811e-03
3.710567462218590344e-03
3.719338480400366607e-03
3.727642699778490123e-03
3.735505745638199697e-03
3.812048255252004601e-03
3.746437067529760894e-03
3.753232965543969873e-03
3.759740356388551613e-03
3.765903286612343800e-03
3.771739959074591527e-03
3.847730376940915274e-03
3.779685051990945913e-03
3.784720924714003384e-03
3.789562999904862260e-03
3.794149568039860941e-03
3.798494181045821913e-03
3.802609248308115152e-03
3.878129593401082736e-03
3.950381757919564987e-03
4.019952236321791376e-03
3.812008041016427644e-03
3.815221187086167021e-03
3.818454469131309526e-03
3.821517938799832547e-03
3.824420109712914784e-03
3.827169398787425014e-03
3.829774041936764156e-03
3.832241653496003091e-03
3.834579411687172052e-03
3.909613554236351408e-03
3.981374799204865679e-03
3.838301157703758598e-03
3.840182742738052629e-03
3.842102911192798315e-03
3.843922379713263053e-03
3.845646243554448618e-03
3.847279253045622974e-03
3.848826816425970736e-03
3.850293151397882370e-03
3.851682382732053017e-03
3.852998681485629486e-03
3.854245877800311672e-03
3.855427635083357243e-03
3.930145013730603799e-03
3.856510211649575963e-03
3.857498705183502307e-03
3.858509507886135042e-03
3.859467636832243729e-03
3.860375336637622817e-03
3.861234106286280405e-03
3.862047985162348797e-03
3.862819145943332047e-03
3.937424274536686919e-03
3.863297975585065769e-03
3.863929019535975156e-03
3.864601534717856859e-03
3.865238675966842837e-03
3.865842485393684858e-03
3.866414668708333807e-03
3.866956833867999776e-03
3.867470608834985488e-03
3.867957442849704382e-03
3.868418724847936651e-03
3.868855869128468451e-03
3.869270024865087160e-03
3.869662529652414217e-03
3.870034434470588907e-03
3.870386724859429389e-03
3.870720779037453273e-03
3.871037210073187927e-03
3.871337052846929392e-03
3.871621255771214107e-03
3.871890486637017369e-03
3.872146957338421566e-03
3.946610462227005504e-03
3.871864189834951613e-03
3.872047049816928349e-03
3.872295165447198900e-03
3.872530302718826464e-03
3.872753086374119708e-03
3.872964194381190838e-03
3.873164242668390277e-03
3.873353797569925420e-03
3.873533428863434099e-03
3.873703646873111108e-03
3.873864945185555124e-03
3.948302374238584454e-03
3.873442080669334438e-03
3.873542367175222302e-03
3.873712021857170663e-03
3.948151772167345260e-03
3.873301604237918815e-03
3.947744858393970914e-03
3.872852689164252554e-03
3.947302754494842227e-03
3.872440320394163887e-03
3.872593051076823455e-03
3.872812451827363500e-03
3.873020449126328597e-03
3.873217549179019080e-03
3.873404310818928317e-03
3.873581295005928179e-03
3.873749004724698179e-03
3.873907926257095548e-03
3.874058520330609864e-03
3.874201223470498043e-03
3.874336438882120242e-03
3.874464579330502180e-03
3.874586016216004410e-03
3.874701080332608547e-03
3.874810115644296889e-03
3.874913438101880523e-03
3.875011347076335374e-03
3.875104126244498671e-03
3.875192044412863104e-03
3.949609330056920789e-03
3.874660941611118327e-03
3.874697329242087884e-03
3.874806464909860346e-03
3.949229602900612528e-03
3.874306810522297386e-03
3.874361750302049000e-03
3.874488468598581096e-03
3.874608653680822884e-03
3.874722531701360606e-03
3.874830443074394996e-03
3.874932700491680055e-03
3.875029600236427722e-03
3.875121423059824620e-03
3.949539780587179270e-03
3.874596081474482225e-03
3.874635856937566451e-03
3.874748223648797740e-03
3.949172245643270407e-03
3.874253321029996235e-03
3.874311063333814396e-03
3.874440437537029439e-03
3.874563128669856592e-03
3.874679402088511155e-03
3.874789573243431900e-03
3.949212967625067433e-03
3.874291297214556978e-03
3.874347049705424446e-03
3.874474538285387765e-03
3.874595453247199530e-03
3.874710022907618470e-03
3.874818589675266007e-03
3.874921468142203743e-03
3.875018956392172094e-03
3.949438869157733192e-03
3.874501954521675923e-03
3.874546680695532472e-03
3.874663719893418293e-03
3.874774712592678975e-03
3.874879889970577612e-03
3.874979556662768148e-03
3.949400067440158105e-03
3.874465756901407550e-03
3.874512391395399692e-03
3.874631227227664544e-03
3.874743922381087245e-03
3.874850712997162175e-03
3.874951908388999614e-03
3.875047801760693380e-03
3.875138670946090113e-03
3.875224779215289978e-03
3.875306376038838759e-03
3.875383697811632736e-03
3.875456968538813600e-03
3.875526400485495692e-03
3.875592205637033629e-03
3.875654553231746950e-03
3.875713634386728293e-03
3.875769620262546882e-03
3.875822673035229666e-03
3.950230386935035115e-03
3.875240202454154417e-03
3.875246157657374728e-03
3.875326537668336187e-03
3.875402803004958114e-03
3.875475072775626424e-03
3.875543556213334895e-03
3.875608462666774254e-03
3.875669958545475621e-03
3.875728232610142678e-03
3.875783453682956486e-03
3.875835781724024705e-03
3.875885368311340114e-03
3.875932357080114077e-03
3.875976884139091094e-03
3.876019078465060483e-03
3.876059065305266244e-03
3.876096954895630765e-03
3.876132859534888158e-03
3.876166883218666939e-03
3.876199124491807365e-03
3.876229676735736158e-03
3.876258628439091178e-03
3.876286063454132194e-03
3.876312052462370632e-03
3.876336700045068546e-03
3.876360056017023620e-03
3.876382178355936622e-03
3.950781400097280391e-03
3.875753978552581424e-03
3.875733097502826689e-03
3.875787966655371529e-03
3.875840058136515755e-03
3.875889420683944694e-03
3.875936197151260559e-03
3.875980523031972123e-03
3.876022526719995111e-03
3.876062332952979420e-03
3.876100051358494225e-03
3.950503555387822711e-03
3.875494795276929541e-03
3.875487560865871484e-03
3.875555292928519260e-03
3.875619584433311927e-03
3.875680497636131358e-03
3.950090369373396304e-03
3.875109531222919665e-03
3.875122422504360866e-03
3.875209285576915533e-03
3.875291694027597003e-03
3.875369785023551842e-03
3.875443784668316551e-03
3.875513907339210844e-03
3.875580366942773039e-03
3.875643334774797957e-03
3.875703003669681620e-03
3.950112533824181454e-03
3.875130199539658302e-03
3.875142009632735404e-03
3.875227846460359889e-03
3.875309282458791992e-03
3.949724788689779227e-03
3.874768636838056036e-03
3.874799361358379369e-03
3.874903151048988276e-03
3.875001598878330920e-03
3.949421775097229290e-03
3.874486031411604556e-03
3.874531574362401892e-03
3.874649405003250096e-03
3.874761147730903469e-03
3.874867035832623048e-03
3.949289254467990007e-03
3.874362460040874003e-03
3.874414464645516143e-03
3.874538420910694173e-03
3.874655988754429747e-03
3.874767386649213829e-03
3.874872947866131196e-03
3.874972978282920782e-03
3.875067767726473374e-03
3.875157590830558257e-03
3.875242707833106027e-03
3.875323365331588728e-03
3.949738657817039936e-03
3.874781568733050123e-03
3.874811617734545081e-03
3.874914765253912458e-03
3.875012604570258600e-03
3.875105317853861937e-03
3.875193173590198072e-03
3.875276426314569565e-03
3.875355317221168203e-03
3.949770124751559794e-03
3.874810908916555968e-03
3.874839425598592974e-03
3.874941116134229206e-03
3.875037574828437466e-03
3.875128979836277038e-03
3.949547222667420393e-03
3.874603021390528573e-03
3.874642433581871118e-03
3.874754455716399731e-03
3.874860694335415055e-03
3.874961366764019879e-03
3.875056764576935604e-03
3.875147164171282264e-03
3.875232827456042209e-03
3.875314002611995618e-03
3.875390924811974655e-03
3.875463816903099851e-03
3.949876977672183397e-03
3.874910524752769522e-03
3.874933853663885784e-03
3.875030596699400188e-03
3.875122367191007142e-03
3.875209329661412436e-03
3.875291735926729170e-03
3.875369824727662067e-03
3.875443822292256972e-03
3.949857286529654364e-03
3.874892149277436772e-03
3.874916452369314701e-03
3.875014107158424037e-03
3.875106741592757378e-03
3.875194522734940177e-03
3.875277704774030257e-03
3.875356528699182464e-03
3.875431222868882565e-03
3.875502003673366586e-03
3.875569076162166133e-03
3.875632645765933731e-03
3.875692874678848040e-03
3.875749948160256420e-03
3.875804031553953082e-03
3.875855281523790056e-03
3.875903846524240016e-03
3.875949867230737804e-03
3.950355650696814151e-03
3.875356949064330536e-03
3.875356856738083628e-03
3.875431436936546768e-03
3.875502206400487700e-03
3.875569268267970921e-03
3.949980828558313610e-03
4.021113417842262297e-03
3.874782472766794689e-03
3.874748123452763544e-03
3.874854515299144559e-03
3.874955511243513475e-03
3.875051215848173119e-03
3.875141906158409508e-03
3.875227844925514288e-03
3.875309281128755216e-03
3.875386450697522033e-03
3.875459577195831430e-03
3.875528872470852555e-03
3.875594548127915887e-03
3.875656772997994933e-03
3.950067004814087311e-03
3.875087727746407990e-03
3.949503869211086829e-03
3.874493060912687775e-03
3.874538187909026300e-03
3.874655672017754664e-03
3.874767086385133303e-03
3.874872663334082232e-03
3.874972708658634777e-03
3.875067512228775289e-03
3.949486688012794622e-03
3.874546526729110395e-03
3.874588938876057619e-03
3.874703763988652030e-03
3.874812658583220992e-03
3.874915847805213663e-03
3.875013630526077599e-03
3.875106290056515388e-03
3.875194094856213804e-03
3.875277299313018269e-03
3.875356144481198212e-03
3.875430858780838563e-03
3.875501658660498051e-03
3.875568749225014736e-03
3.875632335955157739e-03
3.875692581099214780e-03
3.875749669961344162e-03
3.875803767929888229e-03
3.875855031710924350e-03
3.875903609798962614e-03
3.875949642907348513e-03
3.875993264376113336e-03
3.876034600558405079e-03
3.876073774409659507e-03
3.876110893422965702e-03
3.876146067856359873e-03
3.876179399590453170e-03
3.876210985165567339e-03
3.876240916063713147e-03
3.950642282190102751e-03
3.875624261949085509e-03
3.875610156349348218e-03
3.875671476750460094e-03
3.875729671166036876e-03
3.875784816872619200e-03
3.875837073496360072e-03
3.875886592408176595e-03
3.875933517047221687e-03
3.875977983336451396e-03
3.876020120076579742e-03
3.876060052360874066e-03
3.876097890241570355e-03
3.876133745880269363e-03
3.876167723130684480e-03
3.876199920403125554e-03
3.876230430951574379e-03
3.950631956209398575e-03
3.875614635451559310e-03
3.875601031049174302e-03
3.875662829483438303e-03
3.875721476932434458e-03
3.875777051935908653e-03
3.875829715363816267e-03
3.875879619765703211e-03
3.875926909697588549e-03
3.875971722140735855e-03
3.876014186898739649e-03
3.876054429942194131e-03
3.876092562369086881e-03
3.876128697122424409e-03
3.876162938864379306e-03
3.876195386771469267e-03
3.876226134823711634e-03
3.876255272076971955e-03
3.950656420323953900e-03
3.875637438570780739e-03
3.875622650571613950e-03
3.875683316471538204e-03
3.875740890600370275e-03
3.875795448519853224e-03
3.950203575611493587e-03
3.875215104754306788e-03
3.875222464948598934e-03
3.875304086409400023e-03
3.875381528016282832e-03
3.875454912422976548e-03
3.875524452092832771e-03
3.875590359310591634e-03
3.950001599120073724e-03
3.875026784244863659e-03
3.875043974419310755e-03
3.875134947658586716e-03
3.875221250877441091e-03
3.875303032559412279e-03
3.875380529504484847e-03
3.875453966225268689e-03
3.875523555467919132e-03
3.875589509655238615e-03
3.875651998494240771e-03
3.875711213493013632e-03
3.875767326199878755e-03
3.875820499158372061e-03
3.875870886394472588e-03
3.875918633863086916e-03
3.875963879871070598e-03
3.876006755478117547e-03
3.876047387754829199e-03
3.950451691066928298e-03
3.875446485797950751e-03
3.949857181901193087e-03
4.020989766478238504e-03
3.874603637432549787e-03
3.874578660600236455e-03
3.874693941785709982e-03
3.874803350906822277e-03
3.874907027797839035e-03
3.875005272632800826e-03
3.875098370061907764e-03
3.949517077486442221e-03
3.874574893179947091e-03
3.948998818436959268e-03
3.874022099507146849e-03
3.874091877150146867e-03
3.874232726294550566e-03
3.874366300902007919e-03
3.874492876681576506e-03
3.874612830925007120e-03
3.874726490078161424e-03
3.874834194053342149e-03
3.874936254941122298e-03
3.875032968454950825e-03
3.875124614806157129e-03
3.875211459517535935e-03
3.949628450482266240e-03
3.874678772492540311e-03
3.874714226209517286e-03
3.874822476551176113e-03
3.874925151244858201e-03
3.875022446522950227e-03
3.875114644153404477e-03
3.875202011256867300e-03
3.875284800952507984e-03
3.949700678756947782e-03
3.874746084930233512e-03
3.874778055741508794e-03
3.874882961837420974e-03
3.874982467458950360e-03
3.875076759730617694e-03
3.875166111715141679e-03
3.949583790962217164e-03
4.020722558310262616e-03
3.874423518467082737e-03
3.874408037107444046e-03
3.874532247985865326e-03
3.874650139151909929e-03
3.874761843536479386e-03
3.874867695181956426e-03
3.874968000807996801e-03
3.875063051039340494e-03
3.875153121265715456e-03
3.875238472441362540e-03
3.875319351842484300e-03
3.875395993784720543e-03
3.875468620303000773e-03
3.875537441795571560e-03
3.875602668550747875e-03
3.875664467986700626e-03
3.875723029703739657e-03
3.875778523357461831e-03
3.875831109697742364e-03
3.950238695552912155e-03
3.875247935873151178e-03
3.875253500409423478e-03
3.875333495724876415e-03
3.949748634449913066e-03
4.020884836741004352e-03
3.874572532456375170e-03
3.874549230480737062e-03
3.948976266740508029e-03
3.874070417711884037e-03
3.874137737797983018e-03
3.874276184008030015e-03
3.874407481531868050e-03
3.874531899573312611e-03
3.874649809222062598e-03
3.874761530893604689e-03
3.874867398919853902e-03
3.949289612044212978e-03
3.874362793555344818e-03
3.874414780637787988e-03
3.874538720345556929e-03
3.948965922634781536e-03
3.874060934384303788e-03
3.874128753877621473e-03
3.874267670835449505e-03
3.874399414428963961e-03
3.874524255161004588e-03
3.874642565335640471e-03
3.874754666550834711e-03
3.874860894231022933e-03
3.874961556186415183e-03
3.875056944074778843e-03
3.875147334264663051e-03
3.875232988637734334e-03
3.875314155348977101e-03
3.875391069546730086e-03
3.875463954054928807e-03
3.875533020019443151e-03
3.875598478408126546e-03
3.875660497368294943e-03
3.875719267107571430e-03
3.875774957884232236e-03
3.875827731019312449e-03
3.875877739380378766e-03
3.875925127824629904e-03
3.875970033618756066e-03
3.876012586836783021e-03
3.876052913686077808e-03
3.876091125546325417e-03
3.876127335571444808e-03
3.876161648641600864e-03
3.876194164139958476e-03
3.876224976242336265e-03
3.876254174190145365e-03
3.876281842548927412e-03
3.876308052834222858e-03
3.876332909789179885e-03
3.876356464289840154e-03
3.876378774785411811e-03
3.876399916506711226e-03
3.876419950698711901e-03
3.876438935382797105e-03
3.876456925540489647e-03
3.876473973272725072e-03
3.876490127950847197e-03
3.876505436359580555e-03
3.876519942832562168e-03
3.876533689380800424e-03
3.876546715814342941e-03
3.876559059857609228e-03
3.876570757258649639e-03
3.876581841892692316e-03
3.876592345860302088e-03
3.876602299580332589e-03
3.876611731878038501e-03
3.876620670068568666e-03
3.876629140036090288e-03
3.876637166308764121e-03
3.876644772129765344e-03
3.876651979524627697e-03
3.951047106569701046e-03
3.876001821853169299e-03
3.875967907704930444e-03
3.876010474670431478e-03
3.876050912020529218e-03
3.876089228743545469e-03
3.876125538137713440e-03
3.876159945370881953e-03
3.876192550098991624e-03
3.876223446756331403e-03
3.876252724829239334e-03
3.876280469115390374e-03
3.876306751401322609e-03
3.876331664049037333e-03
3.876355295718488490e-03
3.876377667446021923e-03
3.876398867176442282e-03
3.876418956338554319e-03
3.876437993112976776e-03
3.876456032632095722e-03
3.876473127139839960e-03
3.876489326143020466e-03
3.876504676554731743e-03
3.876519222830292991e-03
3.876533007095984106e-03
3.876546069271073064e-03
3.876558447183507238e-03
3.876570176679421716e-03
3.876581291727007605e-03
3.876591824514924196e-03
3.876601805545477029e-03
3.876611263723022446e-03
3.876620226437663217e-03
3.876628719644569648e-03
3.876636767939221472e-03
3.876644394628572278e-03
3.876651621798585332e-03
3.876658470378209747e-03
3.951053498915130073e-03
3.876007800010087146e-03
3.875973556595956829e-03
3.876015827592324114e-03
3.876055984574384473e-03
3.876094035557319309e-03
3.876130093133799484e-03
3.876164261742266835e-03
3.876196640347395056e-03
3.876227322728422429e-03
3.876256397750991230e-03
3.876283949624568983e-03
3.876310049448575008e-03
3.876334801884673623e-03
3.876358257279788073e-03
3.876380473847566236e-03
3.876401526561792238e-03
3.876421476409616304e-03
3.876440381168153558e-03
3.950838719571007733e-03
3.875807485442884885e-03
3.875783751354710920e-03
3.875835966586365419e-03
3.875885543362555825e-03
3.875932522960322951e-03
3.875977041328988910e-03
3.876019227419950572e-03
3.876059206458430922e-03
3.876097088654089067e-03
3.950500637648679536e-03
4.021625138376686871e-03
3.875252332995625468e-03
3.875193350295179882e-03
3.875276414272804844e-03
3.875355305578694325e-03
3.875430063829819055e-03
3.949843736886693782e-03
3.874879510255519605e-03
3.874904478341955651e-03
3.875002760511795687e-03
3.875095989435923226e-03
3.875184333916323678e-03
3.875268049774924055e-03
3.949684181824487071e-03
3.874730704615251837e-03
3.874763477125163849e-03
3.874869147065432284e-03
3.874969376498125888e-03
3.875064354651951148e-03
3.875154356577889623e-03
3.875239643032043785e-03
3.949656206232751536e-03
3.874704657919194033e-03
3.874738754324672137e-03
3.874845719496837135e-03
3.874947176395348528e-03
3.875043317693460838e-03
3.875134421813835727e-03
3.875220752707385537e-03
3.875302560489918540e-03
3.875380082167761194e-03
3.949794513825044540e-03
3.874833655046028107e-03
3.874860978603251755e-03
3.874961539859794572e-03
3.875056928479922707e-03
3.875147319486720726e-03
3.875232974634054174e-03
3.949649639046350948e-03
3.874698534506156120e-03
3.874732950807989289e-03
3.874840220050663944e-03
3.874941965087936452e-03
3.875038379425744216e-03
3.875129742278223856e-03
3.875216318346290205e-03
3.875298358456344579e-03
3.875376100288071071e-03
3.875449769063952707e-03
3.875519578202638992e-03
3.875585740738475733e-03
3.875648427033579271e-03
3.875707829142724034e-03
3.875764119156352612e-03
3.875817460131715866e-03
3.875868006581597008e-03
3.875915904922167757e-03
3.875961293897429213e-03
3.876004304981233578e-03
3.876045065607206571e-03
3.876083688611435454e-03
3.876120288240272188e-03
3.876154970502402979e-03
3.876187835850484868e-03
3.876218979473798794e-03
3.876248491574092736e-03
3.876276457626951204e-03
3.876302958629463009e-03
3.876328061906774043e-03
3.950728105764494957e-03
3.875704291858590028e-03
3.875686019568279871e-03
3.875743355224186941e-03
3.875797783896381670e-03
3.875849361179606843e-03
3.875898236344394159e-03
3.950304803411802332e-03
3.875309485570896384e-03
3.949722261457904067e-03
3.874696773724927833e-03
3.874731200637928762e-03
3.874838561489886944e-03
3.874940393425943628e-03
3.875036890108970577e-03
3.875128330991687436e-03
3.875214981001177082e-03
3.949631918517447320e-03
3.874682019959509258e-03
3.874717290775495006e-03
3.874825380605854269e-03
3.874927903143890635e-03
3.875025054239589640e-03
3.875117115243000444e-03
3.949535538154127709e-03
3.874592137661888886e-03
3.874632107679392128e-03
3.874744670894903712e-03
3.874851422185376839e-03
3.874952580419803450e-03
3.875048438581346014e-03
3.875139274401632160e-03
3.949557360982695366e-03
3.874612470620993933e-03
3.874651403587788846e-03
3.874762945592706478e-03
3.949186744132255310e-03
3.874266841933333722e-03
3.874323875725534019e-03
3.874452578580778357e-03
3.874574633564269611e-03
3.874690304193224074e-03
3.874799904133986814e-03
3.874903761616638100e-03
3.875002177579479554e-03
3.875095437169114119e-03
3.875183810584624956e-03
3.875267553861996145e-03
3.875346909617151999e-03
3.875422107749947748e-03
3.875493366111083110e-03
3.875560891134010449e-03
3.875624889505571019e-03
3.875685524772956667e-03
3.875742983317958905e-03
3.875797431600001668e-03
3.875849027340120406e-03
3.875897919994616189e-03
3.875944251188207911e-03
3.950350119888650265e-03
3.875351761809580665e-03
3.949763895518197156e-03
3.874735586605229914e-03
3.874767980655560978e-03
3.874873414405325192e-03
3.874973420254662106e-03
3.875068186541568826e-03
3.875157987702599564e-03
3.875243083911908241e-03
3.875323721706707379e-03
3.875400134702427363e-03
3.875472544270468136e-03
3.875541160180379086e-03
3.949953147077053632e-03
3.874981597535993340e-03
3.949399348414209081e-03
3.874395603317578717e-03
3.874445786545936687e-03
3.874568101504288591e-03
3.874684114252412419e-03
3.874794038513977579e-03
3.874898203321945969e-03
3.874996910505470408e-03
3.949417157884827813e-03
3.874481733597846898e-03
3.874527493982350256e-03
3.874645538451596156e-03
3.874757483767362481e-03
3.874863563840680834e-03
3.949285835174671903e-03
3.874359270836435706e-03
3.874411442995497837e-03
3.874535557589492071e-03
3.874653275455544697e-03
3.874764815513610794e-03
3.874870511443846786e-03
3.874970669514571538e-03
3.875065579922780390e-03
3.875155517652865370e-03
3.875240743275032082e-03
3.875321503701555440e-03
3.875398032903281612e-03
3.875470552588413178e-03
3.875539272845584561e-03
3.875604403681769811e-03
3.875666112213150931e-03
3.875724587788556639e-03
3.875779999814009131e-03
3.875832508802877496e-03
3.875882266857407464e-03
3.875929418109602675e-03
3.875974099138967781e-03
3.876016439368350219e-03
3.876056564435181439e-03
3.876094585040633627e-03
3.876130613830975832e-03
3.876164755161452553e-03
3.876197107917680497e-03
3.950599138916835451e-03
3.875584090882002505e-03
3.875572029316286683e-03
3.875635346989349684e-03
3.875695434258097545e-03
3.875752373642347634e-03
3.875806329965024791e-03
3.875857459521606010e-03
3.875905910417710640e-03
3.875951822998195944e-03
3.950357576781717700e-03
3.875358745734446171e-03
3.875358558861576128e-03
3.875433049879604096e-03
3.949846677611027097e-03
3.874882303183101086e-03
3.874907076485986732e-03
3.875005222459902872e-03
3.875098322393985637e-03
3.875186544643583354e-03
3.875270144676229867e-03
3.949686244929893203e-03
4.020823418035228587e-03
3.874516146294419011e-03
3.874495791959920322e-03
3.874615415258978336e-03
3.874728938777348853e-03
3.874836514453482844e-03
3.874938453765807127e-03
3.875035052075000326e-03
3.875126589258408565e-03
3.875213330522418644e-03
3.875295527172265431e-03
3.875373417341301807e-03
3.875447226681915606e-03
3.949860639249132277e-03
3.874895324515811954e-03
3.874919414732388729e-03
3.875016914245300783e-03
3.949436858002153446e-03
3.874500079599066827e-03
3.874544903302781264e-03
3.874662035626896036e-03
3.949087365814785144e-03
4.020233857972844473e-03
3.873974828165527556e-03
3.873982845955878038e-03
3.948418478905614364e-03
4.019575375315931169e-03
3.873370021113565868e-03
3.873409780066113233e-03
3.873586301857892458e-03
3.873753748985618497e-03
3.873912421916463761e-03
3.874062780421016604e-03
3.874205249898181932e-03
3.874340264333119618e-03
3.874468204353742531e-03
3.874589451305421317e-03
3.949015883214728947e-03
3.874107518751827850e-03
3.874172895427731474e-03
