1.334479712866554050e-04
2.587206743947309670e-04
3.771923954972536972e-04
4.898325438406265532e-04
6.085231172466472067e-04
7.213600553098747275e-04
8.484072713340774091e-04
9.723747622629244636e-04
1.093496748442094550e-03
1.211951442208566813e-03
1.325156911066278920e-03
1.473787617327319312e-03
1.586136726020670159e-03
1.695695197268526052e-03
1.802709101048744237e-03
1.907357070961634938e-03
1.902812140281796632e-03
2.008163571888517754e-03
2.076721094673755503e-03
2.178481704104411835e-03
2.279392562285172726e-03
2.377341679443243250e-03
2.472694501662776097e-03
2.565706578845726189e-03
2.656559695400627884e-03
2.745385560641319753e-03
2.565497488036566371e-03
2.660228055518479729e-03
2.751914904694677949e-03
2.716202106576572680e-03
2.808553405066953161e-03
2.897828519192852201e-03
2.984475034414258657e-03
3.068799985709114251e-03
3.151018371209727675e-03
2.945612354037458868e-03
3.034354552823827472e-03
3.119976922180721975e-03
3.050679038176666406e-03
3.137782569390191231e-03
3.221745339826679200e-03
3.143433463896457870e-03
3.229091984763197542e-03
3.311592746967523346e-03
3.225400253268391731e-03
3.309785383109430015e-03
3.390997947935091295e-03
3.469554340797993252e-03
3.316161715558285563e-03
3.399139115439355364e-03
3.478928418588085256e-03
3.556057890221845513e-03
3.630887046329699368e-03
3.703664330151641010e-03
3.774563587798934403e-03
3.439995949159891687e-03
3.521057623998870550e-03
3.598911804304750616e-03
3.487656044334581582e-03
3.567989623146452117e-03
3.645106061716587523e-03
3.719554657852395738e-03
3.540937207490601167e-03
3.558617866158526443e-03
3.637866005875148041e-03
3.713884087260662433e-03
3.787230259780534694e-03
3.858283782951030076e-03
3.927305867545340112e-03
3.994478561251858448e-03
4.059930841964475359e-03
3.638190227277952014e-03
3.716207510499829492e-03
3.656880247703818334e-03
3.668440883420747822e-03
3.746007312973893746e-03
3.820326206765323803e-03
3.891968644383964147e-03
3.961322281808868535e-03
4.028653755796210434e-03
4.094148585470303026e-03
3.714964221209256495e-03
3.791809242484435027e-03
3.865402731151989634e-03
3.731651624374679455e-03
3.739168919487935189e-03
3.815655684921214191e-03
3.888883809197077063e-03
3.753444014289618411e-03
3.829708269704936580e-03
3.762766938832308623e-03
3.838891396256823452e-03
3.911754415501244447e-03
3.981937770724238400e-03
3.777605369513696836e-03
3.853499453948131068e-03
3.784887018151423740e-03
3.860674427178199201e-03
3.933197156108804091e-03
4.003039406708209548e-03
4.070597337489012014e-03
4.136143059498597133e-03
3.802758491240929711e-03
3.806374211128971466e-03
3.881837255374793322e-03
3.811472609528169034e-03
3.886855541508149776e-03
3.958969678466706978e-03
4.028402305144232302e-03
4.095551557429388465e-03
4.160690865508812064e-03
3.824286773554542128e-03
3.899467273310102192e-03
3.971379492548392405e-03
3.828885853010760738e-03
3.904001516024418767e-03
3.832006779927867295e-03
3.907077325840536963e-03
3.834933548168350994e-03
3.837055893764264661e-03
3.912052394059124805e-03
3.983775629994103923e-03
4.052815860451314776e-03
4.119573238183043239e-03
4.184322488207159463e-03
3.845074049379130100e-03
3.919938534104942113e-03
3.991531706138769404e-03
4.060443648452376382e-03
4.127074396868773629e-03
3.849701968554549575e-03
3.850883448685464474e-03
3.925669841154842514e-03
3.852336964673075403e-03
3.927098576904576588e-03
3.998585501790299229e-03
3.854034756095240776e-03
3.928768235695136168e-03
3.855097400973419002e-03
3.929817078829247329e-03
4.001261663694724059e-03
3.856491128240710671e-03
3.857416673924562653e-03
3.858431915066637321e-03
3.933103662397671729e-03
4.004498988091079875e-03
3.859527854671673461e-03
3.934177910795002425e-03
4.005552942225114668e-03
3.860374974577843957e-03
3.935012157228789768e-03
4.006374193265105355e-03
4.075053338440756678e-03
3.861701021512748983e-03
3.862297196238191708e-03
3.936910241783331266e-03
4.008246298329576351e-03
3.862968416150620518e-03
3.937566213372541840e-03
4.008888482891010546e-03
4.077527765840243713e-03
4.143885760633400812e-03
4.208238288311223416e-03
4.270776762711602642e-03
3.867447734042412776e-03
3.941971019887476058e-03
3.867242988026334261e-03
3.941778209728854024e-03
4.013036524978194804e-03
3.867301221163681191e-03
3.941833220995900888e-03
4.013089026926646742e-03
4.081661801868017615e-03
4.147953356836400068e-03
4.212239773613142731e-03
4.274712681192821724e-03
4.335507148571896702e-03
4.394720805220370813e-03
3.874486085069174263e-03
3.948900282245989581e-03
4.020039924618488102e-03
4.088497987708302264e-03
4.154676421460696580e-03
4.218851003910725934e-03
4.281213385729586152e-03
3.876308830363594041e-03
3.950697567001307427e-03
4.021810801828379529e-03
4.090241913916926181e-03
4.156393189234943233e-03
4.220540618150030350e-03
3.876628573391981050e-03
3.951013772194140843e-03
4.022123017418160508e-03
3.875463548775153356e-03
3.949871624601944582e-03
4.021002315477424649e-03
3.874558742184156315e-03
3.874536053742843114e-03
3.948963290002596369e-03
4.020111708585763673e-03
3.873862439343383774e-03
3.873876430178566001e-03
3.948313678435694078e-03
4.019472205735029335e-03
3.873275202910296013e-03
3.873320028092987113e-03
3.873501243697433441e-03
3.947944193503194477e-03
4.019108475295697300e-03
3.872941487737105448e-03
3.947387859643173603e-03
4.018557211675630007e-03
4.087043261310318275e-03
4.153248477099837944e-03
4.217448952191394686e-03
3.874047099817271890e-03
3.948471492890665187e-03
4.019620306833168039e-03
3.873165727828996319e-03
3.873216027712105686e-03
3.947663300268032353e-03
4.018831948642747308e-03
4.087316251100117821e-03
4.153519042927437260e-03
4.217716660789553977e-03
4.280101056902025324e-03
4.340807598383514092e-03
4.399934084863205315e-03
4.457553314354296449e-03
4.513721903414286141e-03
4.568486002980247200e-03
4.621885076870283632e-03
3.888765279279550631e-03
3.962959285311721570e-03
4.033877727811339790e-03
4.102114755315570092e-03
3.885897123597719435e-03
3.960144842424169996e-03
4.031114273875670978e-03
4.099400345992943936e-03
4.165406319341631233e-03
4.229408785209728440e-03
4.291599883873087676e-03
3.885427443277302342e-03
3.959677776041162743e-03
3.883754378826605614e-03
3.958038979845865564e-03
3.882452786103259956e-03
3.956757141537878622e-03
3.881257256953819269e-03
3.955579757326486978e-03
4.026623298525718042e-03
4.094982859708416051e-03
4.161061330672350365e-03
4.225135649083559125e-03
4.287397822493547311e-03
4.347983335799423567e-03
3.883216034264512766e-03
3.882528389378928080e-03
3.956834321653750729e-03
4.027860269762155616e-03
4.096201636649256586e-03
4.162261707513518691e-03
4.226317366852820959e-03
3.881936979904823844e-03
3.956241601824911185e-03
4.027269497935601593e-03
4.095614930906059728e-03
4.161680328247863853e-03
4.225742302077258386e-03
4.287992658990383114e-03
3.882243683047428579e-03
3.881639051895795049e-03
3.955958481148886229e-03
4.026998055716412769e-03
4.095353081355170358e-03
4.161426661503815454e-03
4.225495875614247027e-03
4.287752825096692935e-03
4.348333056745441044e-03
4.407334423626422734e-03
4.464829801034291001e-03
3.887083068836752215e-03
3.961305080620085295e-03
4.032251009923963278e-03
4.100515109620330931e-03
4.166500197290620537e-03
4.230482523766700836e-03
4.292654121536012071e-03
4.353150290900446168e-03
4.412068790238362487e-03
4.469482463582720271e-03
4.525447893339664546e-03
4.580011229107036445e-03
4.633211972053819308e-03
4.685085547153575343e-03
4.871351984818281071e-03
4.942587039861303516e-03
5.017365973083205352e-03
5.087256059439168067e-03
5.153534522421649756e-03
5.222169310291855174e-03
5.280624903334130843e-03
5.358016138359991166e-03
5.424766299304251659e-03
5.489747124506348490e-03
5.553358605333371528e-03
5.615856254862469470e-03
5.677400942308280865e-03
5.738091103905385883e-03
5.658165344680605828e-03
5.722165516902317367e-03
5.784277021040799306e-03
5.844946573337965814e-03
5.816158655761286510e-03
5.871785930418399468e-03
5.933827654175316373e-03
5.993900207668182920e-03
6.052482202387906435e-03
6.007550364824480911e-03
6.068343914362528749e-03
6.127121621065273124e-03
6.184380760355107608e-03
6.240437974276922747e-03
6.295492425477752611e-03
6.349666280653506849e-03
6.403031670044285681e-03
6.455628778366749240e-03
6.507478007444646162e-03
6.558587920118577955e-03
6.608960663125088356e-03
6.658595280614585180e-03
6.707489988989901765e-03
6.755643330936295272e-03
6.376977897830551044e-03
6.434405455434525842e-03
6.427956831149957313e-03
6.460367006850465353e-03
6.517026943043837880e-03
6.571521706827320071e-03
6.521966063414334248e-03
6.578052511503796815e-03
6.631957782400580911e-03
6.684244856885153754e-03
6.735271778494477356e-03
6.606678370386707792e-03
6.632626676585168940e-03
6.687693692522116672e-03
6.740548177016701496e-03
6.681196562687538414e-03
6.735810712954925193e-03
6.788200814442827725e-03
6.838947324859265091e-03
6.736971296993892605e-03
6.791069779492047570e-03
6.842930156887725573e-03
6.777680625331581991e-03
6.797688679762310324e-03
6.817080587090473126e-03
6.870438008025686431e-03
6.843834020833944841e-03
6.896941152556723513e-03
6.869111878647093244e-03
6.886026020237019478e-03
6.938742321537739489e-03
6.909086769338543439e-03
6.961587356003038664e-03
7.011808024959419530e-03
7.060352158460946395e-03
6.943969466285536581e-03
6.996147760018070483e-03
7.046038423880109959e-03
6.969603990141859558e-03
6.983054531791781441e-03
7.034875464766683802e-03
7.084398046250646105e-03
7.005973838746129383e-03
7.057580143519520850e-03
7.106883965860767705e-03
7.154498151960806372e-03
7.200812760987195145e-03
7.246072784856286836e-03
7.290429304332396269e-03
7.333972396883444746e-03
7.376753419925465710e-03
7.418799975233801060e-03
7.460125487500230031e-03
7.071693765771895970e-03
7.122712808901587866e-03
7.171412550702852516e-03
7.087845410818895998e-03
7.138718666044734616e-03
7.187267112761456210e-03
7.234112420765954204e-03
7.279649633627269592e-03
7.324127677889490790e-03
7.113730591665893763e-03
7.164363212037659981e-03
7.212666305176366338e-03
7.259263451404330755e-03
7.129811893037662704e-03
7.137758144340814598e-03
7.188171189597307616e-03
7.236247613970099059e-03
7.282613957955563246e-03
7.151889919131525913e-03
7.159119743207520946e-03
7.166221743045077253e-03
7.173099638055511693e-03
7.223177713871841744e-03
7.270913269173649891e-03
7.316935054273910992e-03
7.361643615610771740e-03
7.186297199647990325e-03
7.236249615471903630e-03
7.283858579796308880e-03
7.194526932887314839e-03
7.244404744413895404e-03
7.201145087694045543e-03
7.250961630793422048e-03
7.298430528869074251e-03
7.208439815140374116e-03
7.258186534673613348e-03
7.305584879365222516e-03
7.351266151870844423e-03
7.395632504348774623e-03
7.438936773994054771e-03
7.481334781127025983e-03
7.522919766337123407e-03
7.563744867641412559e-03
7.603838884148718565e-03
7.643216132666055644e-03
7.681882862326230507e-03
7.719841551579348024e-03
7.757093418482053325e-03
7.243113833432209339e-03
7.247078509520465429e-03
7.296506163499030632e-03
7.343570248768379813e-03
7.250913353548857181e-03
7.300296232173431911e-03
7.347317072314426059e-03
7.392612218669989896e-03
7.254813805283212222e-03
7.304155047279583569e-03
7.258152395676734786e-03
7.307461869970994020e-03
7.354408574546530790e-03
7.261297084324889843e-03
7.310572295333333734e-03
7.357485331573706405e-03
7.264221231025438756e-03
7.313466502094355046e-03
7.267173035124313216e-03
7.270658931497404540e-03
7.319843036300876724e-03
7.366663066929223305e-03
7.273078026332623243e-03
7.322234238454248915e-03
7.275622698597753249e-03
7.324755021012017281e-03
7.278084285474672316e-03
7.281248796850554005e-03
7.330327395826930457e-03
7.283488708022242686e-03
7.286491085589322063e-03
7.335518030659695342e-03
7.288483125798790770e-03
7.337488450597291767e-03
7.290340271434777621e-03
7.339327465637071959e-03
7.385949529998525262e-03
7.291466634925771600e-03
7.340441954757799363e-03
7.293141696321204202e-03
7.342102430700125394e-03
7.294770547439681160e-03
7.343715448919056234e-03
7.296321293882317496e-03
7.345251172974372363e-03
7.391815072898656226e-03
7.436652082903619058e-03
7.480168927100139427e-03
7.522621578877322114e-03
7.296932080565298254e-03
7.299383209648627885e-03
7.348292689849279455e-03
7.300705310482125468e-03
7.303152371981881316e-03
7.305567802807855574e-03
7.354415949449989547e-03
7.400895166943461008e-03
7.445645758212627099e-03
7.489075153368478927e-03
7.531439712638734497e-03
7.572897440551802813e-03
7.305533503910802313e-03
7.354383969297838969e-03
7.400866849124237805e-03
7.445621764119915269e-03
7.304840644177516829e-03
7.307057690235705012e-03
7.309316007929236858e-03
7.358136188832582747e-03
7.310115406137788173e-03
7.358924589905196066e-03
7.310843366400488104e-03
7.312957187905820382e-03
7.361739326895179285e-03
7.313599371947038762e-03
7.362372502678226141e-03
7.314175047460280514e-03
7.362941982375567629e-03
7.409338969953340424e-03
7.454006781932341792e-03
7.312952387697335341e-03
7.361729483635272471e-03
7.408137741165749836e-03
7.452817432877218047e-03
7.311754511465229714e-03
7.360544421444668341e-03
7.406965438321656478e-03
7.451657809972304057e-03
7.495028965470894138e-03
7.537335358510722887e-03
7.578734711556983639e-03
7.619321651569973403e-03
7.659150393742982649e-03
7.698250356755598385e-03
7.736636160175750128e-03
7.774314378510492098e-03
7.316870793409376884e-03
7.365637745324163897e-03
7.412031899096837260e-03
7.315695387052722001e-03
7.364475984060615647e-03
7.315943053540992051e-03
7.364719130191702511e-03
7.411120671118252325e-03
7.455789645459858297e-03
7.314295042331287085e-03
7.316151259119500067e-03
7.364922033009528579e-03
7.316512678006500611e-03
7.318385300196459005e-03
7.320249479100507557e-03
7.368974540871382761e-03
7.320453573092419210e-03
7.369172511881413347e-03
7.320620304041265160e-03
7.322396691107894984e-03
7.371096230916840061e-03
7.417422158998313551e-03
7.321293325277659393e-03
7.369998628959542435e-03
7.321411074886006141e-03
7.370115690043774724e-03
7.416447987317385457e-03
7.461049758431458241e-03
7.504329193952660043e-03
7.546543277312431873e-03
7.587850153634942592e-03
7.628344468800112022e-03
7.668080689705080236e-03
7.707088257018324985e-03
7.745381915334541637e-03
7.782968241363960420e-03
7.324491310444697541e-03
7.373188269780262503e-03
7.419510806748570546e-03
7.464100848490178713e-03
7.507366780312593746e-03
7.321254171547699786e-03
7.369982729668452144e-03
7.416336296630680024e-03
7.460956994693217909e-03
7.504253387178446214e-03
7.546482628257684781e-03
7.587803133776874730e-03
7.318451577502010745e-03
7.320070641808761221e-03
7.321817735897994013e-03
7.370542126448080197e-03
7.416889907616433693e-03
7.461503938704358574e-03
7.504793212609160366e-03
7.319166063287285348e-03
7.367907138152019267e-03
7.414274768189939822e-03
7.458910609799908505e-03
7.502222928512674097e-03
7.544468687531573695e-03
7.316557776573599271e-03
7.318285504881126384e-03
7.320118925446436088e-03
7.368852696840427763e-03
7.415211252913846661e-03
7.459837038283778470e-03
7.318210573434549317e-03
7.366955139599836583e-03
7.318376758495708650e-03
7.320195496207985986e-03
7.368921917211508632e-03
7.320396707826295687e-03
7.369116938521511583e-03
7.415464162735000038e-03
7.460080179369368326e-03
7.503373300228393175e-03
7.545600584371084038e-03
7.586920242435321420e-03
7.627426952036564685e-03
7.667175184314563643e-03
7.706194411642302254e-03
7.744499469738021225e-03
7.782096859592001377e-03
7.818989349961799271e-03
7.325445987480338692e-03
7.326730056090742342e-03
7.375421991023084836e-03
7.421734183119039173e-03
7.466310458903947268e-03
7.509560427783827652e-03
7.551741988189372180e-03
7.593013886342426556e-03
7.323169737047099601e-03
7.371885557223812127e-03
7.322893122451452214e-03
7.371612858046675855e-03
7.417955313349432721e-03
7.462563469360624334e-03
7.320558985407801811e-03
7.322184958710178763e-03
7.323877544269723379e-03
7.372579788484078141e-03
7.323827137349958431e-03
7.372524628177743421e-03
7.323760166054984339e-03
7.372455363342802007e-03
7.418775720304898909e-03
7.322433103267360528e-03
7.371136736905237706e-03
7.417466787084416903e-03
7.462065333366959402e-03
7.505340749345359302e-03
7.547550133285643899e-03
7.319619058483980978e-03
7.368348369845341243e-03
7.319671383774975157e-03
7.321448164405515609e-03
7.370163000480087212e-03
7.416503474684966318e-03
7.461111855131001037e-03
7.504396755046874833e-03
7.546615430155688420e-03
7.587926214932809443e-03
7.628423867153467583e-03
7.668162933826042603e-03
7.320304223298395967e-03
7.369033410429985664e-03
7.415389780214116933e-03
7.460014772227771367e-03
7.503316461452183214e-03
7.545551697576842812e-03
7.586878700681243086e-03
7.627392013822653291e-03
7.667146162298766991e-03
7.706170597842513376e-03
7.320034790488087750e-03
7.321538658306075281e-03
7.370274761139336897e-03
7.416632801437388067e-03
7.461255967668905913e-03
7.504553510190914434e-03
7.318801524876844891e-03
7.367553114328843043e-03
7.318825326655277637e-03
7.367576879129638691e-03
7.413952940606007708e-03
7.317743844871516315e-03
7.366499930058908671e-03
7.412882008002456315e-03
7.316735468117034277e-03
7.365497745521537229e-03
7.411886738781655985e-03
7.315823040183663632e-03
7.364591043564353706e-03
7.410986429917502255e-03
7.314996609401474420e-03
7.363769977053526671e-03
7.410171271425933064e-03
7.454841724018421850e-03
7.313501227142633725e-03
7.315416363374252495e-03
7.317384354520702419e-03
7.319297925295211761e-03
7.368028019095332511e-03
7.319574939089436121e-03
7.368298650555743512e-03
7.319808117545976989e-03
7.368528177504246601e-03
7.320039016871430007e-03
7.368755616729306783e-03
7.415100443718733621e-03
7.459714967185677136e-03
7.503007287479507986e-03
7.317811009332746836e-03
7.319594244754250301e-03
7.321456456651998825e-03
7.370162297135840652e-03
7.416495110580190349e-03
7.461096958673263564e-03
7.504376206479961703e-03
7.546589951260316426e-03
7.587896410958054269e-03
7.628390277643204084e-03
7.668126046963922270e-03
7.707133176609155811e-03
7.321571156346168459e-03
7.323085478153876747e-03
7.324766455057061393e-03
7.373456743679205477e-03
7.419770833361627113e-03
7.464351710329100373e-03
7.322462941170403833e-03
7.371167638626324216e-03
7.322416138372098496e-03
7.371121824340928427e-03
7.417453416610944594e-03
7.462053059953449932e-03
7.505329286356266644e-03
7.547539299532674516e-03
7.319630495678941182e-03
7.368359921812945960e-03
7.414717224536784487e-03
7.459343730242111795e-03
7.317640478322804364e-03
7.366389299237957426e-03
7.412765802003124481e-03
7.457411351380695101e-03
7.500734027438020826e-03
7.542990674635073785e-03
7.315344360549276732e-03
7.364115024759308389e-03
7.315602023811329686e-03
7.364372795156532737e-03
7.410770516834455125e-03
7.455436763380700847e-03
7.498779814348889225e-03
7.541056611133809331e-03
7.582425354298605487e-03
7.622980805666704912e-03
7.314456980916400619e-03
7.363239944776129448e-03
7.409651214701689324e-03
7.454331696104814220e-03
7.497689235552260079e-03
7.312411927025421268e-03
7.361215194548204749e-03
7.312809106080086531e-03
7.361609675058371043e-03
7.408037059175669702e-03
7.452732810140397582e-03
7.496105152692594982e-03
7.538410951853234850e-03
7.579808507832962693e-03
7.620392513281933587e-03
7.660217402271365938e-03
7.312945287053178485e-03
7.361747692592717635e-03
7.408177895166756857e-03
7.452876887883039432e-03
7.311351297874820084e-03
7.360169171869575602e-03
7.406614152831173664e-03
7.310720844415510324e-03
7.359542243753299830e-03
7.405990970177133391e-03
7.450708302290756126e-03
7.309505939350796795e-03
7.358334760182333976e-03
7.404792076204213397e-03
7.449518766840984400e-03
7.492922626687237644e-03
7.535260247021476412e-03
7.576689784311938479e-03
7.308487412240802922e-03
7.357326698690261867e-03
7.403795112899261462e-03
7.308015281223112676e-03
7.356859983579650333e-03
7.308699710459801331e-03
7.310816273497950345e-03
7.359632988963971112e-03
7.406076870690929230e-03
7.450789399340824494e-03
7.494178757329066423e-03
7.536501785554776747e-03
7.577916808870048711e-03
7.618518426741620678e-03
7.658361103421755349e-03
7.311405288870749357e-03
7.360219005189580846e-03
7.406661311997167832e-03
7.451372948048468232e-03
7.494761613557488628e-03
7.309626929784201511e-03
7.358458409145046848e-03
7.404917967094646128e-03
7.449646545831333996e-03
7.493051979423103956e-03
7.535390883927509630e-03
7.576821434271493842e-03
7.617438147773723627e-03
7.309156719422353968e-03
7.311065617470439634e-03
7.359892247839260222e-03
7.311628432995751804e-03
7.360443762920397363e-03
7.406885495939172746e-03
7.311067243631427619e-03
7.313062792130837868e-03
7.361860818729315699e-03
7.313589913951818421e-03
7.315562382468795630e-03
7.364332032147978199e-03
7.410728432165700034e-03
7.455393324454545959e-03
7.314114990122591586e-03
7.316018662738473129e-03
7.364781504075480940e-03
7.411171440963041507e-03
7.455830152953651577e-03
7.499165925671857219e-03
7.541435739085442132e-03
7.582797893558042290e-03
7.623346981693483043e-03
7.663137543911800569e-03
7.702198970461373098e-03
7.317001208895928394e-03
7.365762902907811542e-03
7.412152263668516684e-03
7.315878194460031028e-03
7.317701623628217016e-03
7.319555839995562849e-03
7.368294427511657210e-03
7.414657975009567720e-03
7.459288865336657047e-03
7.502595785036082071e-03
7.317222977688248899e-03
7.365976759287240494e-03
7.412358358651986549e-03
7.457009043997842382e-03
7.500336832743467741e-03
7.315013988404070813e-03
7.363788325544240454e-03
7.410190926140253556e-03
7.314181149574995079e-03
7.362963344699251060e-03
7.409373411422754720e-03
7.454052569072942488e-03
7.312742674497696958e-03
7.361535703965186271e-03
7.407957590893249865e-03
7.312119300110706856e-03
7.360917558576623131e-03
7.407344597782562767e-03
7.452041335892137415e-03
7.310891909461852967e-03
7.312897757631290664e-03
7.361689955309085563e-03
7.313481156192908582e-03
7.362263800326223663e-03
7.314007745000059880e-03
7.362783712374990075e-03
7.314519190861356462e-03
7.363288862489754047e-03
7.315015112549046704e-03
7.363778772039350495e-03
7.410171565966129983e-03
7.314396919608587115e-03
7.363164238449575356e-03
7.409561512187678826e-03
7.454229473403726526e-03
7.313077620801564094e-03
7.315046334911286599e-03
7.363811203630910365e-03
7.410204526216601639e-03
7.454867600393071635e-03
7.498208467597119141e-03
7.313374295908794086e-03
7.315302270872156391e-03
7.364066473521002631e-03
7.410458794934524432e-03
7.455120627487513314e-03
7.313960941047506839e-03
7.362733288349544540e-03
7.409135798748593162e-03
7.453809066441267027e-03
7.497160712195569988e-03
7.312272207892667360e-03
7.361061872608713925e-03
7.407482020442871309e-03
7.311715739661548037e-03
7.360512175602570289e-03
7.406938402956262171e-03
7.451635066093626955e-03
7.495009849089287988e-03
7.310261803888722272e-03
7.359071548992707212e-03
7.405511904609045695e-03
7.450223182254695452e-03
7.493612810781865446e-03
7.535937140379683069e-03
7.577354179409621394e-03
7.309290902902079896e-03
7.311269365055940786e-03
7.360080925529256281e-03
7.311907589544939211e-03
7.360708613637604800e-03
7.407137968723101137e-03
7.311428079016698590e-03
7.360230182620094118e-03
7.406661629263605780e-03
7.451363169850221471e-03
7.494742556845706248e-03
7.537056329448109729e-03
7.578462605494479427e-03
7.619055930128006311e-03
7.658890647598159789e-03
7.311944090201054867e-03
7.360749528475832304e-03
7.312296767564681332e-03
7.314285318324049642e-03
7.363072433648591014e-03
7.314747732420989225e-03
7.363525556937608983e-03
7.409930640205974507e-03
7.454604449901583094e-03
7.497955197454491717e-03
7.312915177966979388e-03
7.361706351739109172e-03
7.408126631864694368e-03
7.452816771564211955e-03
7.496184522469824703e-03
7.311183969014132568e-03
7.313139678771220405e-03
7.315171171591703173e-03
7.363943738367917553e-03
7.410343282131634686e-03
7.455011442387676941e-03
7.313764729374260150e-03
7.362544715443143477e-03
7.314194238617510724e-03
7.362971339317808499e-03
7.409376788008178311e-03
7.454051753296864723e-03
7.497404255158392726e-03
7.312491917910553946e-03
7.361282443427509363e-03
7.407702923597802788e-03
7.452393879088650697e-03
7.495762912692065585e-03
7.538066465151101181e-03
7.310863386705474844e-03
7.359671971288343079e-03
7.311372699413993745e-03
7.313425066525542154e-03
7.362212629118084807e-03
7.408627705457282962e-03
7.453311740034828346e-03
7.496672931400307806e-03
7.538968230326043019e-03
7.311809567545416756e-03
7.313733453366590143e-03
7.315753115358013432e-03
7.364518681701486512e-03
7.410911349244111990e-03
7.455572787824876237e-03
7.498911276884488025e-03
7.541183792509974226e-03
7.582548632298910865e-03
7.623100388668068057e-03
7.662893600752420514e-03
7.701957657922578991e-03
7.316779654601158686e-03
7.365543560490887647e-03
7.411935149171412773e-03
7.456595513873015210e-03
7.499932619489022532e-03
7.542203260523584404e-03
7.583565384411635781e-03
7.624113769245178911e-03
7.663902741835947920e-03
7.315960038240100147e-03
7.317615086084962479e-03
7.366385679437762596e-03
7.412779312957339280e-03
7.316605630829742073e-03
7.365377106667397346e-03
