1.333846605536605397e-02
1.584477752091828506e-02
1.772950070850790039e-02
1.428548013516548441e-02
1.427711402043640998e-02
1.427709785882452613e-02
1.655247599058957964e-02
1.428224184943205702e-02
1.427710776449221501e-02
1.427709784680367307e-02
1.655247598152155900e-02
1.826337233006540203e-02
1.980033399718439738e-02
1.434159872054328530e-02
1.672197910452285358e-02
1.433474472725549016e-02
1.670933312077663158e-02
1.433124339223298786e-02
1.432665429569514488e-02
1.432470347343788204e-02
1.668755942782121707e-02
1.432453834964504159e-02
1.432023219211664422e-02
1.667586689427013810e-02
1.848710744213528934e-02
1.432209850256373901e-02
1.667136548982471947e-02
1.431774202709658501e-02
1.431369955796835125e-02
1.431254548494973432e-02
1.431146050906023995e-02
1.665293578718388470e-02
1.431280474098075260e-02
1.665104348378690022e-02
1.844218959386914256e-02
1.981712449439699750e-02
2.087335976935661766e-02
1.431638837312278548e-02
1.430625295858352006e-02
1.430551728535638112e-02
1.663739159553212499e-02
1.842079311980855671e-02
1.978758526632715814e-02
1.431158310630166811e-02
1.663876752310204654e-02
1.430594278350606763e-02
1.430233624921565215e-02
1.430183284393467952e-02
1.662774902275102398e-02
1.840416412507092647e-02
1.976373601114058201e-02
2.080500232647829531e-02
1.431031794469984041e-02
1.429998686180906919e-02
1.429960002238988247e-02
1.662191122364327714e-02
1.839409587834792137e-02
1.430474352487986350e-02
1.429857525823664127e-02
1.661921158088375608e-02
1.838943174630583086e-02
1.430386524178090500e-02
1.662212566554145329e-02
1.430075737350312327e-02
1.429732772332242136e-02
1.661595105564714694e-02
1.838381426612625477e-02
1.973454400748137980e-02
2.076723505078000367e-02
2.155624800568526830e-02
2.215785957472890880e-02
2.261494646200507344e-02
2.296034629706773800e-02
2.321933043986534190e-02
1.431321519206298770e-02
1.429586835191522069e-02
1.661210115697235243e-02
1.837716377763918760e-02
1.430155598956854394e-02
1.661588236368509094e-02
1.837930316396825525e-02
1.430130550350800119e-02
1.661520327668468411e-02
1.837811881590331597e-02
1.430108077660877282e-02
1.429495076511792286e-02
1.660972842761078774e-02
1.429804104325977515e-02
1.429470726672825431e-02
1.429461339419209158e-02
1.429453147484352482e-02
1.660864444426999112e-02
1.429767264398939218e-02
1.429434865298004689e-02
1.429427518512516732e-02
1.660797220797536819e-02
1.837005377136959397e-02
1.971479803437106368e-02
2.074168453209671373e-02
1.430456191123804198e-02
