1.426879599763971988e-02
1.654621351454502870e-02
1.428222781215877923e-02
1.427710773747989381e-02
1.655248344261695675e-02
1.826337796092172838e-02
1.428686376774158245e-02
1.427711669112441406e-02
1.655249019685751596e-02
1.826338305831777878e-02
1.980034239231729526e-02
1.434159865758441108e-02
1.433373159317581809e-02
1.433132132053275935e-02
1.432907193924659595e-02
1.669898279002550098e-02
1.432838788166324734e-02
1.432392256145222087e-02
1.432214469460563536e-02
1.432047944140964375e-02
1.667652144024507968e-02
1.432080474144038773e-02
1.667230423651890753e-02
1.431866793713705566e-02
1.431459561754111660e-02
1.666112565163321846e-02
1.846170425694284786e-02
1.984624308389177846e-02
1.431879246628143913e-02
1.431045039244374303e-02
1.665028112522767487e-02
1.844300637741908347e-02
1.431390496564123593e-02
1.430760747079289942e-02
1.430679993465641155e-02
1.430604949966299798e-02
1.430533950823470110e-02
1.663692389146684963e-02
1.841998599705274575e-02
1.430959996427579040e-02
1.663761271948680648e-02
1.841704139646136579e-02
1.977999896612371925e-02
1.431034131372355828e-02
1.663534082530871913e-02
1.841145983656192545e-02
1.430713866899894007e-02
1.430093401906394439e-02
1.662538653985023637e-02
1.430340651902584949e-02
1.662606879305398092e-02
1.839897843534507235e-02
1.975507645618841679e-02
1.430739054236913714e-02
1.662725206513064949e-02
1.430193122932640198e-02
1.662214001959776144e-02
1.430147404587353913e-02
1.429802088121263567e-02
1.429775195794717214e-02
1.661707678663873131e-02
1.838575970256897674e-02
1.430317481789968731e-02
1.429702538842504006e-02
1.661515836059933304e-02
1.429990470317473415e-02
1.661676050756225737e-02
1.429961825669703347e-02
1.661599600089323781e-02
1.838154658701900840e-02
1.973003561293068531e-02
1.430427920908491218e-02
1.429580642933821200e-02
1.429564793711617272e-02
1.661156934663031784e-02
1.429867448035645333e-02
1.429532144713926978e-02
1.429519659623628564e-02
1.429508217957963824e-02
1.429497688591993380e-02
1.660980478476679206e-02
1.429806873987509580e-02
1.429473234232822229e-02
1.660916530434672009e-02
1.837210801042901340e-02
1.971774266727626540e-02
1.430292694915772170e-02
1.661499647646104416e-02
1.429765771198828785e-02
1.429432828829177438e-02
1.429425834898670825e-02
1.660792513014078611e-02
1.836997135760666533e-02
1.430020259966470822e-02
1.429408578094820345e-02
1.429402228983817080e-02
1.660731035502668179e-02
1.429721689095969986e-02
1.660961268238660138e-02
1.429715710309130763e-02
