1.377195608799854261e-02
1.378025134218883660e-02
1.378026848460215878e-02
1.378026852006737288e-02
1.378026852014075342e-02
1.378026852014089740e-02
1.378026852014090434e-02
1.378026852014090087e-02
1.378026852014089913e-02
1.378026852014089566e-02
1.378026852014089913e-02
1.378026852014090260e-02
1.562984680678741051e-02
1.707931693247030647e-02
1.378818555200478878e-02
1.378028491835799063e-02
1.378026855406667278e-02
1.378026852021108778e-02
1.378026852014104311e-02
1.378026852014089913e-02
1.378026852014089913e-02
1.378026852014090260e-02
1.378026852014089913e-02
1.378026852014090260e-02
1.378026852014089913e-02
1.378026852014090260e-02
1.562984680678741051e-02
1.378444107427586468e-02
1.378027716655192032e-02
1.378026853802916639e-02
1.378026852017790946e-02
1.378026852014097893e-02
1.378026852014090260e-02
1.378026852014089913e-02
1.378026852014089566e-02
1.562984680678739663e-02
1.378444107427585774e-02
1.563312069733876694e-02
1.378444862917773024e-02
1.378027718217536036e-02
1.378026853806149817e-02
1.378026852017797191e-02
1.378026852014097720e-02
1.378026852014090087e-02
1.378026852014090087e-02
1.378026852014089913e-02
1.378026852014089566e-02
1.378026852014089913e-02
1.378026852014090260e-02
1.378026852014089913e-02
1.378026852014090260e-02
1.378026852014089913e-02
1.378026852014090260e-02
1.378026852014089913e-02
1.378026852014090260e-02
1.378026852014089913e-02
1.378026852014090260e-02
1.378026852014089913e-02
1.378026852014090260e-02
1.378026852014089913e-02
1.378026852014090260e-02
1.378026852014089913e-02
1.378026852014090260e-02
1.378026852014089913e-02
1.378026852014090260e-02
1.378026852014089913e-02
1.378026852014090260e-02
1.378026852014089913e-02
1.562984680678743132e-02
1.378444107427586642e-02
1.563312069733879123e-02
1.708188701577613780e-02
1.378819230425152968e-02
1.378028493234922762e-02
1.378026855409561317e-02
1.378026852021115023e-02
1.378026852014105005e-02
1.378026852014089740e-02
1.378026852014089566e-02
1.562984680678739663e-02
1.378444107427585774e-02
1.378027716655192379e-02
1.378026853802916812e-02
1.378026852017790946e-02
1.378026852014097546e-02
1.378026852014089566e-02
1.378026852014089913e-02
1.562984680678741051e-02
1.378444107427587162e-02
1.378027716655192553e-02
1.378026853802917680e-02
1.378026852017790772e-02
1.562984680681643937e-02
1.378444107427592713e-02
1.378027716655193073e-02
1.378026853802916812e-02
1.378026852017790425e-02
1.562984680681646019e-02
1.707931693249308686e-02
1.378818555200485296e-02
1.378028491835798890e-02
1.378026855406666411e-02
1.378026852021108778e-02
1.378026852014104658e-02
1.378026852014088872e-02
1.378026852014089393e-02
1.378026852014090434e-02
1.378026852014089913e-02
1.378026852014089913e-02
1.378026852014089913e-02
1.378026852014090260e-02
1.378026852014089913e-02
1.378026852014090260e-02
1.378026852014089913e-02
1.378026852014090260e-02
1.378026852014089913e-02
1.378026852014090260e-02
1.378026852014089913e-02
1.378026852014090260e-02
1.378026852014089913e-02
1.378026852014090260e-02
1.378026852014089913e-02
1.378026852014090260e-02
1.378026852014089913e-02
1.378026852014090260e-02
1.378026852014089913e-02
1.378026852014090260e-02
1.378026852014089913e-02
1.378026852014090260e-02
1.378026852014089913e-02
1.378026852014090260e-02
1.562984680678741051e-02
1.378444107427586468e-02
1.378027716655192032e-02
1.378026853802916639e-02
1.378026852017790946e-02
1.378026852014097893e-02
1.378026852014090260e-02
1.378026852014089913e-02
1.378026852014089566e-02
1.378026852014090087e-02
1.378026852014090781e-02
1.562984680678739663e-02
1.378444107427585774e-02
1.378027716655193594e-02
1.378026853802916639e-02
1.378026852017791119e-02
1.378026852014097546e-02
1.562984680678748683e-02
1.378444107427586988e-02
1.378027716655192726e-02
1.378026853802916986e-02
1.562984682082308938e-02
1.378444107430823462e-02
1.378027716655199492e-02
1.378026853802917333e-02
1.378026852017791119e-02
1.378026852014097546e-02
1.378026852014089566e-02
1.378026852014090607e-02
1.378026852014089566e-02
1.378026852014089566e-02
1.378026852014089913e-02
1.378026852014090260e-02
1.378026852014089913e-02
1.378026852014090260e-02
1.378026852014089913e-02
1.378026852014090260e-02
1.378026852014089913e-02
1.378026852014090260e-02
1.378026852014089913e-02
1.562984680678743132e-02
1.378444107427586642e-02
1.378027716655192553e-02
1.378026853802916812e-02
1.378026852017790946e-02
1.378026852014097893e-02
1.378026852014090260e-02
1.378026852014089913e-02
1.378026852014089566e-02
1.378026852014090087e-02
1.378026852014090781e-02
1.378026852014089740e-02
1.378026852014089566e-02
1.378026852014089913e-02
1.378026852014091128e-02
1.378026852014090260e-02
1.378026852014090260e-02
1.378026852014089913e-02
1.378026852014089566e-02
1.378026852014090087e-02
1.378026852014090781e-02
1.562984680678739663e-02
1.378444107427585774e-02
1.563312069733874959e-02
1.378444862917771636e-02
1.378027718217536904e-02
1.378026853806149643e-02
1.378026852017797538e-02
1.378026852014097199e-02
1.378026852014090781e-02
1.378026852014089913e-02
1.378026852014090781e-02
1.378026852014089913e-02
1.378026852014090781e-02
1.378026852014089913e-02
1.378026852014090781e-02
1.378026852014089913e-02
1.378026852014090781e-02
1.378026852014089913e-02
1.378026852014090781e-02
1.378026852014089913e-02
1.378026852014090781e-02
1.378026852014089913e-02
1.378026852014090781e-02
1.378026852014089913e-02
1.378026852014090781e-02
1.378026852014089913e-02
1.378026852014090781e-02
1.562984680678740704e-02
1.378444107427586988e-02
1.378027716655193073e-02
1.378026853802915772e-02
1.378026852017790772e-02
1.378026852014097546e-02
1.378026852014089913e-02
1.378026852014089913e-02
1.378026852014091128e-02
1.378026852014090260e-02
1.378026852014090260e-02
1.378026852014089913e-02
1.378026852014089566e-02
1.378026852014090087e-02
1.378026852014090781e-02
1.378026852014089740e-02
1.378026852014089566e-02
1.378026852014089913e-02
1.378026852014091128e-02
1.378026852014090260e-02
1.378026852014090260e-02
1.562984680678740357e-02
1.378444107427586468e-02
1.378027716655192900e-02
1.378026853802916465e-02
1.378026852017790599e-02
1.378026852014097373e-02
1.378026852014089913e-02
1.378026852014089913e-02
1.378026852014090260e-02
1.562984680678741051e-02
1.378444107427586468e-02
1.378027716655192032e-02
1.378026853802916639e-02
1.378026852017790946e-02
1.378026852014097893e-02
1.378026852014090260e-02
1.378026852014089913e-02
1.562984680678742438e-02
1.378444107427586468e-02
1.378027716655193420e-02
1.378026853802916639e-02
1.378026852017790252e-02
1.378026852014098066e-02
1.378026852014089913e-02
1.378026852014089740e-02
1.378026852014090087e-02
1.378026852014090781e-02
1.378026852014089740e-02
1.378026852014089566e-02
1.378026852014089913e-02
1.378026852014091128e-02
1.378026852014090260e-02
1.378026852014090260e-02
1.378026852014089913e-02
1.378026852014089566e-02
1.378026852014090087e-02
1.562984680678739316e-02
1.378444107427586121e-02
1.378027716655193247e-02
1.378026853802916986e-02
1.378026852017791119e-02
1.378026852014098066e-02
1.378026852014089393e-02
1.378026852014089740e-02
1.378026852014090087e-02
1.378026852014090260e-02
1.378026852014090260e-02
1.378026852014089566e-02
1.378026852014089566e-02
1.378026852014089913e-02
1.378026852014090260e-02
1.378026852014089913e-02
1.378026852014090260e-02
1.378026852014089913e-02
1.378026852014090260e-02
1.562984680678741051e-02
1.378444107427586468e-02
1.378027716655192032e-02
1.378026853802916639e-02
1.378026852017790946e-02
1.378026852014097893e-02
1.378026852014090260e-02
1.378026852014089913e-02
1.378026852014089566e-02
1.378026852014090087e-02
1.562984680678739316e-02
1.378444107427586121e-02
1.378027716655193247e-02
1.378026853802916986e-02
1.378026852017791119e-02
1.378026852014098066e-02
1.562984680678749724e-02
1.378444107427586815e-02
1.378027716655192553e-02
1.378026853802916639e-02
1.378026852017790252e-02
1.378026852014098066e-02
1.378026852014089913e-02
1.378026852014089740e-02
1.378026852014090087e-02
1.378026852014090781e-02
1.562984680678739663e-02
1.378444107427585774e-02
1.378027716655193594e-02
1.378026853802916639e-02
1.378026852017791119e-02
1.378026852014097546e-02
1.378026852014089566e-02
1.378026852014089913e-02
1.378026852014090260e-02
1.378026852014089913e-02
1.562984680678743132e-02
1.378444107427586642e-02
1.378027716655192553e-02
1.378026853802916812e-02
1.378026852017790946e-02
1.378026852014097893e-02
1.378026852014090260e-02
1.378026852014089913e-02
1.378026852014089566e-02
1.378026852014090087e-02
1.378026852014090781e-02
1.378026852014089740e-02
1.378026852014089566e-02
1.378026852014089913e-02
1.378026852014091128e-02
1.562984680678743826e-02
1.707931693247033422e-02
1.378818555200479051e-02
1.378028491835799584e-02
1.378026855406666237e-02
1.378026852021109645e-02
1.378026852014104832e-02
1.378026852014090260e-02
1.378026852014090781e-02
1.378026852014090087e-02
1.378026852014089566e-02
1.378026852014089740e-02
1.378026852014089913e-02
1.378026852014090260e-02
1.378026852014089913e-02
1.378026852014090260e-02
1.378026852014089913e-02
1.378026852014090260e-02
1.378026852014089913e-02
1.378026852014090260e-02
1.378026852014089913e-02
1.378026852014090260e-02
1.378026852014089913e-02
1.378026852014090260e-02
1.378026852014089913e-02
1.378026852014090260e-02
1.378026852014089913e-02
1.378026852014090260e-02
1.378026852014089913e-02
1.562984680678743132e-02
1.378444107427586642e-02
1.378027716655192553e-02
1.378026853802916812e-02
1.378026852017790946e-02
1.378026852014097893e-02
1.378026852014090260e-02
1.378026852014089913e-02
1.378026852014089566e-02
1.378026852014090087e-02
1.378026852014090781e-02
1.378026852014089740e-02
1.378026852014089566e-02
1.378026852014089913e-02
1.378026852014091128e-02
1.378026852014090260e-02
1.378026852014090260e-02
1.378026852014089913e-02
1.378026852014089566e-02
1.378026852014090087e-02
1.378026852014090781e-02
1.378026852014089740e-02
1.378026852014089566e-02
1.378026852014089913e-02
1.378026852014091128e-02
1.378026852014090260e-02
1.562984680678738969e-02
1.378444107427586468e-02
1.563312069733877735e-02
1.378444862917771983e-02
1.378027718217536557e-02
1.378026853806149296e-02
1.378026852017797711e-02
1.378026852014097373e-02
1.378026852014090954e-02
1.378026852014090954e-02
1.378026852014089219e-02
1.378026852014090434e-02
1.378026852014090087e-02
1.378026852014089913e-02
1.378026852014089566e-02
1.378026852014089913e-02
1.378026852014090260e-02
1.378026852014089913e-02
1.378026852014090260e-02
1.378026852014089913e-02
1.378026852014090260e-02
1.378026852014089913e-02
1.378026852014090260e-02
1.378026852014089913e-02
1.378026852014090260e-02
1.378026852014089913e-02
1.378026852014090260e-02
1.378026852014089913e-02
1.378026852014090260e-02
1.378026852014089913e-02
1.378026852014090260e-02
1.378026852014089913e-02
1.378026852014090260e-02
1.378026852014089913e-02
1.562984680678743132e-02
1.378444107427586642e-02
1.378027716655192553e-02
1.378026853802916812e-02
1.378026852017790946e-02
1.378026852014097893e-02
1.378026852014090260e-02
1.378026852014089913e-02
1.378026852014089566e-02
1.378026852014090087e-02
1.562984680678739316e-02
1.378444107427586121e-02
1.378027716655193247e-02
1.378026853802916986e-02
1.378026852017791119e-02
1.378026852014098066e-02
1.378026852014089393e-02
1.378026852014089740e-02
1.378026852014090087e-02
1.378026852014090260e-02
1.378026852014090260e-02
1.378026852014089566e-02
1.378026852014089566e-02
1.378026852014089913e-02
1.378026852014090260e-02
1.378026852014089913e-02
1.378026852014090260e-02
1.378026852014089913e-02
1.378026852014090260e-02
1.378026852014089913e-02
1.378026852014090260e-02
1.562984680678741051e-02
1.378444107427586468e-02
1.378027716655192032e-02
1.378026853802916639e-02
1.378026852017790946e-02
1.378026852014097893e-02
1.378026852014090260e-02
1.378026852014089913e-02
1.562984680678742438e-02
1.378444107427586468e-02
1.378027716655193420e-02
1.378026853802916639e-02
1.378026852017790252e-02
1.378026852014098066e-02
1.378026852014089913e-02
1.378026852014089740e-02
1.378026852014090087e-02
1.378026852014090781e-02
1.378026852014089740e-02
1.378026852014089566e-02
1.378026852014089913e-02
1.378026852014091128e-02
1.378026852014090260e-02
1.378026852014090260e-02
1.378026852014089913e-02
1.378026852014089566e-02
1.378026852014090087e-02
1.378026852014090781e-02
1.378026852014089740e-02
1.378026852014089566e-02
1.378026852014089913e-02
1.378026852014091128e-02
1.562984680678743826e-02
1.378444107427586815e-02
1.378027716655193073e-02
1.378026853802916639e-02
1.378026852017791293e-02
1.378026852014098413e-02
1.378026852014089393e-02
1.378026852014089740e-02
1.378026852014090087e-02
1.378026852014090260e-02
1.378026852014090260e-02
1.378026852014089566e-02
1.378026852014089566e-02
1.378026852014089913e-02
1.378026852014090260e-02
1.378026852014089913e-02
1.378026852014090260e-02
1.378026852014089913e-02
1.378026852014090260e-02
1.378026852014089913e-02
1.378026852014090260e-02
1.378026852014089913e-02
1.378026852014090260e-02
1.378026852014089913e-02
1.378026852014090260e-02
1.378026852014089913e-02
1.562984680678743132e-02
1.378444107427586642e-02
1.378027716655192553e-02
1.378026853802916812e-02
1.378026852017790946e-02
1.378026852014097893e-02
1.378026852014090260e-02
1.378026852014089913e-02
1.378026852014089566e-02
1.378026852014090087e-02
1.378026852014090781e-02
1.378026852014089740e-02
1.378026852014089566e-02
1.378026852014089913e-02
1.378026852014091128e-02
1.378026852014090260e-02
1.378026852014090260e-02
1.378026852014089913e-02
1.378026852014089566e-02
1.378026852014090087e-02
1.378026852014090781e-02
1.378026852014089740e-02
1.378026852014089566e-02
1.378026852014089913e-02
1.378026852014091128e-02
1.378026852014090260e-02
1.378026852014090260e-02
1.562984680678740357e-02
1.378444107427586468e-02
1.378027716655192900e-02
1.378026853802916465e-02
1.378026852017790599e-02
1.378026852014097373e-02
1.378026852014089913e-02
1.378026852014089913e-02
1.378026852014090260e-02
1.378026852014089913e-02
1.378026852014090260e-02
1.378026852014089913e-02
1.378026852014090260e-02
1.378026852014089913e-02
1.378026852014090260e-02
1.562984680678741051e-02
1.378444107427586468e-02
1.378027716655192032e-02
1.378026853802916639e-02
1.378026852017790946e-02
1.378026852014097893e-02
1.378026852014090260e-02
1.378026852014089913e-02
1.378026852014089566e-02
1.378026852014090087e-02
1.378026852014090781e-02
1.378026852014089740e-02
1.562984680678742785e-02
1.378444107427586988e-02
1.378027716655193073e-02
1.378026853802916292e-02
1.378026852017790425e-02
1.378026852014097720e-02
1.378026852014089740e-02
1.378026852014089913e-02
1.378026852014089913e-02
1.378026852014091128e-02
1.378026852014090260e-02
1.378026852014090260e-02
1.378026852014089913e-02
1.378026852014089566e-02
1.378026852014090087e-02
1.378026852014090781e-02
1.378026852014089740e-02
1.378026852014089566e-02
1.378026852014089913e-02
1.378026852014091128e-02
1.378026852014090260e-02
1.562984680678738969e-02
1.378444107427586468e-02
1.378027716655192379e-02
1.378026853802916812e-02
1.378026852017791119e-02
1.378026852014098066e-02
1.378026852014089913e-02
1.378026852014089740e-02
1.378026852014090087e-02
1.378026852014090781e-02
1.378026852014089740e-02
1.378026852014089566e-02
1.378026852014089913e-02
1.378026852014091128e-02
1.378026852014090260e-02
1.378026852014090260e-02
1.378026852014089913e-02
1.378026852014089566e-02
1.378026852014090087e-02
1.378026852014090781e-02
1.378026852014089740e-02
1.378026852014089566e-02
1.378026852014089913e-02
1.378026852014091128e-02
1.378026852014090260e-02
1.378026852014090260e-02
1.378026852014089913e-02
1.378026852014089566e-02
1.378026852014090087e-02
1.562984680678739316e-02
1.378444107427586121e-02
1.378027716655193247e-02
1.378026853802916986e-02
1.378026852017791119e-02
1.378026852014098066e-02
1.378026852014089393e-02
1.378026852014089740e-02
1.378026852014090087e-02
1.378026852014090260e-02
1.378026852014090260e-02
1.562984680678741745e-02
1.378444107427587162e-02
1.378027716655192900e-02
1.378026853802916292e-02
1.378026852017790946e-02
1.378026852014097546e-02
1.378026852014089393e-02
1.378026852014089740e-02
1.378026852014089913e-02
1.378026852014089913e-02
1.378026852014091128e-02
1.378026852014090260e-02
1.562984680678738969e-02
1.378444107427586468e-02
1.378027716655192379e-02
1.378026853802916812e-02
1.378026852017791119e-02
1.378026852014098066e-02
1.378026852014089913e-02
1.378026852014089740e-02
1.378026852014090087e-02
1.378026852014090781e-02
1.378026852014089740e-02
1.378026852014089566e-02
1.378026852014089913e-02
1.378026852014091128e-02
1.378026852014090260e-02
1.378026852014090260e-02
1.378026852014089913e-02
1.378026852014089566e-02
1.378026852014090087e-02
1.378026852014090781e-02
1.378026852014089740e-02
1.562984680678742785e-02
1.378444107427586988e-02
1.378027716655193073e-02
1.378026853802916292e-02
1.378026852017790425e-02
1.378026852014097720e-02
1.378026852014089740e-02
1.378026852014089913e-02
1.378026852014089913e-02
1.378026852014091128e-02
1.562984680678743826e-02
1.378444107427586815e-02
1.378027716655193073e-02
1.562985359101869143e-02
1.378444108992425352e-02
1.378027716658427118e-02
1.378026853802924098e-02
1.562984682082316223e-02
1.707931694348881896e-02
1.378818555203371876e-02
1.563605862083345538e-02
1.708419327851237735e-02
1.378819837100016439e-02
1.378028494492009558e-02
1.378026855412161668e-02
1.378026852021120748e-02
1.378026852014104485e-02
1.378026852014091128e-02
1.378026852014090087e-02
1.378026852014089740e-02
1.378026852014090434e-02
1.562984680678741051e-02
1.378444107427586988e-02
1.378027716655192379e-02
1.378026853802916986e-02
1.378026852017790425e-02
1.378026852014097199e-02
1.378026852014089913e-02
1.378026852014090781e-02
1.378026852014089913e-02
1.378026852014090781e-02
1.378026852014089913e-02
1.378026852014090781e-02
1.378026852014089913e-02
1.562984680678740704e-02
1.707931693247029606e-02
1.378818555200478357e-02
1.378028491835798890e-02
1.378026855406666411e-02
1.378026852021108258e-02
1.378026852014104311e-02
1.378026852014089740e-02
1.378026852014089566e-02
1.378026852014089913e-02
1.562984680678741051e-02
1.378444107427587162e-02
1.378027716655192553e-02
1.378026853802917680e-02
1.378026852017790772e-02
1.378026852014096852e-02
1.378026852014090260e-02
1.378026852014089740e-02
1.562984680678738275e-02
1.378444107427586642e-02
1.378027716655192900e-02
1.378026853802916812e-02
1.378026852017790946e-02
1.378026852014097546e-02
1.378026852014089566e-02
1.378026852014089913e-02
1.378026852014091128e-02
1.378026852014090260e-02
1.378026852014090260e-02
1.378026852014089913e-02
1.378026852014089566e-02
1.378026852014090087e-02
1.378026852014090781e-02
1.378026852014089740e-02
1.378026852014089566e-02
1.378026852014089913e-02
1.378026852014091128e-02
1.562984680678743826e-02
1.378444107427586815e-02
1.378027716655193073e-02
1.378026853802916639e-02
1.378026852017791293e-02
1.378026852014098413e-02
1.378026852014089393e-02
1.378026852014089740e-02
1.378026852014090087e-02
1.378026852014090260e-02
1.378026852014090260e-02
1.378026852014089566e-02
1.378026852014089566e-02
1.378026852014089913e-02
1.378026852014090260e-02
1.378026852014089913e-02
1.562984680678743132e-02
1.378444107427586642e-02
1.563312069733879123e-02
1.378444862917772157e-02
1.378027718217535690e-02
1.378026853806148429e-02
1.378026852017797191e-02
1.378026852014097720e-02
1.378026852014090434e-02
1.562984680678744173e-02
1.378444107427585774e-02
1.378027716655192726e-02
1.378026853802916812e-02
1.378026852017790772e-02
1.378026852014097546e-02
1.378026852014089566e-02
1.378026852014089913e-02
1.378026852014090260e-02
1.378026852014089913e-02
1.378026852014090781e-02
1.378026852014089913e-02
1.378026852014090781e-02
1.378026852014089913e-02
1.378026852014090781e-02
1.378026852014089913e-02
1.378026852014090781e-02
1.378026852014089913e-02
1.378026852014090781e-02
1.378026852014089913e-02
1.378026852014090781e-02
1.378026852014089913e-02
1.378026852014090781e-02
1.378026852014089913e-02
1.378026852014090781e-02
1.378026852014089913e-02
1.378026852014090781e-02
1.378026852014089913e-02
1.378026852014090781e-02
1.378026852014089913e-02
1.378026852014090781e-02
1.378026852014089913e-02
1.378026852014090781e-02
1.378026852014089913e-02
1.378026852014090781e-02
1.378026852014089913e-02
1.378026852014090781e-02
1.378026852014089913e-02
1.378026852014090781e-02
1.378026852014089913e-02
1.562984680678740704e-02
1.378444107427586988e-02
1.378027716655192900e-02
1.378026853802917506e-02
1.378026852017790425e-02
1.378026852014097373e-02
1.562984680678745214e-02
1.378444107427586815e-02
1.378027716655192553e-02
1.378026853802916639e-02
1.378026852017790252e-02
1.562984680681646019e-02
1.378444107427593060e-02
1.378027716655192379e-02
1.562985359101868449e-02
1.378444108992425005e-02
1.563312070961665051e-02
1.378444862920606868e-02
1.378027718217541414e-02
1.378026853806149643e-02
1.378026852017796844e-02
1.378026852014098587e-02
1.378026852014089566e-02
1.562984680678742092e-02
1.378444107427586988e-02
1.378027716655192553e-02
1.378026853802916465e-02
1.378026852017791293e-02
1.562984680681645672e-02
1.378444107427593580e-02
1.378027716655192726e-02
1.378026853802916986e-02
1.378026852017790599e-02
1.378026852014097546e-02
1.378026852014089566e-02
1.378026852014089913e-02
1.378026852014090260e-02
1.378026852014089913e-02
1.378026852014090781e-02
1.378026852014089913e-02
1.562984680678740704e-02
1.378444107427586988e-02
1.378027716655192900e-02
1.378026853802917506e-02
1.378026852017790425e-02
1.378026852014097373e-02
1.378026852014090434e-02
1.378026852014090087e-02
1.378026852014089913e-02
1.378026852014089566e-02
1.378026852014089913e-02
1.562984680678740704e-02
1.378444107427585774e-02
1.378027716655192379e-02
1.378026853802916812e-02
1.562984682082309632e-02
1.378444107430823462e-02
1.378027716655200186e-02
1.378026853802916812e-02
1.378026852017790946e-02
1.378026852014097199e-02
1.378026852014089566e-02
1.562984680678737928e-02
1.707931693247025789e-02
1.378818555200479225e-02
1.378028491835799237e-02
1.378026855406666758e-02
1.378026852021107911e-02
1.378026852014104485e-02
1.378026852014089219e-02
1.378026852014090434e-02
1.378026852014090087e-02
1.562984680678742092e-02
1.378444107427586121e-02
1.378027716655193073e-02
1.378026853802915772e-02
1.378026852017790772e-02
1.378026852014097546e-02
1.562984680678747643e-02
1.378444107427586642e-02
1.378027716655192726e-02
1.562985359101866714e-02
1.707932225832138606e-02
1.378818556599023352e-02
1.378028491838697439e-02
1.562985967333865162e-02
1.378444110395365962e-02
1.378027716661319423e-02
1.378026853802929476e-02
1.378026852017791119e-02
1.378026852014098066e-02
1.378026852014089913e-02
1.378026852014089740e-02
1.378026852014090087e-02
1.378026852014090781e-02
1.378026852014089740e-02
1.378026852014089566e-02
1.378026852014089913e-02
1.378026852014091128e-02
1.378026852014090260e-02
1.378026852014090260e-02
1.378026852014089913e-02
1.378026852014089566e-02
1.378026852014090087e-02
1.378026852014090781e-02
1.378026852014089740e-02
1.562984680678742785e-02
1.378444107427586988e-02
1.378027716655193073e-02
1.378026853802916292e-02
1.378026852017790425e-02
1.378026852014097720e-02
1.378026852014089740e-02
1.378026852014089913e-02
1.378026852014089913e-02
1.378026852014091128e-02
1.378026852014090260e-02
1.378026852014090260e-02
1.562984680678740357e-02
1.378444107427586468e-02
1.378027716655192900e-02
1.378026853802916465e-02
1.378026852017790599e-02
1.378026852014097373e-02
1.378026852014089913e-02
1.378026852014089913e-02
1.378026852014090260e-02
1.378026852014089913e-02
1.562984680678743132e-02
1.378444107427586642e-02
1.563312069733879123e-02
1.378444862917772157e-02
1.378027718217535690e-02
1.378026853806148429e-02
1.378026852017797191e-02
1.378026852014097720e-02
1.378026852014090434e-02
1.378026852014089566e-02
1.378026852014089740e-02
1.378026852014089913e-02
1.562984680678743132e-02
1.378444107427586642e-02
1.378027716655192553e-02
1.378026853802916812e-02
1.562984682082307203e-02
1.378444107430823636e-02
1.378027716655199318e-02
1.562985359101874347e-02
1.378444108992424484e-02
1.378027716658427465e-02
1.378026853802923578e-02
1.378026852017790946e-02
1.378026852014097546e-02
1.378026852014089219e-02
1.378026852014090781e-02
1.378026852014089913e-02
1.378026852014090781e-02
1.378026852014089913e-02
1.378026852014090781e-02
1.562984680678740704e-02
1.378444107427586988e-02
1.378027716655193073e-02
1.378026853802915772e-02
1.378026852017790772e-02
1.378026852014097546e-02
1.378026852014089913e-02
1.378026852014089913e-02
1.378026852014091128e-02
1.378026852014090260e-02
1.378026852014090260e-02
1.378026852014089913e-02
1.378026852014089566e-02
1.378026852014090087e-02
1.378026852014090781e-02
1.378026852014089740e-02
1.562984680678742785e-02
1.378444107427586988e-02
1.378027716655193073e-02
1.378026853802916292e-02
1.378026852017790425e-02
1.562984680681646713e-02
1.378444107427593233e-02
