1.377195608799854261e-02
1.378025134218883660e-02
1.378026848460215878e-02
1.562984677890266738e-02
1.707931691057983786e-02
1.378818555194731045e-02
1.378028491835787267e-02
1.562985967331578102e-02
1.707932703312991032e-02
1.378818557852870032e-02
1.378028491841295014e-02
1.562985967335900686e-02
1.378444110395370820e-02
1.563312072062426200e-02
1.708188703405542561e-02
1.843010770542715532e-02
1.952284794731967005e-02
1.379480201403945894e-02
1.564124960264031902e-02
1.378446742621382108e-02
1.563314137328955522e-02
1.708190324657402753e-02
1.378819234692483207e-02
1.563606395202406588e-02
1.708419746338588063e-02
1.843198814345517120e-02
1.379156800401805383e-02
1.563871245480007166e-02
1.378446155347930711e-02
1.563313676549330997e-02
1.708189962941502466e-02
1.843011795664985589e-02
1.952285630363218699e-02
2.040984944130118384e-02
2.111874409899057448e-02
2.168713272979681458e-02
1.380340340655378945e-02
1.378031654210390249e-02
1.378026861949258053e-02
1.378026852034644999e-02
1.562984680694868081e-02
1.378444107427623418e-02
1.378027716655193594e-02
1.562985359101869837e-02
1.378444108992425352e-02
1.378027716658427465e-02
1.378026853802923578e-02
1.378026852017790946e-02
1.378026852014097546e-02
1.562984680678746949e-02
1.707931693247033075e-02
1.378818555200478878e-02
1.378028491835799237e-02
1.562985967331591286e-02
1.707932703313003175e-02
1.842802415611717939e-02
1.952114954007847653e-02
1.379479641305938337e-02
1.378029864110610209e-02
1.378026858245738444e-02
1.378026852026982205e-02
1.378026852014116455e-02
1.562984680678760480e-02
1.378444107427586642e-02
1.563312069733877388e-02
1.708188701577613780e-02
1.843010769054975045e-02
1.379156250184351666e-02
1.378029192567011355e-02
1.562986517146075158e-02
1.707933134935909342e-02
1.842802766902555678e-02
1.379155642380599373e-02
1.563870336922951881e-02
1.708626934238328954e-02
1.843367443666253658e-02
1.952575538899476229e-02
1.379481162081933228e-02
1.564125713972965015e-02
1.708827393502020814e-02
1.843530597418679973e-02
1.952708535354085936e-02
2.041330036974391138e-02
2.112155216686433315e-02
2.168941448098700084e-02
2.214637344650464620e-02
1.380604585967950756e-02
1.565007074737702342e-02
1.709519257608755477e-02
1.378822739810881340e-02
1.378028500506759367e-02
1.562985974135080308e-02
1.707932708653974938e-02
1.842802419958648047e-02
1.952114957551243785e-02
2.040845674738818102e-02
2.111761083501813990e-02
2.168621185810048341e-02
2.214377659640826695e-02
2.251094176059654367e-02
2.280440050379097319e-02
1.381093339742504346e-02
1.565390501931849740e-02
1.378449679688788405e-02
1.378027728178378604e-02
1.562985368143299247e-02
1.707932232929967528e-02
1.842802032774654847e-02
1.952114641938520329e-02
1.379479640277363715e-02
1.564124520026869206e-02
1.708826456328204485e-02
1.843529834651022950e-02
1.952707913575139897e-02
1.379481600243161708e-02
1.564126057736445544e-02
1.378446745163281265e-02
1.563314139323350102e-02
1.708190326223020528e-02
1.378819234696599533e-02
1.378028493243772974e-02
1.562985968436328421e-02
1.707932704180255626e-02
1.842802416317556105e-02
1.952114954583212755e-02
2.040845672316897799e-02
1.379778667848535409e-02
1.564359125488086824e-02
1.709010607186361649e-02
1.843679715689651097e-02
1.379158210412535952e-02
1.378029196635172614e-02
1.562986520338071478e-02
1.707933137441729546e-02
1.378818558992878952e-02
1.563605865056546043e-02
1.378445541664443177e-02
1.378027719621108607e-02
1.562985361429013870e-02
1.707932227659024471e-02
1.842802028484718385e-02
1.379155640223983167e-02
1.563870335230923420e-02
1.708626932910148680e-02
1.843367442585256213e-02
1.379157294346114102e-02
1.563871633017422172e-02
1.378446156244636511e-02
1.563313677252897022e-02
1.378444866629769186e-02
1.563312665410300506e-02
1.708189169188742071e-02
1.378819231654571098e-02
1.563606392818895838e-02
1.708419744467584017e-02
1.378819838196844623e-02
1.563606868704707845e-02
1.708420118028001339e-02
1.843199116861206702e-02
1.952438326055897649e-02
2.041109544430959322e-02
1.379779657754401194e-02
1.564359902116340198e-02
1.378447286817125438e-02
1.563314564309432192e-02
1.378444868678125115e-02
1.378027718229360953e-02
1.562985360337005442e-02
1.378444108995274461e-02
1.563312070963899375e-02
1.708188702543185500e-02
1.843010769840844332e-02
1.379156250186649481e-02
1.563870813793741613e-02
1.378446154349075026e-02
1.563313675765622135e-02
1.708189962326282785e-02
1.378819233739854433e-02
1.563606394454986753e-02
1.378445542888407163e-02
1.563313196008486380e-02
1.378444865518503246e-02
1.563312664538388241e-02
1.378444864291260112e-02
1.378027718220377340e-02
1.378026853806155368e-02
1.562984682084848226e-02
1.707931694350868501e-02
1.842801594433927243e-02
1.952114284625431143e-02
2.040845125630609547e-02
2.111760636680339379e-02
1.380062768307851497e-02
1.378031076577794153e-02
1.562987995396633578e-02
1.707934295412250406e-02
1.842803711395314681e-02
1.379155645139093847e-02
1.378029191311254224e-02
1.378026856853794939e-02
1.378026852024103084e-02
1.562984680686597613e-02
1.707931693253197936e-02
1.842801593540551244e-02
1.952114283897203248e-02
1.379479639097269325e-02
1.564124519101017102e-02
1.378446741599591470e-02
1.563314136527250986e-02
1.708190324028056178e-02
1.378819234690828628e-02
1.563606395201109014e-02
1.708419746337573250e-02
1.843198814344686881e-02
1.379156800401802781e-02
1.563871245480004391e-02
1.378446155347930538e-02
1.563313676549334119e-02
1.378444866628145138e-02
1.563312665409025484e-02
1.708189169187737666e-02
1.843011149637648408e-02
1.952285103752246856e-02
2.040984514413922424e-02
1.379779188346949917e-02
1.378030486461055866e-02
1.562987532373618857e-02
1.707933931923658402e-02
1.378818561079171723e-02
1.563605866693427646e-02
1.378445541668227997e-02
1.563313195051124760e-02
1.708189584961315732e-02
1.378819232747701372e-02
1.563606393676553186e-02
1.708419745140823606e-02
1.378819838198616990e-02
1.563606868706098399e-02
1.378445543984873657e-02
1.378027719625906679e-02
1.378026853809062417e-02
1.562984682087127306e-02
1.378444107430834738e-02
1.563312069736426044e-02
1.378444862917777881e-02
1.378027718217536210e-02
1.378026853806149470e-02
1.378026852017797885e-02
1.562984680681650182e-02
1.378444107427593233e-02
1.563312069733885368e-02
1.708188701577615862e-02
1.843010769054987882e-02
1.952284793519242986e-02
2.040984261262825117e-02
2.111873854237386258e-02
2.168712821460645063e-02
1.380340338392345434e-02
1.564799778370174269e-02
1.709356554494223870e-02
1.843961285355189689e-02
1.379159037950888726e-02
1.563873001009700656e-02
1.378446159409985050e-02
1.563313679736452744e-02
1.708189965443420236e-02
1.843011797701275822e-02
1.952285632023107939e-02
2.040984945484593943e-02
1.379779189964333401e-02
1.378030486464418627e-02
1.562987532376255984e-02
1.378444114005292209e-02
1.378027716668783070e-02
1.378026853802945435e-02
1.378026852017791293e-02
1.562984680681643590e-02
1.378444107427593580e-02
1.378027716655192379e-02
1.562985359101866020e-02
1.707932225832136872e-02
1.842802026997848730e-02
1.952114637229561758e-02
2.040845413355965587e-02
2.111760870808818136e-02
1.380062769315175582e-02
1.564582016447583004e-02
1.378447801758232380e-02
1.563314968336461039e-02
1.378444869611090626e-02
1.563312667749468948e-02
1.378444864298675014e-02
1.563312663581303483e-02
1.708189167752958634e-02
1.378819231650796687e-02
1.378028493237461530e-02
1.562985968431377173e-02
1.707932704176376784e-02
1.842802416314403766e-02
1.379155641356672596e-02
1.378029191303404080e-02
1.562986516154613037e-02
1.707933134157572225e-02
1.842802766269082543e-02
1.379155642378749290e-02
1.563870336921503387e-02
1.708626934237190628e-02
1.843367443665332520e-02
1.952575538898718155e-02
1.379481162081932187e-02
1.378029867268648970e-02
1.562987046536952820e-02
1.378444112884652864e-02
1.378027716666466174e-02
1.562985359110713804e-02
1.378444108992445648e-02
1.378027716658426945e-02
1.562985359104403574e-02
1.378444108992431076e-02
1.563312070961670949e-02
1.708188702541438980e-02
1.843010769839423940e-02
1.952284794158676631e-02
2.040984261784610510e-02
1.379779187399085040e-02
1.564359533100223229e-02
1.378447285961776313e-02
1.378027723228199795e-02
1.562985364259247487e-02
1.707932229880852748e-02
1.842802030293025362e-02
1.952114639915626670e-02
1.379479640270694918e-02
1.564124520021637973e-02
1.708826456324103252e-02
1.843529834647688465e-02
1.379157770541579800e-02
1.378029195722221129e-02
1.378026856862921146e-02
1.378026852024120778e-02
1.562984680686612532e-02
1.378444107427604336e-02
1.563312069733891613e-02
1.708188701577623148e-02
1.843010769054987535e-02
1.379156250184351493e-02
1.563870813791943745e-02
1.708627308562115504e-02
1.843367748327580033e-02
1.379157295242311281e-02
1.563871633720554516e-02
1.708627952174416459e-02
1.843368272162250118e-02
1.952576214255338435e-02
2.041222061993900119e-02
2.112067356326990941e-02
1.380064090535407587e-02
1.564583052996365228e-02
1.709186371787932771e-02
1.378821859662668348e-02
1.378028498682980392e-02
1.378026855420832510e-02
1.562984683351770210e-02
1.378444107433752022e-02
1.378027716655205390e-02
1.562985359101880592e-02
1.378444108992425352e-02
1.563312070961667480e-02
1.378444862920607389e-02
1.563312662500058667e-02
1.378444864286553807e-02
1.563312663571793035e-02
1.378444864289027870e-02
1.563312663573732109e-02
1.708189167747016166e-02
1.378819231650780901e-02
1.563606392815924256e-02
1.378445542884618527e-02
1.563313196005512717e-02
1.378444865518495613e-02
1.378027718222916455e-02
1.562985360331951151e-02
1.378444108995262839e-02
1.563312070963891742e-02
1.708188702543186194e-02
1.843010769840847107e-02
1.379156250186648960e-02
1.378029192567016732e-02
1.562986517146078627e-02
1.707933134935909342e-02
1.378818558986298626e-02
1.563605865051385588e-02
1.708419330181086895e-02
1.843198475637539829e-02
1.952437803358588256e-02
2.041109117907493817e-02
2.111975452185590671e-02
1.380063693769978568e-02
1.564582741718431938e-02
1.378447803440397031e-02
1.563314969656298681e-02
1.708190978041341720e-02
1.378819236410343783e-02
1.563606396550219768e-02
1.708419747396597993e-02
1.378819838204555295e-02
1.563606868710757519e-02
1.708420118032744073e-02
1.843199116865070625e-02
1.952438326059048948e-02
2.041109544433538855e-02
2.111975799255732394e-02
2.168795659519322586e-02
1.380340753862961158e-02
1.378031655156567760e-02
1.562988449366601793e-02
1.378444116120433431e-02
1.563312076554358374e-02
1.708188706931748971e-02
1.378819230439229902e-02
1.563606391865354772e-02
1.378445542882419592e-02
1.378027719623627426e-02
1.378026853809057560e-02
1.378026852017802915e-02
1.378026852014097720e-02
1.562984680678745561e-02
1.707931693247033769e-02
1.842801593535541016e-02
1.952114283893120056e-02
2.040845125033041024e-02
2.111760636194093960e-02
1.380062768305759073e-02
1.378031076577788776e-02
1.562987995396628374e-02
1.707934295412249365e-02
1.378818562033689091e-02
1.563605867442331362e-02
1.708419332057929674e-02
1.843198477165089791e-02
1.379156799414369208e-02
1.563871244705287294e-02
1.708627646812464415e-02
1.843368023628805599e-02
1.952576011661088379e-02
2.041221896675692385e-02
2.112067221805690939e-02
2.168869946698824894e-02
2.214579344328654331e-02
2.251257374783968354e-02
2.280571671708893355e-02
2.303875278979052380e-02
2.322268573729763252e-02
2.336647953797602734e-02
1.381762107872101797e-02
1.378034622772669228e-02
1.562990777845366455e-02
1.378444121491369939e-02
1.378027716684260967e-02
1.562985359124674858e-02
1.378444108992476699e-02
1.378027716658427465e-02
1.378026853802923578e-02
1.378026852017790078e-02
1.378026852014097546e-02
1.562984680678747643e-02
1.707931693247038279e-02
1.378818555200479051e-02
1.378028491835799410e-02
1.378026855406666064e-02
1.378026852021108604e-02
1.562984680684246022e-02
1.707931693251348720e-02
1.842801593539047586e-02
1.379155638953690789e-02
1.563870334234279333e-02
1.378446153239449093e-02
1.378027720885880922e-02
1.562985362421392271e-02
1.707932228438071784e-02
1.842802029118772653e-02
1.379155640225835158e-02
1.563870335232376771e-02
1.378446153241758877e-02
1.563313674896807393e-02
1.708189961644256127e-02
1.843011794609169043e-02
1.952285629502569647e-02
2.040984943427824605e-02
2.111874409327588881e-02
2.168713272515318882e-02
2.214452359019309508e-02
2.251154622514314405e-02
1.380854022265755321e-02
1.565202758873052505e-02
1.709672842744502583e-02
1.844218717388050252e-02
1.379159795950910504e-02
1.378029199925977916e-02
1.378026856871618008e-02
1.562984684490103041e-02
1.707931696239079963e-02
1.378818555208336134e-02
1.378028491835815716e-02
1.562985967331600654e-02
1.707932703313013584e-02
1.842802415611728348e-02
1.379155641354620244e-02
1.378029191303399917e-02
1.378026856853778633e-02
1.562984684476104516e-02
1.707931696228085286e-02
1.842801595961767597e-02
1.952114285870854699e-02
2.040845126646876825e-02
2.111760637507308774e-02
1.380062768311409588e-02
1.564582015660093486e-02
1.709185557575161954e-02
1.378821857511602043e-02
1.563608453034710452e-02
1.708421361693700583e-02
1.843200129072960700e-02
1.952439151166386264e-02
1.379480711154018428e-02
1.564125360193245606e-02
1.378446743547672229e-02
1.563314138055727984e-02
1.708190325227923467e-02
1.378819234693983396e-02
1.378028493243767597e-02
1.562985968436324258e-02
1.707932704180258054e-02
1.842802416317562003e-02
1.952114954583212061e-02
2.040845672316901269e-02
2.111761081531050507e-02
1.380062770221799143e-02
1.564582017158866120e-02
1.378447801759882796e-02
1.378027724294835984e-02
1.562985365096156848e-02
1.707932230537853244e-02
1.378818556611379961e-02
1.378028491838723633e-02
1.562985967333882856e-02
1.707932703314802084e-02
1.842802415613186556e-02
1.952114954009037326e-02
2.040845671848375356e-02
2.111761081149806513e-02
2.168621183898847976e-02
2.214377658090480733e-02
2.251094174805112411e-02
1.380853603525704007e-02
1.378032724370951805e-02
1.562989288303677157e-02
1.378444118055542796e-02
1.563312078072662953e-02
1.378444862937027414e-02
1.378027718217576802e-02
1.562985360327762141e-02
1.707932226794506639e-02
1.842802027781104135e-02
1.952114637868034713e-02
2.040845413876958211e-02
2.111760871232761655e-02
1.380062769316999643e-02
1.564582016449015886e-02
1.378447801758236370e-02
1.563314968336466590e-02
1.708190977005261471e-02
1.378819236407619747e-02
1.378028493247318055e-02
1.378026855409586991e-02
1.562984683342949488e-02
1.707931695338522210e-02
1.378818555205970318e-02
1.563605862085381062e-02
1.378445541657574019e-02
1.563313195042767556e-02
1.708189584954759171e-02
1.378819232747684198e-02
1.563606393676541043e-02
1.708419745140815280e-02
1.378819838198616816e-02
1.378028494494284648e-02
1.562985969417516469e-02
1.707932704950526626e-02
1.842802416944473026e-02
1.952114955094236270e-02
1.379479641309518806e-02
1.564124520836656859e-02
1.708826456963838045e-02
1.843529835168369185e-02
1.379157770543107918e-02
1.378029195722224771e-02
1.562986519621748296e-02
1.707933136879391176e-02
1.842802768484325115e-02
1.952115241651668914e-02
2.040845906565081497e-02
1.379778668726196547e-02
1.378030485380735137e-02
1.378026859531075211e-02
1.562984686576789073e-02
1.707931697877199465e-02
1.378818555212637555e-02
1.563605862090614029e-02
1.378445541657586336e-02
1.378027719621094035e-02
1.562985361429002767e-02
1.707932227659018920e-02
1.378818556603820730e-02
1.563605863182121816e-02
1.708419328713755431e-02
1.378819837102286325e-02
1.563606867845934723e-02
1.378445543982886011e-02
1.378027719625903036e-02
1.378026853809063285e-02
1.562984682087130775e-02
1.378444107430835258e-02
1.563312069736428125e-02
1.378444862917778749e-02
1.378027718217535863e-02
1.562985360327728487e-02
1.378444108995252430e-02
1.563312070963883069e-02
1.378444862920612593e-02
1.563312662500064565e-02
1.708189166904175785e-02
1.378819231648565659e-02
1.378028493237456846e-02
1.562985968431371622e-02
1.378444110397897618e-02
1.563312072064408989e-02
1.708188703407099995e-02
1.843010770543983615e-02
1.952284794733004716e-02
1.379480201403948669e-02
1.378029865273702574e-02
1.562987044971656664e-02
1.707933549296744222e-02
1.378818560074400977e-02
1.563605865905099562e-02
1.708419330851232779e-02
1.843198476182971585e-02
1.952437803803200311e-02
2.041109118270294925e-02
2.111975452480810422e-02
2.168795377740247166e-02
1.380340752448240560e-02
1.564800103206861331e-02
1.378448307771017525e-02
1.378027725341201756e-02
1.562985365917167468e-02
1.378444109008145416e-02
1.378027716658461119e-02
1.562985359104435493e-02
1.378444108992431597e-02
1.563312070961671296e-02
1.378444862920607736e-02
1.378027718217542108e-02
1.562985360327735079e-02
1.378444108995252951e-02
1.563312070963882722e-02
1.708188702543175091e-02
1.843010769840836352e-02
1.952284794159828835e-02
1.379480201402056953e-02
1.564124960262553918e-02
1.378446742621378639e-02
1.563314137328955175e-02
1.378444867692157558e-02
1.378027718227412858e-02
1.562985360335480620e-02
1.707932226800565334e-02
1.378818556601565763e-02
1.378028491838701776e-02
1.562985967333867243e-02
1.378444110395366136e-02
1.378027716661318902e-02
1.378026853802929302e-02
1.562984682082316223e-02
1.378444107430823809e-02
1.563312069736420146e-02
1.378444862917777534e-02
1.563312662497838915e-02
1.378444864286547909e-02
1.378027718220367799e-02
1.378026853806155194e-02
1.562984682084849614e-02
1.707931694350873358e-02
1.842801594433937651e-02
1.952114284625446408e-02
1.379479639099668968e-02
1.378029864106028977e-02
1.562987044055466623e-02
1.707933548577502195e-02
1.378818560072512210e-02
1.563605865903613251e-02
1.378445541666401160e-02
1.563313195049690144e-02
1.708189584960186427e-02
1.843011488030204051e-02
1.952285379593873826e-02
2.040984739501551168e-02
2.111874243389035705e-02
1.380063257390253158e-02
1.378031077595632051e-02
1.378026860756303117e-02
1.378026852032175967e-02
1.562984680692932130e-02
1.378444107427619948e-02
1.563312069733905144e-02
1.378444862917772330e-02
1.563312662497835098e-02
1.708189166902426490e-02
1.378819231648560455e-02
1.563606392814182594e-02
1.378445542884613670e-02
1.378027719623631589e-02
1.378026853809057733e-02
1.378026852017803089e-02
1.562984680681655039e-02
1.707931693249317359e-02
1.842801593537399946e-02
1.379155638953685932e-02
1.563870334234276210e-02
1.708626932127822046e-02
1.843367441948517635e-02
1.952575537499248032e-02
2.041221509756583480e-02
2.112066906965219537e-02
1.380064088593884949e-02
1.564583051473165606e-02
1.709186370592365514e-02
1.378821859659509763e-02
1.563608454719934981e-02
1.708421363016564970e-02
1.378819842458039319e-02
1.378028494503111094e-02
1.562985969424440791e-02
1.378444110400188667e-02
1.378027716661329657e-02
1.562985359106687511e-02
1.707932225835921691e-02
1.378818556599033240e-02
1.563605863178365793e-02
1.378445541660100644e-02
1.563313195044748610e-02
1.708189584956313484e-02
1.378819232747688361e-02
1.563606393676542777e-02
1.378445542886607214e-02
1.563313196007073969e-02
1.378444865518499429e-02
1.563312664538386854e-02
1.708189168504275351e-02
1.843011149081381569e-02
1.952285103298803323e-02
2.040984514043904519e-02
1.379779188345561965e-02
1.378030486461053611e-02
1.562987532373618163e-02
1.378444114005285444e-02
1.563312074894798384e-02
1.708188705628980314e-02
1.843010772352339163e-02
1.952284796207087031e-02
1.379480201408814048e-02
1.564124960267850722e-02
1.708826801890163394e-02
1.843530115904597200e-02
1.952708142842271219e-02
2.041329716681659912e-02
2.112154956061740307e-02
2.168941236325884828e-02
1.380341485429866649e-02
1.564800678248322308e-02
1.378448309105945006e-02
1.563315366405637619e-02
1.708191289492869830e-02
1.378819237229206643e-02
1.378028493249021554e-02
1.378026855409589767e-02
1.562984683342952263e-02
1.378444107433732246e-02
1.563312069738700960e-02
1.708188701581396171e-02
1.843010769058058690e-02
1.952284793521745151e-02
2.040984261264863764e-02
1.379779187397134517e-02
1.378030486459081404e-02
1.562987532372072524e-02
1.707933931922444443e-02
1.378818561079169121e-02
1.378028491847979771e-02
1.562985967341143714e-02
1.707932703320503426e-02
1.842802415617821390e-02
1.952114954012818329e-02
2.040845671851456225e-02
2.111761081152309025e-02
1.380062770220169370e-02
1.564582017157587282e-02
1.378447801759879847e-02
1.563314968337755143e-02
1.708190977006274897e-02
1.378819236407621829e-02
1.378028493247318749e-02
1.562985968439111265e-02
1.707932704182446582e-02
1.842802416319346687e-02
1.952114954584671311e-02
1.379479641307839420e-02
1.564124520835341592e-02
1.708826456962807966e-02
1.843529835167527497e-02
1.379157770543105316e-02
1.563872006630679518e-02
1.708628244894431353e-02
1.843368510406447752e-02
1.379157297476142803e-02
1.563871635473169583e-02
1.378446156250318771e-02
1.378027720892107538e-02
1.562985362426274824e-02
1.707932228441909339e-02
1.378818556605876031e-02
1.563605863183732333e-02
1.378445541660113655e-02
1.563313195044757978e-02
1.378444865516277422e-02
1.378027718222911598e-02
1.562985360331948723e-02
1.378444108995263012e-02
1.378027716658433016e-02
1.562985359104410166e-02
1.707932225834138049e-02
1.842802026999471737e-02
1.952114637230887087e-02
1.379479640261846614e-02
1.378029864108442151e-02
1.378026858245733066e-02
1.562984685568274273e-02
1.378444107438864426e-02
1.563312069742723090e-02
1.708188701584555449e-02
1.843010769060633713e-02
1.952284793523842432e-02
1.379480201399958805e-02
1.564124960260904890e-02
1.708826801884710811e-02
1.843530115900153532e-02
1.952708142838652933e-02
1.379481601002623993e-02
1.564126058332285241e-02
1.378446745164662451e-02
1.563314139324437427e-02
1.378444867696765330e-02
1.378027718227422573e-02
1.562985360335489640e-02
1.707932226800568803e-02
1.378818556601566631e-02
1.563605863180355174e-02
1.708419328712366264e-02
1.378819837102283376e-02
1.378028494492013548e-02
1.562985969415735601e-02
1.707932704949131908e-02
1.842802416943333313e-02
1.952114955093310622e-02
1.379479641309514990e-02
1.378029864110617668e-02
1.378026858245737923e-02
1.378026852026982725e-02
1.562984680688856570e-02
1.378444107427609366e-02
1.378027716655193941e-02
1.378026853802916812e-02
1.562984682082306509e-02
1.378444107430824329e-02
1.378027716655199492e-02
1.562985359101874347e-02
1.707932225832141729e-02
1.842802026997849077e-02
1.952114637229563493e-02
1.379479640261842451e-02
1.378029864108441804e-02
1.378026858245733240e-02
1.378026852026982552e-02
1.562984680688858652e-02
1.707931693254966313e-02
1.842801593542001126e-02
1.379155638953699636e-02
1.563870334234283149e-02
1.378446153239449960e-02
1.563313674895000505e-02
1.708189961642837471e-02
1.843011794608020310e-02
1.952285629501637060e-02
2.040984943427064449e-02
2.111874409326967850e-02
2.168713272514817547e-02
2.214452359018906358e-02
2.251154622513986542e-02
1.380854022265753760e-02
1.565202758873049035e-02
1.709672842744497726e-02
1.844218717388047130e-02
1.379159795950909984e-02
1.563873595719036599e-02
1.708629492267066743e-02
1.378820390527719410e-02
1.563607302056880394e-02
1.378445544986781762e-02
1.378027719627978979e-02
1.562985361434402615e-02
1.707932227663253727e-02
1.378818556603830965e-02
1.563605863182129449e-02
1.708419328713761329e-02
1.378819837102286845e-02
1.378028494492014068e-02
1.378026855412161147e-02
1.562984683344969400e-02
1.378444107433736930e-02
1.378027716655205043e-02
1.378026853802916986e-02
1.378026852017790078e-02
1.562984680681648447e-02
1.707931693249315971e-02
1.378818555200484429e-02
1.378028491835799410e-02
1.562985967331588510e-02
1.707932703312999706e-02
1.842802415611717246e-02
1.952114954007843836e-02
1.379479641305938510e-02
1.564124520833847648e-02
1.708826456961635987e-02
1.843529835166580685e-02
1.952707913995406844e-02
1.379481600244553130e-02
1.564126057737534603e-02
1.378446745163284561e-02
1.563314139323352184e-02
1.708190326223023303e-02
1.378819234696600053e-02
1.378028493243773148e-02
1.562985968436325299e-02
1.378444110397908894e-02
1.378027716661325147e-02
1.562985359106676755e-02
1.378444108992435760e-02
1.563312070961673031e-02
1.708188702541443491e-02
1.843010769839431226e-02
1.952284794158680101e-02
1.379480201402053137e-02
1.564124960262549061e-02
1.378446742621377771e-02
1.563314137328952400e-02
1.708190324657398243e-02
1.378819234692483034e-02
1.563606395202404506e-02
1.378445542890135295e-02
1.563313196009842240e-02
1.708189585713921696e-02
1.843011488643661946e-02
1.952285380093939440e-02
1.379480203335894418e-02
1.564124961779761111e-02
1.378446742624892321e-02
1.378027722104708391e-02
1.562985363377716874e-02
1.707932229188825063e-02
1.842802029729795690e-02
1.379155640227619668e-02
1.378029191301060816e-02
1.378026856853773949e-02
1.562984684476102434e-02
1.707931696228089796e-02
1.378818555208307511e-02
1.563605862087220216e-02
1.708419327854283215e-02
1.843198473743769966e-02
1.379156799404349619e-02
1.563871244697423099e-02
1.708627646806290534e-02
1.378820385664852183e-02
1.378028495628690411e-02
1.562985970307603778e-02
1.707932705649276711e-02
1.842802417513174709e-02
1.952114955557822037e-02
2.040845673112177960e-02
