1.333846605536605397e-02
1.584477752091828506e-02
1.772950070850790039e-02
1.914569313695669781e-02
2.049149739300193396e-02
1.434120465710963035e-02
1.671970379226836445e-02
1.855824643889201347e-02
1.998222174002620838e-02
2.108596675735874976e-02
2.194123984322485579e-02
2.260304307102593141e-02
2.311380719804820641e-02
2.350642299564918367e-02
1.433443681009616277e-02
1.669202376055136869e-02
1.850662311584237718e-02
1.990616781252338777e-02
2.098644316752379044e-02
2.181998504468511332e-02
2.246215979697115811e-02
2.295550516847899222e-02
2.333286334199696430e-02
1.432749526254070878e-02
1.667104388144616950e-02
1.846936769434373224e-02
1.985219033815677214e-02
2.091632742447626161e-02
2.173487348037187600e-02
2.236346249100784611e-02
2.284471314879130480e-02
1.432209926023261456e-02
1.430828461435430798e-02
1.664460450175968276e-02
1.843321843347757449e-02
1.980539676580426317e-02
2.085888074825589453e-02
2.166728698421298976e-02
2.228652839420611209e-02
1.431730021254182077e-02
1.664518903428751848e-02
1.842513651120011864e-02
1.978895997787214617e-02
2.083468859087956801e-02
2.163607790997304145e-02
1.431391413808116506e-02
1.663831130729097676e-02
1.841406265952891252e-02
1.430725189106602999e-02
1.663125436182098446e-02
1.840599468165973404e-02
1.976411408260764571e-02
2.080412925842380772e-02
2.160007536984437024e-02
2.220805488007783837e-02
2.267087121518346002e-02
2.302135327909433926e-02
2.328478598287150522e-02
2.348070497485952451e-02
2.362424474330854576e-02
2.372715351971023054e-02
2.379856409526024535e-02
2.384558816779796045e-02
2.387376198483871087e-02
2.388740436875937817e-02
1.431878109801457827e-02
1.665798344422381519e-02
1.431009422438972445e-02
1.664846897668202652e-02
1.430861796618175009e-02
1.664465682314391834e-02
1.843509148025244265e-02
1.981161143840754965e-02
2.087203576202714336e-02
2.168986304320553657e-02
2.232077163517938792e-02
2.280722767363681930e-02
1.431190095371518214e-02
1.663968104912149498e-02
1.842123852689074234e-02
1.978902080923668552e-02
2.084126045819116244e-02
1.430717441448824297e-02
1.429914816972433118e-02
1.662459659861915268e-02
1.430063741455732916e-02
1.662398622360281367e-02
1.429973691115659327e-02
1.662165240125421106e-02
1.839569645725363384e-02
1.975544620394404510e-02
2.079978376433304008e-02
2.160275881853802871e-02
2.222030344529811810e-02
2.269494928695804312e-02
2.305920832863417314e-02
1.430550655328984011e-02
1.662093339532819472e-02
1.838827949475089693e-02
1.429811701090458707e-02
