3.609999999850368457e+00
3.610163916092522296e+00
3.609676677391290500e+00
3.608994208448516705e+00
3.609607215042498041e+00
3.610328478343034941e+00
3.611152963956589801e+00
3.612060405650498573e+00
3.613043246541133513e+00
3.614094640632250055e+00
3.612085448686353395e+00
3.613394531498536288e+00
3.614765725675684660e+00
3.612284979183603806e+00
3.615411081746529476e+00
3.617949458318094003e+00
3.614847029890295271e+00
3.618434759557168423e+00
3.621313697894275041e+00
3.617652919318248728e+00
3.619952436195781775e+00
3.622384333302726578e+00
3.624939010375129556e+00
3.627607533289041175e+00
3.630381533654888138e+00
3.625397249789356735e+00
3.628441920687407674e+00
3.623106948293009832e+00
3.626413945097316738e+00
3.629791049997951102e+00
3.633615441088486442e+00
3.627853048694941851e+00
3.631278890852405627e+00
3.625232952684498411e+00
3.628883384142528534e+00
3.632863070002981143e+00
3.636872279416849096e+00
3.640906421365285084e+00
3.634161393921236272e+00
3.638056317432734055e+00
3.631078237717264123e+00
3.635758673294698262e+00
3.640262831830967993e+00
3.644763566866118687e+00
3.637833078993866653e+00
3.630658608637647777e+00
3.623271763490843345e+00
3.628952766960686471e+00
3.635511849417151442e+00
3.627098010286008201e+00
3.618534324911878652e+00
3.625394689036637530e+00
3.631902140575417270e+00
3.638417017305498824e+00
3.629165746646595636e+00
3.636262368850237348e+00
3.642968218077537124e+00
3.633262877779442235e+00
3.623486331999282051e+00
3.631366948435228004e+00
3.638435900383973465e+00
3.645494115581132011e+00
3.652539230430694950e+00
3.642027283395542270e+00
3.649666715045472465e+00
3.656868949613167441e+00
3.645997811420060408e+00
3.653795845533589937e+00
3.642729999259598284e+00
3.650712549011560171e+00
3.658220342931743474e+00
3.665691744831152121e+00
3.654172871182566951e+00
3.662240420679162778e+00
3.650556668499038704e+00
3.658798993062155613e+00
3.646962396781177951e+00
3.654718862831524806e+00
3.663262143281519556e+00
3.671096956465479622e+00
3.658872384461973049e+00
3.645995489473416562e+00
3.633022429599626069e+00
3.641784541897191030e+00
3.628709781817686775e+00
3.637779994851163323e+00
3.646080946310861215e+00
3.654359641879211473e+00
3.641004342266219496e+00
3.627565733636794576e+00
3.637799894308417326e+00
3.624346847186027176e+00
3.610838437976386484e+00
3.597289515603645960e+00
3.605870155278052991e+00
3.614516446321139220e+00
3.623207608761750631e+00
3.631924572358150360e+00
3.640649842583613349e+00
3.649367362365039114e+00
3.658062404810042523e+00
3.666721483204792964e+00
3.651982641161020116e+00
3.660893118812000413e+00
3.669742203749181364e+00
3.678519735689217640e+00
3.663436015189565520e+00
3.672456983574973410e+00
3.657172535389209056e+00
3.641748304495217248e+00
3.651330761274647951e+00
3.635727061783812442e+00
3.645532012420854340e+00
3.655223247970134537e+00
3.664794340528775951e+00
3.648942109944728784e+00
3.632953244074303090e+00
3.643086707343014208e+00
3.653083943780143894e+00
3.636911059627853771e+00
3.620617762118950367e+00
3.631165774504355070e+00
3.614737426135327336e+00
3.598226442549002257e+00
3.581663570064500313e+00
3.565081359742220624e+00
3.576753875330150212e+00
3.560091053799510075e+00
3.571905964298187186e+00
3.583572392283655539e+00
3.595083969898302811e+00
3.606434775491646594e+00
3.589493262068863100e+00
3.572524460988108608e+00
3.555564484317264018e+00
3.538650672467922309e+00
3.551023550413998642e+00
3.563246038796954451e+00
3.546185705700724444e+00
3.558525824709690255e+00
3.570708556648451992e+00
3.582726568295694136e+00
3.565454029700186211e+00
3.577603747355168728e+00
3.589581765716066908e+00
3.601381622739091792e+00
3.612997453826384930e+00
3.595527704217990728e+00
3.578029602644443585e+00
3.590122556505637164e+00
3.572573964529759394e+00
3.584797829152964521e+00
3.567206004389906315e+00
3.579554299469320799e+00
3.591717895767521096e+00
3.603690322362417042e+00
3.585965713638711083e+00
3.598077741718798350e+00
3.609992635078104417e+00
3.592191384537763987e+00
3.604249766566681501e+00
3.616105276749688624e+00
3.598235363327996872e+00
3.580337966193108734e+00
3.562455689574240303e+00
3.544073317550097357e+00
3.556987895868224836e+00
3.538607223046002836e+00
3.552143685352818991e+00
3.533752854368446439e+00
3.514736193441063250e+00
3.529109772452172500e+00
3.509968442434399538e+00
3.490828249777921499e+00
3.507306474046680389e+00
3.488242453194450476e+00
3.503424131609951697e+00
3.484373387094766183e+00
3.499617143447200984e+00
3.480583393036507989e+00
3.495885573891084785e+00
3.509550045626133929e+00
3.523069740780190973e+00
3.537140767241624850e+00
3.550283241526402289e+00
3.563802593902920091e+00
3.545180640614909784e+00
3.558196939081217369e+00
3.539589285641923766e+00
3.553227667736767348e+00
3.566740803799463233e+00
3.548051847800889114e+00
3.561068274858787852e+00
3.574467838992738233e+00
3.556263344038207208e+00
3.569198940138588849e+00
3.550446095555249038e+00
3.563468452927349261e+00
3.576866279602825216e+00
3.589506014848456328e+00
3.571184057471528561e+00
3.552369728876464183e+00
3.565962347491778761e+00
3.547144822321532942e+00
3.560266968271578847e+00
3.573776874531668035e+00
3.586515604712215755e+00
3.568138831227142038e+00
3.549268227689111210e+00
3.562392901019152625e+00
3.575898557793105503e+00
3.557529474132287817e+00
3.538666496071884549e+00
3.551958232968221996e+00
3.565106565980991515e+00
3.578585793524538872e+00
3.591297379793066735e+00
3.603795833184638475e+00
3.616074100738115416e+00
3.597572055155572990e+00
3.579064264653622818e+00
3.591811778430354263e+00
3.604342385155449247e+00
3.585802495541180246e+00
3.598454676771029703e+00
3.579903730633259951e+00
3.592670782884454628e+00
3.605218053046746807e+00
3.586638614516441059e+00
3.599307156629967253e+00
3.580717279651419283e+00
3.562165306845926693e+00
3.543111208668706880e+00
3.523430005821567956e+00
3.537584039581191941e+00
3.517822993917830043e+00
3.498069804784163850e+00
3.478366242531359731e+00
3.458753888712954083e+00
3.472339692756538643e+00
3.486013163263769865e+00
3.499725367375632334e+00
3.513432350933448411e+00
3.493295159736673483e+00
3.473176425444498783e+00
3.487488876050167441e+00
3.501737235897263822e+00
3.481415023142604426e+00
3.461120575875524796e+00
3.475924860467547894e+00
3.490624853528564664e+00
3.505195485545952394e+00
3.484624865056856091e+00
3.464056906942990732e+00
3.479174882023607029e+00
3.494137332800699269e+00
3.508924467316235862e+00
3.488142326797704307e+00
3.503121203632554970e+00
3.517897590618652703e+00
3.497002906342308926e+00
3.511968297043230436e+00
3.490992002077202727e+00
3.506137294053906395e+00
3.521050327766075849e+00
3.535718620465047923e+00
3.550131139116960099e+00
3.564278284064323454e+00
3.578151846418220039e+00
3.591744953484178104e+00
3.570961561773329684e+00
3.549950697187743920e+00
3.528751564619869274e+00
3.543547524711939456e+00
3.522255179031688499e+00
3.500828582011493939e+00
3.516265639349965610e+00
3.494773507444953964e+00
3.473207137955168111e+00
3.451618220432979278e+00
3.468033148443470104e+00
3.484170523213943937e+00
3.500019830868081439e+00
3.478391761965417217e+00
3.494380795606771617e+00
3.472712190954957645e+00
3.488834367111992574e+00
3.467131411654043482e+00
3.483380302587700150e+00
3.461648968705123064e+00
3.478018303537557809e+00
3.494091626254634875e+00
3.509859891327831161e+00
3.488134741340141787e+00
3.504047691671571041e+00
3.519647527867908021e+00
3.534927740540604546e+00
3.513269098890675401e+00
3.528715780344851449e+00
3.543835784970695624e+00
3.522192821025865062e+00
3.537486085056642970e+00
3.552446297823954158e+00
3.567070269995588294e+00
3.545565336140794166e+00
3.523855198048000403e+00
3.501987016028450306e+00
3.517804089491543440e+00
3.495884937420251415e+00
3.473873433147197876e+00
3.490288253343304170e+00
3.506373865903905873e+00
3.522123654058433306e+00
3.500192781854819302e+00
3.516090846716025009e+00
3.531648135009040068e+00
3.509748654661964729e+00
3.525462973086678886e+00
3.503507392161925971e+00
3.481438941493681050e+00
3.497771303311938862e+00
3.475675450426034985e+00
3.492129284517490273e+00
3.470011892465892700e+00
3.447867555920550053e+00
3.464852958308199504e+00
3.481518184179650977e+00
3.459380103169369836e+00
3.476149910140718280e+00
3.454006090793078965e+00
3.470874837191312512e+00
3.448730315326428819e+00
3.426618360278076203e+00
3.443957116299492416e+00
3.460994238074671436e+00
3.438867199301213429e+00
3.416801303428151027e+00
3.434278512264760330e+00
3.412243502690514241e+00
3.429776480899023205e+00
3.447024626346893772e+00
3.463973713763086604e+00
3.480611574195040525e+00
3.496927959601203728e+00
3.474839134336181967e+00
3.491278472296845958e+00
3.507389574599971027e+00
3.523165161296670789e+00
3.538599528498620472e+00
3.516681581015716596e+00
3.494623440329763575e+00
3.510704278512390974e+00
3.488608064006427423e+00
3.466440390356173129e+00
3.483100100317458647e+00
3.460922047783286715e+00
3.438745705866219637e+00
3.455908998514616304e+00
3.472760432074554426e+00
3.489289109062894134e+00
3.505486012264290352e+00
3.521343866056532601e+00
3.536857001573229908e+00
3.514883590742181152e+00
3.530557207542493359e+00
3.545881198141315860e+00
3.560852367758873260e+00
3.575468793835851145e+00
3.589729702811702783e+00
3.603635374107704958e+00
3.617187022638838290e+00
3.633135852762130913e+00
3.646441623658165820e+00
3.658832854784835664e+00
3.671632375358125255e+00
3.652628230963487876e+00
3.663177211529128119e+00
3.675893516423557106e+00
3.656949067617027094e+00
3.667377049102686026e+00
3.647698577647946916e+00
3.659688152564815056e+00
3.639832195167138185e+00
3.652075928431248286e+00
3.632050247484138072e+00
3.644542606603252910e+00
3.624354982207972586e+00
3.603695300440973970e+00
3.582615372881439164e+00
3.595533497585094551e+00
3.574161341343577103e+00
3.551952889842133754e+00
3.567032275338013037e+00
3.582279774587124876e+00
3.596560446600935546e+00
3.610447298528175253e+00
3.623947281358925299e+00
3.603005820393587300e+00
3.616722716353106826e+00
3.630054776951764151e+00
3.643596696293171178e+00
3.623361627968658460e+00
3.602652858217983312e+00
3.615203176916574446e+00
3.594091322788960596e+00
3.608084272522343205e+00
3.586860442323732023e+00
3.601055857273979477e+00
3.614854468026666545e+00
3.593733112456443113e+00
3.572296632514994297e+00
3.550019041077599802e+00
3.565185990948202654e+00
3.542849501731404338e+00
3.558714016299296290e+00
3.536304773052535655e+00
3.552337568927644185e+00
3.567455629134816952e+00
3.582700317059598127e+00
3.561149079762498282e+00
3.576008115234288631e+00
3.590465092528260183e+00
3.604526092654344094e+00
3.583277752077769662e+00
3.561735855056359590e+00
3.576578100023218632e+00
3.591018622695446361e+00
3.605063527899085685e+00
3.618719401923690793e+00
3.597685217825996595e+00
3.611554002267366670e+00
3.625035793729221911e+00
3.604094936193646959e+00
3.617794477886393967e+00
3.631108974505799392e+00
3.610259436930839616e+00
3.623796231258309408e+00
3.637525236217957314e+00
3.650328709846511810e+00
3.662764299932672163e+00
3.642882845373964784e+00
3.655107771819813944e+00
3.635054073687323140e+00
3.614502938237909913e+00
3.626712874853697866e+00
3.640405212743984542e+00
3.620041228934616662e+00
3.632418801153383114e+00
3.611525542786174103e+00
3.590283861223471540e+00
3.604447825622794532e+00
3.618209163847391885e+00
3.597075777169369548e+00
3.575616356043278099e+00
3.590185231823453282e+00
3.568633262061643219e+00
3.583386591293218348e+00
3.561749205814911612e+00
3.576680717231602635e+00
3.591199786315488751e+00
3.605313356978559369e+00
3.583997765441022221e+00
3.598311128717925467e+00
3.612222926458860783e+00
3.625740727156227639e+00
3.639452232414235766e+00
3.619074551112581695e+00
3.598224974025992395e+00
3.576957225061986989e+00
3.590137107754348911e+00
3.604287331259276694e+00
3.582944541869083288e+00
3.561302244291558949e+00
3.538813310941767654e+00
3.516094482279787492e+00
3.493205297134942988e+00
3.510868349083719142e+00
3.487933648830270794e+00
3.464910205252505371e+00
3.483279795372819621e+00
3.500098764294500508e+00
3.516510476628673221e+00
3.532514594491407589e+00
3.548112273376122339e+00
3.525607641056834218e+00
3.502916507859206607e+00
3.520236738135118060e+00
3.536112645417040401e+00
3.513513523100306291e+00
3.490761479986170368e+00
3.508365589473669388e+00
3.524495726748721136e+00
3.540227519161217806e+00
3.555562328866112676e+00
3.533213036196457324e+00
3.549215192629890936e+00
3.564313928297328626e+00
3.579559272090609312e+00
3.558044001441268644e+00
3.572898143708596486e+00
3.587362325998173951e+00
3.601441211858747327e+00
3.580205793669692937e+00
3.594484672127366665e+00
3.608379324746596062e+00
3.621895442013034483e+00
3.600950284156868353e+00
3.614682925501640831e+00
3.593618479072743899e+00
3.607561193320206971e+00
3.621121124427627347e+00
3.600146169872827429e+00
3.613921145764464438e+00
3.627314640258576972e+00
3.606427893086507019e+00
3.620041088199530854e+00
3.599029829858181539e+00
3.612856453121484179e+00
3.591727955031251973e+00
3.570292853056194371e+00
3.548022321165791748e+00
3.563203112845281684e+00
3.578561757853687464e+00
3.592945688429957762e+00
3.571535916338403727e+00
3.549291962508735132e+00
3.564428951925291855e+00
3.579742601567614813e+00
3.558169148689259931e+00
3.535760503470930072e+00
3.551230633805324999e+00
3.566339512045696214e+00
3.581581688041637346e+00
3.595861228733180592e+00
3.609751307419393207e+00
3.588597689158001369e+00
3.567144837207070651e+00
3.544858521691392816e+00
3.522335849819380194e+00
3.499633391534462845e+00
3.476812502841332364e+00
3.495193272396254436e+00
3.511651178140035245e+00
3.488878168154442960e+00
3.466020013862850746e+00
3.443143939091765304e+00
3.420319723513404853e+00
3.437844836314415176e+00
3.415132103465510216e+00
3.392557101603046021e+00
3.410584068657578793e+00
3.428344445098863158e+00
3.445818851589081966e+00
3.462990429341255005e+00
3.479844747491259938e+00
3.496369683161681063e+00
3.512555281751850167e+00
3.528393605635328889e+00
3.543878575780525786e+00
3.559005811487446547e+00
3.573772478640399264e+00
3.588177135904259352e+00
3.602219590155128603e+00
3.580689447098309053e+00
3.594954330141752585e+00
3.608852062700903307e+00
3.587395102030041638e+00
3.601517267201779227e+00
3.579936601886816838e+00
3.594275477909916194e+00
3.572578922490063480e+00
3.587126988650752413e+00
3.565322346631615957e+00
3.543248029815063482e+00
3.558562385394049343e+00
3.573491696517953731e+00
3.551503502398028367e+00
3.529274450335735391e+00
3.506855960717360166e+00
3.484304253221574665e+00
3.500996384213128643e+00
3.517313365035367845e+00
3.494834228408723042e+00
3.472255070533019072e+00
3.489177282916608558e+00
3.505732907963461376e+00
3.521915913709690926e+00
3.537722067576686502e+00
3.515408334998037621e+00
3.492943147094563106e+00
3.509405606110165277e+00
3.486916462774927172e+00
3.464351137608503883e+00
3.441772618819654905e+00
3.459236244534627858e+00
3.476358389250284286e+00
3.453812907711295566e+00
3.471021984002652161e+00
3.448490463421040264e+00
3.425993983658483621e+00
3.403598776585239793e+00
3.421612910252421536e+00
3.439328710131575484e+00
3.456730223409760328e+00
3.473803932420092888e+00
3.451346705086010935e+00
3.428919694796338291e+00
3.446467869904815018e+00
3.463699871368338457e+00
3.480603001987468303e+00
3.497166734240613639e+00
3.513382549495601470e+00
3.491059865546283003e+00
3.468659583480794062e+00
3.446242161378836322e+00
3.423870655336296753e+00
3.441463347131035633e+00
3.458747407610796909e+00
3.475709482359541802e+00
3.492338388146552397e+00
3.469978999396124753e+00
3.486719116104429528e+00
3.503119892406114655e+00
3.519173444173557375e+00
3.496915797954857741e+00
3.474566687193014314e+00
3.452185291070208439e+00
3.469264312832988306e+00
3.446893236935880900e+00
3.424567058327097069e+00
3.442105385031534404e+00
3.419813319158192311e+00
3.437408750144937741e+00
3.454704307729646651e+00
3.471686068503698763e+00
3.488342258270773044e+00
3.466030941839183921e+00
3.482795889689975777e+00
3.499228451310392174e+00
3.515320157683817115e+00
3.531064302583956316e+00
3.546455804018772362e+00
3.524415039967333296e+00
3.502215201084020624e+00
3.518272510895521066e+00
3.496033408036490098e+00
3.473704937862194253e+00
3.490360191987932570e+00
3.468021027657530730e+00
3.445667005863923826e+00
3.462844210116367005e+00
3.440505643360023846e+00
3.457762055270298340e+00
3.474699364342845431e+00
3.491306485126653758e+00
3.507574302350112472e+00
3.523495524062421058e+00
3.539064538086856171e+00
3.516968449414877185e+00
3.532697427959046177e+00
3.510546774153171512e+00
3.526428844811322794e+00
3.504230456550588624e+00
3.520258868262782226e+00
3.535931343305764418e+00
3.513785988283836925e+00
3.491504016779342301e+00
3.507819992571398426e+00
3.485510221575551348e+00
3.501952331845114674e+00
3.479620784905283593e+00
3.457240527446775680e+00
3.474238567444366765e+00
3.490900506115918400e+00
3.468548685350355321e+00
3.485319238753714188e+00
3.462961893777392497e+00
3.479835223547095513e+00
3.496370873274246449e+00
3.512560603556365457e+00
3.528397962152295175e+00
3.506212132678049986e+00
3.483908985267429870e+00
3.461546142512634372e+00
3.478450860567125602e+00
3.495018107942421182e+00
3.511239538694318707e+00
3.527108605490408166e+00
3.504913345099615274e+00
3.520929550523728579e+00
3.536589126217199119e+00
3.514447573340798048e+00
3.530263480005804144e+00
3.545718889885315583e+00
3.523635380997319544e+00
3.539255747434806310e+00
3.517111601608258642e+00
3.532890084200573710e+00
3.510692308005869400e+00
3.526622160491683200e+00
3.504377584785511868e+00
3.520452154686728008e+00
3.536164439957634187e+00
3.551510966203305308e+00
3.529446166259710083e+00
3.507202400749565907e+00
3.523231781567192744e+00
3.538896075458252355e+00
3.516714591896220377e+00
3.532535581517446399e+00
3.510301686659599074e+00
3.487934556627906080e+00
3.504394549445387863e+00
3.520494392161557684e+00
3.498183281204901629e+00
3.475770122346506064e+00
3.492478433096751544e+00
3.508832559762513625e+00
3.524826219688336870e+00
3.540454830809614872e+00
3.555715351215154030e+00
3.570606134024227885e+00
3.585126783181901811e+00
3.599278021017234597e+00
3.613061570437505310e+00
3.626480036163696408e+00
3.605310071470420485e+00
3.583797973011266791e+00
3.598038451037730123e+00
3.611903333891887335e+00
3.590465235068501570e+00
3.568707632333689261e+00
3.546672468747063878e+00
3.561909802303099060e+00
3.539793609534662711e+00
3.517462597571165528e+00
3.494970743395987345e+00
3.511433781266453558e+00
3.488916784270970517e+00
3.466314539449911525e+00
3.483366675087848918e+00
3.500054092673448913e+00
3.516370095694457909e+00
3.532309865323714160e+00
3.509954296127241413e+00
3.526040810061723541e+00
3.503643015804384753e+00
3.481123457162701662e+00
3.458542669931394364e+00
3.475706572140675910e+00
3.453136260033281335e+00
3.470385067714105709e+00
3.447829917947813350e+00
3.425310194186170776e+00
3.443024515204305303e+00
3.420544514889467536e+00
3.438309329461565422e+00
3.415872259050923176e+00
3.433683721771900732e+00
3.451185941064100593e+00
3.428745094047155995e+00
3.446310379018295844e+00
3.463558343446601739e+00
3.441124523691785786e+00
3.418750707491355900e+00
3.396502239549986868e+00
3.373847510197900856e+00
3.350667886309353971e+00
3.327601260125302218e+00
3.345731003941669890e+00
3.364793242784062777e+00
3.382815626760196981e+00
3.401150691685380867e+00
3.418618636041634407e+00
3.396740344304371106e+00
3.414248508697719231e+00
3.392431208393809960e+00
3.409975254886970841e+00
3.427250926643607976e+00
3.405396328443760723e+00
3.422722259162496172e+00
3.400918296759829484e+00
3.418290096588924687e+00
3.396538758406666858e+00
3.413952365444927750e+00
3.431097190444720724e+00
3.448523957117536121e+00
3.465116931729974592e+00
3.443636269086318258e+00
3.459890221694728929e+00
3.438417505559747234e+00
3.416899863955427996e+00
3.395415411033852582e+00
3.411425725478775206e+00
3.428563561074306598e+00
3.445420752243510520e+00
3.462572177423707931e+00
3.441147678462456394e+00
3.419669758870527154e+00
3.435442302391112701e+00
3.413713493067952687e+00
3.430786137765462485e+00
3.447576830366291478e+00
3.425823477301203734e+00
3.442689690163589944e+00
3.459845829369782244e+00
3.438471046908274875e+00
3.417048709009915974e+00
3.395655835553813340e+00
3.373796915207056824e+00
3.352080157045875364e+00
3.368947469542086903e+00
3.387175806135016565e+00
3.365311625374080684e+00
3.343671199384235404e+00
3.362053482359347090e+00
3.339748776651952245e+00
3.358912339220258225e+00
3.336667844677026817e+00
3.314550028636281453e+00
3.334532653423051940e+00
3.312452255672991175e+00
3.331977028370874727e+00
3.309964360118193394e+00
3.329478151458105106e+00
3.307532451225939862e+00
3.327035164182078120e+00
3.344927836258892562e+00
3.363338855302237196e+00
3.341972816616043840e+00
3.360170788718893409e+00
3.377646937292032359e+00
3.356166534549217317e+00
3.374171968453185233e+00
3.352740936424132290e+00
3.330823961741052219e+00
3.309044792079585129e+00
3.287445525875030583e+00
3.266067203823200593e+00
3.286829231679641694e+00
3.265768848393192592e+00
3.244984744186401926e+00
3.265073761195196766e+00
3.283022662565876715e+00
3.300956390884244307e+00
3.279800020505570846e+00
3.258885432822599793e+00
3.238247884995351100e+00
3.255794526649366638e+00
3.235033285854222118e+00
3.252867120169484316e+00
3.270823662714264390e+00
3.288845735264605441e+00
3.306880231563396499e+00
3.324878264861422572e+00
3.342795245200335330e+00
3.320528128316445393e+00
3.298344697955832849e+00
3.276284898581530047e+00
3.294997946291461588e+00
3.313596858123188049e+00
3.291260606778766640e+00
3.269044726993002303e+00
3.246990921050223911e+00
3.266317346377098918e+00
3.285509974160158997e+00
3.304538300072061840e+00
3.323374312278471354e+00
3.341992582256386068e+00
3.360370296486499431e+00
3.378487237774306706e+00
3.355608913874462917e+00
3.373899106745220422e+00
3.391898625974601345e+00
3.368928634557218249e+00
3.387102438378366553e+00
3.364050683568536648e+00
3.340927673831342926e+00
3.359731861002897002e+00
3.336548336045576768e+00
3.313338406551054494e+00
3.290146687746186682e+00
3.267020405803168881e+00
3.244008986674371986e+00
3.264534147292395883e+00
3.284774066442880169e+00
3.261630908284652186e+00
3.281944242885146856e+00
3.301951866322561102e+00
3.278703669384316566e+00
3.298796960277726953e+00
3.275533074376858700e+00
3.295707398943102273e+00
3.272430790524122557e+00
3.292681754697379670e+00
3.269395213198321937e+00
3.246208007578921695e+00
3.266894885840685436e+00
3.287269262248789570e+00
3.263977372254784459e+00
3.240795248954121632e+00
3.261592038705004803e+00
3.282076890945063941e+00
3.302232816403180671e+00
3.322045653213575367e+00
3.298626514162915857e+00
3.275237492255402394e+00
3.251929552179464888e+00
3.272635732230775307e+00
3.293011522040930394e+00
3.313042002768255223e+00
3.289591279913034239e+00
3.309705512211046141e+00
3.286240970414636031e+00
3.262830220136030412e+00
3.239526181182444287e+00
3.216383846680083369e+00
3.237666139256331288e+00
3.258643707584178539e+00
3.235376267393787586e+00
3.256385334769588358e+00
3.233134484170952838e+00
3.254173176129618206e+00
3.274891652423827626e+00
3.251538419941163216e+00
3.272304097406642409e+00
3.292733326024423590e+00
3.269301048658819209e+00
3.245959440788130035e+00
3.266828668436744021e+00
3.287363856438812348e+00
3.307549559043592602e+00
3.284063142386179468e+00
3.260633003502896976e+00
3.237312650871017716e+00
3.214157656673664931e+00
3.235504167888240801e+00
3.212376664948883409e+00
3.233731467924386926e+00
3.254783902883672475e+00
3.275513086770179605e+00
3.295901622515604590e+00
3.272447752927001741e+00
3.292902173789296061e+00
3.313001826114137405e+00
3.289494661706593881e+00
3.309675020559917691e+00
3.286156245540293064e+00
3.306413152078846895e+00
3.326302435670791535e+00
3.345814441372629400e+00
3.322261369985016533e+00
3.341881569658998075e+00
3.361114625969259251e+00
3.379955200580861963e+00
3.398399785593881450e+00
3.416446456195805670e+00
3.436934551062050147e+00
3.454564873295472349e+00
3.432232803849549985e+00
3.409589013044873163e+00
3.386682114034993862e+00
3.363561406045108448e+00
3.381005754716804201e+00
3.357179904622749511e+00
3.376728298250419424e+00
3.395290696806544606e+00
3.372069756774414451e+00
3.390756081667982702e+00
3.367494596862908196e+00
3.386300217983545746e+00
3.404672359974411755e+00
3.422616335133723542e+00
3.399520419714735286e+00
3.417611422084301687e+00
3.435274742654438107e+00
3.412241012337434043e+00
3.430060824094571359e+00
3.447453494729790346e+00
3.424485134241324502e+00
3.442042999626209188e+00
3.419001069751001598e+00
3.395759799781849608e+00
3.414056553507996306e+00
3.431908852023279000e+00
3.408745785985928478e+00
3.426747919545498178e+00
3.403524992449968423e+00
3.380120900272648221e+00
3.398844049199823747e+00
3.417110733147219470e+00
3.393792388728630538e+00
3.412194422343859834e+00
3.430144614638486189e+00
3.406911954157203937e+00
3.425009015435953152e+00
3.442658206894842809e+00
3.460452743022240263e+00
3.477260404563963903e+00
3.497996798569459109e+00
