1.334479712866554050e-04
2.587206743947309670e-04
1.712683962018398103e-04
2.943791868572940098e-04
4.110254397281022133e-04
1.715208239372343149e-04
1.711237314446408528e-04
1.711229645890876736e-04
1.711229631155430258e-04
1.711229631127089213e-04
1.711229631127034732e-04
1.711229631127035816e-04
1.711229631127032834e-04
1.711229631127036087e-04
1.711229631127037984e-04
1.711229631127035545e-04
1.711229631127034732e-04
1.711229631127037713e-04
1.711229631127034190e-04
1.711229631127032834e-04
2.942419438748501768e-04
4.108951226378383496e-04
1.715206069681291163e-04
1.711237310255643497e-04
1.711229645882823554e-04
2.942419452673110847e-04
1.713323900040215149e-04
1.711233676306933246e-04
2.942423256058473578e-04
4.108954851039690274e-04
5.319117255659627092e-04
7.575289484737385021e-04
9.433580001792188797e-04
1.116887766067404825e-03
1.279054169956215289e-03
1.430725042217753694e-03
1.543781377589301985e-03
1.654058252574743372e-03
1.725628122063107769e-03
1.848969543349247976e-03
1.964708645828544629e-03
2.073333525721141653e-03
2.175335906712268664e-03
2.271168973907567497e-03
2.361248017820966310e-03
2.459234236804951328e-03
2.492263521971817535e-03
2.569188067679792787e-03
2.663866996994494751e-03
2.681185669605562830e-03
2.747034311033690317e-03
2.809167749499544460e-03
2.867689207480626085e-03
2.922904132442529206e-03
3.012009389477885227e-03
3.003198096021445027e-03
3.050668550616074306e-03
3.095482489479949723e-03
3.181891318184689160e-03
3.160638496919412205e-03
3.199279566829800730e-03
3.235792353416387223e-03
3.270278598617375014e-03
3.302868468034134055e-03
3.333647576115176311e-03
3.362785232306304047e-03
3.390324623686777252e-03
3.472161979978724122e-03
3.430173208204639196e-03
3.453967622228189607e-03
3.476530121707251727e-03
3.557039434882215863e-03
3.509078483069612633e-03
3.528586639917945678e-03
3.547107245184050444e-03
3.626532011684574335e-03
3.573717022231463324e-03
3.652731093301878583e-03
3.598032536280127217e-03
3.676674032445764392e-03
3.620312835803308604e-03
3.633831899966038018e-03
3.646695691184650891e-03
3.658870420898971756e-03
3.670395957039500508e-03
3.747932504048976429e-03
3.686717735269239102e-03
3.696687539338862349e-03
3.773822464748127162e-03
3.710829000611712194e-03
3.787745522587811914e-03
3.861408555201063710e-03
3.728189414862588969e-03
3.735890709692400290e-03
3.743315741550834290e-03
3.819739290711177300e-03
3.753602878868281083e-03
3.760018914655947290e-03
3.766167086468549721e-03
3.771989757683955405e-03
3.777504557173110272e-03
3.782728047067436278e-03
3.787675698993683143e-03
3.792361802299426717e-03
3.796800794686574273e-03
3.801005416011960653e-03
3.804987925974850308e-03
3.808761092933054399e-03
3.812335087293890895e-03
3.887707573752988924e-03
3.816944894521130845e-03
3.820014374873854663e-03
3.895269943469104740e-03
3.823994655002647437e-03
3.826692801964366470e-03
3.829322383797749245e-03
3.831813740484826987e-03
3.906889921037270084e-03
3.978693614508795572e-03
3.835839973494854348e-03
3.837851083128584074e-03
3.839894000611278335e-03
3.914847370065545860e-03
3.986527053683814464e-03
3.843030213581790158e-03
3.844663082132659514e-03
3.846347557690527833e-03
3.847944062199036563e-03
3.849456589485974155e-03
3.850889899367115638e-03
3.852247809442577251e-03
3.853534426009428727e-03
3.854753468051320183e-03
3.929481088126535876e-03
4.000932827293862334e-03
3.856254416335367589e-03
3.857192190884663717e-03
3.858219260193238888e-03
3.859192471714796135e-03
3.860114647499711827e-03
3.934760841131122906e-03
3.860814318363971643e-03
3.861575532285190220e-03
3.862371336748878208e-03
3.863125554301975653e-03
3.863840284731110547e-03
3.864517566096454474e-03
3.939096901019806946e-03
3.864857484937059447e-03
3.865406750516310608e-03
3.866001654649006431e-03
3.940558459909158755e-03
4.011837696532195505e-03
3.866265834048251276e-03
3.866677003034319545e-03
3.867205239990774944e-03
3.941743771170506082e-03
4.013004557068313057e-03
3.867337268435311511e-03
3.867692068357575508e-03
3.868167176905108230e-03
3.868617460235053169e-03
3.869044152325190524e-03
3.943554764236638539e-03
3.869014551810262027e-03
3.869345849863239841e-03
3.869734284576739885e-03
3.944234419970387914e-03
3.869648442851458467e-03
3.869946455216935737e-03
3.870303365546400292e-03
3.944794862465716631e-03
3.870171089707600230e-03
3.870441737475802287e-03
3.870772631966162315e-03
3.871086456280311422e-03
3.871383612877816582e-03
3.945858712887587508e-03
3.871163225749935186e-03
3.871381849417163037e-03
3.871663540750734135e-03
3.946134388601470894e-03
3.871420351183650285e-03
3.945892163757370834e-03
3.871124839503392243e-03
3.871345359212615377e-03
3.871629025447000539e-03
3.871897851577888079e-03
3.872153901094561521e-03
3.872396402124935518e-03
3.946856121766192937e-03
3.872093344066373979e-03
3.946554938282469636e-03
3.871743027752935773e-03
3.871931026907944953e-03
3.872185241049743744e-03
3.872426082088658780e-03
3.872654308526397686e-03
3.872870595518944966e-03
3.873075546340288243e-03
3.873269748977799416e-03
3.947716212829057748e-03
3.872895449220039536e-03
3.873024389691758114e-03
3.947474574295214110e-03
3.872670009196844173e-03
3.872810768332555099e-03
3.947264195634061709e-03
4.018439057175683844e-03
3.872326761829015390e-03
3.872421177311673179e-03
3.872649531838558146e-03
3.872866068755848219e-03
3.873071256769718401e-03
3.873265694115071711e-03
3.947712219175158847e-03
4.018880110799491825e-03
3.872731730212992420e-03
3.947181288908440701e-03
3.872267387621189470e-03
3.872429133788213729e-03
3.946888352972359633e-03
3.872123316063312559e-03
3.872292673311769021e-03
3.946753966352699143e-03
3.871998000502454608e-03
3.946461043703124519e-03
3.871655497404453885e-03
3.871848094055200043e-03
3.872106615162134932e-03
3.872351627589710240e-03
3.872583743065441831e-03
3.872803728121949635e-03
3.947257265749640198e-03
3.872467440168851551e-03
3.946923356190305300e-03
3.872086562255725329e-03
3.872257880650659210e-03
3.946719699517063640e-03
3.871965995799365491e-03
3.946429524486245663e-03
3.871626098923447532e-03
3.871820188475413871e-03
3.946288655940080083e-03
3.871564197589437081e-03
3.871761609665037678e-03
3.872024713831493433e-03
3.872274020253842642e-03
3.872510207706197742e-03
3.946968200656739839e-03
4.018147670893291133e-03
4.086642819921455956e-03
3.872295100585106641e-03
3.872336707110324381e-03
3.872569320124871241e-03
3.872790060799438487e-03
3.872999231451131064e-03
3.873197443485992385e-03
3.947645004576299903e-03
3.872829003744404901e-03
3.872961455169714271e-03
3.873161552993796553e-03
3.947609658892801791e-03
3.872796037149310068e-03
3.947246965995064930e-03
4.018420171085631751e-03
4.086909600124531347e-03
4.153117872048086093e-03
4.217321180040320763e-03
3.873982720412270410e-03
3.948408091944187980e-03
3.873278926372791375e-03
3.947722512772641919e-03
3.872831534703695573e-03
3.947281921481336081e-03
3.872420853666366011e-03
3.872574659057222146e-03
3.872795014670390393e-03
3.947248684564273746e-03
3.872459437141997050e-03
3.872611236694012242e-03
3.872829684104536849e-03
3.947282827714057758e-03
4.018457401729867706e-03
3.872343688941907742e-03
3.872437263230452901e-03
3.872664729554809414e-03
3.947120377200606829e-03
4.018297479397889976e-03
3.872196787819018413e-03
3.872298109710051086e-03
3.872532886056196007e-03
3.872755534035755582e-03
3.947209803255848255e-03
3.872423136992559495e-03
3.946879726966674717e-03
3.872045919483552406e-03
3.872219401036809758e-03
3.872458318254327035e-03
3.872684868846393205e-03
3.872899551218769807e-03
3.873102987447668566e-03
3.947551982372960420e-03
3.872742260827531213e-03
3.947194005659586738e-03
3.872338970749005394e-03
3.872497025860560139e-03
3.946955215917224459e-03
4.018134886112053120e-03
3.872047445857080411e-03
3.946507391192017287e-03
3.871638937675396259e-03
3.871832328815598412e-03
3.946300610432921033e-03
3.871575309404839352e-03
3.871772132291761634e-03
3.872034659433852468e-03
3.872283441609338309e-03
3.946744876898982540e-03
3.871989585316488579e-03
3.872166039501715937e-03
3.872407807970433633e-03
3.946867355275701823e-03
4.018048394979031879e-03
3.871968116764320372e-03
3.872081323984249892e-03
3.872327515057269465e-03
3.872560936876723921e-03
3.872782117262130955e-03
3.872991704134421450e-03
3.947442388351625822e-03
3.872640046715318356e-03
3.947093343585264015e-03
3.872245143712572946e-03
3.946704431064351412e-03
4.017886076606669819e-03
3.871753828504765141e-03
3.871876991930302877e-03
3.872133991198348051e-03
3.872377568859791935e-03
3.946837573233536074e-03
3.872075981168070832e-03
3.946537840224577376e-03
3.871727115389046996e-03
3.946194266216060571e-03
3.871406538137507625e-03
3.945878557918454377e-03
3.871112087712399747e-03
3.871333286095875962e-03
3.945809144672452612e-03
4.017006653331479243e-03
4.085519884430946144e-03
3.871279594463252968e-03
3.945749206153877087e-03
3.870881055418514023e-03
3.871114131849728336e-03
3.871409957631618236e-03
3.871690243094857726e-03
3.946160686759925609e-03
3.871444903162198602e-03
3.945916343091254892e-03
3.871147390890306364e-03
3.871366746106186165e-03
3.871649273335343085e-03
3.871918199760298381e-03
3.872173146369731894e-03
3.872414662653523871e-03
3.872643491299605865e-03
3.872860344968117978e-03
3.873065832896586524e-03
3.873260554491990849e-03
3.873445062667466802e-03
3.873619911309144920e-03
3.948061059805764612e-03
3.873217028418144553e-03
3.873329127992611743e-03
3.873509948012984327e-03
3.947952765694499357e-03
3.873116040336777987e-03
3.873233429223155947e-03
3.873419263984092739e-03
3.947863458217753044e-03
3.873032751670986949e-03
3.947480086361337959e-03
3.872605738604671232e-03
3.947059553388899966e-03
3.872213563257565806e-03
3.946673329857414321e-03
4.017855459322709072e-03
4.086353835036604133e-03
3.871972096403260809e-03
3.946431193438627340e-03
4.017614026780955139e-03
3.871400404754544652e-03
3.871541976474147679e-03
3.946014665287039293e-03
3.871308570031518903e-03
3.871519462418355692e-03
3.871793972510292458e-03
3.946262839991361918e-03
4.017453289509131768e-03
3.871421681420835013e-03
3.871562463477837106e-03
3.871834617490571041e-03
3.872093944868846855e-03
3.872339561492058393e-03
3.872572368167761375e-03
3.947029417905024290e-03
3.872254922268671042e-03
3.872417506334106981e-03
3.946876902155447772e-03
4.018057790237167595e-03
3.871976716201739471e-03
3.946437732371424478e-03
4.017621870322692253e-03
3.871455097356751775e-03
3.871593953672522459e-03
3.871864491503256966e-03
3.872122202603411022e-03
3.872366472574832481e-03
3.946826645432372979e-03
3.872065783456635560e-03
3.872238240080769570e-03
3.946700358177341987e-03
3.871947979028649966e-03
3.872126600390149963e-03
3.872370495481002126e-03
3.872601609995637590e-03
3.872820658656459577e-03
3.873028226057850971e-03
3.873224918537177073e-03
3.947672062561130048e-03
3.872854284595984159e-03
3.872985365755533729e-03
3.947436142753305184e-03
3.872634137583754084e-03
3.947087524059424493e-03
4.018263210491785677e-03
3.872100185960755322e-03
3.946559328484596819e-03
4.017741574503466521e-03
3.871565059624732224e-03
3.946032325276072929e-03
3.871195690311493316e-03
3.945670910447339995e-03
4.016868642252220852e-03
3.870819727065722034e-03
3.870991868526347471e-03
3.945472907664240858e-03
3.870803243646340867e-03
3.871040758110556607e-03
3.871340279791604840e-03
3.871624305801795504e-03
3.871893423536943747e-03
3.946360779847822922e-03
3.871631473177088601e-03
3.871825409871777757e-03
3.946293796415470921e-03
4.017483761529811945e-03
3.871449635094096134e-03
3.945918657433454546e-03
3.871089807885475399e-03
3.871312101774365862e-03
3.871597497672653147e-03
3.871867969233568161e-03
3.872125570805451215e-03
3.872369598001358139e-03
3.872600752342262621e-03
3.872819845958020216e-03
3.873027455942850989e-03
3.873224188782328076e-03
3.873410602508380301e-03
3.947854928225234296e-03
3.873024788523448877e-03
3.947472244390468413e-03
3.872598476992123416e-03
3.872742897131972208e-03
3.947197354729383399e-03
4.018373256501042191e-03
4.086864829142539297e-03
3.872495742496307163e-03
3.946946891395377438e-03
3.871998058383264996e-03
3.872173811853700607e-03
3.872415164806776878e-03
3.872643992075993236e-03
3.947099954529978416e-03
3.872320706166672288e-03
3.872479806710737559e-03
3.872705142209166909e-03
3.872918762206909501e-03
3.947370553703583376e-03
3.872573090550392519e-03
3.872718930686114367e-03
3.947173752102927681e-03
3.872389451239225192e-03
3.872544945979644344e-03
3.947002408152938333e-03
3.872229672605660873e-03
3.946689198094497156e-03
3.871868211490339662e-03
3.872050925181720876e-03
3.946515887094248151e-03
4.017702394462883096e-03
3.871650342946598988e-03
3.946116317083482247e-03
3.871274102306163176e-03
3.871486701891935136e-03
3.945960232632997160e-03
3.871257910967847073e-03
3.945732189093435760e-03
3.870975644967395921e-03
3.871203988842787311e-03
3.871495012183636449e-03
3.871770909505987089e-03
3.872033592452810754e-03
3.872282415172231991e-03
3.872518159122709507e-03
3.872741579343255951e-03
3.872953290284251223e-03
3.873153910047703700e-03
3.873344006381101295e-03
3.947789343012693061e-03
3.872963622733629954e-03
3.947412007231069879e-03
3.872542264486516107e-03
3.872689670133037942e-03
3.872904006494956412e-03
3.947356021984723025e-03
3.872559539311280340e-03
3.947014057185215322e-03
3.872171177988834815e-03
3.872338023484882350e-03
3.872570760097828087e-03
3.872791425474243505e-03
3.873000524620801802e-03
3.873198668882609462e-03
3.873386419847868641e-03
3.873564341593257500e-03
3.873732939705407628e-03
3.948172372501166857e-03
4.019333103357886419e-03
3.873147653205875635e-03
3.873199148098045892e-03
3.873386698191334972e-03
3.873564605128956406e-03
3.948006593144732547e-03
3.873166179729925756e-03
3.873280996740981631e-03
3.873464338997801692e-03
3.873638177376775155e-03
3.948079048604781829e-03
3.873233807020887848e-03
3.947678089569597870e-03
3.872790403741256226e-03
3.872924788631910888e-03
3.873126804925019172e-03
3.873318321456776722e-03
3.873499811867308490e-03
3.873671791495574349e-03
3.948112152481295101e-03
3.873264684120208794e-03
3.873374268392750040e-03
3.873552732328955014e-03
3.873721938672363037e-03
3.948161538456306831e-03
4.019322437912088188e-03
4.087798971475951892e-03
3.873340631764953575e-03
3.873327379343341655e-03
3.947772959081399802e-03
4.018939899117154879e-03
3.872786427996040542e-03
3.872856833677205003e-03
3.873062329754798586e-03
3.947511941857132986e-03
3.872704909010924509e-03
3.947157221250019790e-03
4.018331823059056659e-03
3.872163180164991080e-03
3.872266213178268950e-03
3.872502642921326309e-03
3.872726866895687126e-03
3.872939348709121196e-03
3.873140699144662046e-03
3.873331487733861368e-03
3.873512288166995436e-03
3.873683614003105465e-03
3.873845962056207161e-03
3.873999803019407846e-03
3.874145582851919352e-03
3.948578752098708296e-03
3.873699811373307496e-03
3.873786602303469408e-03
3.948225217063080703e-03
4.019385123098191681e-03
3.873195345631960836e-03
3.873244329077745168e-03
3.947691172030662853e-03
4.018859386657560630e-03
4.087343254325834924e-03
4.153545612358643634e-03
4.217742798753903316e-03
3.874408152881197477e-03
3.874251140618662978e-03
3.874383380125762371e-03
3.948812940244697534e-03
4.019963703052285321e-03
3.873726732677879384e-03
3.948161185105261359e-03
4.019318502581128646e-03
4.087792488694057258e-03
3.873220312140148065e-03
3.873213196479104170e-03
3.873399941121901356e-03
3.873577153989340386e-03
3.873745080705160056e-03
3.948184329208971263e-03
3.873332013024626246e-03
3.873438050705082375e-03
3.873613171955920566e-03
3.948054422747839659e-03
3.873210845715138739e-03
3.947655476678299698e-03
3.872769307329758728e-03
3.872904802701814236e-03
3.873107866259765508e-03
3.947556787120292190e-03
3.872746763523470838e-03
3.947198439250987866e-03
3.872343124566639434e-03
3.946800924372400113e-03
3.871972322386521993e-03
3.872149600166517689e-03
3.872392283441543782e-03
3.872622236072396917e-03
3.872840203673555675e-03
3.947293187599908854e-03
3.872500911150203104e-03
3.872650561259763542e-03
3.872866950165389927e-03
3.873072091876599184e-03
3.873266475531165001e-03
3.873450682946333670e-03
3.873625237080836631e-03
3.873790644158381802e-03
3.873947383773178581e-03
3.874095910309226145e-03
3.948529833531159994e-03
3.873654234871872631e-03
3.873743372534322639e-03
3.873902493950774628e-03
3.874053372552003702e-03
3.948487941452688901e-03
3.873615148749785016e-03
3.873706352698313895e-03
3.873867414047077028e-03
3.948304805620436383e-03
4.019463475563657927e-03
3.873267334981910816e-03
3.947708764022698699e-03
4.018873124438486488e-03
3.872604195066060070e-03
3.872683956162934014e-03
3.872898511024839684e-03
3.947350609934398638e-03
3.872554461459389204e-03
3.947009057449883847e-03
4.018185965053502895e-03
4.086679105489907787e-03
3.872266370714038102e-03
3.872309397434710136e-03
3.872543505220723756e-03
3.872765596406581908e-03
3.872976048923562013e-03
3.873175475925105284e-03
3.947623370479888018e-03
4.018792644805603206e-03
3.872651433699490775e-03
3.872728919189898436e-03
3.872941118158789147e-03
3.873142375638305608e-03
3.873333076378320406e-03
3.947778578925646882e-03
3.872953580321675856e-03
3.873079502265226997e-03
3.947528850251011585e-03
4.018699593117493196e-03
3.872565892858266176e-03
3.947017969384833402e-03
4.018193080087764310e-03
4.086684901572938851e-03
3.872218659414786851e-03
3.872264158433984509e-03
3.872500644989210553e-03
3.872724973597567715e-03
3.947179706730430566e-03
3.872395095706873246e-03
3.872550291350204590e-03
3.872771924222612617e-03
3.872982045048975041e-03
3.873181157800042844e-03
3.873369826346281537e-03
3.873548617661058246e-03
3.947990848359055061e-03
4.019154404105801381e-03
3.872983657843113298e-03
3.873043669463194141e-03
3.873239377501259094e-03
3.873424995121832904e-03
3.873600895373255186e-03
3.873767577996347147e-03
3.873925526282539101e-03
3.874075198129589385e-03
3.874217016949147493e-03
3.874351414814734048e-03
3.874478770581907521e-03
3.874599463914629206e-03
3.949025743847827188e-03
3.874116714257765711e-03
3.874181609311664037e-03
3.948614228224093733e-03
3.873732825517848914e-03
3.948169532762680831e-03
3.873248710454178269e-03
3.873359045307822428e-03
3.873538306913555055e-03
3.873708269182043421e-03
3.873869325281637833e-03
3.948306687848463468e-03
4.019465328503888865e-03
3.873269037835099567e-03
3.873314191172103418e-03
3.947759973631335614e-03
4.018927117538704727e-03
4.087409911920728348e-03
4.153611199124831836e-03
3.873558059424834447e-03
3.873486534825653586e-03
3.873658905623902134e-03
3.948099462195243936e-03
3.873252848766522548e-03
3.947696842086768909e-03
3.872807904021335033e-03
3.872941355424541331e-03
3.947392800402953206e-03
3.872593704832623385e-03
3.947047705473411862e-03
4.018224011872883680e-03
3.872064214396271718e-03
3.946523902659439774e-03
3.871654272699787212e-03
3.871846861389223373e-03
3.872105448915699570e-03
3.946569586148676936e-03
3.871826154824577725e-03
3.872011116735324388e-03
3.946476682146686336e-03
4.017663799348807074e-03
4.086166614643505814e-03
3.871864269629190104e-03
3.871927234174027226e-03
3.946394071115993073e-03
3.871662349957965057e-03
3.946130487602584995e-03
3.871347154213536281e-03
3.945820075505746677e-03
3.871057558539026024e-03
3.871281595515047719e-03
3.871568583426913263e-03
3.871840603728470085e-03
3.946308763242985240e-03
3.871583002287371737e-03
3.871779431027999423e-03
3.872041637450716455e-03
3.946506741999978619e-03
3.871767497154854094e-03
3.871955596152788434e-03
3.872208373137763990e-03
3.872447979314283095e-03
3.872675114184365424e-03
3.872890307738881179e-03
3.873094228425449665e-03
3.873287452107656431e-03
3.947733647226401958e-03
3.872911695753888679e-03
3.873039796400988555e-03
3.873235788214553135e-03
3.873421594014567291e-03
3.873597672496582184e-03
3.948039158566386993e-03
4.019201962503072927e-03
3.873027335991666154e-03
3.947472404287268206e-03
3.872538747675830992e-03
3.946993577147701361e-03
4.018170722095045812e-03
4.086664101484084426e-03
3.872252653838977390e-03
3.872296438025203680e-03
3.872531219940615436e-03
3.872753954991341695e-03
3.872965017484830772e-03
3.873165022633834071e-03
3.947613075868379277e-03
4.018782510403937254e-03
3.872642125062082143e-03
3.872720101855508038e-03
3.947174902545118845e-03
3.872390449594394126e-03
3.872545891339041445e-03
3.872767754847198686e-03
3.872978094137180700e-03
3.873177413951091504e-03
3.873366278675354976e-03
3.947811277217590752e-03
3.872984088135851804e-03
3.947432161604116224e-03
4.018602484021611444e-03
4.087089023628588148e-03
3.872637025126554004e-03
3.872660635961483119e-03
3.872876335964212102e-03
3.873080985675299726e-03
3.873274903286293754e-03
3.873458669039296816e-03
3.873632804676158288e-03
3.873797815200389835e-03
3.873954179052051597e-03
3.874102349522839418e-03
3.874242745676492305e-03
3.874375795412465708e-03
3.874501873708238384e-03
3.874621356553374467e-03
3.874734569004801513e-03
3.874841849687493071e-03
3.874943509464718727e-03
3.949364567370438305e-03
3.874432646095547859e-03
3.874481019731488944e-03
3.874601499319663828e-03
3.874715752072025680e-03
3.874824018661519615e-03
3.949246890221374054e-03
3.874322932094365155e-03
3.874377027336188897e-03
3.948806680398152767e-03
3.873912350004213734e-03
3.873987946361920429e-03
3.874134251914580773e-03
3.874272976341405945e-03
3.874404442060973893e-03
3.948833682505607269e-03
3.873937603686313218e-03
3.874011892996874051e-03
3.874156943778144738e-03
3.874294479209151008e-03
3.874424818231981312e-03
3.948853749394416746e-03
4.020003877169466694e-03
3.873763602849519556e-03
3.873782757742115241e-03
3.948221427879979734e-03
3.873366252537860030e-03
3.873470677980739209e-03
3.873644089663015599e-03
3.873808508718241429e-03
3.873964312229372271e-03
3.948400232978535249e-03
3.873533384823664438e-03
3.873628844501513478e-03
3.873793967383653593e-03
3.873950532740453017e-03
3.948386662649467325e-03
3.873520732008769660e-03
3.947960657389403688e-03
3.873053871249724708e-03
3.873174442141271573e-03
3.873363367848778674e-03
3.947808410572439461e-03
3.872981414733327708e-03
3.873105863963690037e-03
3.873298383463184662e-03
3.947744412640509862e-03
4.018911803495237370e-03
3.872760843588463238e-03
3.872832600107895332e-03
3.873039366079671347e-03
3.873235474513640666e-03
3.873421296870071650e-03
3.947865460249464463e-03
3.873034620415645966e-03
3.873156278304935949e-03
3.947604460824643592e-03
4.018774026990783871e-03
3.872634274162804670e-03
3.947085311298227130e-03
3.872177841215697011e-03
3.872344311227804599e-03
3.872576700475456688e-03
3.872797054536894403e-03
3.873005858735241447e-03
3.873203723444550769e-03
3.873391209551103366e-03
3.947835829648122137e-03
3.873006977962582462e-03
3.873130094111896463e-03
3.873321343887257094e-03
3.873502675788703230e-03
3.873674505339368135e-03
3.948114825130613105e-03
3.873267177957308294e-03
3.873376630194445662e-03
3.873554970355027639e-03
3.873724059420866495e-03
3.948163627013284369e-03
4.019324493967001317e-03
4.087800994950786630e-03
3.873342460656840468e-03
3.873329113290671991e-03
3.873509783565941104e-03
3.873681240325923137e-03
3.873843712761696964e-03
3.948281464105482010e-03
4.019440497288746632e-03
3.873246230200304892e-03
3.947687979851119584e-03
4.018852663892615203e-03
3.872585389800680018e-03
3.872666162933538492e-03
3.947121782342892342e-03
3.872340894163811293e-03
3.872498964096253611e-03
3.872723271473177496e-03
3.872935941519401164e-03
3.873137470524763270e-03
3.947585941998016032e-03
3.872773928188905437e-03
3.872909265349737309e-03
3.947361197461102082e-03
3.872564285475844133e-03
3.872710576816760716e-03
3.872923817766570076e-03
3.947375532513707971e-03
3.872577733785339225e-03
3.872723330245010382e-03
3.947178084875125129e-03
4.018354286542354971e-03
3.872248923951883762e-03
3.872347444522836451e-03
3.946807902357084979e-03
3.872048204812692743e-03
3.872221620489336037e-03
3.872460437328755119e-03
3.872686891285311364e-03
3.872901467703148554e-03
3.947353521737126392e-03
4.018526995636635332e-03
3.872407554150473358e-03
3.946862032705392848e-03
4.018039569007312781e-03
4.086533822283243932e-03
3.872082022019479337e-03
3.872134485174609422e-03
3.872377961088115973e-03
3.946837960502700728e-03
3.872076367960601562e-03
3.872248329599460581e-03
3.872485736872364505e-03
3.872710847078721531e-03
3.872924168278066639e-03
3.873126314318436469e-03
3.947574955142324309e-03
4.018744982932776280e-03
4.087230666791577538e-03
4.153434835993829836e-03
3.873401135559373029e-03
3.947836829463031820e-03
3.872784308459507711e-03
3.872918835104737900e-03
3.947370621935091493e-03
3.872573063496550280e-03
3.872718904954001312e-03
3.947173726761431418e-03
3.872389427590975600e-03
3.872544923585719522e-03
3.872766837820925626e-03
3.872977225160501025e-03
3.873176590516545260e-03
3.947624468151964515e-03
3.872809881663643629e-03
3.872943310059804873e-03
3.873144355878677895e-03
3.873334952733161439e-03
3.947780426797703641e-03
4.018947257186628909e-03
3.872793374220063600e-03
3.947241997643401688e-03
3.872324014276856945e-03
3.946782102064937472e-03
