6.806587970165331569e+00
6.803274351511503504e+00
6.800282954430912241e+00
6.797181810810456248e+00
6.794167929674695294e+00
6.791309737327766882e+00
6.788597109546205211e+00
6.786039337140875816e+00
6.783647866694852091e+00
6.780323159657184462e+00
6.777665894490722209e+00
6.774959290135187828e+00
6.771655369725467111e+00
6.769000017591212170e+00
6.766516246497036313e+00
6.764238090052490548e+00
6.761490118322251774e+00
6.759614850614670267e+00
6.757179174836232427e+00
6.755526922064267303e+00
6.754366488446995831e+00
6.752225832100254621e+00
6.751210818451454543e+00
6.750411012820907608e+00
6.749838467677031772e+00
6.749350843768054276e+00
6.748876622990371388e+00
6.748984370501731611e+00
6.748991868762448831e+00
6.749119181192258843e+00
6.749340665405716422e+00
6.748184637123153529e+00
6.748110165451978837e+00
6.748112407275885793e+00
6.748098244484843633e+00
6.748137713825705042e+00
6.748339261978559378e+00
6.747007602748665178e+00
6.746755224932556416e+00
6.746250925763641604e+00
6.745963096781261825e+00
6.744696411874839370e+00
6.743551080207713433e+00
6.743432314981427922e+00
6.743527395131931002e+00
6.742063663087865422e+00
6.741905579403435489e+00
6.741482616376692327e+00
6.741146964031747402e+00
6.740812143385012334e+00
6.741039365973634290e+00
6.740912294310352770e+00
6.739316989536672686e+00
6.739427173138209604e+00
6.739886391045804892e+00
6.740349159503726817e+00
6.740705443770393934e+00
6.740556218980436221e+00
6.740395914515747933e+00
6.740669361366990131e+00
6.740590910103371414e+00
6.740614951645391706e+00
6.740324826624985555e+00
6.740518885254328296e+00
6.741013337404933026e+00
6.739634259313191933e+00
6.738342513978596848e+00
6.737065784339086427e+00
6.737153392480667691e+00
6.736091338056457545e+00
6.736772109781594686e+00
6.737017830659537410e+00
6.737164962039195792e+00
6.737779440735318204e+00
6.738732480261417024e+00
6.737795121683840094e+00
6.738019400385894642e+00
6.738329618140963539e+00
6.737584641863478829e+00
6.738656729268051926e+00
6.738071247463449431e+00
6.738465406580566253e+00
6.739343164396740526e+00
6.740534175757335156e+00
6.739729336005649607e+00
6.739011636155764151e+00
6.739409487950553057e+00
6.739816063522351186e+00
6.740332985869963878e+00
6.741266452798659436e+00
6.741773805270084630e+00
6.741877951461298757e+00
6.742481240452560698e+00
6.743348864729684422e+00
6.744173194693485307e+00
6.744862223809319879e+00
6.745589206339220212e+00
6.746176091483513382e+00
6.746281142673637987e+00
6.746437892545651849e+00
6.746667769691208960e+00
6.746850925379472841e+00
6.745647225605239328e+00
6.746025993314707314e+00
6.746238452881454961e+00
6.746652990040679754e+00
6.747039333193720623e+00
6.747883112513123116e+00
6.748362247493236765e+00
6.748249643441025292e+00
6.748059924696196532e+00
6.746535456676053144e+00
6.746517375175443476e+00
6.746347253340270633e+00
6.746149289144041106e+00
6.746153469667055980e+00
6.746645437104375809e+00
6.745029208445614266e+00
6.743490206360266193e+00
6.743137087692010923e+00
6.742419149316676297e+00
6.742237887161381060e+00
6.742381338400512014e+00
6.742543611294698813e+00
6.742590230322643485e+00
6.742798529908277771e+00
6.743577957797237232e+00
6.743186220738733638e+00
6.743000127440541114e+00
6.742934043255574217e+00
6.743006790701381981e+00
6.742940571795836391e+00
6.743200588992593225e+00
6.743556231707374948e+00
6.742319534115065238e+00
6.742345038661475165e+00
6.742784295914090897e+00
6.742666249822529601e+00
6.742561485116121744e+00
6.742654121454673799e+00
6.742842955562320384e+00
6.742891085625140946e+00
6.741483229896933160e+00
6.741197367581549749e+00
6.741013650864061901e+00
6.739573570129370417e+00
6.740023141008109064e+00
6.739760036264691223e+00
6.739504251331781326e+00
6.739260495281471641e+00
6.739225830781581550e+00
6.737672848111741608e+00
6.737876170367742112e+00
6.738149440024045589e+00
6.738497305641431012e+00
6.739137719586635988e+00
6.739636530011315685e+00
6.738369141438607102e+00
6.737181228705686031e+00
6.737741269785163745e+00
6.736674860586620461e+00
6.735757086935891813e+00
6.736335822593951583e+00
6.735274199851061461e+00
6.736257356309478972e+00
6.737185777433895240e+00
6.738495098837896435e+00
6.739611392110480992e+00
6.740804693052071528e+00
6.740327437165953839e+00
6.741606494121819004e+00
6.742490477926948778e+00
6.742230767144258508e+00
6.743236779496633915e+00
6.744629517613009995e+00
6.745465554086609750e+00
6.746884239460655408e+00
6.748096722102512324e+00
6.747674701602066172e+00
6.748925356869513337e+00
6.749486411533957231e+00
6.749992911566359055e+00
6.750441871527702808e+00
6.749720069641264253e+00
6.748992455481631403e+00
6.747863329385406672e+00
6.748221187041844260e+00
6.748477299919997563e+00
6.748664160275524182e+00
6.749278299731562569e+00
6.749243433162910755e+00
6.749161186538342960e+00
6.748211477113859935e+00
6.747134928738073079e+00
6.744841601521094354e+00
6.743765080980598903e+00
6.742394006000460571e+00
6.740850170363514415e+00
6.739364373686338894e+00
6.737827550691943834e+00
6.736869283615753545e+00
6.735199056813598872e+00
6.733514855989183978e+00
6.731823092213102377e+00
6.730129370274886114e+00
6.728438548274980668e+00
6.726754802624023810e+00
6.725081694673442634e+00
6.721874995825905863e+00
6.718658379747278531e+00
6.717094022842886147e+00
6.713343503526894906e+00
6.709534446375989170e+00
6.705668310148436895e+00
6.703682796855872539e+00
6.701708949997105869e+00
6.699748194478861940e+00
6.695698637712397705e+00
6.693788497579953756e+00
6.691894245369471861e+00
6.690016551604027306e+00
6.688155954737578845e+00
6.683914377934644158e+00
6.682260468985391277e+00
6.680471938262343201e+00
6.676112654725374185e+00
6.674388678933981467e+00
6.672683227291430264e+00
6.668225250863755171e+00
6.663724443207990511e+00
6.662134863409194807e+00
6.660563136750186075e+00
6.659009168488800867e+00
6.657472850578626478e+00
6.655954073335593080e+00
6.654452713879349446e+00
6.649781923411434370e+00
6.648350755635711984e+00
6.646936270696087945e+00
6.645538328423219454e+00
6.644156761707244563e+00
6.642791441072319003e+00
6.638000527570784293e+00
6.632752363055613110e+00
6.631493856801666809e+00
6.626218741499989129e+00
6.625429732840486530e+00
6.624273110870338321e+00
6.623130373306811869e+00
6.621388623040363797e+00
6.620262751680106028e+00
6.619150530857929482e+00
6.613051893772436962e+00
6.612245883310120753e+00
6.610863194363855833e+00
6.609123405298386267e+00
6.607835057396572509e+00
6.606588682326920647e+00
6.605379873250539546e+00
6.604204814884313990e+00
6.598101233712722724e+00
6.596282666519906357e+00
6.594492265103744977e+00
6.592727716423408602e+00
6.590987043188998307e+00
6.589268554942417921e+00
6.582874875185581232e+00
6.576398920314942664e+00
6.574793806620512271e+00
6.573206756325626010e+00
6.571636899335118187e+00
6.570083480029131451e+00
6.568545842388619604e+00
6.567023415020452504e+00
6.565515698470553829e+00
6.564022254471451490e+00
6.562542696825906852e+00
6.555634841091345422e+00
6.554219285507944193e+00
6.552816557530113606e+00
6.551426523561906912e+00
6.550048951651650242e+00
6.548683630992679028e+00
6.547330368888545138e+00
6.545988988161547617e+00
6.544659324950245605e+00
6.543341226836934865e+00
6.542034551255120789e+00
6.540739164134598660e+00
6.539454938748278323e+00
6.538181744467454592e+00
6.536919476953986674e+00
6.535668026209725312e+00
6.534427286437500371e+00
6.526974863376216796e+00
6.519463407335212679e+00
6.518353117115022854e+00
6.510768342750627546e+00
6.509206806554892033e+00
6.508171679782032371e+00
6.507145725593752594e+00
6.506128863388722650e+00
6.497923999360771141e+00
6.489006247702032049e+00
6.487698289515826389e+00
6.486469368665120250e+00
6.485286804623427770e+00
6.484144953372081410e+00
6.483039010678617764e+00
6.481964880325558731e+00
6.472945626089844140e+00
6.471195144472177141e+00
6.469472554445874657e+00
6.460245974214615217e+00
6.458598841956379566e+00
6.456973840769530071e+00
6.447543935893067513e+00
6.445990536529446757e+00
6.444455468451891988e+00
6.442937568951024652e+00
6.441435831947363688e+00
6.439949386002507659e+00
6.430174313017032794e+00
6.428756643307308671e+00
6.427352570528027442e+00
6.425961607507263196e+00
6.415965420502340422e+00
6.414645012072995200e+00
6.413336638808944556e+00
6.403185292578822185e+00
6.392975600536031422e+00
6.391803869347072897e+00
6.390643055441960207e+00
6.389492887956948586e+00
6.388353120070081381e+00
6.377955036283762702e+00
6.376893394181859520e+00
6.375841426038201476e+00
6.374798936588288889e+00
6.373765750141872743e+00
6.372741702096365479e+00
6.371726637639919311e+00
6.370720410637282782e+00
6.369722882670477482e+00
6.359065502909215795e+00
6.347843277660784267e+00
6.346978032544963177e+00
6.346140308726651469e+00
6.345310150552752937e+00
6.344487446806329700e+00
6.333187254510446174e+00
6.332212540796406053e+00
6.320069310955840791e+00
6.319671324754978059e+00
6.318573953833615420e+00
6.306475938879450460e+00
6.304717197091981085e+00
6.292549203380420231e+00
6.280365548002562193e+00
6.278816225431225639e+00
6.277307481626894337e+00
6.275834909325594069e+00
6.274394742086589538e+00
6.272983757013414596e+00
6.271599191987465183e+00
6.270238675877932266e+00
6.268900169623671026e+00
6.256304819339090884e+00
6.255058307920478455e+00
6.253829818654683237e+00
6.241139327815456106e+00
6.240001863951960992e+00
6.238879624000866819e+00
6.237771754162753091e+00
6.236677505049489589e+00
6.223824871459916253e+00
6.211011585991157880e+00
6.198254217127830756e+00
6.197413248214587611e+00
6.196583295997354135e+00
6.195763918343353716e+00
6.194954717674668210e+00
6.182123812850084832e+00
6.181410240430236236e+00
6.180705631021568003e+00
6.180009694550103738e+00
6.179322166174891606e+00
6.178642800315250483e+00
6.165187278663976755e+00
6.164578233597461931e+00
6.163997449522341299e+00
6.163423744668493853e+00
6.162856932283398592e+00
6.162296839169308704e+00
6.161743300926917577e+00
6.161196161159868012e+00
6.160655270780354797e+00
6.160120487400913447e+00
6.159591674800046768e+00
6.145215852625183217e+00
6.145294456528877625e+00
6.130903569081645799e+00
6.116596928444346659e+00
6.102386994408226073e+00
6.100931295746524263e+00
6.086790804640065389e+00
6.085506096357024219e+00
6.071437971060608341e+00
6.070306740493223607e+00
6.069219723154938961e+00
6.068171947544785283e+00
6.067159159554115000e+00
6.066177712306147107e+00
6.065224473382051507e+00
6.050976835494749295e+00
6.050138928098158786e+00
6.035970854186380130e+00
6.035245259737537005e+00
6.021171209200498531e+00
6.020555770932728201e+00
6.019956551042079163e+00
6.005942243071298314e+00
6.005450467858366004e+00
6.004971803842242828e+00
6.004505415232790355e+00
5.990522841387703856e+00
5.990161821843534184e+00
5.989810865709396026e+00
5.989469446466314295e+00
5.989137039915108041e+00
5.988813194082720948e+00
5.988497496988921753e+00
5.988189571600199379e+00
5.987889071513508910e+00
5.987595677256318361e+00
5.987309093110647851e+00
5.973099495229419631e+00
5.972330784647878588e+00
5.972149134549926686e+00
5.971972923951870627e+00
5.957307192515583161e+00
5.956066334531231021e+00
5.955955473098637043e+00
5.955850635634540424e+00
5.955004537819820420e+00
5.954905030134082011e+00
5.954810570277560444e+00
5.954720836275473772e+00
5.954635539881689255e+00
5.954554421789742591e+00
5.954477247596043910e+00
5.938949010815700369e+00
5.940342276005513789e+00
5.940378605231378728e+00
5.940416929459818363e+00
5.940457328836771467e+00
5.940499699469008910e+00
5.940543942507070518e+00
5.924993032027646045e+00
5.909623108412840331e+00
5.908474208207231015e+00
5.907407726754770216e+00
5.906413038047982234e+00
5.905481111686902373e+00
5.904604259772220587e+00
5.903775924945761311e+00
5.888299338158375029e+00
5.887615906088891293e+00
5.886967860209789016e+00
5.886351469113214385e+00
5.885763518211200029e+00
5.870231238392725537e+00
5.869766851932925356e+00
5.869324220689674299e+00
5.868901436155228524e+00
5.853379704733441713e+00
5.853072942931660805e+00
5.852781815393113263e+00
5.852505139950479496e+00
5.852241871732524636e+00
5.851991083684225714e+00
5.836387127610671577e+00
5.836247465099807741e+00
5.836117887553242234e+00
5.835997773178528192e+00
5.835886561972355224e+00
5.835783745151585933e+00
5.835688858683091063e+00
5.835601477740629761e+00
5.835521211949347808e+00
5.835447701300384260e+00
5.835380612635998610e+00
5.835319636620804218e+00
5.835264485127597212e+00
5.835214888976955727e+00
5.835170595979102259e+00
5.835131369234139775e+00
5.835096985653412283e+00
5.835067234670299641e+00
5.818870289419881381e+00
5.818951981079377056e+00
5.819037090503798026e+00
5.819125451478160294e+00
5.819216909721419029e+00
5.819311317577722242e+00
5.819408533633693814e+00
5.803220383262053694e+00
5.801166771006007750e+00
5.801330734372307951e+00
5.784871331259122229e+00
5.785668424283393563e+00
5.785952573941369970e+00
5.786238169540224519e+00
5.786525021324692375e+00
5.786812935308692118e+00
5.787101738366626336e+00
5.787391275310066696e+00
5.787681406412026774e+00
5.770448632159337343e+00
5.771374255076858972e+00
5.771777433010784719e+00
5.772179588370078385e+00
5.772580754896995181e+00
5.772980890698340417e+00
5.773379955277767372e+00
5.773777909553741594e+00
5.756481577962699880e+00
5.758409407083591169e+00
5.758919886330828852e+00
5.759427665716021494e+00
5.759932962165279058e+00
5.760435790432913095e+00
5.760936161539008893e+00
5.761434083494987313e+00
5.761929561875401617e+00
5.762422600298153341e+00
5.762913200827448179e+00
5.763401364311510733e+00
5.763887090665307689e+00
5.764370379106766862e+00
5.764851228353835566e+00
5.765329636788424139e+00
5.747857090858723872e+00
5.748752119093954782e+00
5.748836888625517894e+00
5.748981683171331625e+00
5.749177218721269966e+00
5.732058756162522251e+00
5.733366155028113198e+00
5.733776157276541774e+00
5.734212183476045332e+00
5.734669983472286070e+00
5.735145882928778249e+00
5.735636757734984492e+00
5.736139950218605676e+00
5.736653198429268130e+00
5.737174576392081171e+00
5.737702443575302347e+00
5.738235402110114514e+00
5.738772260542027048e+00
5.739312003092748249e+00
5.739853763576372891e+00
5.740396803250859215e+00
5.740940491999938722e+00
5.741484292335878870e+00
5.742027745793393478e+00
5.742570461351707678e+00
5.743112105578105364e+00
5.725950112654428104e+00
5.725650304314878092e+00
5.725373846638582620e+00
5.725119461205014915e+00
5.707942595797923957e+00
5.707800782162065545e+00
5.707678678382380077e+00
5.707575250674250533e+00
5.707489536786229500e+00
5.707420638171452509e+00
5.707367713880176829e+00
5.689979879323919576e+00
5.690041126471118815e+00
5.690116485581127925e+00
5.690205244626611147e+00
5.690306734158758317e+00
5.690420322306980694e+00
5.672953032986224109e+00
5.673182074113047868e+00
5.673421510866200279e+00
5.673670802325808893e+00
5.673929437866465975e+00
5.656487553456986284e+00
5.656862129227714142e+00
5.657244401079518425e+00
5.657633934740917248e+00
5.658030320167577010e+00
5.658433167040520573e+00
5.640994743814803591e+00
5.641513646674817473e+00
5.642037437192924720e+00
5.642565788472077237e+00
5.643098392226264082e+00
5.643634953992422432e+00
5.644175192440976652e+00
5.626727977930455538e+00
5.627384073664398301e+00
5.610200705306014335e+00
5.609226414121866178e+00
5.609947513361142946e+00
5.610671274831447342e+00
5.611397225782924991e+00
5.593882658742445280e+00
5.594700037364860101e+00
5.595542358753092138e+00
5.578287932946047079e+00
5.579774922008762239e+00
5.580730926126094005e+00
5.581684893612957943e+00
5.582636721239838451e+00
5.564757788639982827e+00
5.563811348781471544e+00
5.564811346700572869e+00
5.565807650446219945e+00
5.566800441159005963e+00
5.549289776365761817e+00
5.551807503805482824e+00
5.552912563673283231e+00
5.535581263757920034e+00
5.538288138562899476e+00
5.539499591576865889e+00
5.540704210052172840e+00
5.541902277799274579e+00
5.543093845485590698e+00
5.544278956303783090e+00
5.545457647324255390e+00
5.546629950589136548e+00
5.547795894033090924e+00
5.548955502257649997e+00
5.550108797181745324e+00
5.551255798587527934e+00
5.552396524577714487e+00
5.553530991958095520e+00
5.536000422125840537e+00
5.518717942393498888e+00
5.518643389603031579e+00
5.518662282839569500e+00
5.518762325279952030e+00
5.501567040871585768e+00
5.501861303235339840e+00
5.502212473427677608e+00
5.485133670999287503e+00
5.468309872337581368e+00
5.468940548194481721e+00
5.469608609390682830e+00
5.470309841037725995e+00
5.471040583878591157e+00
5.454184292742266571e+00
5.455049483198139981e+00
5.455936273835754413e+00
5.439195686275528629e+00
5.437751819138978426e+00
5.438714721484633863e+00
5.439691809513693244e+00
5.440681647419554956e+00
5.441682950086456749e+00
5.442694563073845693e+00
5.426102351587755557e+00
5.425453760618128562e+00
5.426536802412303295e+00
5.427627824990903349e+00
5.428725839591455049e+00
5.412254852305173891e+00
5.396041113223305707e+00
5.397375701002117054e+00
5.381373122093523698e+00
5.382822082690613463e+00
5.384271526829705223e+00
5.385721021971546563e+00
5.387170173372672011e+00
5.388618615147521496e+00
5.390066007334300302e+00
5.391512033343427213e+00
5.392956397732390883e+00
5.376182074681850054e+00
5.377711669486933133e+00
5.379263893613516423e+00
5.362672094504369547e+00
5.364858034244603502e+00
5.366514440169008360e+00
5.368165561963653687e+00
5.369811326149642738e+00
5.371451630640462938e+00
5.373086375552523997e+00
5.374715463575192587e+00
5.376338800249643057e+00
5.377956294177506535e+00
5.379567857171428713e+00
5.381173404357742385e+00
5.382772854239763483e+00
5.365799576835079243e+00
5.367275579403883334e+00
5.368980170569760624e+00
5.370677043667732242e+00
5.372366263585919732e+00
5.374047819045133956e+00
5.376486965261980444e+00
5.358699042299061688e+00
5.361011514249933718e+00
5.362785518983432809e+00
5.364550356400325626e+00
5.366306152885877978e+00
5.368052947798058305e+00
5.350195039400241548e+00
5.353458786681807524e+00
5.355302725082065507e+00
5.357136191839273032e+00
5.358959469981749990e+00
5.360772637782726058e+00
5.362575765944787243e+00
5.364368918817002729e+00
5.366152155389352529e+00
5.367925530136202994e+00
5.369689093731887297e+00
5.371442893657788709e+00
5.373186974717353515e+00
5.374921379472988647e+00
5.376646148616668341e+00
5.378361321284266694e+00
5.380066935322096455e+00
5.381763027512868725e+00
5.383449633767200204e+00
5.365067811120980856e+00
5.368249783933969788e+00
5.350056016000624304e+00
5.353427358140576686e+00
5.335437194877309608e+00
5.338991788105419189e+00
5.321219467720428753e+00
5.323670194082329665e+00
5.325230990772513273e+00
5.326849528699654890e+00
5.328515396857554265e+00
5.330219750306120829e+00
5.331955124220943532e+00
5.333715213430816782e+00
5.335494688637660410e+00
5.337289042853905485e+00
5.339094462816924569e+00
5.321465529959095164e+00
5.324346262329859414e+00
5.326283154558661970e+00
5.328220498172719033e+00
5.330156627941046388e+00
5.332090071246174290e+00
5.314568259524442340e+00
5.317584124785551758e+00
5.319620375356083564e+00
5.321649263717604939e+00
5.323670213022695386e+00
5.325682672120273686e+00
5.308250272470905529e+00
5.309391693950341384e+00
5.310563671017868970e+00
5.311763927956117293e+00
5.312990369999984530e+00
5.314241063707787482e+00
5.296496202659431773e+00
5.297864463305098859e+00
5.299253273178865520e+00
5.281548698873602454e+00
5.264102604051034362e+00
5.265704091025466660e+00
5.267322207713471371e+00
5.249945234141739192e+00
5.232850064636730636e+00
5.216049343959263673e+00
5.214355629765559996e+00
5.216157656321914970e+00
5.217971022082459776e+00
5.219794494393251938e+00
5.203290202012537335e+00
5.187068473561813775e+00
5.189114963198421471e+00
5.173103052323484441e+00
5.175258426356771579e+00
5.177417229647144126e+00
5.179578758037675534e+00
5.181742350861255453e+00
5.165697454535685296e+00
5.167393954744727402e+00
5.151033442381264926e+00
5.153896070659207851e+00
5.156265320176208533e+00
5.158632206699073741e+00
5.160996369013074236e+00
5.163357432491859633e+00
5.165715036161851792e+00
5.168068832550045677e+00
5.170418487471338587e+00
5.172763679772888423e+00
5.175104101045416627e+00
5.177439455309680305e+00
5.160495339141975890e+00
5.163449611837898523e+00
5.145973770460868124e+00
5.149022258455012491e+00
5.131650569066854572e+00
5.135652741681136391e+00
5.138281348776255975e+00
5.140900042815234272e+00
5.143508960690687637e+00
5.146108042617734135e+00
5.148697222878119817e+00
5.151276431425810820e+00
5.153845595194358253e+00
5.156404639187636363e+00
5.158953487387360148e+00
5.161492063505474626e+00
5.164020291605400992e+00
5.146082543154533617e+00
5.150069830160568074e+00
5.152686519349657601e+00
5.155291212594197425e+00
5.137405866648745878e+00
5.119752441390824416e+00
5.121243314068589569e+00
5.122832038102330898e+00
5.124505520363854316e+00
5.106808007799006788e+00
5.108672374892194057e+00
5.110596348096329677e+00
5.112572423204870375e+00
5.114594115681926567e+00
5.116655803726192886e+00
5.118752596663322052e+00
5.120880224893442190e+00
5.123034947657931326e+00
5.125213475579260880e+00
5.127412905479984850e+00
5.129630665431848868e+00
5.131864468345962216e+00
5.134112272707771041e+00
5.136372249299433257e+00
5.138642752948198833e+00
5.119679575900669022e+00
5.122077301835942897e+00
5.124481756282965428e+00
5.126891779553978346e+00
5.107852034181372680e+00
5.110386351920142900e+00
5.112923231985800676e+00
5.093911224205626809e+00
5.096569755020481374e+00
5.099228210183334831e+00
5.101885913403859441e+00
5.104542235059406075e+00
5.107196585676827993e+00
5.109848412311049692e+00
5.112497195363550517e+00
5.093117780454737620e+00
5.095888245577514297e+00
5.076647228815381219e+00
5.079536122682469568e+00
5.082418488318332095e+00
5.085293999527460862e+00
5.088162347600370339e+00
5.091023237301222082e+00
5.071624499410637199e+00
5.074603119333678691e+00
5.077572605775666048e+00
5.080532745865559363e+00
5.083483337402320501e+00
5.086424185082699445e+00
5.066890776080661851e+00
5.069948664433317376e+00
5.050594734963652854e+00
5.053765482917476959e+00
5.056923695973339683e+00
5.060069267245967950e+00
5.063202157570723116e+00
5.043818363753216794e+00
5.047062403285990762e+00
5.050292473589443887e+00
5.053508549486399382e+00
5.034183155340026694e+00
5.015160809616663329e+00
5.014493562940331550e+00
5.017749741873238634e+00
5.020989262181539736e+00
5.024211941122959324e+00
5.027417623463657392e+00
5.030606177680030378e+00
5.033777492690255428e+00
5.036931475060128172e+00
5.040068046614414321e+00
5.043187142395031408e+00
5.024272617453679146e+00
5.027510597563621175e+00
5.030729713791102675e+00
5.033929995077520481e+00
5.015108339456928910e+00
5.018423420876563235e+00
4.999202540977229603e+00
5.002603041344697132e+00
5.006012804635109781e+00
5.009401636303080885e+00
5.012769667237904514e+00
5.016117023675175091e+00
5.020053882541727575e+00
5.023353612796285006e+00
5.026633089028955226e+00
5.029892404562281705e+00
5.033131647440445278e+00
5.036350901150277615e+00
5.039550245245627558e+00
5.042729755889252985e+00
5.045889506324080287e+00
5.049029567284078368e+00
5.029836032619646069e+00
5.033095873122213071e+00
5.036334935669417590e+00
5.039553336080041746e+00
5.042751188372193383e+00
5.045928599954519811e+00
5.049085672546035575e+00
5.029828527019346573e+00
5.033105322747323029e+00
5.036360750253874308e+00
5.039594948142262609e+00
5.042808051611944009e+00
5.023596306823553626e+00
5.004029537689501872e+00
4.983987445025948482e+00
4.988096178554163096e+00
4.991680731356354705e+00
4.971702043922686443e+00
4.976795733852259040e+00
4.980455021724838005e+00
4.984089389062989817e+00
4.987699310757795601e+00
4.967764509837185649e+00
4.972901656537739967e+00
4.976585001024099952e+00
4.980243481318131771e+00
4.983877559235097898e+00
4.987487482741285838e+00
4.967547915289802773e+00
4.972685107247289515e+00
4.976368799848674307e+00
4.980027821942359267e+00
4.983662613771580041e+00
4.987273404300183621e+00
4.990860405979373304e+00
4.994423816832235019e+00
4.974380594592866522e+00
4.979438641630819617e+00
4.983079411502446376e+00
4.986695919174021441e+00
4.966746862950448538e+00
4.947027931430492131e+00
4.949551070293067845e+00
4.952176958499339143e+00
4.954890802585196319e+00
4.957679962049844846e+00
4.937820787224607599e+00
4.940805083796938391e+00
4.943840976777439167e+00
4.946921048900329687e+00
4.950038852805016099e+00
4.953188765157441331e+00
4.956365863968873242e+00
4.959565825813941231e+00
4.962784839517215829e+00
4.966019533507504136e+00
4.945498166683769625e+00
4.925176061041609543e+00
4.928686067137719284e+00
4.932203866418138460e+00
4.935727347623116046e+00
4.939254602417451068e+00
4.942783899344747489e+00
4.946313662523744270e+00
4.949842453389240227e+00
4.953368955005874597e+00
4.956891958560075473e+00
4.960410351699050757e+00
4.939420493440195514e+00
4.943075763800751865e+00
4.946723548502736989e+00
4.950363018560432593e+00
4.953993403293898368e+00
4.957613983730396079e+00
4.936427372783500189e+00
4.940184253476982867e+00
4.919112480912512630e+00
4.923001138486823969e+00
4.926876200480050372e+00
4.930737204346876901e+00
4.934583713931396609e+00
4.938415315790405380e+00
4.942231618111552649e+00
4.920930276838666018e+00
4.924879447343267103e+00
4.928811552712288879e+00
4.932726305509956610e+00
4.936623433623787527e+00
4.915251260345866235e+00
4.919280023289417159e+00
4.898054928642577188e+00
4.902209933208667714e+00
4.906344520562582190e+00
4.910458558773333593e+00
4.914551920575934041e+00
4.918624480697324941e+00
4.922676116634415955e+00
4.926706709281170937e+00
4.930716143429121345e+00
4.909180780413354483e+00
4.887872980420120861e+00
4.892158578345300768e+00
4.871038823010982455e+00
4.850207711969405366e+00
4.854743476887936282e+00
4.859253999485861009e+00
4.838575694232248203e+00
4.818236674843773493e+00
4.817837980828449496e+00
4.822345493867429944e+00
4.827431234364897072e+00
4.807066711065409947e+00
4.811622756887473429e+00
4.816181049095360045e+00
4.820709821806129725e+00
4.825820015761148163e+00
4.805491782117321087e+00
4.810065209557104815e+00
4.814640449987099835e+00
4.819185592763098214e+00
4.824315464712455537e+00
4.828790878073967896e+00
4.833236551119214575e+00
4.837652537855348989e+00
4.842038889308349248e+00
4.846395654233556449e+00
4.850722879729926440e+00
4.855020611772244088e+00
4.859288895673344655e+00
4.863527776486475496e+00
4.867737299356351244e+00
4.871917509826141135e+00
4.876068454106394334e+00
4.880190179311112431e+00
4.859732446782410342e+00
4.863983420017588877e+00
4.843704658982995959e+00
4.823689157347531342e+00
4.828205252005727033e+00
4.807791224676805975e+00
4.812390393179858172e+00
4.816989519402905096e+00
4.821556679416514335e+00
4.801265104652443938e+00
4.806479162319784670e+00
4.811117490035416111e+00
4.815723757640459901e+00
4.820298184506525807e+00
4.824840942436821045e+00
4.804511242184190678e+00
4.809696331179821982e+00
4.789586542110104261e+00
4.768998519037038086e+00
4.773361199297458946e+00
4.777811989826767025e+00
4.782293530676865245e+00
4.786796377937029945e+00
4.791312597702328091e+00
4.796607777076543400e+00
4.801116798113351791e+00
4.805622556131591949e+00
4.810121049454076925e+00
4.814608876985167818e+00
4.819083166363467008e+00
4.823541490577777147e+00
4.827981798056331542e+00
4.832402354000750577e+00
4.812098018934396038e+00
4.792089100706187210e+00
4.796766841209863408e+00
4.801420966426219294e+00
4.806050550052838766e+00
4.786136639704224649e+00
4.790077801936212687e+00
4.795579120586659805e+00
4.800260588050708321e+00
4.804914884483928894e+00
4.785016498849962829e+00
4.788974211735538944e+00
4.794499278522527774e+00
4.799198525713041619e+00
4.803869312623012533e+00
4.808511377569111289e+00
4.813124563108830856e+00
4.817708702240492080e+00
4.797596760685337358e+00
4.777009177275022722e+00
4.781795114618017983e+00
4.761345706490932805e+00
4.767111752301685712e+00
4.772001548803565640e+00
4.776861887055632749e+00
4.781692682117493653e+00
4.786493810536844862e+00
4.791265164127495702e+00
4.796783333746370559e+00
4.801480148401609860e+00
4.806147260267775501e+00
4.810784564677550890e+00
4.815392038493601312e+00
4.819969630446300890e+00
4.799813682291845574e+00
4.804496905385830630e+00
4.809150198903989093e+00
4.813773461141126475e+00
4.818366675950900735e+00
4.822929799777226023e+00
4.802714361008321831e+00
4.782025444518682278e+00
4.786795370335061861e+00
4.791578508533806513e+00
4.797111543317709170e+00
4.801818916245836455e+00
4.806496108327213079e+00
4.811143028580883829e+00
4.815759667549909473e+00
4.820345986960660412e+00
4.824901955995723135e+00
4.804641041222943443e+00
4.809305011688289611e+00
4.789274492774720393e+00
4.793246140379658904e+00
4.798772810259417376e+00
4.803476438939188853e+00
4.782753989824919394e+00
4.762237281145513812e+00
4.767976941268496027e+00
4.772882724317041969e+00
4.777758126173579534e+00
4.757322615777832553e+00
4.763149209813303919e+00
4.768080331803916216e+00
4.772981257537036726e+00
4.777851949571504164e+00
4.782692323980163529e+00
4.787502307660244760e+00
4.766936349407927764e+00
4.772668976682537867e+00
4.777539521558900049e+00
4.782379785469830225e+00
4.761894573962868193e+00
4.741642085518800620e+00
4.745879079342036455e+00
4.750148617131277007e+00
4.754446550277138250e+00
4.758769017249807831e+00
4.763112419801013964e+00
4.742380982691543956e+00
4.746859339380286258e+00
4.751352908109200079e+00
4.755858758557322652e+00
4.760374146792697658e+00
4.764896501445651467e+00
4.769423411585504979e+00
4.773952615713296765e+00
4.778481991736373224e+00
4.783009547810297413e+00
4.787533413949688565e+00
4.792051834323375559e+00
4.796563160160675743e+00
4.801065843205390316e+00
4.779161020377760138e+00
4.783812749189437774e+00
4.788452695094923328e+00
4.793079587111169992e+00
4.797692229799511487e+00
4.802289498528789835e+00
4.806870335700359931e+00
4.811433747203297528e+00
4.789142680058204427e+00
4.766964974169745517e+00
4.744935800630811329e+00
4.749983116955105444e+00
4.755009112080515798e+00
4.760013054430267232e+00
4.764994249277368255e+00
4.742839047445380984e+00
4.747961825112295031e+00
4.753059829285684934e+00
4.730935695106717631e+00
4.736171319658823542e+00
4.741380367123088746e+00
4.746562377958722934e+00
4.751716913248370311e+00
4.756843552706243372e+00
4.761941894967010036e+00
4.767011557723471071e+00
4.772052177739723788e+00
4.777063410762462325e+00
4.782044931349496153e+00
4.786996432631457132e+00
4.764344430130264207e+00
4.769447073410704618e+00
4.746874045633406425e+00
4.752121795216626587e+00
4.757336694346699701e+00
4.762518580055727035e+00
4.767667297280326011e+00
4.772782697530458584e+00
4.777864639706352889e+00
4.782912990739505155e+00
4.760111911957581654e+00
4.765311102767146423e+00
4.770475324433276043e+00
4.775604508906623025e+00
4.780698593708581967e+00
4.785757520709990054e+00
4.762846103658523234e+00
4.768057488669409594e+00
4.773232417692416796e+00
4.778370887659281863e+00
4.783472898281781127e+00
4.760504510104337506e+00
4.765758558562667169e+00
4.770974947919390807e+00
4.748046513803774182e+00
4.753410328531399998e+00
4.758735464882636101e+00
4.764022004023716228e+00
4.769270023833670713e+00
4.746300238307788355e+00
4.723493872951377348e+00
4.729065827338573946e+00
4.706403573477182078e+00
4.712105140696428052e+00
4.717765799584960007e+00
4.723385709322149850e+00
4.700762465201998808e+00
4.706509419195746169e+00
4.712215259781606491e+00
4.717880165339946252e+00
4.723504277107367422e+00
4.700860625285808503e+00
4.706611877496565732e+00
4.712321946544738793e+00
4.717990999042793732e+00
4.723619166661099378e+00
4.729206571537925896e+00
4.734753328219899693e+00
4.740259545317289103e+00
4.745725326919452591e+00
4.751150773805790095e+00
4.728205109528529348e+00
4.733770263790161081e+00
4.739294375492215217e+00
4.744777571667768257e+00
4.750219976663309751e+00
4.755621710186741957e+00
4.732604473748529550e+00
4.738147930485530956e+00
4.743649995974582367e+00
4.749110813169227008e+00
4.726122720252448950e+00
4.731722460041714484e+00
4.737280344742832661e+00
4.742796533525463154e+00
4.719843579868387984e+00
4.725495888057849037e+00
4.702697918690491363e+00
4.708478281168236634e+00
4.714216003427851298e+00
4.691533010335659171e+00
4.697393266641562981e+00
4.703210779733327129e+00
4.708985731983106326e+00
4.686361084865843907e+00
4.692255993420602067e+00
4.698108281169588452e+00
4.675615221504358487e+00
4.681581933254644667e+00
4.687506101761496957e+00
4.693387889008353575e+00
4.699227447413509395e+00
4.705024916975659721e+00
4.710780427600987252e+00
4.716494074740769094e+00
4.693790300686965900e+00
4.699627679201733521e+00
4.705422970838464281e+00
4.711176303618317185e+00
4.716887775231674240e+00
4.722557529207137783e+00
4.728185676985398267e+00
4.733772325915625245e+00
4.739317580416571474e+00
4.744821542966344730e+00
4.750284314949332121e+00
4.755705997380829331e+00
4.761086691526863035e+00
4.737937079887593050e+00
4.714971265376229681e+00
4.720671855677841755e+00
4.726329959145417980e+00
4.731945737679004615e+00
4.737519347195283892e+00
4.714545220992028440e+00
4.691800176794865607e+00
4.697672773160778803e+00
4.703502330342699267e+00
4.680886985407647138e+00
4.686833508956244287e+00
4.692737054341975522e+00
4.698597795967986102e+00
4.704415897884000941e+00
4.681797740533645502e+00
4.687733355464844820e+00
4.693626316727534942e+00
4.699476772704905159e+00
4.705284864496451114e+00
4.711050723011301677e+00
4.716774444578732961e+00
4.722456172468812774e+00
4.728096018185885541e+00
4.733694089635076097e+00
4.739250492223355593e+00
4.744765329797197673e+00
4.721722037016652607e+00
4.727373819459691262e+00
4.732983456610963202e+00
4.738551078307324360e+00
4.744076812938898158e+00
4.749560785104695704e+00
4.726457530636468896e+00
4.703561816239320237e+00
4.709355782059792439e+00
4.686644380308942814e+00
4.692558175850852997e+00
4.670055797907791018e+00
4.676080723703178066e+00
4.682062566463697451e+00
4.659712015906573690e+00
4.665799477280066831e+00
4.643695333158580851e+00
4.649879550936230288e+00
4.656021420590882087e+00
4.662121090219443431e+00
4.668178695275154944e+00
4.674194354863496770e+00
4.680168174743860376e+00
4.686100249898881742e+00
4.691990666733510729e+00
4.697839504957989298e+00
4.703646839200786189e+00
4.681064517625202370e+00
4.658777711763733897e+00
4.664849299804086691e+00
4.670879236084253705e+00
4.648751411203034145e+00
4.654881236039486225e+00
4.660969743485489758e+00
4.667017025626424065e+00
4.673023167081764129e+00
4.678988240954209843e+00
4.684912311215681413e+00
4.690795434750519632e+00
4.696637663104760385e+00
4.702439043984102618e+00
4.708199622536945128e+00
4.713919415743178298e+00
4.719598493877671608e+00
4.696862685021915951e+00
4.702666790396627938e+00
4.708429785636883302e+00
4.685816602069429848e+00
4.691699073215938043e+00
4.697540223227384182e+00
4.703340138213095045e+00
4.680787968470651705e+00
4.686704799710566860e+00
4.692580267495376489e+00
4.698414462345419373e+00
4.675925802050797664e+00
4.681874418419725181e+00
4.687781699240709976e+00
4.693647735112267405e+00
4.699472611843427572e+00
4.705256407207803804e+00
4.710999192847537209e+00
4.716701010017662732e+00
4.693995817583794583e+00
4.699821230004586070e+00
4.705605373158850746e+00
4.711348330446161192e+00
4.717050157652679765e+00
4.722710957794411968e+00
4.728330804303180201e+00
4.733909768449213296e+00
4.739447920381941515e+00
4.744945330012075857e+00
4.750402067761363867e+00
4.755818205199218163e+00
4.761193815582215549e+00
4.766528974310333844e+00
4.771823759311513591e+00
4.777078251364499373e+00
4.753789976853980193e+00
4.759195194450114741e+00
4.764559168102489473e+00
4.769882020035402626e+00
4.775163872998156478e+00
4.780404848608269752e+00
4.757058556135232763e+00
4.762451827739887733e+00
4.767803292778795665e+00
4.773113105602687867e+00
4.778381418877770237e+00
4.783608382121369296e+00
4.788794142581672908e+00
4.793938846866662828e+00
4.770471634548228757e+00
4.775774297815996050e+00
4.781034876586006455e+00
4.786253551178013765e+00
4.791430499586022407e+00
4.796565897039078763e+00
4.773048748416647946e+00
4.778343371612145951e+00
4.754906728255990700e+00
4.731622228725298918e+00
4.737254438981094218e+00
4.714115472132982099e+00
4.719881215885397552e+00
4.696914756500026655e+00
4.702805486112553446e+00
4.708651077334823576e+00
4.714451796875349210e+00
4.720207869566740655e+00
4.725919557225691570e+00
4.702904979208287095e+00
4.708744771334337109e+00
4.714540055107313776e+00
4.720291021759012828e+00
4.725997907130673248e+00
4.731660909051509378e+00
4.737280216356898777e+00
4.742856010621653517e+00
4.748388467634645949e+00
4.753877758656971153e+00
4.759324051495884333e+00
4.764727511421722461e+00
4.770088301950932141e+00
4.775406585514707203e+00
4.780682524029880476e+00
4.785916279386017713e+00
4.791108013541588662e+00
4.767576874443024693e+00
4.772925781292423508e+00
4.778231705131736007e+00
4.754754541132387047e+00
4.760212483005877182e+00
4.765626668446812708e+00
4.770997319238027501e+00
4.747551608740076645e+00
4.753071266293011021e+00
4.758546726151332784e+00
4.735180067340834853e+00
4.740799057866231792e+00
4.746373362902656545e+00
4.723100446099768313e+00
4.728812670682596142e+00
4.734479890513193290e+00
4.740102353976415550e+00
4.745680299983990658e+00
4.751213956504303226e+00
4.756703542553019304e+00
4.733348346503847281e+00
4.710189387938694239e+00
4.715998157371156907e+00
4.693020034797973139e+00
4.698951726912631521e+00
4.704838063869098974e+00
4.710679293379386401e+00
4.716475650582976797e+00
4.722227329910615445e+00
4.699203350650400957e+00
4.676443849596503277e+00
4.682480859102038373e+00
4.688472975888679173e+00
4.694420417942258617e+00
4.700323391389099825e+00
4.706182087816944914e+00
4.711996686894661224e+00
4.689116884744762181e+00
4.695052496604355419e+00
4.700943999997607925e+00
4.706791565112544262e+00
4.683985430706626651e+00
4.661473884881912610e+00
4.667589959153868762e+00
4.645329095388407659e+00
4.651542224263573999e+00
4.657711941756614848e+00
4.663838407166897682e+00
4.669921767989738015e+00
4.675962156085059718e+00
4.653620785502867285e+00
4.659763258565937427e+00
4.665863118041749580e+00
4.671920470909454615e+00
4.677935418539373558e+00
4.683908052452347093e+00
4.689838456437860792e+00
4.695726708365962843e+00
4.701572881736693965e+00
4.707377047005222970e+00
4.713139272715218375e+00
4.718859600633007467e+00
4.724538124471164835e+00
4.730174912303331425e+00
4.735770033398586598e+00
4.712744185493807692e+00
4.718471892696275205e+00
4.724157436859734105e+00
4.729800917260670090e+00
4.735402433722086357e+00
4.740962083820234874e+00
4.746479963916712563e+00
4.751956170033079907e+00
4.757390798590554581e+00
4.762783947034538556e+00
4.739505452433228960e+00
4.745043447658169988e+00
4.750539208047134032e+00
4.755992864822078836e+00
4.732751637086319185e+00
4.738347212519432361e+00
4.743900055523062598e+00
4.720751743450760429e+00
4.726441023430796307e+00
4.732087122048894479e+00
4.737690209348762060e+00
4.743250449937176150e+00
4.748768001173630182e+00
4.754243014840021431e+00
4.759675638554661248e+00
4.765066016968718898e+00
4.770414292777861220e+00
4.775720607576799281e+00
4.780985102580270762e+00
4.786207919199307881e+00
4.791389199153023526e+00
4.796529085868639797e+00
4.772979373721990548e+00
4.778278390269815823e+00
4.783534975109120069e+00
4.788749309448864011e+00
4.793921573170255357e+00
4.799051944418644133e+00
4.804140599946993717e+00
4.809187715799934537e+00
4.814193467884725131e+00
4.790523088106518834e+00
4.795695015032022113e+00
4.800824408834429846e+00
4.805911482526234124e+00
4.782243932016731591e+00
4.787494334574969201e+00
4.763895367453773844e+00
4.769301931578596943e+00
4.745800898960014003e+00
4.722471336946465925e+00
4.699359940171586203e+00
4.705270611946374082e+00
4.711134764904448602e+00
4.688159943238483507e+00
4.665471923660335030e+00
4.671610686594994455e+00
4.677703239586055162e+00
4.683749874976313343e+00
4.689750865118577750e+00
4.667080935048193879e+00
4.644739125912083821e+00
4.650990859312208237e+00
4.628290614615852228e+00
4.634610618165416085e+00
4.640920364281639898e+00
4.647809444369332077e+00
4.654016511683896518e+00
4.660179995329153613e+00
4.666300034983788869e+00
4.672376757056167840e+00
4.650051470858855396e+00
4.656228228080101061e+00
4.662362083499711041e+00
4.668453141924054250e+00
4.674501503778458300e+00
4.680507260456021612e+00
4.686470496284131926e+00
4.692391290208529853e+00
4.698269717234994758e+00
4.704105849663894112e+00
4.681402152238495873e+00
4.687355344993161310e+00
4.693266139322900266e+00
4.670707877652494844e+00
4.676730047885588881e+00
4.682709886830915380e+00
4.688647488624250848e+00
4.694542944027690012e+00
4.700396336682551635e+00
4.706207744880605226e+00
4.711977243075622823e+00
4.717704877017131260e+00
4.694871131259334973e+00
4.700722648436549633e+00
4.706532045915557738e+00
4.712299413860729480e+00
4.689529329543426606e+00
4.695417835818967767e+00
4.701264129804839875e+00
4.707068312657117559e+00
4.712830482730410608e+00
4.718550706618152901e+00
4.724229098775681202e+00
4.729865744447014464e+00
4.735460727099103373e+00
4.741014129407680855e+00
4.746526034090243762e+00
4.751996524611989514e+00
4.757425685783055691e+00
4.762813604262608358e+00
4.739547599861607452e+00
4.745080306771554568e+00
4.750570998859047656e+00
4.756019798782624264e+00
4.761426829505959191e+00
4.766792212292258135e+00
4.772116067623126234e+00
4.777398515971267301e+00
4.782639678448399323e+00
4.787839676938054012e+00
4.792998635320135925e+00
4.798116679603084300e+00
4.774581948987297153e+00
4.779859560484604586e+00
4.785095180966164818e+00
4.790288976424575296e+00
4.795441112819284868e+00
4.800551754671831262e+00
4.805621065725462771e+00
4.810649209594256348e+00
4.815636350301971014e+00
4.791978199257528992e+00
4.797131893283023807e+00
4.802243386087483579e+00
4.807312880506461106e+00
4.812340577643833051e+00
4.817326676182693390e+00
4.822271373181510334e+00
4.827174864736730520e+00
4.832037346532600530e+00
4.836859014295835202e+00
4.841640064170031010e+00
4.846380693022246611e+00
4.851081098692332283e+00
4.855741480193749737e+00
4.860362037873382057e+00
4.864942973536567017e+00
4.869484490542606459e+00
4.845647525896679575e+00
4.850374094461835206e+00
4.855059633958015652e+00
4.859704393569033165e+00
4.864308620323008370e+00
4.868872559336833383e+00
4.844982730496987244e+00
4.821068871479121221e+00
4.826039095923094102e+00
4.830965552510969374e+00
4.835848567343217219e+00
4.840688458100706804e+00
4.845485534557752771e+00
4.850240099863684762e+00
4.854952451615382358e+00
4.859622882754612405e+00
4.864251682318751158e+00
4.868839136040806537e+00
4.873385526932537459e+00
4.877891135697702829e+00
4.853927725874503274e+00
4.858622342732658694e+00
4.863274564649528564e+00
4.867884711267166153e+00
4.843874059632913287e+00
4.848670808662035370e+00
4.853423982511350765e+00
4.858133931012490692e+00
4.862800996546289056e+00
4.867425514743162651e+00
4.872007815378478490e+00
4.876548223157612938e+00
4.881047058375701297e+00
4.885504637472065426e+00
4.861474592211038726e+00
4.866124166989691524e+00
4.870730843276927402e+00
4.875294974015560001e+00
4.879816905644509539e+00
4.884296978841861758e+00
4.860226720204968487e+00
4.836097092036821365e+00
4.840998628975818896e+00
4.816851177546389806e+00
4.821932036938228805e+00
4.826965752002206678e+00
4.831952769972708062e+00
4.836893523815557039e+00
4.841788433038664685e+00
4.846637905437202853e+00
4.851442338568080714e+00
4.827284292948230693e+00
4.832271464764057889e+00
4.837212332016156857e+00
4.842107310077296667e+00
4.846956804296428167e+00
4.851761210373961575e+00
4.856520915512701819e+00
4.861236299394812832e+00
4.865907735012453550e+00
4.841742258179568381e+00
4.846601033268933101e+00
4.851414441555289336e+00
4.856182882932858824e+00
4.860906748981908443e+00
4.865586423407303407e+00
4.870222282934533631e+00
4.874814698069918961e+00
4.879364033746790952e+00
4.883870649875780678e+00
4.888334901814590516e+00
4.892757140769852242e+00
4.897137714141705622e+00
4.901476965820031673e+00
4.905775236439657405e+00
4.881670302886090163e+00
4.886167063355008722e+00
4.890621075485710456e+00
4.866436197678822850e+00
4.842177537748798777e+00
4.847060079402712773e+00
4.851896034907402289e+00
4.856685863412276483e+00
4.861430010876790497e+00
4.866128911169074200e+00
4.841860174708974895e+00
4.846747558452556781e+00
4.851588329890374141e+00
4.827295722930124100e+00
4.832320407695205766e+00
4.837297291386740028e+00
4.842226843900426125e+00
4.847109522074263488e+00
4.851945770370330813e+00
4.856736022326791691e+00
4.861480701788091885e+00
4.866180223949101880e+00
4.870834996243301518e+00
4.875445419100080890e+00
4.880011886592107828e+00
4.884534786990280431e+00
4.889014503240792564e+00
4.893451413376618930e+00
4.897845890873464114e+00
4.902198304958749198e+00
4.906509020880737815e+00
4.910778400143673394e+00
4.915006800713952018e+00
4.919194577201458252e+00
4.923342081019548289e+00
4.927449660526617592e+00
4.931517661151684884e+00
4.935546425506126766e+00
4.939536293483238083e+00
4.943487602347190979e+00
4.947400686812589043e+00
4.951275879115732081e+00
4.927313093095762042e+00
4.903166669129658040e+00
4.907496485486285920e+00
4.911783675528856641e+00
4.916028666241758494e+00
4.920231874622629675e+00
4.924393709506659889e+00
4.900203208832060398e+00
4.875872224123003029e+00
4.880482670586761884e+00
4.885047308802979771e+00
4.889566632742815777e+00
4.894041122512493125e+00
4.898471246039820315e+00
4.902857460380680266e+00
4.907200212818731089e+00
4.911499941793409540e+00
4.915757077685215748e+00
4.919972043482349733e+00
4.895724233956454619e+00
4.900143584546047926e+00
4.904518937045753368e+00
4.908850747855760588e+00
4.913139463241365412e+00
4.917385520826988099e+00
4.921589350340592084e+00
4.925751374246153169e+00
4.929872008283052054e+00
4.905660036286497494e+00
4.909987359659067074e+00
4.885644584575779881e+00
4.890174655910768386e+00
4.894659256291443050e+00
4.899098880019603364e+00
4.874694895426324059e+00
4.879334710431051825e+00
4.883927936912636270e+00
4.888475087060394131e+00
4.892976659546560469e+00
4.868543234122532759e+00
4.873243374086370316e+00
4.877896385995023287e+00
4.882502786007217210e+00
4.887063076934653694e+00
4.891577749527211694e+00
4.896047283622945834e+00
4.871626511161302631e+00
4.847115699821681112e+00
4.852024227443323845e+00
4.856883688016882417e+00
4.861694629843425375e+00
4.837169989639348522e+00
4.842170155352659044e+00
4.847120615635272856e+00
4.852021918328521366e+00
4.856874595696744734e+00
4.861679165364863664e+00
4.866436131851818558e+00
4.871145987874141881e+00
4.875809215456944123e+00
4.880426286883623455e+00
4.884997665510286247e+00
4.889523806466642419e+00
4.894005157261468675e+00
4.898442158307752869e+00
4.902835243380073926e+00
4.907184840014739535e+00
4.882829371324179490e+00
4.887380511629583424e+00
4.862932354229738685e+00
4.867680178295936244e+00
4.843172228520820966e+00
4.818631641772223695e+00
4.823802679879536370e+00
4.799278785236465339e+00
4.804625114991277535e+00
4.809919212300050262e+00
4.815161657715475663e+00
4.790677758601137093e+00
4.796091732349380798e+00
4.771674255506510143e+00
4.777251419464700888e+00
4.752934217317323906e+00
4.728778975529365880e+00
4.734706727720387143e+00
4.740580006213417796e+00
4.746399341250941539e+00
4.752165288314168734e+00
4.757878354826584832e+00
4.763539027964278638e+00
4.739394544525618258e+00
4.715443724291851879e+00
4.721439199793183050e+00
4.727381747179899563e+00
4.733271820231334637e+00
4.739109831528810268e+00
4.715224478615724912e+00
4.721197017623955716e+00
4.727117809960991401e+00
4.732987249290970588e+00
4.738805693288540510e+00
4.744573536187043139e+00
4.720707545240119707e+00
4.726612681101205915e+00
4.732467301852410380e+00
4.708740732997251044e+00
4.714726217070179359e+00
4.720661432995325590e+00
4.726546711559315384e+00
4.732382374750707221e+00
4.738168709181991289e+00
4.743906040818155034e+00
4.720143896862286859e+00
4.696619120269823533e+00
4.702666752894224977e+00
4.708665084514988663e+00
4.685302909179095643e+00
4.691419153557217392e+00
4.697486586073330805e+00
4.703505477445939498e+00
4.680252061359688298e+00
4.686386118912749588e+00
4.692472118595227393e+00
4.698510296912104423e+00
4.704500882915789717e+00
4.681290925387740387e+00
4.658398561324236020e+00
4.664655129154080981e+00
4.642039801445639213e+00
4.648389384979722649e+00
4.654692776731015336e+00
4.660950152735646057e+00
4.667161678952666648e+00
4.673327506888569793e+00
4.679447776509943147e+00
4.685522618720269428e+00
4.662698014532681512e+00
4.668878594658337988e+00
4.675014162990296818e+00
4.681104835447921886e+00
4.687150725988924904e+00
4.664352971860790120e+00
4.670505644438818216e+00
4.676613876114882551e+00
4.682677769673547985e+00
4.688697426168266347e+00
4.694672940586892551e+00
4.671824552797055219e+00
4.677911110607497314e+00
4.683953709778562846e+00
4.689952443687769978e+00
4.695907404782752259e+00
4.701818680503477843e+00
4.707686354867560041e+00
4.713510509815014515e+00
4.719291226346850721e+00
4.725028560587637649e+00
4.730722619688590314e+00
4.736373487018783912e+00
4.713105352610076793e+00
4.718888749636259483e+00
4.724628538912127418e+00
4.730324856070992290e+00
4.735977812488432193e+00
4.712723319759994922e+00
4.718508612457203100e+00
4.724250167920475363e+00
4.729948139847924615e+00
4.735602655328526644e+00
4.712361592127946253e+00
4.718148282753207745e+00
4.695093332557316756e+00
4.701003467919774081e+00
4.678160342575013786e+00
4.684184989409212463e+00
4.690165654177195442e+00
4.696102490252550332e+00
4.701995642675622200e+00
4.679167838924189304e+00
4.656652744812536326e+00
4.662807614956951952e+00
4.668919061038541152e+00
4.674987220327526671e+00
4.681012220191163919e+00
4.686994174662745927e+00
4.692933187176275389e+00
4.698829352897332612e+00
4.676097145620828677e+00
4.682107063595839058e+00
4.688074177063122683e+00
4.693998579864918419e+00
4.699880363208246870e+00
4.705719612041837863e+00
4.711516406755961839e+00
4.717270797987654696e+00
4.722982888216695763e+00
4.728652751995621628e+00
4.734280463927005300e+00
4.739866099421987222e+00
4.745409735338801838e+00
4.750911450522161239e+00
4.756371326257590404e+00
4.761789446652663571e+00
4.767165898955252779e+00
4.772500773817512254e+00
4.777794165512935010e+00
4.783046172112733530e+00
