1.333846605536605397e-02
1.584477752091828506e-02
1.428067021118039140e-02
1.655517087175770174e-02
1.826540615642215093e-02
1.428686908003856150e-02
1.427711670139027861e-02
1.427709786397689425e-02
1.427709782777998246e-02
1.427709782771036974e-02
1.427709782771023270e-02
1.427709782771023617e-02
1.427709782771023270e-02
1.427709782771024137e-02
1.427709782771024657e-02
1.427709782771023443e-02
1.427709782771023443e-02
1.427709782771023790e-02
1.427709782771023790e-02
1.427709782771023443e-02
1.655247596711827140e-02
1.826337231919534371e-02
1.428686375296493206e-02
1.427711669109588827e-02
1.427709786395711319e-02
1.655247599446143386e-02
1.428224184944073757e-02
1.427710776449223583e-02
1.655248346299391035e-02
1.826337797630011792e-02
1.980033841550808693e-02
1.434159868899730766e-02
1.433373162370742658e-02
1.433131974739427009e-02
1.432907195773225166e-02
1.432696904569118711e-02
1.669348489118282694e-02
1.851746098217539951e-02
1.432770492857441541e-02
1.432117519568759309e-02
1.431956703103315354e-02
1.431805977859490486e-02
1.431664268149943596e-02
1.431531309691305882e-02
1.431406463182734526e-02
1.665974574861252278e-02
1.431511619637539090e-02
1.431118280704030653e-02
1.665220249631572252e-02
1.431255277684169609e-02
1.430871446258516477e-02
1.430784996740902017e-02
1.430703550278192120e-02
1.430627071005557277e-02
1.663936298072527312e-02
1.430818087959860076e-02
1.430450228575808752e-02
1.430387545685129005e-02
1.663309522907432600e-02
1.430604216017169333e-02
1.430244163746129116e-02
1.430192856962627865e-02
1.430145079750181313e-02
1.430099554672227199e-02
1.430057111232770246e-02
1.430016796917877794e-02
1.429978225474026234e-02
1.662238632762343474e-02
1.430238040648554136e-02
1.429890254036082255e-02
1.429858578884546892e-02
1.661925473640653295e-02
1.430130965176943519e-02
1.429786492033520082e-02
1.429760566886384074e-02
1.661668692906007050e-02
1.430043300270246280e-02
1.661815870604206255e-02
1.430010595984924741e-02
1.661728614056427397e-02
1.429980007472656661e-02
1.429640654387225561e-02
1.429622536220022909e-02
1.429605510590869002e-02
1.429589263057363252e-02
1.661220539128486010e-02
1.429889650395301318e-02
1.429553168011393066e-02
1.661125416369116023e-02
1.429856653361411337e-02
1.661320521788661395e-02
1.837671179879542607e-02
1.430111904211030932e-02
1.429499182818269772e-02
1.429487985946157648e-02
1.660955746304713584e-02
1.429798561694037295e-02
1.429465348225107332e-02
1.429456633878398338e-02
1.429448298053662310e-02
1.429440464365854327e-02
1.429433508911614505e-02
1.429426403970331626e-02
1.429419922675085469e-02
1.429413750071785449e-02
1.429407912293447110e-02
1.429402425539134242e-02
1.429397281195925878e-02
1.429392122130331878e-02
1.660704816672712095e-02
1.429712358634446095e-02
1.429382135925809719e-02
1.660677134968695581e-02
1.429702872695300629e-02
1.429372661117611111e-02
1.429368568012052108e-02
1.429364959908498850e-02
1.660633639841190695e-02
1.836723361173288327e-02
1.429968470399070601e-02
1.429357433271254835e-02
1.429353902214736821e-02
1.660604389903993020e-02
1.836672774070532976e-02
1.429958886077018453e-02
1.429348046329196632e-02
1.429344978026875039e-02
1.429342777628831752e-02
1.429340500831851463e-02
1.429338573738136997e-02
1.429336691974862975e-02
1.429334911561614893e-02
1.429333221764811715e-02
1.660550340885565482e-02
1.836579560754820692e-02
1.429941405983260923e-02
1.429330696030215418e-02
1.429328633500318545e-02
1.429327334290894647e-02
1.429325933334243785e-02
1.660530968006164801e-02
1.429652973220112491e-02
1.429324282409744594e-02
1.429322655118732410e-02
1.429321613500428995e-02
1.429320948949378174e-02
1.429319880472825106e-02
1.660515008109036961e-02
1.429647339907754930e-02
1.429318557868113071e-02
1.429317606489892943e-02
1.660509451985706791e-02
1.836508926601673752e-02
1.429928203574478036e-02
1.429317521403729654e-02
1.429315957790127690e-02
1.660505093580960309e-02
1.836501390407180648e-02
1.429926683510434129e-02
1.429315900373515601e-02
1.429314768913782924e-02
1.429314149218284015e-02
1.429313514701186991e-02
1.660498492492466088e-02
1.429641341458919891e-02
1.429313354064173230e-02
1.429312492189034958e-02
1.660495934917100361e-02
1.429640776185438222e-02
1.429312617130506190e-02
1.429311622926605387e-02
1.660493805710812343e-02
1.429640000657421417e-02
1.429312055136944259e-02
1.429310815493909682e-02
1.429310808669644745e-02
1.429309913688972707e-02
1.660489719281455986e-02
1.429638607431843282e-02
1.429310693835976476e-02
1.429309868023066060e-02
1.660488961184553372e-02
1.429638269587758630e-02
1.660739754047197911e-02
1.429638998651723385e-02
1.429310585341437602e-02
1.429310016307184725e-02
1.429309592122553728e-02
1.429309227856720606e-02
1.429308862309448119e-02
1.660486303105304304e-02
1.429637532949277860e-02
1.660737454920427694e-02
1.429638394684820159e-02
1.429309997350357644e-02
1.429309216350511946e-02
1.429308747564528130e-02
1.429308352398068506e-02
1.429308069397355538e-02
1.429307792496376829e-02
1.429307494228344161e-02
1.660483010033375964e-02
1.429636359237325752e-02
1.429308272980752380e-02
1.660484235691446139e-02
1.429636666199871065e-02
1.429308564139285774e-02
1.660485008101291252e-02
1.836466452936790297e-02
1.429920040996091220e-02
1.429309365393511590e-02
1.429308360436292585e-02
1.429308075398835580e-02
1.429307798098878972e-02
1.429307541522092245e-02
1.660483056522433012e-02
1.836463371857141244e-02
1.429919161724787710e-02
1.660950344481890856e-02
1.429637879188313566e-02
1.429309262467972838e-02
1.660486523724278088e-02
1.429637514536122832e-02
1.429309162792933609e-02
1.660486799694548335e-02
1.429637472397398031e-02
1.660737654743373731e-02
1.429638470565622148e-02
1.429310096130542891e-02
1.429309137176973041e-02
1.429308946371640569e-02
1.429308444822524615e-02
1.429308157799539722e-02
1.660484716718145862e-02
1.429636940967197491e-02
1.660736039574390449e-02
1.429637710889650887e-02
1.429309488436666074e-02
1.660487137393527185e-02
1.429637565328833668e-02
1.660737808181399211e-02
1.429638529583849953e-02
1.429309964089971706e-02
1.660488630883965797e-02
1.429638254776896718e-02
1.429310014215371891e-02
1.429309249228316245e-02
1.429309068596298048e-02
1.429308589183206878e-02
1.660485801901012345e-02
1.836468109641753096e-02
1.970708805652569839e-02
1.430160018217658743e-02
1.429310194095450778e-02
1.429308464684068795e-02
1.429308175808980709e-02
1.429307891707536603e-02
1.429307632149278730e-02
1.660483301479227097e-02
1.429636320632996817e-02
1.429308353204570593e-02
1.429307680093530597e-02
1.660483430511364850e-02
1.429636346784220712e-02
1.660734739109786043e-02
1.836657446015554918e-02
1.970852730255783988e-02
2.073279871167697797e-02
2.151401199017103499e-02
1.430543272925518562e-02
1.661422548296019597e-02
1.429637147184137022e-02
1.660734103545526835e-02
1.429636684974500138e-02
1.660734905198660988e-02
1.429637105763869459e-02
1.429308919992016563e-02
1.429308169868565535e-02
1.660484748371400879e-02
1.429636949645166077e-02
1.429308833804024924e-02
1.429308124072144366e-02
1.660484624122508801e-02
1.836466093285477399e-02
1.429920022436623368e-02
1.429309540641292460e-02
1.429308340825599481e-02
1.660485214418932695e-02
1.836467120758743590e-02
1.429919949453338154e-02
1.429309647128050934e-02
1.429308521093592028e-02
1.429308221209387407e-02
1.660484889245001164e-02
1.429636818345284867e-02
1.660736060118186280e-02
1.429637794318926874e-02
1.429309696129503655e-02
1.429308648335017584e-02
1.429308313681519095e-02
1.429308019645776813e-02
1.429307756580362743e-02
1.660483639732490690e-02
1.429636464840433607e-02
1.660734967763470918e-02
1.429637343378965982e-02
1.429308963053844625e-02
1.660486120643777513e-02
1.836468399368125157e-02
1.429920268039088296e-02
1.660952952481098421e-02
1.429638808129751401e-02
1.429310107121624721e-02
1.660488707874971034e-02
1.429638243239638416e-02
1.429309975702934728e-02
1.429309097787476862e-02
1.429308920221637746e-02
1.660486638629672315e-02
1.429637514169344696e-02
1.429309490583963518e-02
1.429308826860591422e-02
1.660486247501422735e-02
1.836468808472670536e-02
1.429920401561842087e-02
1.429310184565070301e-02
1.429308789894762240e-02
1.429308473970015633e-02
1.429308186263225471e-02
1.429307901437431444e-02
1.660484036918514344e-02
1.429636554265391497e-02
1.660735299415746699e-02
1.429637620121134226e-02
1.660737129838157564e-02
1.836661198626319408e-02
1.429920991631175413e-02
1.429310249580628168e-02
1.429309237780942293e-02
1.429309030472116111e-02
1.660486479754469738e-02
1.429637407064813549e-02
1.660737403864758280e-02
1.429638417565878492e-02
1.660739075438607062e-02
1.429638586043805761e-02
1.660740030684578275e-02
1.429639013135736679e-02
1.429310644344555792e-02
1.660490405806039002e-02
1.836475742494963342e-02
1.970719594615196954e-02
1.430161237162844157e-02
1.661138500811884175e-02
1.429640028829758970e-02
1.429310955943094950e-02
1.429310216142992349e-02
1.429309698096902122e-02
1.660488763042685181e-02
1.429638226070988234e-02
1.660739657570987904e-02
1.429638973272632022e-02
1.429310642459891666e-02
1.429309991606614837e-02
1.429309262552929186e-02
1.429309039336664790e-02
1.429308725460654711e-02
1.429308367527652203e-02
1.429308082980867457e-02
1.429307805178620452e-02
1.429307548365761280e-02
1.429307263362214302e-02
1.429307029568263783e-02
1.660481753505541752e-02
1.429635864560337317e-02
1.429307873616880546e-02
1.429307177508978496e-02
1.660482149639402882e-02
1.429636017146814798e-02
1.429308000445996159e-02
1.429307298101746906e-02
1.660482475246752299e-02
1.429636115805789885e-02
1.660733952674223191e-02
1.429636952291324717e-02
1.660735691147652293e-02
1.429637682015947459e-02
1.660737258410715025e-02
1.836661407263595613e-02
1.970858210224939178e-02
1.430160421514785341e-02
1.661136090174770985e-02
1.836967197960974463e-02
1.429921896255681273e-02
1.429310569510127034e-02
1.660489810850698453e-02
1.429638362599944604e-02
1.429310433077904743e-02
1.429309727485890066e-02
1.660488517561240635e-02
1.836472689690675855e-02
1.429920953250982292e-02
1.429310795076492273e-02
1.429309677692629753e-02
1.429309140228127162e-02
1.429308704470104094e-02
1.429308459195780499e-02
1.660485542656463254e-02
1.429637062235826310e-02
1.429309268210801620e-02
1.660486558205558419e-02
1.836469011868068282e-02
1.429920709639668705e-02
1.660953471311137769e-02
1.836827551230972230e-02
1.429921574220048043e-02
1.429310650416340187e-02
1.429309665014876982e-02
1.429308921595300388e-02
1.429309048271645496e-02
1.660486522040153373e-02
1.429637387179065640e-02
1.429309383339229245e-02
1.660487107957213382e-02
1.429637556913860783e-02
1.429309452244317477e-02
1.429308970416311858e-02
1.429308421717122649e-02
1.429308135462776727e-02
1.429307854132327686e-02
1.429307595733291317e-02
1.660483202920191165e-02
1.429636487039764002e-02
1.429308323032617116e-02
1.660484374405533925e-02
1.429636575246563159e-02
1.660735330664752513e-02
1.836658463947057895e-02
1.429920456670911305e-02
1.660952960130740799e-02
1.836826728959539690e-02
1.429921309857831377e-02
1.660954993283402306e-02
1.429639215761878412e-02
1.660741055671249161e-02
1.836667868434204223e-02
1.429922262512837647e-02
1.429311364353290544e-02
1.660491833963181202e-02
1.429639102048635771e-02
1.429311243667625783e-02
1.429310178425811408e-02
1.429310017077210782e-02
1.429309778437662382e-02
1.660488300089786942e-02
1.429638154223087168e-02
1.429310128922189720e-02
1.660488742317655503e-02
1.836472751721321753e-02
1.429920895838080602e-02
1.660954975061301395e-02
1.429639379024616117e-02
1.429310693876421033e-02
1.429310055389656532e-02
1.429309602015766539e-02
1.429309155371185497e-02
1.429309001423256960e-02
1.429308422801365414e-02
1.429308136535708748e-02
1.429307855132282319e-02
1.429307596701720647e-02
1.429307309047335439e-02
1.660482505910235163e-02
1.429636090844191472e-02
1.660733954190025952e-02
1.429637146890799793e-02
1.429308653169383651e-02
1.660485250863915144e-02
1.836466875605255109e-02
1.970706883739253151e-02
1.430159516802563535e-02
1.661134049516216349e-02
1.429638608096147831e-02
1.429309466238012048e-02
1.429308659752331033e-02
1.429308366990657449e-02
1.660485287802621404e-02
1.429636993362856136e-02
1.429309039531173782e-02
1.429308287766462189e-02
1.429307995149864917e-02
1.660484296317051023e-02
1.429636795276562414e-02
1.429308684089765358e-02
1.660485336192997832e-02
1.429636958693729885e-02
1.429308957440009013e-02
1.660485992880393266e-02
1.429637259955998142e-02
1.660736895691556150e-02
1.429638063297356161e-02
1.429309633934380298e-02
1.660487782411115484e-02
1.836471228325905689e-02
1.429920797389343766e-02
1.660954382335969384e-02
1.429639117956326387e-02
1.429310304063211891e-02
1.660489751135640207e-02
1.429638582277552306e-02
1.660740411973246969e-02
1.429639210072300610e-02
1.429310794736420552e-02
1.429309999754572146e-02
1.429309761588481477e-02
1.429309294040374823e-02
1.429309033468468236e-02
1.429308538241284149e-02
1.429308239512497650e-02
1.429307950922962742e-02
1.429307689651214755e-02
1.429307396929297563e-02
1.660482744511358744e-02
1.429636159807356165e-02
1.660734164466548535e-02
1.429637051864618598e-02
1.429308722096691263e-02
1.429308014490508413e-02
1.660484349083676467e-02
1.429636815389118826e-02
1.660735706288721941e-02
1.429637732811773164e-02
1.429309363342370215e-02
1.429308462078034310e-02
1.429308174010839212e-02
1.429307890034911370e-02
1.429307630527118511e-02
1.429307341023293605e-02
1.429307104176623204e-02
1.429306876996698332e-02
1.660481345943283504e-02
1.836460432007672172e-02
1.429918561544307222e-02
1.429308401454374919e-02
1.429307341627578630e-02
1.429307103824701934e-02
1.660481952626940635e-02
1.429635698752617159e-02
1.429307937078126527e-02
1.429307238272695992e-02
1.429307004984387876e-02
1.660481687696360384e-02
1.429635852725035655e-02
1.660733233765646771e-02
1.429636780946950091e-02
1.429308414133364027e-02
1.429307725853298620e-02
1.429307430671455589e-02
1.429307190444851876e-02
1.429306959667581492e-02
1.660481566532879399e-02
1.429635833152688093e-02
1.429307772299577214e-02
1.429307120251629808e-02
1.429306891892117605e-02
1.660481385646034660e-02
1.836460500787524125e-02
1.970697890832948801e-02
1.430158408084172654e-02
1.429308536643360099e-02
1.660483655555686916e-02
1.836463614414734005e-02
1.429919159256885439e-02
1.429308859662981220e-02
1.429307810719893795e-02
1.660483785771605172e-02
1.429636466195190886e-02
1.660735065073337680e-02
1.836658013620952323e-02
1.429920349544690043e-02
1.429309778891603606e-02
1.429308599845779439e-02
1.429308258845173388e-02
1.429307968810350320e-02
1.429307707050428422e-02
1.429307413385737940e-02
1.429307173798186406e-02
1.429306943707070628e-02
1.429306723458589369e-02
1.429306513111952559e-02
1.429306312517215384e-02
1.660479852324052083e-02
1.429635127195211762e-02
1.429307222273141359e-02
1.660481470636169035e-02
1.836460339914263232e-02
1.429918551147307468e-02
1.429308342464295604e-02
1.660483721709280977e-02
1.836463955068593640e-02
1.970702541876168112e-02
2.073162456040066048e-02
2.151308689386190187e-02
1.430542413044203973e-02
1.429307748033206531e-02
1.429305940922922548e-02
1.660478956304483472e-02
1.836456333104444227e-02
1.429917970314305113e-02
1.660946869482153587e-02
1.836816387883644097e-02
1.970970652833839085e-02
1.430159334882809621e-02
1.429308687130433769e-02
1.429307324508695062e-02
1.429307087001520891e-02
1.429306860547815104e-02
1.660481302118810981e-02
1.429635832398079738e-02
1.429307688974867062e-02
1.429307039157888537e-02
1.660481778181720214e-02
1.429635902186124873e-02
1.660733330685807557e-02
1.429636788786385095e-02
1.429308440546867356e-02
1.429307750715911110e-02
1.660483622689730085e-02
1.429636554815376555e-02
1.660735024813429425e-02
1.429637501657533664e-02
1.660736786874671828e-02
1.429637969886310943e-02
1.429309557226403002e-02
1.429309025576027542e-02
1.429308395268096867e-02
1.429308109637479444e-02
1.660484586011793176e-02
1.429636767315840655e-02
1.429308772121275911e-02
1.429308074751729600e-02
1.429307797009052999e-02
1.429307498499395555e-02
1.429307255835251741e-02
1.429307022403161764e-02
1.429306798720201069e-02
1.429306584948056985e-02
1.429306380997197833e-02
1.660480032524549662e-02
1.429635373698957303e-02
1.429307280899029878e-02
1.429306646865002341e-02
1.429306439536139062e-02
1.660480186761810820e-02
1.429635350732250815e-02
1.429307330716045495e-02
1.429306694747226394e-02
1.660480860494684477e-02
1.836459591157207569e-02
1.429918301316039121e-02
1.660948307161058679e-02
1.836819092725286429e-02
1.429920266037065964e-02
1.429309084732915437e-02
1.429308021932800161e-02
1.660484368917801434e-02
1.429636685640133485e-02
1.660735620268107351e-02
1.836658963745465070e-02
1.970854907089635705e-02
1.430160162085866542e-02
1.429309935793843245e-02
1.429308508510074641e-02
1.429308207996272256e-02
1.429307921639376595e-02
1.429307661196846206e-02
1.660483380229355044e-02
1.836463934466597836e-02
1.429919324064050402e-02
1.429309025919009435e-02
1.429307967506726965e-02
1.429307704844995190e-02
1.429307411298538950e-02
1.660482783630105874e-02
1.429636155626678486e-02
1.429308201648371059e-02
1.660484039297211237e-02
1.836464773588921892e-02
1.429919348259846637e-02
1.660950914302357015e-02
1.836823537264469647e-02
1.970981003823345235e-02
1.430160355381851316e-02
1.429310007631252877e-02
1.429308602748114408e-02
1.429308261323691646e-02
1.660484998574204840e-02
1.429636965903837049e-02
1.429308950729601610e-02
1.429308200254531674e-02
1.429307913908039671e-02
1.429307653689752301e-02
1.429307362922760914e-02
1.429307125235427037e-02
1.660482010145656467e-02
1.836461583635261643e-02
1.429919125994116337e-02
1.429308602700412809e-02
1.429307577501615426e-02
1.429307289984488652e-02
1.429307055130859226e-02
1.429306830038908765e-02
1.429306614853256829e-02
1.429306409512572963e-02
1.429306169680027647e-02
1.429305983333105726e-02
1.429305805629018516e-02
1.429305680970517287e-02
1.660478201318299832e-02
1.429634759533194265e-02
1.429306682836792297e-02
1.660480041551647482e-02
1.429635163475286713e-02
1.660731421650223777e-02
1.429636236806913416e-02
1.429307792749887583e-02
1.429307139556372161e-02
1.429306910386787116e-02
1.429306691610086021e-02
1.660480853178581545e-02
1.836459578887984084e-02
1.429918305021638837e-02
1.429308250109991366e-02
1.660483471283094939e-02
1.836463519586654242e-02
1.970701915040777574e-02
2.073161643657069758e-02
1.430364024370396614e-02
1.429308545102832284e-02
1.429306978742805011e-02
1.660481614277921000e-02
1.429635847777714804e-02
1.660733180892599858e-02
1.429636832203439248e-02
1.429308392405150181e-02
1.660484540682994822e-02
1.429636583920015046e-02
1.660735441528572373e-02
1.836658689972238759e-02
1.429920546792927405e-02
1.660953121548901928e-02
1.429638792923396996e-02
1.429310100955252620e-02
1.429309149011284176e-02
1.660487271745875529e-02
1.429637910077386116e-02
1.429309966681812163e-02
1.660488139406753397e-02
1.836471641336071339e-02
1.970713607281143059e-02
1.430160281070992807e-02
1.429310485895745296e-02
1.660488752462221940e-02
1.429638069745060337e-02
1.660738977512188699e-02
1.429638667127977082e-02
1.660740245600311402e-02
1.429639119554730782e-02
1.429310655099903099e-02
1.429309998985733507e-02
1.429309687836499698e-02
1.660488367399601262e-02
1.429638234601068522e-02
1.429310008170987800e-02
1.429309381350918687e-02
1.660487613133559276e-02
1.429637928771267455e-02
1.429309911290005571e-02
1.429309035062131285e-02
1.429308484640257407e-02
1.429308326063571770e-02
1.429308031402801160e-02
1.429307768054020530e-02
1.429307471102738911e-02
1.660482946786211514e-02
1.429636284373640709e-02
1.429308253031848393e-02
1.429307581822826176e-02
1.429307294491133536e-02
1.429307059460068613e-02
1.660481833598132992e-02
1.836461277314072396e-02
1.429919111088523605e-02
1.660949543133194775e-02
1.429637316575983232e-02
1.660736141416028697e-02
1.836659417112701184e-02
1.970855320517732670e-02
1.430160037869619184e-02
1.429309984442617143e-02
1.429308524331706493e-02
1.429308223283052778e-02
1.429307935846318989e-02
1.429307674996923433e-02
1.660483417685753096e-02
1.836463999615742596e-02
1.429919321771927140e-02
1.429309037263128655e-02
1.660485602205088659e-02
1.429636960378070747e-02
1.429308956254322048e-02
1.429308205734467450e-02
1.429307919003551357e-02
1.429307658636735402e-02
1.429307367600347531e-02
1.660482664761360472e-02
1.429636175868380897e-02
1.660734123934855949e-02
1.836656318656763182e-02
1.970851077195709747e-02
1.430159556099084260e-02
1.429309465563312516e-02
1.429308063203072951e-02
1.429307785389765523e-02
1.429307487500013074e-02
1.429307245223680745e-02
1.429307012217840948e-02
1.429306788975772888e-02
1.429306575644914180e-02
1.429306372127325982e-02
1.429306134119624414e-02
1.429305949402735233e-02
1.429305773269435795e-02
1.429305650252847559e-02
1.429305491072205801e-02
1.429305339521555127e-02
1.429305195284289939e-02
1.660476944531789900e-02
1.429634119601090429e-02
1.429306223286224385e-02
1.429305678654053599e-02
1.429305517588583783e-02
1.429305364756286445e-02
1.660477381627918636e-02
1.429634410097444137e-02
1.429306368667394682e-02
1.660479298511864654e-02
1.429635079561384844e-02
1.429306948724322693e-02
1.429306328683962492e-02
1.429306092276391715e-02
1.429305909481602341e-02
1.660478878064760438e-02
1.429634972557369127e-02
1.429306915874432871e-02
1.429306297370686214e-02
1.429306062473103753e-02
1.429305881050676498e-02
1.660478803885813773e-02
1.836456071834690479e-02
1.429917844974772610e-02
1.429307585788649158e-02
1.660481757453257864e-02
1.429635552393629556e-02
1.429307644703381799e-02
1.429306997545895692e-02
1.429306774438744189e-02
1.429306561766840837e-02
1.660480509432623805e-02
1.429635604584610954e-02
1.429307435230571695e-02
1.429306794734594606e-02
1.429306580637952455e-02
1.660480559325644076e-02
1.429635630372801808e-02
1.660732324344491723e-02
1.429636437486755257e-02
1.429308078455928527e-02
1.429307371960463098e-02
1.660482675585574219e-02
1.429636179657141695e-02
1.429308167534638040e-02
1.429307457321507893e-02
1.660482908111909559e-02
1.836463144208404924e-02
1.429919148953362994e-02
1.429308891247088945e-02
1.429307840625981298e-02
1.429307581718956138e-02
1.429307294884192038e-02
1.660482467555845359e-02
1.429636120050284051e-02
1.429308101802856043e-02
1.660483765343668053e-02
1.836464295969974028e-02
1.429919423138554906e-02
1.660950795172442054e-02
1.429637923736585582e-02
1.429309428005027562e-02
1.429308454331814672e-02
1.429308166595787306e-02
1.429307883132364954e-02
1.429307623833964147e-02
1.429307334695670111e-02
1.660482575434821945e-02
1.429636115529928607e-02
1.429308135942661262e-02
1.429307427226584118e-02
1.429307186625708610e-02
1.429306956004874549e-02
1.660481556747635604e-02
1.429635835694503809e-02
1.429307769214612465e-02
1.429307117254903677e-02
1.429306889021471176e-02
1.660481377992898203e-02
1.836460487528832411e-02
1.970697871774613683e-02
1.430158401367621207e-02
1.429308534354054375e-02
1.429307178563065522e-02
1.429306946914272666e-02
1.429306726522896337e-02
1.660480945792084176e-02
1.836459739156734439e-02
1.429918301242252311e-02
1.660948361537111298e-02
1.836819208048032226e-02
1.429920187769550405e-02
1.429309117956091384e-02
1.660485802699737320e-02
1.429636956330318162e-02
1.429309117891207868e-02
1.429308264234654957e-02
1.429307973176596053e-02
1.429307711298910717e-02
1.660483516356526038e-02
1.429636412543228499e-02
1.429308434160937724e-02
1.660484655205558824e-02
1.429636843536570383e-02
1.429308694690830696e-02
1.429307989208176803e-02
1.660484278759906396e-02
1.429636790581585021e-02
1.429308678383897115e-02
1.660485320506312201e-02
1.836466997194638462e-02
1.429920130077319898e-02
1.429309540982026672e-02
1.660486946549927928e-02
1.429637411140202707e-02
1.429309556904446131e-02
1.429308580005667420e-02
1.429308310984311013e-02
1.429308017205582586e-02
1.660484357695796859e-02
1.836465638859575977e-02
1.429919805398644807e-02
1.660951671860454865e-02
1.836824669897248186e-02
1.970982536448628170e-02
1.430160553070429844e-02
1.429310226460932080e-02
1.429308910406692883e-02
1.660486387302735276e-02
1.429637407578878729e-02
1.429309645490953184e-02
1.429308620691413859e-02
1.429308279797655325e-02
1.429307988241272295e-02
1.429307725967702593e-02
1.660483556286474621e-02
1.836464240785530208e-02
1.970703255904766513e-02
2.073163563640690460e-02
1.430364396660195256e-02
1.661287786749671147e-02
1.429637569836906402e-02
1.429308422960502700e-02
1.660484622006737354e-02
1.429636795732578541e-02
1.429308684123575812e-02
1.660485336285081118e-02
1.429636958658141860e-02
1.429308957468095227e-02
1.429308206939459112e-02
1.429307920123872727e-02
1.429307659724544585e-02
1.660483376234880501e-02
1.429636475545873441e-02
1.429308389392386358e-02
1.429307702765731693e-02
1.429307408833568188e-02
1.660482776915956499e-02
1.836462916171243548e-02
1.429919009487712681e-02
1.660950069340025315e-02
1.429637799173076422e-02
1.660737063164999250e-02
