1.334479061101671751e-04
2.586053726230976013e-04
3.767659675446473084e-04
4.984928117381698560e-04
6.146919150814868227e-04
7.257667764480586021e-04
8.514588408047988645e-04
9.743868566970052651e-04
1.094678376696670789e-03
1.212437239559396428e-03
1.327752971025105994e-03
1.440703209866812939e-03
1.918307555847976217e-04
3.135973135881832928e-04
4.288600776681328135e-04
5.490070181849088845e-04
6.635781666862545971e-04
7.730105941051556694e-04
8.981695217714050390e-04
1.020500018625438788e-03
1.140148033500985305e-03
1.914790013743916089e-04
3.132653493312066652e-04
4.285451656384476303e-04
5.487015957721374246e-04
6.632825316657286509e-04
7.727248412713946931e-04
8.978869557631900290e-04
1.020221032897560085e-03
1.139872915093365991e-03
1.256959944750968630e-03
1.371581631138982845e-03
1.483823084361742418e-03
1.918853297874379825e-04
3.136488184544823860e-04
4.289089375074319637e-04
5.490544054877747509e-04
6.636240353122119500e-04
7.730549293885692662e-04
8.982133625501303531e-04
1.020543303866673418e-03
1.140190718681175028e-03
1.257273048926271395e-03
1.371889873948501726e-03
1.484126357427792984e-03
1.594056437702260015e-03
1.701744560029894464e-03
1.807248488231588202e-03
1.910619954578113722e-03
2.011906361935746502e-03
2.111151634571721471e-03
2.208396936241514060e-03
2.303681414095060890e-03
2.397042499649057641e-03
2.488516222231094716e-03
2.578137667236286498e-03
2.665941074794355402e-03
2.751959808321434095e-03
2.836226961844648051e-03
1.933749351442435715e-04
3.150547493824380979e-04
4.302427344808823690e-04
5.503479857455549195e-04
6.648761454534442197e-04
7.742651733466699186e-04
1.910176219352677218e-04
3.128299503510320102e-04
1.902684797918734151e-04
3.121230334209355406e-04
4.274615472187325320e-04
5.476506163349831617e-04
6.622652208199812131e-04
7.717415286327180537e-04
1.910137915476687687e-04
3.128263356340913641e-04
1.902684728766569145e-04
3.121230268956631934e-04
4.274615410292071857e-04
5.476506103318302173e-04
6.622652150091007904e-04
1.908461165696357211e-04
3.126681055613533822e-04
4.279785831652093472e-04
1.904771068873330360e-04
3.123198983179030584e-04
1.902675020207735706e-04
3.121221107856934083e-04
4.274606720561963417e-04
5.476497675244482817e-04
6.622643991957648506e-04
7.717407344629428640e-04
8.969138192631430535e-04
1.019260228358058939e-03
1.138925477169352692e-03
1.256026553497366144e-03
1.370662725743275294e-03
1.482919097636274143e-03
1.592869225741606410e-03
1.700577545833851633e-03
1.806101729808753638e-03
1.909493438794762849e-03
2.010800020027474558e-03
2.110065247707406180e-03
2.207330465500749895e-03
2.302634685113293372e-03
2.396015315368653104e-03
1.928964373968711276e-04
3.146031093194608694e-04
4.298142525339294657e-04
5.499324273399671704e-04
6.644739119536298595e-04
7.738763910922144421e-04
8.990255813450551223e-04
1.021345229137966956e-03
1.140981531690921872e-03
1.258052164950864554e-03
1.372656894707252606e-03
1.917564826859980082e-04
3.135272183953175321e-04
4.287935825344906015e-04
5.489425269495423407e-04
6.635157421831872418e-04
1.908481300637613286e-04
3.126700056295076292e-04
1.902681733592206167e-04
3.121227442678039263e-04
4.274612729435025085e-04
5.476503503184507919e-04
6.622649633236212582e-04
7.717412797405585672e-04
8.969143584640469234e-04
1.019260760730415641e-03
1.138926002165875076e-03
1.256027070732168875e-03
1.916186028364645654e-04
3.133970953080479475e-04
4.286701432758872215e-04
1.904783882331429552e-04
3.123211074303548752e-04
4.276494308952737242e-04
5.478328423727799783e-04
1.906649664616722774e-04
3.124971702983663511e-04
4.278164379805899178e-04
5.479948199318347745e-04
6.625983992849582066e-04
7.720635734853348742e-04
8.972330601590624037e-04
1.019575426062595790e-03
1.139236259517179516e-03
1.256332741350270213e-03
1.370964162173358416e-03
1.483215676096678827e-03
1.918845698967266739e-04
3.136481012988213035e-04
4.289082571795777986e-04
5.490537456644581068e-04
6.636233966356487081e-04
7.730543120627870850e-04
8.982127521101540080e-04
1.020542701162261865e-03
1.140190124332221512e-03
1.257272463368249403e-03
1.371889297480290886e-03
1.484125790254325937e-03
1.594055879948508845e-03
1.701744011766565413e-03
1.807247949485710431e-03
1.922509209535165024e-04
3.139938550189150311e-04
4.292362591375790655e-04
1.904794095165189115e-04
3.123220711472007296e-04
4.276503450393671544e-04
5.478337289865750550e-04
6.624424684135813172e-04
1.908464024171466656e-04
3.126683753062143244e-04
4.279788390407114488e-04
5.481523296576558749e-04
6.627508632850708523e-04
7.722109423013859622e-04
1.910145187104000291e-04
3.128270218444571295e-04
4.281293289783534768e-04
5.482982867473164441e-04
6.628921445578874654e-04
7.723475019922354827e-04
8.975138236496351058e-04
1.019852627734330140e-03
1.139509621942885569e-03
1.256602061845072575e-03
1.371229302810416566e-03
1.483476543250425829e-03
1.593417415168575484e-03
1.701116409364451104e-03
1.806631240666118059e-03
1.910013603038147097e-03
1.923648684968291313e-04
1.900389553352882933e-04
3.119064532564324731e-04
4.272561124979783707e-04
5.474513669200991358e-04
6.620723527276190174e-04
7.715551049211213193e-04
8.967302582441670326e-04
1.019078991847115158e-03
1.138746751504521532e-03
1.255850470068175552e-03
1.370489374816493506e-03
1.482748540450934752e-03
1.592701500470955446e-03
1.700412673809599800e-03
1.805939719229073979e-03
1.909334287813360762e-03
2.010643718943693967e-03
2.109911780214766396e-03
2.207179811328778118e-03
2.302486819586997083e-03
2.395870210681263265e-03
2.487365912277429442e-03
2.577009156470736872e-03
2.664834085894792187e-03
1.931885554548693363e-04
3.148788275278794897e-04
4.300758314767325497e-04
1.904809201529402037e-04
3.123234966340394871e-04
4.276516972005484627e-04
5.478350404261028836e-04
6.624437378445385870e-04
7.719140804025488318e-04
8.970852333034325023e-04
1.019429471506651296e-03
1.139092326313370608e-03
1.914775706478971369e-04
3.132639991221587987e-04
4.285438848006795347e-04
5.487003535280558439e-04
6.632813292276062717e-04
7.727236790255654925e-04
8.978858064781547249e-04
1.020219898173832344e-03
1.913305132535893683e-04
3.131252242838996475e-04
4.284122407193945354e-04
5.485726757894408920e-04
6.631577425212101468e-04
7.726042231246258492e-04
8.977676825827182652e-04
1.020103270808114066e-03
1.139756785296441605e-03
1.256845570965308377e-03
1.371469032471360613e-03
1.483712300808377434e-03
1.593649257302670206e-03
1.701344307543382070e-03
1.806855183459792286e-03
1.910233592936759484e-03
2.011526919771259182e-03
2.110779072968215798e-03
2.208031205093261874e-03
2.303322453403230767e-03
2.396690241812153566e-03
1.928973231576366161e-04
3.146039453674890946e-04
4.298150456392211389e-04
5.499331965977636303e-04
6.644746566008717312e-04
1.908498882260933861e-04
1.900358350809045653e-04
3.119035090062968947e-04
4.272533197808014451e-04
5.474486582844856992e-04
6.620697308393060044e-04
1.908458011390571729e-04
3.126678078999402862e-04
4.279783008085346306e-04
5.481518076380551517e-04
6.627503579892369233e-04
7.722104538928795071e-04
8.973783032933231813e-04
1.019718829487429451e-03
1.139377676808030421e-03
1.256472067651983422e-03
1.371101326129885471e-03
1.917544902675075071e-04
3.135253380516746431e-04
4.287917987673302549e-04
5.489407969386370838e-04
6.635140676139929944e-04
7.729486377302945436e-04
8.981082563953914641e-04
1.020439529548540156e-03
1.140088382951034204e-03
1.257172225895087552e-03
1.371790615985810221e-03
1.917553733567814141e-04
3.135261714668071764e-04
4.287925893774756944e-04
5.489415637225125190e-04
6.635148098246038909e-04
7.729493551300685699e-04
8.981089657938046318e-04
1.020440229957932966e-03
1.140089073650895875e-03
1.257172906379178069e-03
1.371791285906832957e-03
1.484029358944654806e-03
1.918855882533559759e-04
3.136490623847016171e-04
4.289091689112103185e-04
5.490546299172246016e-04
6.636242525488917667e-04
7.730551393630827372e-04
8.982135701825343533e-04
1.020543508867934827e-03
1.140190920840443737e-03
1.257273248095428040e-03
1.371890070025890860e-03
1.484126550343709298e-03
1.918857100161201540e-04
3.136491772997305528e-04
4.289092779250598610e-04
5.490547356454813718e-04
1.906670883833353955e-04
3.124991727006504834e-04
4.278183373719570337e-04
5.479966621516207817e-04
6.626001825175187364e-04
7.720652971448970685e-04
8.972347646190982975e-04
1.911738057592441244e-04
3.129773391351361339e-04
4.282719194998895113e-04
5.484365818772183026e-04
1.906659878705168254e-04
3.124981341510784045e-04
4.278173522639756800e-04
5.479957066786619998e-04
6.625992576257837057e-04
7.720644031415575034e-04
8.972338805672520293e-04
1.019576236079260860e-03
1.139237058315228706e-03
1.256333528337427079e-03
1.370964936946526781e-03
1.483216438382296484e-03
1.593161629451815596e-03
1.920103027679138485e-04
3.137667640649852629e-04
1.902702708827260056e-04
3.121247235136498117e-04
4.274631503506211641e-04
1.904761732755072751e-04
3.123190173307966583e-04
1.902675003307126918e-04
3.121221091909343070e-04
4.274606705434936724e-04
1.904761687797900543e-04
3.123190130884896318e-04
4.276474442993168134e-04
5.478309155885584389e-04
6.624397451228887556e-04
7.719102210983813574e-04
8.970814170089881981e-04
1.019425703543043720e-03
1.139088610529362866e-03
1.256187274892231129e-03
1.916188137751413830e-04
3.133972943784985011e-04
4.286703321201199533e-04
5.488229906864586748e-04
1.906666405457246231e-04
3.124987500482690199e-04
4.278179364866491197e-04
5.479962733055896698e-04
6.625998061013991082e-04
7.720649332878409300e-04
8.972344048040750350e-04
1.019576753675946424e-03
1.139237568743266217e-03
1.256334031218352999e-03
1.370965432022770453e-03
1.483216925479052860e-03
1.593162108460181338e-03
1.700865446152311682e-03
1.806384633394725846e-03
1.909771348863640661e-03
2.011072953516239957e-03
2.110333233022226342e-03
2.207593538116006931e-03
2.302892888123990109e-03
2.396268697340285352e-03
2.487756900239371585e-03
2.577392735525185861e-03
2.665210349675792116e-03
2.751243201438382906e-03
2.835524177603457839e-03
2.918086026086423677e-03
1.934639632906745229e-04
3.151387834212758944e-04
4.303224612004318125e-04
5.504253072769504148e-04
6.649509872833934748e-04
7.743375120856395679e-04
8.994815551989005691e-04
1.021795416793528982e-03
1.141425475988397517e-03
1.258489542973695741e-03
1.373087399076810275e-03
1.485304709844460780e-03
1.595215218880939720e-03
1.702883621815514965e-03
1.921344494252974337e-04
3.138839305955989966e-04
4.291319775653847828e-04
5.492707231243087280e-04
6.638334200571984010e-04
7.732573144012661569e-04
1.910160691120689480e-04
3.128284849786442333e-04
4.281307169293106589e-04
5.482996328518069049e-04
1.906657563490261800e-04
3.124979156757545806e-04
4.278171450244632910e-04
5.479955056808312073e-04
6.625990630667082581e-04
7.720642150843891414e-04
8.972336946063227568e-04
1.019576052473767421e-03
1.913296093192186538e-04
3.131243712309383161e-04
4.284114315024682121e-04
5.485718909535469180e-04
1.906662165237645826e-04
1.900354558141453180e-04
3.119031511329139485e-04
4.272529803262819928e-04
5.474483290500548570e-04
6.620694121489918487e-04
7.715522625961023081e-04
8.967274475913245132e-04
1.019076216786178905e-03
1.138744014888699125e-03
1.255847773909347671e-03
1.370486720496976287e-03
1.482745928908390685e-03
1.918839806710496347e-04
3.136475452103077420e-04
4.289077296476820280e-04
5.490532340319382275e-04
6.636229014004875601e-04
7.730538333831936176e-04
8.982122787698693968e-04
1.911752364172525267e-04
3.129786892403329363e-04
4.282732002125581318e-04
5.484378240076428612e-04
6.630272113198013451e-04
7.724780546127234682e-04
1.910149321010764015e-04
3.128274119538164964e-04
4.281296990335176143e-04
5.482986456548481768e-04
6.628924919666239011e-04
1.908471274921706403e-04
3.126690595356235668e-04
4.279794880894120844e-04
5.481529591557608846e-04
6.627514726161457068e-04
7.722115312681952044e-04
1.910145196220971249e-04
3.128270227048097715e-04
4.281293297944781511e-04
5.482982875388558042e-04
6.628921453240690714e-04
7.723475027328113775e-04
8.975138243819540422e-04
1.019852628457373293e-03
1.139509622655914597e-03
1.256602062547559472e-03
1.371229303502001376e-03
1.483476543930866559e-03
1.593417415837716442e-03
1.701116410022205337e-03
1.806631241312453692e-03
1.910013603673071068e-03
2.011310870016342917e-03
2.110566836049608801e-03
1.925853314445626324e-04
3.143094751480659957e-04
4.295356816831763101e-04
5.496622566576375496e-04
6.642124030013232469e-04
7.736236264374813992e-04
8.987756374047294614e-04
1.021098453628136154e-03
1.140738172148075607e-03
1.257812405819021912e-03
1.372420858091536909e-03
1.484648780014431605e-03
1.594570183631130716e-03
1.702249564169686091e-03
1.807744725679035760e-03
1.911107431192050595e-03
2.012385107630746111e-03
2.111621698503129193e-03
1.925865628261515044e-04
3.143106373591941132e-04
4.295367842638728130e-04
5.496633259917114208e-04
6.642134380530255802e-04
7.736246268796938708e-04
8.987766266827948523e-04
1.021099430365745566e-03
1.913317460093375173e-04
3.131263876494394006e-04
4.284133443029038884e-04
5.485737461228436381e-04
6.631587785591174129e-04
1.908475560880379873e-04
3.126694639874530706e-04
4.279798717457461085e-04
5.481533312556189719e-04
1.906655089001391698e-04
3.124976821705450548e-04
4.278169235280330986e-04
5.479952908554736176e-04
6.625988551230565940e-04
7.720640140899378071e-04
8.972334958523230618e-04
1.019575856237241260e-03
1.139236683733965564e-03
1.256333159294661548e-03
1.370964573631279319e-03
1.483216080922851628e-03
1.593161277928097693e-03
1.700864629749848254e-03
1.806383831162359805e-03
1.909770560792123329e-03
2.011072179557432324e-03
2.110332473095335396e-03
2.207592792120518024e-03
1.926914556226915008e-04
3.144096382746870417e-04
4.296307057920412576e-04
5.497544155968976708e-04
6.643016074748177985e-04
7.737098482280554230e-04
8.988608970890636478e-04
1.021182632577859704e-03
1.140821189851317589e-03
1.257894195334505368e-03
1.372501377751330579e-03
1.917562836375506872e-04
3.135270305435041631e-04
4.287934043309632546e-04
5.489423541163971926e-04
6.635155748888105394e-04
7.729500946196543468e-04
8.981096970357731928e-04
1.020440951934196028e-03
1.140089785618728872e-03
1.257173607816743218e-03
1.371791976456121064e-03
1.484030038360150674e-03
1.593961718287911430e-03
1.701651452279205395e-03
1.807156996739034058e-03
1.910530078267521931e-03
2.011818095296566498e-03
2.111064968545028637e-03
2.208311859164772874e-03
2.303597912005943098e-03
2.396960556817354440e-03
2.488435821510188647e-03
2.578058790161204521e-03
2.665863702088730122e-03
2.751883919815610070e-03
2.836152537308103162e-03
2.918702206236558662e-03
2.999564787547822665e-03
1.935528789324859487e-04
1.900413923034461358e-04
3.119087527631930973e-04
4.272582936555129594e-04
5.474534824083995138e-04
6.620744004647546909e-04
7.715570842370880885e-04
8.967322155044526273e-04
1.019080924322139127e-03
1.138748657207400670e-03
1.255852347597894488e-03
1.370491223210457219e-03
1.482750359056182266e-03
1.918839862295944429e-04
3.136475504562490101e-04
4.289077346242298476e-04
5.490532388584967597e-04
6.636229060723604746e-04
7.730538378988862334e-04
8.982122832351935576e-04
1.020542238228933692e-03
1.140189667816663083e-03
1.257272013604942076e-03
1.916202060368962421e-04
3.133986083264302417e-04
4.286715785879429536e-04
5.488241995743113437e-04
6.634012067175812984e-04
7.728395494727236057e-04
8.980003847579605533e-04
1.020333024730079533e-03
1.139983354526317169e-03
1.257068750844041747e-03
1.371688753386242745e-03
1.483928479783412028e-03
1.593861846277907796e-03
1.701553279521965433e-03
1.807060528096329994e-03
1.910435312618227570e-03
2.011725026841059989e-03
2.110973587739587830e-03
2.208222153719740198e-03
2.303509867204940262e-03
2.396874156078901332e-03
2.488351046758516087e-03
2.577975621929651587e-03
2.665782120055050757e-03
2.751804004078862304e-03
2.836074163701638243e-03
2.918625386323932692e-03
2.999489463635380236e-03
3.078698024271497077e-03
3.156282217105132321e-03
3.232272897389370288e-03
3.306700433055725051e-03
3.379594898286447918e-03
3.450985988821046475e-03
3.520903076249746674e-03
3.589375081477192732e-03
3.656430533154424699e-03
3.722097811725747548e-03
3.786404525647232063e-03
3.849378010116026594e-03
3.911045200394713990e-03
3.987723107612466122e-03
4.059851795537530554e-03
4.128231632310088405e-03
4.193473203050913402e-03
4.256048077060038161e-03
4.316321845876583754e-03
4.374579407342493037e-03
4.431043798136839566e-03
4.511492932410442885e-03
4.590303420232118639e-03
4.667591034741262399e-03
4.743450617638052431e-03
4.817959415862195505e-03
4.891181268194390828e-03
1.955090850603563970e-04
3.170694085747427873e-04
4.321542604287584972e-04
5.522018028083542935e-04
6.666704805340523945e-04
1.908534026439830122e-04
3.126749810328825156e-04
4.279851050196154839e-04
5.481584070116468036e-04
6.627567460308904064e-04
7.722166285110289687e-04
8.973844091228514678e-04
1.019724858009789584e-03
1.139383621861281325e-03
1.256477924823172455e-03
1.371107092415710165e-03
1.483356302637819230e-03
1.593299171220478394e-03
1.701000177101450513e-03
1.806517025850863439e-03
1.922500444198856409e-04
3.139930277523412649e-04
4.292354743351051898e-04
5.493711000658280151e-04
6.639305796450512172e-04
7.733512257169805094e-04
8.985063537186433304e-04
1.020832582060409582e-03
1.140475986412365370e-03
1.257554097148148170e-03
1.372166559278028804e-03
1.484398581507281401e-03
1.594324140561753254e-03
1.702007707740304252e-03
1.807507067822019132e-03
1.922512315787907840e-04
3.139941481855214192e-04
4.292365372557893849e-04
1.904794100177179558e-04
3.123220716201487992e-04
1.902675061931638685e-04
3.121221147228054921e-04
4.274606757907309417e-04
5.476497711465313839e-04
6.622644027018369109e-04
7.717407378518618922e-04
8.969138226142958506e-04
1.019260231666769883e-03
1.138925480432221833e-03
1.256026556711998697e-03
1.370662728908023055e-03
1.917539279445161678e-04
3.135248073596361520e-04
4.287912953321644668e-04
1.904786069638535824e-04
3.123213138318925550e-04
4.276496266796900726e-04
5.478330322609701111e-04
6.624417940057564843e-04
7.719122015221704025e-04
8.970833753652965878e-04
1.019427637100630765e-03
1.139090517312701077e-03
1.256189153486369668e-03
1.916188162492505980e-04
3.133972967134041531e-04
4.286703343350818369e-04
5.488229928346764763e-04
6.634000386626894485e-04
7.728384204733715910e-04
8.979992683571527082e-04
1.020331922480746060e-03
1.913306704019548693e-04
3.131253725865778366e-04
4.284123814012159252e-04
5.485728122326325980e-04
6.631578745925077300e-04
7.726043507815189351e-04
8.977678088161511515e-04
1.020103395442269060e-03
1.913303497783737719e-04
3.131250700105050783e-04
4.284120943736797462e-04
1.904778908718853620e-04
1.900350666733306400e-04
3.119027839424592572e-04
4.272526320342272363e-04
5.474479912441618983e-04
6.620690851617227731e-04
7.715519465344555100e-04
8.967271350515599367e-04
1.019075908204167616e-03
1.138743710581715434e-03
1.255847474101105636e-03
1.370486425341192142e-03
1.482745638509328900e-03
1.592698646712581087e-03
1.920097320248910998e-04
3.137662254154705141e-04
4.290203156166827545e-04
5.491624268015927231e-04
6.637285946848481711e-04
7.731559934110445939e-04
8.983132993090211203e-04
1.020641974239579718e-03
1.140288021179852512e-03
1.257368912247767154e-03
1.371984249165361875e-03
1.484219210986764464e-03
1.594147749141819510e-03
1.701834317773218922e-03
1.807336687850961618e-03
1.910706597112541783e-03
2.011991452699163612e-03
2.111235182298373380e-03
2.208478952176498936e-03
2.303761911700062323e-03
2.397121494089968479e-03
2.488593730039134928e-03
2.578213706213392225e-03
2.666015663524918481e-03
2.752032966250498626e-03
2.836298794129883064e-03
2.918845670222221245e-03
2.999705461662038972e-03
3.078909800235361382e-03
3.156489838055195288e-03
3.232476430229475929e-03
3.306899945217714291e-03
3.379790457241583276e-03
3.451177661884270633e-03
3.521090931757062722e-03
3.589559185188296100e-03
1.942015466095662506e-04
3.158350200360381371e-04
4.309830290982162040e-04
5.510659416930484061e-04
6.655710726258471776e-04
7.749368558085440893e-04
9.000742057711133125e-04
1.022380550855018968e-03
1.142002493183298271e-03
1.259058022083594033e-03
1.373647152267371647e-03
1.485855436601101528e-03
1.595756795584343671e-03
1.703415980301581888e-03
1.808890889151451315e-03
1.912233356116575626e-03
2.013490863603559049e-03
2.112707399029644089e-03
2.209924173852292634e-03
2.305180375952949317e-03
2.398513468548612790e-03
2.489959506606547000e-03
2.579553609408963451e-03
2.667330007969453531e-03
2.753322142777950374e-03
2.837563020020552034e-03
2.920085412569888191e-03
3.000921081210186723e-03
3.080101657758046833e-03
3.157658303565575274e-03
3.233621887780660509e-03
3.308022774812637967e-03
3.380891039391536491e-03
3.452256373499341165e-03
3.522148141366544024e-03
3.590595249892666700e-03
3.657626288895017043e-03
3.723269595945842992e-03
3.787552786912156116e-03
3.850503206689151817e-03
3.912147726269262112e-03
3.988809008139090374e-03
1.946291617277775014e-04
3.162386881202977661e-04
4.313660319864207038e-04
5.514373822047123229e-04
6.659305953586967114e-04
7.752843501918211784e-04
9.004178179008242525e-04
1.022719803697678563e-03
1.142337038953680555e-03
1.259387772703805071e-03
1.373971773270516936e-03
1.486174821189896293e-03
1.596070872877354161e-03
1.920138849865244584e-04
3.137701448568130675e-04
4.290240338134484240e-04
1.904790269093163452e-04
3.123217101063466153e-04
4.276500025701299407e-04
5.478333968311214141e-04
6.624421468978621040e-04
7.719125426214802242e-04
8.970837126626758510e-04
1.019427970125902404e-03
1.139090845725788384e-03
1.256189477043708575e-03
1.370823121255434476e-03
1.483076908375416825e-03
1.593024416334307266e-03
1.700730096500601687e-03
1.806251632933342927e-03
1.909640696063733553e-03
2.010944640401630783e-03
2.110207246262612961e-03
2.207469860989168513e-03
2.302771500362941950e-03
2.396149576107227223e-03
2.487640020662142733e-03
2.577278070757223986e-03
2.665097871720885966e-03
2.751132881121558411e-03
2.835415985389276670e-03
2.917979930468628594e-03
1.934638417871489661e-04
3.151386687330816230e-04
4.303223523904458887e-04
5.504252017496573477e-04
6.649508851404503911e-04
7.743374133589407682e-04
8.994814575744687016e-04
1.021795320407044468e-03
1.141425380938803453e-03
1.258489449330598992e-03
1.373087306886368580e-03
1.485304619140651516e-03
1.595215129683949865e-03
1.702883534136595718e-03
1.808367688579872552e-03
1.911719394618404668e-03
2.012986109338048626e-03
2.112211800316673299e-03
2.209437663293663777e-03
2.304702873458297063e-03
2.398044883936637645e-03
2.489499741617598981e-03
2.579102547483913890e-03
1.930954714259557341e-04
3.147909677016763998e-04
4.299924767297551450e-04
1.904807703708255682e-04
3.123233552946355477e-04
4.276515631314994686e-04
1.904765147471477625e-04
3.123193395547587976e-04
4.276477539724381606e-04
5.478312159355510497e-04
6.624400358490267976e-04
7.719105021091353033e-04
8.970816948875484208e-04
1.019425977902069019e-03
1.139088881088684124e-03
1.256187541451192448e-03
1.370821215699571851e-03
1.483075033529559269e-03
1.918843935089878947e-04
3.136479348308585167e-04
4.289080992601830068e-04
5.490535925046243328e-04
6.636232483844499560e-04
1.908483028081324907e-04
3.126701686427095788e-04
4.279805401701344846e-04
5.481539795457489924e-04
6.627524603161949511e-04
7.722124859586064569e-04
8.973803127051699488e-04
1.019720813445251263e-03
1.139379633286438740e-03
1.256473995200608042e-03
1.371103223761827245e-03
1.483352496321847184e-03
1.593295428095996150e-03
1.700996497646080786e-03
1.806513410248842752e-03
1.909897852563481645e-03
2.011197191789639450e-03
2.110455218839003139e-03
2.207713287612581791e-03
2.303010420928749188e-03
2.396384035570036600e-03
2.487870149495281270e-03
2.577503837509933452e-03
2.665319333239875993e-03
2.751350094796933387e-03
2.835629010429156771e-03
2.918188892251206024e-03
1.934640819178764430e-04
3.151388953944853533e-04
4.303225674345865863e-04
5.504254103061201374e-04
1.906693996801074782e-04
3.125013537515776950e-04
4.278204062534794044e-04
5.479986687243263007e-04
6.626021248134170713e-04
1.908466597639462705e-04
3.126686181559022205e-04
4.279790694039038376e-04
5.481525530818684910e-04
6.627510795515142994e-04
7.722111513400573175e-04
8.973789929652270774e-04
1.911740170488173643e-04
1.900365038207860158e-04
3.119041400244682038e-04
4.272539183220405322e-04
5.474492388052017242e-04
6.620702927681660016e-04
7.715531137911476375e-04
8.967282893014686968e-04
1.019077047837575007e-03
1.138744834426894028e-03
1.255848581331833313e-03
1.370487515389788233e-03
1.482746710990725776e-03
1.592699701386726414e-03
1.920097333253692170e-04
3.137662266428212546e-04
4.290203167810147859e-04
5.491624279308291844e-04
6.637285957778909281e-04
7.731559944675468104e-04
8.983133003537359992e-04
1.020641975271051067e-03
1.140288022197026704e-03
1.257368913249897824e-03
1.371984250151935111e-03
1.484219211957432238e-03
1.594147750096363246e-03
1.701834318711517623e-03
1.807336688772973217e-03
1.910706598018277122e-03
2.011991453588676034e-03
