1.895720433834558924e-04
1.900331924236662901e-04
1.900341471089442248e-04
3.119019162482262780e-04
1.902666994110772285e-04
3.121213534347013212e-04
1.902671209361698102e-04
3.121217511902246093e-04
4.274603309631484381e-04
1.904761681641508686e-04
1.900350631175967806e-04
3.119027805872948036e-04
4.272526288517452891e-04
5.474479881574966433e-04
6.620690821739112775e-04
7.715519436464755073e-04
1.910134975968565639e-04
3.128260582380247980e-04
4.281284149077029802e-04
5.482974002123325655e-04
6.628912864259817617e-04
1.908471255512974240e-04
3.126690577040855531e-04
1.902681715430146040e-04
1.900346336613516110e-04
3.119023753555097726e-04
4.272522444762678244e-04
1.904757907538879148e-04
1.900350623386062475e-04
3.119027798522442741e-04
4.272526281545264764e-04
1.904757914499714052e-04
3.123186570275799799e-04
4.276471065538891593e-04
1.904765066714989431e-04
3.123193319343079235e-04
1.902675009342395774e-04
1.900346322770859705e-04
3.119023740493274510e-04
4.272522432373121091e-04
1.904757907516400927e-04
1.900350623386017480e-04
1.900341509775438928e-04
3.119019198986085748e-04
4.272518124606557925e-04
1.904757899701080813e-04
3.123186556311329486e-04
1.902674996368352005e-04
3.121221085361845066e-04
4.274606699224330693e-04
5.476497654549332579e-04
6.622643971925340446e-04
7.717407325266523264e-04
1.910137903136734138e-04
1.900361731955415754e-04
1.900341532757399230e-04
3.119019220671694244e-04
1.902666994222582532e-04
1.900346306226544145e-04
1.900341500843852447e-04
1.900341490902176600e-04
1.900341490881609285e-04
3.119019181158003530e-04
1.902666994146658835e-04
3.121213534380875556e-04
1.902671209361758546e-04
1.900346314927385842e-04
1.900341500861847763e-04
1.900341490902215903e-04
3.119019181177451407e-04
4.272518107714492379e-04
5.474471947074420692e-04
1.906643129803325986e-04
1.900354518840549883e-04
3.119031474245086751e-04
4.272529768087389651e-04
1.904757920825115138e-04
3.123186576244657477e-04
4.276471071200716226e-04
1.904765066725246526e-04
3.123193319352769292e-04
4.276477467448953776e-04
5.478312089256728032e-04
6.624400290636910495e-04
7.719104955505506818e-04
8.970816884020663476e-04
1.911735814219570962e-04
1.900365029224461281e-04
1.900341539578933399e-04
1.900341490982319199e-04
1.900341490881776523e-04
1.900341490881569712e-04
1.900341490881568356e-04
1.900341490881571880e-04
1.900341490881567001e-04
3.119019181157971004e-04
4.272518107696020827e-04
1.904757899670396807e-04
1.900350623369821939e-04
1.900341509775403692e-04
1.900341490920656013e-04
3.119019181194855020e-04
4.272518107730997189e-04
1.904757899670458336e-04
1.900350623369818958e-04
1.900341509775403421e-04
3.119019198986050512e-04
4.272518124606529194e-04
5.474471963457876698e-04
6.620683157208766658e-04
1.908457988551228465e-04
1.900358265878276367e-04
3.119035009922893598e-04
4.272533121792550996e-04
1.904757926909514886e-04
1.900350623426042701e-04
1.900341509775514551e-04
3.119019198986155679e-04
1.902666994180918540e-04
3.121213534413208091e-04
1.902671209361820345e-04
3.121217511902368066e-04
1.902671216998784052e-04
3.121217519108679351e-04
1.902671217012621996e-04
3.121217519121742903e-04
1.902671217012645306e-04
3.121217519121760793e-04
1.902671217012649101e-04
3.121217519121759708e-04
1.902671217012648830e-04
3.121217519121771092e-04
1.902671217012646661e-04
3.121217519121769466e-04
4.274603316479541116e-04
1.904761681653919007e-04
3.123190125087240668e-04
4.276474437493742349e-04
5.478309150551776991e-04
1.906649631962849408e-04
3.124971672169827327e-04
4.278164350576776800e-04
1.904768133711557440e-04
3.123196213462842413e-04
1.902675014894398317e-04
1.900346322782322432e-04
1.900341500878098056e-04
1.900341490902251139e-04
3.119019181177482307e-04
1.902666994146694072e-04
3.121213534380904288e-04
1.902671209361759901e-04
1.900346314927387468e-04
3.119023733092230214e-04
1.902667002893343310e-04
1.900346306244435107e-04
1.900341500843886599e-04
1.900341490902179311e-04
1.900341490881613893e-04
3.119019181158014372e-04
1.902666994146656667e-04
3.121213534380871219e-04
4.274599536767358229e-04
5.476490707760780195e-04
1.906646551674934752e-04
1.900354525905663622e-04
1.900341517849172938e-04
1.900341490937358961e-04
3.119019181210610104e-04
1.902666994146756955e-04
1.900346306226389918e-04
1.900341500843847297e-04
3.119019190558295490e-04
4.272518116612525514e-04
5.474471955704546386e-04
1.906643129817960276e-04
1.900354518840581596e-04
1.900341517834558977e-04
3.119019206590606060e-04
1.902666994195528706e-04
3.121213534426991012e-04
1.902671209361847721e-04
3.121217511902393002e-04
1.902671216998785679e-04
3.121217519108680435e-04
1.902671217012622538e-04
1.900346314943187546e-04
3.119023733107138536e-04
1.902667002893375294e-04
1.900346306244438902e-04
1.900341500843882804e-04
1.900341490902179040e-04
1.900341490881606846e-04
3.119019181158010578e-04
1.902666994146654227e-04
3.121213534380873388e-04
4.274599536767371782e-04
1.904761674801509742e-04
3.123190118621071380e-04
1.902675003202214095e-04
1.900346322758184839e-04
1.900341500878048454e-04
1.900341490902247073e-04
1.900341490881610911e-04
1.900341490881570254e-04
1.900341490881568627e-04
3.119019181157964499e-04
1.902666994146656938e-04
1.900346306226391273e-04
3.119023724882029574e-04
4.272522417565351280e-04
5.474476127167050149e-04
1.906643136890539831e-04
3.124965543093890770e-04
4.278158536709361420e-04
1.904768123185153744e-04
1.900350644471568320e-04
1.900341509819057466e-04
3.119019199027245315e-04
1.902666994180996873e-04
1.900346306226461475e-04
1.900341500843846212e-04
3.119019190558303080e-04
1.902666994164719746e-04
1.900346306226421088e-04
3.119023724882063727e-04
1.902667002877566000e-04
3.121213542619451393e-04
4.274599544582047880e-04
5.476490715340165448e-04
6.622637254970057449e-04
7.717400832757118816e-04
8.969131753329060135e-04
1.911733343738736355e-04
1.900365024129889327e-04
3.119041386960816928e-04
1.902667036815631303e-04
1.900346306314392711e-04
3.119023724965065366e-04
4.272522417644118568e-04
1.904757907489679680e-04
3.123186563660906162e-04
4.276471059264255834e-04
1.904765066703622384e-04
3.123193319332357560e-04
1.902675009342378969e-04
3.121221097604264601e-04
1.902671223883488176e-04
1.900346314957370808e-04
3.119023733120517591e-04
4.272522425379820838e-04
1.904757907503711154e-04
3.123186563674152402e-04
1.902674996382482683e-04
3.121221085375176958e-04
4.274606699236958938e-04
1.904761687786660890e-04
3.123190130874294447e-04
4.276474442983117037e-04
1.904765072833204632e-04
1.900350638175518755e-04
1.900341509806033216e-04
3.119019199014955884e-04
4.272518124633942703e-04
1.904757899701126891e-04
3.123186556311373938e-04
4.276471052292784908e-04
1.904765066690994411e-04
3.123193319320442178e-04
4.276477467418298502e-04
1.904765078311937876e-04
1.900350638186828610e-04
1.900341509806055713e-04
1.900341490920724860e-04
3.119019181194914651e-04
1.902666994146728495e-04
3.121213534380941693e-04
1.902671209361760172e-04
3.121217511902306808e-04
4.274603309631552143e-04
1.904761681641504621e-04
3.123190125075524237e-04
4.276474437482630361e-04
5.478309150541007611e-04
6.624397446055517143e-04
1.908463980245627128e-04
3.126683711610772371e-04
4.279788351087036803e-04
1.904771073432030240e-04
3.123198987480778344e-04
1.902675020215986214e-04
3.121221107864724617e-04
1.902671223903184064e-04
3.121217525623751579e-04
4.274603322646985601e-04
1.904761681665100926e-04
1.900350631176014426e-04
3.119027805872993573e-04
1.902667010719306224e-04
3.121213550018995153e-04
4.274599551600852363e-04
1.904761674828403918e-04
1.900350631161903264e-04
1.900341509791519273e-04
3.119019199001259158e-04
1.902666994180944831e-04
3.121213534413224354e-04
1.902671209361821972e-04
3.121217511902362103e-04
1.902671216998787847e-04
3.121217519108689651e-04
4.274603316467142180e-04
5.476494373650221160e-04
1.906646557886381853e-04
3.124968771317048854e-04
4.278161598910158172e-04
5.479945502178062110e-04
1.906652402300947329e-04
1.900354537984751623e-04
1.900341517874168406e-04
1.900341490937412629e-04
1.900341490881681656e-04
1.900341490881568627e-04
1.900341490881567001e-04
3.119019181157957994e-04
1.902666994146656396e-04
1.900346306226389375e-04
1.900341500843845128e-04
3.119019190558296574e-04
4.272518116612528225e-04
1.904757899686574188e-04
1.900350623369856092e-04
1.900341509775403421e-04
3.119019198986047801e-04
4.272518124606515099e-04
5.474471963457865856e-04
6.620683157208747142e-04
7.715512028029191923e-04
8.967263996074435230e-04
1.911730604302357877e-04
3.129766357717566044e-04
1.902687606624996512e-04
1.900346348773029686e-04
1.900341500931870147e-04
3.119019190641363266e-04
1.902666994164875600e-04
3.121213534398065040e-04
4.274599536783672761e-04
1.904761674801541454e-04
1.900350631161848512e-04
3.119027805859621565e-04
4.272526288504825730e-04
5.474479881562716033e-04
6.620690821727248350e-04
7.715519436453297224e-04
8.967271321946300748e-04
1.911730615049018328e-04
3.129766367859136244e-04
4.282712532499724045e-04
5.484359356984631591e-04
1.906659867783968329e-04
1.900354553397731218e-04
3.119031506852995637e-04
4.272529799017058200e-04
5.474483286382619699e-04
6.620694117503874137e-04
1.908458006240637160e-04
3.126678074139581007e-04
1.902681691474702834e-04
3.121227402935509250e-04
4.274612691737370300e-04
1.904761698650693546e-04
3.123190141125955620e-04
4.276474452707439622e-04
5.478309165307301267e-04
1.906649631987831865e-04
3.124971672193399509e-04
4.278164350599141181e-04
1.904768133711597826e-04
3.123196213462883070e-04
1.902675014894398859e-04
3.121221102843214608e-04
1.902671223893545507e-04
3.121217525614648617e-04
4.274603322638349931e-04
1.904761681665085747e-04
1.900350631176015239e-04
1.900341509791550986e-04
3.119019199001289515e-04
1.902666994180945374e-04
3.121213534413228691e-04
1.902671209361823056e-04
3.121217511902364813e-04
4.274603309631609064e-04
1.904761681641505705e-04
3.123190125075522611e-04
4.276474437482626024e-04
1.904765072823240543e-04
1.900350638175502763e-04
1.900341509806034571e-04
3.119019199014952089e-04
4.272518124633945956e-04
1.904757899701126620e-04
3.123186556311367433e-04
1.902674996368355258e-04
3.121221085361843982e-04
1.902671223859979963e-04
3.121217525582980698e-04
4.274603322608313736e-04
5.476494379606469025e-04
6.622640801874684008e-04
7.717404261142574119e-04
8.969135143507752381e-04
1.911733348709828795e-04
1.900365024140139374e-04
1.900341539568416096e-04
3.119019227098516751e-04
1.902666994234932679e-04
1.900346306226570979e-04
1.900341500843850820e-04
1.900341490902178769e-04
1.900341490881611453e-04
3.119019181158000278e-04
1.902666994146656396e-04
1.900346306226389375e-04
1.900341500843845128e-04
1.900341490902181479e-04
1.900341490881611453e-04
1.900341490881570525e-04
1.900341490881567272e-04
1.900341490881568085e-04
3.119019181157971004e-04
1.902666994146659106e-04
1.900346306226388562e-04
3.119023724882030116e-04
4.272522417565349654e-04
5.474476127167054486e-04
1.906643136890540102e-04
3.124965543093883723e-04
4.278158536709357625e-04
1.904768123185158080e-04
1.900350644471568049e-04
3.119027818418578261e-04
4.272526300417400064e-04
5.474479893116644420e-04
6.620690832911165641e-04
1.908458000939467500e-04
3.126678069137041826e-04
4.279782998730079094e-04
5.481518067307080376e-04
1.906655063214857061e-04
1.900354543477827778e-04
1.900341517885533284e-04
3.119019206638707774e-04
1.902666994195619508e-04
1.900346306226488851e-04
3.119023724882119021e-04
4.272522417565442353e-04
5.474476127167152064e-04
6.620687187570508704e-04
1.908457995056057964e-04
1.900358265891690388e-04
1.900341525586646794e-04
3.119019213905420505e-04
4.272518138758034140e-04
5.474471977183317838e-04
1.906643129854375103e-04
3.124965536454210645e-04
1.902678408682517773e-04
1.900346329787925127e-04
3.119023747114523740e-04
4.272522438653591484e-04
5.474476147620388608e-04
1.906643136925221019e-04
3.124965543126617955e-04
4.278158536740408633e-04
1.904768123185210664e-04
1.900350644471569404e-04
3.119027818418577719e-04
4.272526300417402233e-04
5.474479893116642251e-04
1.906643143275579355e-04
1.900354518868369968e-04
3.119031474271330407e-04
1.902667017768219272e-04
3.121213556670432367e-04
4.274599557910051945e-04
5.476490728266856416e-04
6.622637267482737143e-04
7.717400844851697627e-04
1.910137893091812971e-04
3.128263335216711536e-04
4.281286760399305295e-04
1.904773784585768275e-04
3.123201545815629276e-04
1.902675025123807054e-04
1.900346322803435101e-04
1.900341500878143593e-04
3.119019190590667056e-04
4.272518116643236083e-04
1.904757899686630024e-04
3.123186556297695101e-04
4.276471052279805923e-04
1.904765066690972456e-04
3.123193319320424831e-04
4.276477467418276276e-04
1.904765078311936250e-04
1.900350638186829966e-04
3.119027812488342033e-04
4.272526294792380300e-04
5.474479887660962940e-04
1.906643143266330026e-04
3.124965549110398050e-04
4.278158542416450952e-04
1.904768123195489443e-04
3.123196203539539456e-04
1.902675014875359998e-04
1.900346322782281775e-04
1.900341500878101851e-04
1.900341490902246531e-04
3.119019181177479596e-04
1.902666994146692445e-04
1.900346306226388291e-04
3.119023724882034995e-04
1.902667002877568439e-04
3.121213542619453562e-04
1.902671209377581392e-04
1.900346314927420807e-04
3.119023733092261656e-04
1.902667002893342497e-04
1.900346306244438089e-04
3.119023724899059680e-04
4.272522417581501556e-04
1.904757907489565026e-04
1.900350623385957307e-04
1.900341509775431068e-04
3.119019198986076533e-04
1.902666994180914474e-04
3.121213534413199418e-04
4.274599536798031935e-04
1.904761674801562596e-04
1.900350631161849325e-04
1.900341509791524423e-04
3.119019199001264037e-04
1.902666994180943747e-04
1.900346306226458222e-04
3.119023724882098421e-04
4.272522417565416332e-04
5.474476127167114117e-04
6.620687187570466420e-04
1.908457995056054169e-04
3.126678063585065304e-04
4.279782993463561078e-04
5.481518062199191438e-04
1.906655063206220849e-04
1.900354543477804467e-04
1.900341517885525153e-04
3.119019206638702895e-04
1.902666994195621405e-04
1.900346306226490477e-04
3.119023724882128779e-04
1.902667002877567355e-04
3.121213542619451393e-04
4.274599544582043001e-04
5.476490715340156775e-04
1.906646551687776585e-04
3.124968765467733139e-04
4.278161593361661940e-04
1.904768128719436086e-04
3.123196208752114077e-04
4.276480208220124449e-04
5.478314747486692305e-04
1.906649641439458359e-04
3.124971681112427135e-04
1.902678420463789803e-04
1.900346329812245679e-04
1.900341500892645339e-04
1.900341490902279057e-04
1.900341490881610098e-04
1.900341490881565375e-04
3.119019181157962873e-04
1.902666994146655583e-04
3.121213534380872846e-04
4.274599536767373950e-04
5.476490707760792121e-04
6.622637247633456504e-04
1.908461141657989343e-04
3.126681032929318205e-04
1.902681697143733617e-04
1.900346336575775032e-04
1.900341500906636968e-04
1.900341490902309686e-04
1.900341490881615248e-04
1.900341490881566730e-04
1.900341490881570525e-04
3.119019181157973173e-04
1.902666994146655040e-04
1.900346306226387207e-04
1.900341500843847297e-04
3.119019190558295490e-04
4.272518116612525514e-04
1.904757899686575001e-04
3.123186556297644144e-04
4.276471052279752797e-04
1.904765066690968932e-04
1.900350638162844161e-04
3.119027812465708228e-04
1.902667010731970518e-04
1.900346306260564241e-04
1.900341500843919667e-04
3.119019190558371926e-04
1.902666994164717578e-04
3.121213534397919757e-04
4.274599536783532357e-04
1.904761674801541725e-04
1.900350631161851493e-04
1.900341509791519544e-04
1.900341490920688810e-04
3.119019181194885920e-04
4.272518107731029715e-04
1.904757899670461588e-04
3.123186556282430077e-04
4.276471052265328030e-04
5.478305867273014192e-04
1.906649626403663755e-04
1.900354532253783623e-04
3.119031486901717594e-04
1.902667017792489138e-04
1.900346306275135376e-04
3.119023724928021973e-04
4.272522417608975781e-04
5.474476127209368728e-04
6.620687187611384210e-04
1.908457995056120847e-04
3.126678063585125477e-04
4.279782993463623962e-04
5.481518062199266248e-04
1.906655063206223017e-04
1.900354543477806094e-04
3.119031497492622917e-04
4.272529790138430658e-04
5.474483277771297323e-04
1.906643149014137042e-04
1.900354518880215961e-04
1.900341517834641919e-04
1.900341490937329958e-04
1.900341490881686263e-04
3.119019181158077256e-04
4.272518107696116237e-04
5.474471947056592071e-04
1.906643129803297255e-04
3.124965536406016774e-04
1.902678408682424531e-04
3.121224305257689160e-04
4.274609753445567507e-04
1.904761693323756466e-04
1.900350631200081004e-04
3.119027805895701103e-04
4.272526288539045319e-04
5.474479881595904545e-04
1.906643143256047453e-04
1.900354518868324161e-04
3.119031474271300591e-04
4.272529768112258539e-04
5.474483256408279631e-04
1.906643148977915745e-04
1.900354518880140609e-04
1.900341517834642190e-04
3.119019206590692254e-04
4.272518131819768531e-04
1.904757899714163609e-04
3.123186556323668248e-04
1.902674996368380737e-04
3.121221085361867834e-04
1.902671223859979421e-04
3.121217525582973109e-04
1.902671217025051018e-04
1.900346314943208688e-04
3.119023733107160763e-04
1.902667002893374752e-04
1.900346306244432668e-04
3.119023724899060764e-04
4.272522417581511855e-04
1.904757907489566381e-04
1.900350623385960017e-04
1.900341509775436489e-04
1.900341490920660621e-04
1.900341490881647503e-04
3.119019181158040935e-04
4.272518107696076121e-04
1.904757899670395723e-04
3.123186556282368819e-04
4.276471052265268941e-04
1.904765066690942911e-04
1.900350638162847413e-04
3.119027812465710939e-04
1.902667010731972687e-04
3.121213550030946856e-04
4.274599551612188780e-04
5.476490722158619670e-04
6.622637261570127332e-04
1.908461141680465939e-04
1.900358272381335364e-04
1.900341525600066778e-04
3.119019213918088323e-04
4.272518138770055774e-04
5.474471977194976264e-04
1.906643129854398413e-04
1.900354518840655592e-04
3.119031474245184329e-04
4.272529768087494819e-04
1.904757920825113241e-04
1.900350623413485742e-04
3.119027798548319936e-04
4.272526281569815438e-04
1.904757914499756607e-04
3.123186570275846420e-04
1.902674996395142912e-04
1.900346322744130326e-04
1.900341500878022162e-04
1.900341490902249784e-04
1.900341490881611453e-04
3.119019181158008409e-04
1.902666994146658022e-04
1.900346306226390731e-04
3.119023724882033911e-04
1.902667002877566000e-04
3.121213542619453562e-04
4.274599544582041916e-04
1.904761674815679993e-04
3.123190118634440677e-04
1.902675003202240929e-04
1.900346322758185381e-04
1.900341500878053604e-04
3.119019190590588994e-04
1.902666994164781817e-04
3.121213534397978846e-04
4.274599536783590904e-04
5.476490707776522811e-04
1.906646551674961315e-04
1.900354525905661454e-04
1.900341517849174022e-04
1.900341490937360858e-04
1.900341490881686263e-04
1.900341490881569170e-04
1.900341490881571067e-04
3.119019181157969378e-04
1.902666994146654498e-04
3.121213534380871762e-04
1.902671209361758546e-04
3.121217511902305724e-04
1.902671216998786763e-04
1.900346314943159628e-04
1.900341500861882729e-04
1.900341490902218884e-04
1.900341490881610098e-04
3.119019181158005157e-04
1.902666994146654498e-04
1.900346306226387478e-04
3.119023724882024695e-04
1.902667002877568439e-04
1.900346306244402310e-04
1.900341500843889038e-04
1.900341490902183919e-04
3.119019181177422133e-04
4.272518107714465816e-04
5.474471947074391418e-04
1.906643129803320836e-04
1.900354518840548527e-04
3.119031474245085667e-04
4.272529768087386941e-04
5.474483256384149628e-04
1.906643148977873732e-04
1.900354518880139525e-04
1.900341517834642190e-04
1.900341490937331585e-04
3.119019181210583541e-04
1.902666994146759666e-04
1.900346306226388020e-04
3.119023724882024695e-04
1.902667002877563289e-04
1.900346306244399329e-04
3.119023724899021733e-04
4.272522417581471198e-04
1.904757907489567465e-04
3.123186563660802079e-04
1.902674996382455036e-04
3.121221085375149853e-04
1.902671223860004086e-04
3.121217525583007261e-04
4.274603322608332709e-04
5.476494379606484204e-04
6.622640801874665577e-04
7.717404261142535088e-04
1.910137898387216844e-04
3.128263340213889880e-04
4.281286765139593318e-04
1.904773784594335640e-04
1.900350656156925592e-04
1.900341509843237614e-04
1.900341490920796688e-04
1.900341490881647503e-04
3.119019181158043104e-04
1.902666994146658293e-04
1.900346306226389104e-04
1.900341500843843773e-04
1.900341490902177142e-04
3.119019181177416712e-04
1.902666994146693530e-04
3.121213534380904830e-04
1.902671209361757462e-04
3.121217511902307892e-04
4.274603309631555938e-04
5.476494367020457148e-04
1.906646557875149518e-04
1.900354525918467507e-04
3.119031480923758039e-04
1.902667017781002829e-04
3.121213556682496284e-04
1.902671209404581279e-04
1.900346314927477728e-04
1.900341500861849661e-04
1.900341490902215089e-04
1.900341490881610911e-04
1.900341490881569170e-04
1.900341490881571067e-04
1.900341490881570796e-04
3.119019181157968836e-04
4.272518107696011069e-04
5.474471947056498830e-04
6.620683141332666310e-04
7.715512012683567846e-04
8.967263980899799593e-04
1.911730604280097309e-04
3.129766357696564505e-04
4.282712522859482966e-04
5.484359347634801653e-04
1.906659867768166353e-04
1.900354553397701131e-04
1.900341517906051810e-04
1.900341490937478494e-04
3.119019181210725571e-04
4.272518107746059468e-04
1.904757899670487338e-04
3.123186556282462061e-04
4.276471052265362724e-04
5.478305867273045634e-04
1.906649626403663213e-04
3.124971666923896142e-04
1.902678420436589610e-04
1.900346329812186048e-04
3.119023747137419380e-04
4.272522438675314016e-04
1.904757907527834110e-04
3.123186563696911974e-04
4.276471059298412539e-04
1.904765066703684997e-04
1.900350638162866929e-04
3.119027812465726660e-04
4.272526294770918518e-04
5.474479887640158185e-04
1.906643143266297229e-04
1.900354518868348013e-04
1.900341517834615898e-04
3.119019206590662981e-04
1.902666994195526538e-04
3.121213534426987217e-04
1.902671209361850432e-04
3.121217511902390292e-04
4.274603309631628580e-04
1.904761681641503265e-04
1.900350631175966721e-04
3.119027805872942073e-04
1.902667010719302429e-04
1.900346306260536865e-04
1.900341500843922107e-04
1.900341490902176871e-04
3.119019181177411291e-04
1.902666994146694072e-04
1.900346306226393441e-04
1.900341500843848652e-04
1.900341490902177142e-04
3.119019181177419423e-04
1.902666994146694343e-04
3.121213534380908624e-04
4.274599536767399429e-04
5.476490707760819227e-04
6.622637247633467346e-04
7.717400825665680919e-04
8.969131746316667082e-04
1.911733343728452968e-04
1.900365024129866830e-04
3.119041386960796328e-04
1.902667036815632116e-04
1.900346306314395421e-04
1.900341500844032966e-04
3.119019190558477094e-04
4.272518116612700071e-04
1.904757899686573917e-04
1.900350623369853110e-04
3.119027798507151153e-04
1.902667010705150609e-04
3.121213550005635072e-04
1.902671209391757878e-04
1.900346314927447370e-04
1.900341500861855082e-04
3.119019190575292528e-04
4.272518116628649227e-04
5.474471955720183833e-04
6.620683149718877957e-04
1.908457988539137985e-04
3.126678057435264041e-04
4.279782987629957079e-04
1.904771063727312742e-04
1.900350650540957290e-04
3.119027824145603560e-04
4.272526305849665487e-04
1.904757914543804217e-04
3.123186570317410394e-04
4.276471065578365226e-04
5.478305880185109630e-04
6.624394280457164032e-04
7.719099146171787447e-04
8.970811139438725516e-04
1.911735805800199805e-04
3.129771266345856119e-04
1.902687616020922660e-04
3.121232993400844917e-04
4.274617994554535711e-04
5.476508609766053345e-04
1.906646582007829693e-04
1.900354525968291476e-04
3.119031480970769587e-04
1.902667017781091191e-04
3.121213556682575973e-04
4.274599557921564003e-04
1.904761674839861767e-04
3.123190118657268011e-04
4.276474431394522912e-04
1.904765072812213123e-04
1.900350638175480808e-04
3.119027812477636621e-04
1.902667010731996268e-04
1.900346306260561531e-04
3.119023724914271579e-04
4.272522417595932286e-04
5.474476127196704163e-04
1.906643136890588349e-04
1.900354518855185528e-04
1.900341517834592045e-04
3.119019206590640755e-04
1.902666994195529519e-04
3.121213534426991012e-04
1.902671209361850974e-04
1.900346314927385571e-04
1.900341500861851287e-04
1.900341490902218613e-04
3.119019181177453033e-04
4.272518107714493463e-04
5.474471947074418523e-04
1.906643129803325715e-04
3.124965536406036290e-04
1.902678408682426429e-04
3.121224305257682655e-04
1.902671230042310272e-04
1.900346314970091210e-04
3.119023733132522420e-04
1.902667002893422457e-04
3.121213542634415552e-04
1.902671209377606058e-04
1.900346314927419452e-04
1.900341500861850474e-04
3.119019190575286022e-04
4.272518116628642722e-04
5.474471955720184918e-04
6.620683149718884462e-04
1.908457988539140424e-04
3.126678057435265125e-04
4.279782987629970089e-04
1.904771063727314097e-04
3.123198978323082583e-04
1.902675020198420241e-04
3.121221107848149334e-04
4.274606720553635660e-04
5.476497675236394668e-04
1.906646563480544410e-04
3.124968776595980443e-04
1.902678414894908672e-04
1.900346329800749884e-04
1.900341500892620944e-04
3.119019190604320957e-04
1.902666994164808922e-04
1.900346306226426238e-04
1.900341500843849194e-04
3.119019190558306874e-04
1.902666994164719475e-04
3.121213534397917588e-04
4.274599536783532357e-04
5.476490707776459927e-04
6.622637247648603892e-04
