1.333846605536605397e-02
1.427518415744651221e-02
1.427709418552389371e-02
1.655247321959334855e-02
1.428224184321961153e-02
1.427710776448025583e-02
1.655248346298490367e-02
1.826337797629336984e-02
1.428686376778184192e-02
1.655984310400141282e-02
1.826893228299147215e-02
1.428687831755889523e-02
1.655985407995981193e-02
1.826894056653551382e-02
1.980468851664128269e-02
1.434159751407018506e-02
1.672196923432691523e-02
1.433474036208742981e-02
1.432999838668920674e-02
1.670140151114905477e-02
1.853109501911158474e-02
1.433021385315626749e-02
1.432363353120426341e-02
1.668475887461958601e-02
1.850242767972996513e-02
1.990460884078775958e-02
2.098713428487049629e-02
1.432662128342539719e-02
1.431679707277141479e-02
1.431544742260173683e-02
1.666336268387429848e-02
1.431634488812535445e-02
1.666045713296976719e-02
1.431462297740290941e-02
1.665587328389056543e-02
1.845054103819874017e-02
1.431499100621043755e-02
1.430867531151504800e-02
1.430781341623020043e-02
1.430700154360485706e-02
1.430623578033721373e-02
1.663927233730425059e-02
1.842403477615230795e-02
1.431035824934356535e-02
1.430411609153248512e-02
1.663370943954648948e-02
1.430624939473732100e-02
1.430263816805196243e-02
1.430212004962305022e-02
1.430162635047217169e-02
1.430116680845427979e-02
1.430072788355425673e-02
1.662486232385156776e-02
1.839918963326386825e-02
1.430569704242183778e-02
1.662707711217113055e-02
1.430247073047830053e-02
1.662357807611524602e-02
1.839466631184585171e-02
1.430450828593126701e-02
1.429833887815066401e-02
1.661859400977688805e-02
1.838836680514332675e-02
1.974107077373641814e-02
1.430582701591068782e-02
1.662295805302812027e-02
1.838988680290111130e-02
1.430305511119201248e-02
1.429690106093407798e-02
1.661483341235945460e-02
1.429979188928644229e-02
1.661646063632840620e-02
1.429952006661063327e-02
1.661572775734401416e-02
1.429926460180406568e-02
1.429588705030827335e-02
1.661218156885540045e-02
1.429888818093885336e-02
1.429552004391622735e-02
1.661122829880523621e-02
1.429855899682197160e-02
1.661318387642649053e-02
1.429838790756108452e-02
1.661271910194791687e-02
1.429822890123843421e-02
1.429488283849217334e-02
1.429478038480917236e-02
1.660929783265627235e-02
1.837233832657403018e-02
1.971807840596042152e-02
2.074592762913842620e-02
1.430494885700414782e-02
1.429443669853861822e-02
1.660836920851591070e-02
1.429757403107951609e-02
1.661056501691778042e-02
1.837214459667806457e-02
1.430025427135097477e-02
1.661236881630387408e-02
1.429737357552371066e-02
1.429405480556410375e-02
1.429399691047725934e-02
1.660724099250155891e-02
1.429719378176701021e-02
1.429388386522720614e-02
1.429383423611042467e-02
1.429379447694037984e-02
1.660670849716510203e-02
1.836787188632432385e-02
1.971166720766728830e-02
1.430217033315177820e-02
1.429367629052925338e-02
1.429363322258014185e-02
1.429359920433951985e-02
1.660620351742862766e-02
1.836700394241468082e-02
1.429964030757608327e-02
1.661071277290755710e-02
1.429679972947077264e-02
1.660848969697741734e-02
1.836854591428497760e-02
1.971135672261128610e-02
1.430195119439842469e-02
1.429345342838177907e-02
1.429342022134495391e-02
1.429339939211983317e-02
1.429338036875733332e-02
1.660562896505076574e-02
1.429663713204880858e-02
1.429334891087013018e-02
1.660553781831713982e-02
1.429660424361528341e-02
1.660798673078953819e-02
1.836768176571744460e-02
1.429941125811580102e-02
1.429330585439604791e-02
1.429328219152123554e-02
1.660537005420773676e-02
1.429655177209382053e-02
1.429326111859336758e-02
1.660531072626071636e-02
1.429652957323995083e-02
1.429324230152149815e-02
1.660525880082372799e-02
1.429651150752225125e-02
1.429322355761248990e-02
1.429320980739993627e-02
1.429320210670440537e-02
1.429319307621472641e-02
1.429318030588880122e-02
1.660510938796531943e-02
1.836511747616051057e-02
1.429928754106365649e-02
1.429317963736309767e-02
1.660508966234466519e-02
1.429645213701288310e-02
1.660757758570380327e-02
1.429645423025384041e-02
1.429316590621001158e-02
1.660505962080230727e-02
1.429644065601030911e-02
1.660755085603212236e-02
1.836692596556631016e-02
1.429927132328308488e-02
1.660970552715394788e-02
1.836857118715469819e-02
1.971029186793590848e-02
1.430166306535216904e-02
1.429316246956168629e-02
1.429314502385669629e-02
1.429313869201574543e-02
1.660499336910481114e-02
1.836491344824952784e-02
1.429924893254775307e-02
1.660964917505992899e-02
1.429642807211516271e-02
1.660750397503633208e-02
1.836683960400403021e-02
1.429925411486050908e-02
1.429314435026381863e-02
1.660499741389043216e-02
1.836491618799187403e-02
1.429924910829006961e-02
1.429314157124059875e-02
1.429312671713866070e-02
1.660496761484732409e-02
1.429641061095510667e-02
1.660747085496561484e-02
1.429641621665815251e-02
1.660747849584046781e-02
1.429641739122561317e-02
1.429313120202420524e-02
1.429312356720136012e-02
1.660495514251681543e-02
1.429640566385957656e-02
1.429312511533487734e-02
1.660495126471442373e-02
1.836483821446678599e-02
1.429923013123295811e-02
1.660960657535878737e-02
1.836840399624116091e-02
1.429924131369062976e-02
1.429313031813802745e-02
1.660496126774575407e-02
1.429640587323720465e-02
1.429312505506711260e-02
1.660495208045454849e-02
1.836484000216809936e-02
1.970731623740503216e-02
1.430162510019862727e-02
1.661142394805213349e-02
1.429641386246234373e-02
1.429312360647667923e-02
1.660494818911649809e-02
1.836483324926871039e-02
1.970730652499987079e-02
1.430162418185870928e-02
1.429312572200896504e-02
1.429311066794061898e-02
1.660492303675829145e-02
1.429639464502261044e-02
1.429311338810704615e-02
1.660492294241659381e-02
1.836479028543564623e-02
1.429922238567742955e-02
1.660958339683717491e-02
1.836836287194688541e-02
1.970999461109780929e-02
2.073403189819562897e-02
2.151507230909160615e-02
2.210950012500968037e-02
1.430702077234291027e-02
1.661545024227861073e-02
1.837274871788952338e-02
1.429920872114019172e-02
1.660952098983300637e-02
1.836824474570874013e-02
1.970981760066399177e-02
2.073380054116853721e-02
2.151479391084553175e-02
2.210917510303412464e-02
1.430700136257067635e-02
1.429307202721579254e-02
1.429305307288306764e-02
1.429305162483850145e-02
1.429305026763468857e-02
1.660476511534184421e-02
1.836452094700630200e-02
1.429917299112326914e-02
1.660944800697111701e-02
1.836812696239898193e-02
1.429918829122180275e-02
1.660947979004546993e-02
1.836817852356744871e-02
1.429919665864985180e-02
1.660950408032789427e-02
1.836822136426125365e-02
1.429920407386358304e-02
1.429309604449618097e-02
1.429308463827997158e-02
1.660485553360645933e-02
1.836467712224792298e-02
1.429920276743661123e-02
1.660952792234098030e-02
1.429638719147148518e-02
1.660739379381026559e-02
1.429638622377345063e-02
1.429310288036541449e-02
1.429309693636731000e-02
1.429309344026103053e-02
1.429308797976032441e-02
1.660486346516489020e-02
1.429637435715221117e-02
1.660737465612942623e-02
1.836662100438479078e-02
1.970859383681382998e-02
2.073288466058956572e-02
1.430365946877040599e-02
1.661291435661895952e-02
1.429638896925129223e-02
1.660738975985503671e-02
1.429638384126274454e-02
1.429309991519973205e-02
1.429309337831391295e-02
1.660487607760201614e-02
1.836471164590418315e-02
1.429920716189930427e-02
1.660954366579329294e-02
1.429639143761282302e-02
1.660740840779561384e-02
1.836667487310590652e-02
1.429922305093203616e-02
1.429311432642698700e-02
1.660491751350516576e-02
1.836477780788466421e-02
1.970722369323400433e-02
2.073188123384475667e-02
1.430366762901877191e-02
1.429311091233222836e-02
1.660489834183155947e-02
1.429638234449583621e-02
1.660739673819433548e-02
1.429638977252733339e-02
1.429310649708344719e-02
1.660490332393452922e-02
1.429638631465069039e-02
1.660740742536716275e-02
1.836667807774594943e-02
1.429921902903441913e-02
1.660957485124767152e-02
1.429640214992571393e-02
1.660743689501556833e-02
1.429640256356949808e-02
1.429311801841384212e-02
1.660493388611921153e-02
1.429639689488534753e-02
1.660743551014708802e-02
1.836672667977731765e-02
1.970874777910581674e-02
2.073308302711830350e-02
1.430367632484062790e-02
1.661296376267807143e-02
1.429640531638365179e-02
1.429311121324947607e-02
1.429310550995796167e-02
1.429310100420733663e-02
1.429309664601975845e-02
1.429309315860130547e-02
1.660487672998472303e-02
1.836471325606745669e-02
1.970713414737971375e-02
1.430160359442820932e-02
1.661136350662537411e-02
1.429639302963121861e-02
1.660740572095248738e-02
1.429639011861959935e-02
1.429310663104180722e-02
1.429310017540324704e-02
1.429309589982318864e-02
1.660488169096062741e-02
1.836472092960513003e-02
1.429921181880346517e-02
1.429310567131938416e-02
1.660489551057957314e-02
1.429638224569397716e-02
1.429310582531366676e-02
1.660489653631691195e-02
1.836474212310411358e-02
1.970717274741141251e-02
2.073181530566271108e-02
2.151331815756661950e-02
2.210809410897648236e-02
2.255907075650893934e-02
1.430839619858399747e-02
1.661643300669521373e-02
1.429635011902263830e-02
1.660728062907689331e-02
1.836644674533991287e-02
1.429917912358710970e-02
1.429307026635867617e-02
1.429306015381767020e-02
1.660479152876051870e-02
1.836456672905384044e-02
1.970692409902204470e-02
1.430157722098342882e-02
1.429307835607973240e-02
1.660481841912218870e-02
1.836460493793383789e-02
1.970697458113338657e-02
1.430158257117553934e-02
1.661130682996319469e-02
1.836957973740699010e-02
1.971080429247507385e-02
1.430159594222120065e-02
1.661133029377758266e-02
1.429637965268815147e-02
1.429308934378248179e-02
1.660485994464336659e-02
1.429637253494088489e-02
1.429309328004749018e-02
1.429308402014760164e-02
1.429308115887297816e-02
1.429307835881701849e-02
1.429307578064341853e-02
1.660483155163749308e-02
1.429636333231069749e-02
1.660734547122057203e-02
1.429637247770797551e-02
1.429308841468905113e-02
1.660485749434077035e-02
1.429637221057551699e-02
1.429309238172878083e-02
1.660486461799619978e-02
1.836468838860109629e-02
1.970709634361611506e-02
2.073171685667773642e-02
1.430365130311987525e-02
1.661289815414791413e-02
1.429638315790855013e-02
1.660737617425105811e-02
1.836661513964936779e-02
1.970858090507753707e-02
2.073286519925317609e-02
2.151409071734401018e-02
2.210865124278669352e-02
2.255946011345155364e-02
2.289934652887112149e-02
1.430964132832574995e-02
1.429303456979384018e-02
1.660468397360159720e-02
1.429630686779623412e-02
1.660719569619046460e-02
1.429631955103062915e-02
1.660722473051899975e-02
1.836635982187749885e-02
1.429916499679684608e-02
1.660941630291915688e-02
1.429634399298855899e-02
1.429305983880102375e-02
1.660478213110849408e-02
1.836454713460794474e-02
1.970689417732101115e-02
2.073145650943022944e-02
1.430362394887492276e-02
1.661282896619028018e-02
1.837069895285058790e-02
1.429918745228319493e-02
1.660947299997973803e-02
1.836816500608369485e-02
1.970970479266698216e-02
1.430158976661681861e-02
1.429308620776982737e-02
1.660483883678494366e-02
1.429636276298945803e-02
1.429308279795122802e-02
1.660484254960281625e-02
1.836465150051383097e-02
1.429919829038447769e-02
1.660951419413544614e-02
1.429638086679882805e-02
1.429309388141751166e-02
1.660487112569920820e-02
1.429637555842530258e-02
1.660737848238147060e-02
1.429638547064054563e-02
1.660739478052617943e-02
1.429638765872486526e-02
1.429310519596481942e-02
1.660489855933421077e-02
1.836474706010866528e-02
1.970718060309925926e-02
2.073182593765937262e-02
1.430365916887928711e-02
1.429310647280711451e-02
1.429308897023457911e-02
1.429308513185903809e-02
1.660485670951241180e-02
1.836467910532328315e-02
1.970708534159450187e-02
2.073170401884126546e-02
2.151318444677880956e-02
1.430543559888965838e-02
1.661423145096622631e-02
1.429637319572786038e-02
1.429307967162725401e-02
1.660483395660361516e-02
1.429636311060094797e-02
1.429308283950513243e-02
1.429307612082589621e-02
1.429307323094794815e-02
1.429307086942559722e-02
1.660481907311168667e-02
1.836461405190619942e-02
1.429918963325665753e-02
1.660949478352811287e-02
1.836820890769338965e-02
1.970977115836262603e-02
2.073374344908051128e-02
1.430364843086245202e-02
1.429309052245964981e-02
1.429307427380470744e-02
1.660482824158851858e-02
1.836462997164405378e-02
1.429919176210263897e-02
1.660950225979667197e-02
1.429637757969509822e-02
1.429309056863389653e-02
1.429308296429001625e-02
1.660485093530356115e-02
1.836466910346654449e-02
1.970707096560362845e-02
2.073168539995393772e-02
2.151316186839976122e-02
1.430543130494916874e-02
1.429308317191987573e-02
1.429306533838501161e-02
1.660480431867421627e-02
1.429635743711487467e-02
1.660732326304597065e-02
1.429636381296401151e-02
1.429308041048323388e-02
1.660483598866820121e-02
1.836464005811968767e-02
1.970702754509075227e-02
2.073162815625279390e-02
1.430364193312639101e-02
1.661287466260725348e-02
1.429637582798546497e-02
1.660735559490348831e-02
1.836657908904592434e-02
1.429920092436279613e-02
1.429309366099763834e-02
1.660486723231645659e-02
1.429637413261346593e-02
1.660737397250247258e-02
1.836661978734486361e-02
1.429921035399584102e-02
1.429310648810904784e-02
1.429309309010652618e-02
1.660487659368364496e-02
1.429637982023365325e-02
1.429310012516052907e-02
1.660488409470599336e-02
1.836472166330127900e-02
1.429921111559624008e-02
1.429310231810116197e-02
1.429309403551948070e-02
1.660487902530692617e-02
1.429638135770385475e-02
1.429310050510846503e-02
1.429308979601396495e-02
1.429308999001766174e-02
1.429308428482324242e-02
1.660485457285372848e-02
1.429637046929476199e-02
1.429309132081931291e-02
1.660486400675023622e-02
1.429637501732364778e-02
1.660737331788000870e-02
1.429638277156457075e-02
1.429309768291091298e-02
1.429308992371500220e-02
1.660486862138091033e-02
1.836469940843854162e-02
1.970711434840981269e-02
2.073174148055161037e-02
2.151322980621260886e-02
2.210799245085530787e-02
2.255895714343126440e-02
2.289896389448498742e-02
2.315323676240782502e-02
1.431077303516836013e-02
1.429300933917179543e-02
1.660461337001510260e-02
1.429628220053602919e-02
1.660712969922083226e-02
1.429630046818624114e-02
1.660716683840910216e-02
1.836625681915122002e-02
1.429914145420852975e-02
1.660935975807315348e-02
1.836797249220629286e-02
1.429915869993398335e-02
1.660940007270685775e-02
1.429634087242708657e-02
1.429305439203132702e-02
1.429304886835477961e-02
1.429304763792690024e-02
1.660475839544158297e-02
1.429633941103266095e-02
1.660727972382327472e-02
1.836645587693032378e-02
1.970835613954545137e-02
1.430157605331095795e-02
1.661128386789826467e-02
1.836953780743675810e-02
1.429919158839539593e-02
1.429308191175369253e-02
1.429307139408269624e-02
1.660482046241115728e-02
1.429635988735184111e-02
1.429307967270251542e-02
1.429307266546503766e-02
1.429307032122289350e-02
1.660481760344272723e-02
1.429635870324919879e-02
1.429307875821296016e-02
1.429307179598355258e-02
1.660482155266305299e-02
1.836461835123214675e-02
1.429918744331488793e-02
1.660949469143009269e-02
1.429637355028922328e-02
1.429308826802913081e-02
1.660485707349115478e-02
1.429637015375630031e-02
1.429309272713876096e-02
1.429308316653184370e-02
1.660485149196023330e-02
1.836467007461363085e-02
1.970707236513732918e-02
1.430159513719390756e-02
1.429309741675175577e-02
1.660486763345701833e-02
1.429637348054890733e-02
1.660737122104748512e-02
1.836661462632077288e-02
1.429920945774537828e-02
1.660954405761050010e-02
1.836829284919905617e-02
1.970989105195287625e-02
1.430161407214777802e-02
1.429310789894461080e-02
1.660489976777314303e-02
1.836474683152262283e-02
1.970717904375611507e-02
1.430160694580118186e-02
1.429310810316673612e-02
1.429309699825262632e-02
1.429309175957564973e-02
1.429309017407756448e-02
1.429308478312317672e-02
1.660485595165845166e-02
1.836467785885376527e-02
1.970708358512520547e-02
1.430159865766639921e-02
1.661134727495187230e-02
1.429638749271989334e-02
1.429309654293695400e-02
1.429308920450615347e-02
1.429308536889392287e-02
1.429308238270123911e-02
1.660484935767856177e-02
1.429636731833948751e-02
1.660736025036376254e-02
1.836659773862973910e-02
1.429920734195976387e-02
1.660953683418367466e-02
1.429638746627355690e-02
1.660739899049875137e-02
1.836665901897392011e-02
1.429921817468933487e-02
1.660956592246587427e-02
1.429639871370175057e-02
1.429311104648674571e-02
1.429310308473588469e-02
1.660490223634289095e-02
1.429638692730200722e-02
1.429310702749730412e-02
1.660490501956636555e-02
1.429638684529892928e-02
1.660740901678024045e-02
1.836668090286039390e-02
1.429922320102105897e-02
1.429311367859885905e-02
1.429310292041405944e-02
1.429309985037899126e-02
1.429309760988228123e-02
1.660488573620316766e-02
1.836472773924367405e-02
1.970715436619460692e-02
1.430160788053208738e-02
1.429310856091117049e-02
1.660489516267282112e-02
1.429638146593905854e-02
1.660739479421756079e-02
1.429638925237918141e-02
1.660740850920259040e-02
1.429639324739555989e-02
1.660741868604989971e-02
1.836669478828497834e-02
1.429922529219907618e-02
1.429311838551393897e-02
1.429310777343979592e-02
1.660491191185111889e-02
1.429638979841618349e-02
1.429310977906325143e-02
1.660491243499079284e-02
1.836477173894124001e-02
1.970721641541304733e-02
2.073187267877245679e-02
2.151338449330698552e-02
1.430544678330537313e-02
1.661426995111474000e-02
1.837187165479781115e-02
1.429921538370278362e-02
1.660954184872576178e-02
1.836828208481859973e-02
1.970987190528655786e-02
1.430160980415513643e-02
1.429310837159761087e-02
1.660489464073577892e-02
1.429638122643279129e-02
1.660739426470331931e-02
1.836665544246872048e-02
1.429921820322099628e-02
1.429311139461640102e-02
1.660490992431531976e-02
1.429638747982868267e-02
1.429310701176329107e-02
1.429309604989665444e-02
1.429309698680590254e-02
1.660488409400484242e-02
1.429638247393384340e-02
1.429309991209673676e-02
1.660488785799789369e-02
1.429638099774216582e-02
1.660739377349710819e-02
1.429638897662267698e-02
1.660740768929887257e-02
1.429639255330344624e-02
1.429310831327256295e-02
1.660490982021599338e-02
1.836476771280025344e-02
1.970721089596675496e-02
2.073186569219559808e-02
2.151337612441734173e-02
1.430544579490816877e-02
1.661426798443744676e-02
1.837186850803522800e-02
1.971258824598594653e-02
2.073591955783582810e-02
2.151641304088039788e-02
2.211041105351537958e-02
2.256078377482145791e-02
1.430839467691656826e-02
1.429305387185510721e-02
1.429303352281473434e-02
1.429303307448492356e-02
1.660472085914011312e-02
1.429632530850357026e-02
1.429304617383421981e-02
1.429304150660855657e-02
1.660474209419800229e-02
1.836448119396450612e-02
1.429916671195035661e-02
1.660942866242450314e-02
1.429635231882180751e-02
1.660730129197478949e-02
1.429635562797081962e-02
1.429307187564580854e-02
1.660481377114251741e-02
1.836460177509123548e-02
1.429918622579862998e-02
1.660948678027408115e-02
1.429637151928262774e-02
1.429308509560147690e-02
1.660484858388036958e-02
1.836466191937588879e-02
1.429919860742854577e-02
1.429309221924979396e-02
1.660486422411065408e-02
1.429637475691266854e-02
1.660737269060341692e-02
1.429638254647743432e-02
1.660738777533837460e-02
1.836664035835170947e-02
1.429921497689207698e-02
1.429310598626581941e-02
1.660489951018968152e-02
1.836474825955817028e-02
1.429921432581666464e-02
1.660956140270580111e-02
1.836832458098767301e-02
1.970993755185521112e-02
1.430162200196539307e-02
1.661139949314965544e-02
1.836973537210808555e-02
1.971102538080962349e-02
1.430162321084781953e-02
1.429311838585210943e-02
1.660492333198772957e-02
1.429639274796449915e-02
1.660742239689216859e-02
1.429639872318460431e-02
1.429311396060336907e-02
1.660492441462493168e-02
1.836479281455008147e-02
1.429922314133173430e-02
1.660958489607191821e-02
1.836836526807450465e-02
1.970999794824441001e-02
2.073403615570389505e-02
1.430367698356745272e-02
1.429311628680116249e-02
1.429310195790905666e-02
1.660489787917129520e-02
1.429638542301275503e-02
1.660740492191914094e-02
1.429639252566314647e-02
1.429310883366499869e-02
1.660491016244415932e-02
1.429638879670450807e-02
1.429310833922734121e-02
1.660490911112253928e-02
1.429638853356822795e-02
1.660741314757369427e-02
1.836668791503896087e-02
1.429922436342504800e-02
1.429311695607104159e-02
1.429310517407746811e-02
1.429309794309177074e-02
1.429309651711649018e-02
1.660488695034961770e-02
1.429638205438526002e-02
1.429310284999291830e-02
1.660489288726621840e-02
1.429638276487241004e-02
1.429309940887140383e-02
1.660489126273870936e-02
1.836473756386329537e-02
1.429921314963532655e-02
1.429310960311165786e-02
1.429309675797286149e-02
1.660488728641861672e-02
1.429638215081746599e-02
1.660739633208888413e-02
1.836665886973084041e-02
1.970864842709599274e-02
1.430161446593838925e-02
1.429311092622727493e-02
1.660490559623849227e-02
1.429638565768380845e-02
1.660740591887272660e-02
1.836667556299816442e-02
1.970867246143299598e-02
2.073298676365969290e-02
2.151423629214921016e-02
1.430544794750897471e-02
1.429310182084466904e-02
1.660486760267618905e-02
1.836468496865822225e-02
1.970708687428859851e-02
1.430159779259349700e-02
1.429309780677786614e-02
1.429308365952591114e-02
1.660485282610164870e-02
1.836467239362501308e-02
1.429920028536549315e-02
1.660952428455135868e-02
1.429638604396328387e-02
1.429310138512187439e-02
1.660488428976293618e-02
1.429638120703859670e-02
1.429310040070934373e-02
1.429309084776968566e-02
1.429308871235422836e-02
1.660486366809618003e-02
1.429637402286203056e-02
1.660737407574888053e-02
1.836662011958937676e-02
1.970859262901536457e-02
1.430160603859100509e-02
1.661136543455443357e-02
1.836967967539445898e-02
1.429922075339660169e-02
1.660956278777949574e-02
1.429639584722130520e-02
1.429310742268105790e-02
1.429310046972990383e-02
1.660489604410188280e-02
1.836474659942238449e-02
1.429921490094837426e-02
1.429311017153545721e-02
1.429309985760203287e-02
1.429309673572279858e-02
1.660488343430932545e-02
1.429638202412131243e-02
1.660739271160887112e-02
1.429638808692176508e-02
1.660740532138599637e-02
1.429639189051084940e-02
1.429310716385920159e-02
1.660490747549073914e-02
1.429638823695764983e-02
1.429310714188319203e-02
1.429310320492387792e-02
1.660489651470842959e-02
1.836474478199354859e-02
1.970717799846941065e-02
1.430160740948167516e-02
1.661137684256840802e-02
1.429639687787699100e-02
1.429310733810561576e-02
1.429309640577368021e-02
1.429309710649846743e-02
1.660488430110377417e-02
1.836472521427912757e-02
1.429920918762961519e-02
1.429310842428105702e-02
1.660489902564720247e-02
1.836474471647675175e-02
1.429921335730741962e-02
1.660955858036613358e-02
1.429639748720226700e-02
1.429310881390558584e-02
1.429309788825721197e-02
1.429309655090705601e-02
1.429309631736281998e-02
1.660487993157395981e-02
1.836471677725060037e-02
1.429920913841045346e-02
1.429310579714263355e-02
1.660489384932469295e-02
1.429638196239117406e-02
1.429310383843698275e-02
1.660489349748008395e-02
1.429638267708477177e-02
1.660739748983379449e-02
1.429638997207071695e-02
1.429310604798897030e-02
1.429310015896111639e-02
1.429309588550197255e-02
1.429309372895576184e-02
1.429308663706510378e-02
1.660486149146564797e-02
1.836468769421813543e-02
1.970709784853023200e-02
1.430159881408828680e-02
1.429310034821861843e-02
1.429308626462674585e-02
1.660485903232811547e-02
1.836468285947663245e-02
1.970709059477765424e-02
1.430160064029527105e-02
1.661135047140864518e-02
1.836965356790445925e-02
1.971090946432123986e-02
1.430161234063954956e-02
1.429310187394461362e-02
1.660488395568404663e-02
1.836471957414068101e-02
1.970713994316792075e-02
2.073177258635201456e-02
2.151326620559969663e-02
1.430543706907456795e-02
1.661424434997989946e-02
1.429637966476580112e-02
1.660736154789285712e-02
1.429637528341228675e-02
1.660736858266635349e-02
1.836660717841422444e-02
1.429920865487590599e-02
1.429310309873721603e-02
1.660488577351056094e-02
1.429638128470268194e-02
1.660738984843422236e-02
1.836664602517639258e-02
1.970862911068724591e-02
2.073292992863325773e-02
1.430366082791964012e-02
1.429310273360400937e-02
1.660488071904188748e-02
1.429637820221954167e-02
1.660738310295691023e-02
1.429638480255353283e-02
1.429310317039054166e-02
1.429309332003573206e-02
1.660487734082790115e-02
1.836471436775590979e-02
1.970713576465738665e-02
2.073176916029660991e-02
2.151326333109139163e-02
2.210803129595387967e-02
1.430700220732445196e-02
1.429307695183344891e-02
1.429305693298051766e-02
1.660478311060201856e-02
1.836455221029353879e-02
1.429917918808785646e-02
1.429307431365993766e-02
1.429306447626468857e-02
1.429306249168602050e-02
1.429306017087459378e-02
1.660479159188355675e-02
1.836456684524466823e-02
1.429918211568651128e-02
1.429307696856142729e-02
1.660482054354036827e-02
1.429635792683649556e-02
1.660733041086085923e-02
1.836654419206732933e-02
1.429919658147607749e-02
1.660950844163498405e-02
1.429637979916594491e-02
1.660737458191350463e-02
1.429638064352253130e-02
1.660738454159155567e-02
1.429638453877265028e-02
1.429310193127105409e-02
1.660489036366220861e-02
1.429638161448243926e-02
1.429310362410446227e-02
1.660489286137711851e-02
1.836473662972636089e-02
1.970716531521087694e-02
1.430160736761289242e-02
1.661137338735457422e-02
1.429639553591407521e-02
1.660741408820463894e-02
