1.575605967759735115e+01
1.575246125352072113e+01
1.574891760390734952e+01
1.574553300791133559e+01
1.574234445999916865e+01
1.573936096705027943e+01
1.573611596453273087e+01
1.573339880007445224e+01
1.573120602798880796e+01
1.572863012424151208e+01
1.572559772013616808e+01
1.572312987470661483e+01
1.571961950433450639e+01
1.571662835783082990e+01
1.571375784934068420e+01
1.571035737941792476e+01
1.570769957203664902e+01
1.570507252699330181e+01
1.570209487507288060e+01
1.569909696748054984e+01
1.569616483662118434e+01
1.569337517226916923e+01
1.569071091189053035e+01
1.568816354450840045e+01
1.568573942662791865e+01
1.568344467025485400e+01
1.568128507787095316e+01
1.567882501106008242e+01
1.567613392630035385e+01
1.567340433703939517e+01
1.567067997443711214e+01
1.566828746743874490e+01
1.566555319126900336e+01
1.566285248902571325e+01
1.565858963016847838e+01
1.565591420415884727e+01
1.565331000685000973e+01
1.565077118995774796e+01
1.564829560475441461e+01
1.564428038563196210e+01
1.564185472827058909e+01
1.563951584067623735e+01
1.563725541652672568e+01
1.563456997229982370e+01
1.563213338524401408e+01
1.562971985384226414e+01
1.562733109457485803e+01
1.562496859488091161e+01
1.562263363965832674e+01
1.562032733564563536e+01
1.561793797023722696e+01
1.561555354390483252e+01
1.561320175385984932e+01
1.561029189241176773e+01
1.560729371740879223e+01
1.560432153244967779e+01
1.560137977225378769e+01
1.559847248365007211e+01
1.559560096047908750e+01
1.559126695879180780e+01
1.558847952467503539e+01
1.558572718878003549e+01
1.558166130369690805e+01
1.557897209493624047e+01
1.557631825743493614e+01
1.557370426670706465e+01
1.557113382055388762e+01
1.556860993992292386e+01
1.556558464612422554e+01
1.556214020983354906e+01
1.555862333084413862e+01
1.555510606619879965e+01
1.555159226170096076e+01
1.554808541716099590e+01
1.554458728074858698e+01
1.554110222786178852e+01
1.553650092210039091e+01
1.553248428164758721e+01
1.552853366171645533e+01
1.552464757604436230e+01
1.552082435931309234e+01
1.551643979014961872e+01
1.551266230252275768e+01
1.550894617737868941e+01
1.550528926494826720e+01
1.550169112420673478e+01
1.549815040072994243e+01
1.549466574675648189e+01
1.549123585491260968e+01
1.548785947760791970e+01
1.548453543679814715e+01
1.548126262736139402e+01
1.547804001637535798e+01
1.547486663988386191e+01
1.547128755799403343e+01
1.546763748505407321e+01
1.546401921501449372e+01
1.546043287447713865e+01
1.545687862476032137e+01
1.545335665616353005e+01
1.544986718252913782e+01
1.544641043619708931e+01
1.544298666337221171e+01
1.543959611990229419e+01
1.543623906745377283e+01
1.543291577006494464e+01
1.542896283292077264e+01
1.542489098806172798e+01
1.542083686273530851e+01
1.541589764765462611e+01
1.541111020584874858e+01
1.540633405694948799e+01
1.540157069985589366e+01
1.539682164009298226e+01
1.539208838424438142e+01
1.538737243370304775e+01
1.538287780166952246e+01
1.537816404790937952e+01
1.537347314032965961e+01
1.536940838896410533e+01
1.536469415083993795e+01
1.536001184802137054e+01
1.535536142298409779e+01
1.535074313634483190e+01
1.534615749634672355e+01
1.534160519385735100e+01
1.533708704735833805e+01
1.533260395767099027e+01
1.532815687158115026e+01
1.532374675326017055e+01
1.531822046736539811e+01
1.531321576599301615e+01
1.530823056657574988e+01
1.530326672388838638e+01
1.529832606144206508e+01
1.529311334868324579e+01
1.528822704763097207e+01
1.528336878409943722e+01
1.527856701369570658e+01
1.527376277377718417e+01
1.526899195014415156e+01
1.526468455083424480e+01
1.525944554346482462e+01
1.525429905537805197e+01
1.524924053902258336e+01
1.524426599165840734e+01
1.523937190555959198e+01
1.523383856269816938e+01
1.522904194851250992e+01
1.522348716037873828e+01
1.521798352869564219e+01
1.521253001358487289e+01
1.520644621725135970e+01
1.520130094263093667e+01
1.519513477094002596e+01
1.518900565591988183e+01
1.518291498545867135e+01
1.517686414930761529e+01
1.517085453952601704e+01
1.516575890762278256e+01
1.515980214280886607e+01
1.515388630264047087e+01
1.514801369639417494e+01
1.514218647079222002e+01
1.513640662868539266e+01
1.513067603869953892e+01
1.512499644388941178e+01
1.511936946944931748e+01
1.511379662954636771e+01
1.510769813864861177e+01
1.510150138793267871e+01
1.509534013077871251e+01
1.508921661154879601e+01
1.508313301035750698e+01
1.507709144225239939e+01
1.507109395616839720e+01
1.506514253369942757e+01
1.505923908774768982e+01
1.505338546110673015e+01
1.504758342502848301e+01
1.504183467781863470e+01
1.503614084349905156e+01
1.503050347056976044e+01
1.502492403089851081e+01
1.501940391876008185e+01
1.501321034854256986e+01
1.500690443413220443e+01
1.500064050929289827e+01
1.499442041400413395e+01
1.498824593983541043e+01
1.498211882796165639e+01
1.497604076605270684e+01
1.497001338539944193e+01
1.496403825828476286e+01
1.495811689564325597e+01
1.495225074488313055e+01
1.494644118803834409e+01
1.494000814329929305e+01
1.493349708792317543e+01
1.492865456485873565e+01
1.492165168472397418e+01
1.491477594433892584e+01
1.490802061280146340e+01
1.490074785015947612e+01
1.489341860072631185e+01
1.488789877153612018e+01
1.488068126593522678e+01
1.487566558565909070e+01
1.487114907654458840e+01
1.486406122268960850e+01
1.485705556600903243e+01
1.485013166624220737e+01
1.484328913518519677e+01
1.483652766048077964e+01
1.482984700659609345e+01
1.482593290468727965e+01
1.481935688406985996e+01
1.481286116094665850e+01
1.480644641513134907e+01
1.480011319044164786e+01
1.479386194125802589e+01
1.479002819430852966e+01
1.478329440797234717e+01
1.477963080512395777e+01
1.477303546325144978e+01
1.476658722111529620e+01
1.476028055666942151e+01
1.475411024777095825e+01
1.474807140776457537e+01
1.474144145682011953e+01
1.473475714098055533e+01
1.472816545222718432e+01
1.472166412460195595e+01
1.471525116890391516e+01
1.470823400157229344e+01
1.470115825120728736e+01
1.469309917980729274e+01
1.468621433249421848e+01
1.467940651697830390e+01
1.467267568568624725e+01
1.466602192254552683e+01
1.465944541616272367e+01
1.465294643594767976e+01
1.464652531098937871e+01
1.464018241146098553e+01
1.463329731136674106e+01
1.462632365965472658e+01
1.461940407048560431e+01
1.461254007799958643e+01
1.460573323553827230e+01
1.459898510248900116e+01
1.459136149179237663e+01
1.458432163038820129e+01
1.457780099563450449e+01
1.457134306189666084e+01
1.456494976213875070e+01
1.455862278832993262e+01
1.455236371090048841e+01
1.454741675594080874e+01
1.454231957708727840e+01
1.453741897250637827e+01
1.453090332742820578e+01
1.452451438208128920e+01
1.451824808578216341e+01
1.451210063896436608e+01
1.450731319564749455e+01
1.450135718363187642e+01
1.449551156629026849e+01
1.448977390740975757e+01
1.448414185940533727e+01
1.447789454025242506e+01
1.447156803993672014e+01
1.446407585067180435e+01
1.445669896597937054e+01
1.444994718750530716e+01
1.444339181413084283e+01
1.443657941275685452e+01
1.442983046683710668e+01
1.442314703053132696e+01
1.441653091459972913e+01
1.440998378200076502e+01
1.440350850038505293e+01
1.439710509263051819e+01
1.439077482641175010e+01
1.438451885979010214e+01
1.437833824683177930e+01
1.437223394275365962e+01
1.436560748612057203e+01
1.435889111249029426e+01
1.435222473379787367e+01
1.434561133731726201e+01
1.433905167736434194e+01
1.433160734722192764e+01
1.432576878780337637e+01
1.431944211273329515e+01
1.431316971604754329e+01
1.430695394251643293e+01
1.430179038615189491e+01
1.429571934961626667e+01
1.428970443640933041e+01
1.428374844629050777e+01
1.427667381325994533e+01
1.427086077051802171e+01
1.426511567721007445e+01
1.425827321157398764e+01
1.425269418148490708e+01
1.424645806888832666e+01
1.424011282515708743e+01
1.423381477189082389e+01
1.422756584917880218e+01
1.422136790469853374e+01
1.421522270003065458e+01
1.420913191432549105e+01
1.420388035534626248e+01
1.419657530112071875e+01
1.418939661614241921e+01
1.418233712289926096e+01
1.417539071423795427e+01
1.416855354712255100e+01
1.416181981422584535e+01
1.415518586572198245e+01
1.414864865453286136e+01
1.414158507024013112e+01
1.413336557167817631e+01
1.412626446074346909e+01
1.411830977400766507e+01
1.411135446866897070e+01
1.410446369914693499e+01
1.409763843495879243e+01
1.409087804940318378e+01
1.408411055596878292e+01
1.407740922235185543e+01
1.407079369921272161e+01
1.406314410270413973e+01
1.405671229440623904e+01
1.405036624233865261e+01
1.404481130565516800e+01
1.403864477467370975e+01
1.403255948555690225e+01
1.402757425694972504e+01
1.402134418589587384e+01
1.401498021877307210e+01
1.400875725315939846e+01
1.400266879221102201e+01
1.399781269175489307e+01
1.399190013576600755e+01
1.398623783727486547e+01
1.398046178246843851e+01
1.397409466536562661e+01
1.396839180846946782e+01
1.396122901506989500e+01
1.395413647709813709e+01
1.394711595609662069e+01
1.394016900684675342e+01
1.393329701405137122e+01
1.392650121738932967e+01
1.391978273210271233e+01
1.391314256557691564e+01
1.390726669267267823e+01
1.390071811780272348e+01
1.389424561691036608e+01
1.388785128314567530e+01
1.388208822759919947e+01
1.387578243705176284e+01
1.386955445497471828e+01
1.386340695888317320e+01
1.385734217413715186e+01
1.385136193598459364e+01
1.384489544713287401e+01
1.383877406173542290e+01
1.383227970764098913e+01
1.382583513190048663e+01
1.381944363086549643e+01
1.381310812601207161e+01
1.380683121893408050e+01
1.380098808204961536e+01
1.379436437009479022e+01
1.378762050771039505e+01
1.378101964226474507e+01
1.377455588547019616e+01
1.376708012348376187e+01
1.376092203727105989e+01
1.375488370296687357e+01
1.374795767191904261e+01
1.374219471593347031e+01
1.373653778014675986e+01
1.373025746536289482e+01
1.372389049655454407e+01
1.371759165690662918e+01
1.370979603362564347e+01
1.370283060596595526e+01
1.369592616182136702e+01
1.368908448349501583e+01
1.368230724139307775e+01
1.367559603932632051e+01
1.366895241418430906e+01
1.366237783497118485e+01
1.365587370140216983e+01
1.364944134222949934e+01
1.364308201344258009e+01
1.363679689646339455e+01
1.363058709643538791e+01
1.362383343878299335e+01
1.361604421716493185e+01
1.360925514196488528e+01
1.360188513253392628e+01
1.359525372030184798e+01
1.358866349331938572e+01
1.358211749227879572e+01
1.357561856836876402e+01
1.356916940171908159e+01
1.356277251466687339e+01
1.355529850770767553e+01
1.354903301180075204e+01
1.354282870760357227e+01
1.353668717861802229e+01
1.353060989836306760e+01
1.352459828244240647e+01
1.351865368554796909e+01
1.351160648235372008e+01
1.350509753120188705e+01
1.349847474967060279e+01
1.349189881294605620e+01
1.348517416510328104e+01
1.347848216037263214e+01
1.347187635654739601e+01
1.346535681183189048e+01
1.345973222981940509e+01
1.345339152406337924e+01
1.344712967987465824e+01
1.344094790053551947e+01
1.343510592994152653e+01
1.342776667141886726e+01
1.342058838060785497e+01
1.341356151204410452e+01
1.340667788265494664e+01
1.339993048657159136e+01
1.339281320969059585e+01
1.338614527212062910e+01
1.337898870630846027e+01
1.337177742866692753e+01
1.336465457498013087e+01
1.335671223943896457e+01
1.334979455990602482e+01
1.334295937316747427e+01
1.333632846429497931e+01
1.332963767760180041e+01
1.332292290511706412e+01
1.331633753471964177e+01
1.330982878471305142e+01
1.330339834722943770e+01
1.329592090775062196e+01
1.328967359851122865e+01
1.328351023956226662e+01
1.327743126183188771e+01
1.327024231230068807e+01
1.326436189863559711e+01
1.325856576931070485e+01
1.325187905738039085e+01
1.324505055160864408e+01
1.323830497799939465e+01
1.323164289342224009e+01
1.322506488738095243e+01
1.321947206895512217e+01
1.321303330418451694e+01
1.320667465056368606e+01
1.320039749292796039e+01
1.319420298864705998e+01
1.318809211157120664e+01
1.318206567618988068e+01
1.317625325886824506e+01
1.316901268909603751e+01
1.316194477112436800e+01
1.315398579889333774e+01
1.314811372232527553e+01
1.314126836796655873e+01
1.313457756027594314e+01
1.312740957094536220e+01
1.312019690167443642e+01
1.311214668753469859e+01
1.310528129136092268e+01
1.309833704584201541e+01
1.309148235956360473e+01
1.308471592430114505e+01
1.307803665246564684e+01
1.307144374023941502e+01
1.306382526075116246e+01
1.305742689535298595e+01
1.305111509063890018e+01
1.304488907467456293e+01
1.303847193456549469e+01
1.303068868972514416e+01
1.302444106501436849e+01
1.301829079900892516e+01
1.301223817338356348e+01
1.300628332090350447e+01
1.299969319708867488e+01
1.299301486127408900e+01
1.298641172979342429e+01
1.297988492754556411e+01
1.297343548615539710e+01
1.296706446122805723e+01
1.296077262077769099e+01
1.295456075329531487e+01
1.294760205292920752e+01
1.294157334815786875e+01
1.293562691895099626e+01
1.292976306974056300e+01
1.292333890928815698e+01
1.291680410899179243e+01
1.290992398798892005e+01
1.290300137680427461e+01
1.289551021917803730e+01
1.288796463562308325e+01
1.287941521791167432e+01
1.287204373277582192e+01
1.286475404556963475e+01
1.285754686800518520e+01
1.284932301380240105e+01
1.284227868830300068e+01
1.283534804585712941e+01
1.282873748553346083e+01
1.282190095095134197e+01
1.281569563410547019e+01
1.280861002728440745e+01
1.280169110141329547e+01
1.279492665584547773e+01
1.278830663641805110e+01
1.278065512575388318e+01
1.277433056059092031e+01
1.276812807437297081e+01
1.276204286636195917e+01
1.275607095998233120e+01
1.274948403175575784e+01
1.274201325527797479e+01
1.273545928305894570e+01
1.272899125726260650e+01
1.272260816856545240e+01
1.271630932199891539e+01
1.271009415277818100e+01
1.270352958683536571e+01
1.269694707900331032e+01
1.268992707058839642e+01
1.268354109478788772e+01
1.267724404911362335e+01
1.267037083584055246e+01
1.266338870659530258e+01
1.265645710099348165e+01
1.264871873836986893e+01
1.264112344333714510e+01
1.263359990232613050e+01
1.262615039508866133e+01
1.261659230483880556e+01
1.260930755066333830e+01
1.260210847583515559e+01
1.259499577559734895e+01
1.258796995666652485e+01
1.258103152183100448e+01
1.257418096853535161e+01
1.256741891854636606e+01
1.256074571699634213e+01
1.255416182189537899e+01
1.254766766899087571e+01
1.254126366674128157e+01
1.253391159924367848e+01
1.252735598063055988e+01
1.252095479425488200e+01
1.251469748522566050e+01
1.250857520867824135e+01
1.250258063386722363e+01
1.249522012539094362e+01
1.248858500397248683e+01
1.248204556635120888e+01
1.247559901223440804e+01
1.246924318912790675e+01
1.246253074328409483e+01
1.245579956257692622e+01
1.244916446736362481e+01
1.244262518491356140e+01
1.243551095552226293e+01
1.242829146902137261e+01
1.242112660523688739e+01
1.241298605863166316e+01
1.240594913961806256e+01
1.239897238212131825e+01
1.239208059558503550e+01
1.238451356189413310e+01
1.237587474851854097e+01
1.236839648910923017e+01
1.236100590973666336e+01
1.235370391645011701e+01
1.234649119243727178e+01
1.233936834019724849e+01
1.233233590355417952e+01
1.232539438225831319e+01
1.231854424097818423e+01
1.231178591412221301e+01
1.230511980763658997e+01
1.229854644473173764e+01
1.229013556924453177e+01
1.228379856734663278e+01
1.227755478240748488e+01
1.227140440027397617e+01
1.226534749664299717e+01
1.225938411967347363e+01
1.225351439187651792e+01
1.224773818158723770e+01
1.224086787185179936e+01
1.223379598144776459e+01
1.222680943059838654e+01
1.221990959095041873e+01
1.221309775004499798e+01
1.220637510872890452e+01
1.219974277814167429e+01
1.219251298911045112e+01
1.218416548234079677e+01
1.217688486016649385e+01
1.216966287308566130e+01
1.216249991354170490e+01
1.215539474600671177e+01
1.214834834704837618e+01
1.214136179493935508e+01
1.213443625738586995e+01
1.212757297152839087e+01
1.212077322509003530e+01
1.211403851569228962e+01
1.210737001637790655e+01
1.209949911260478572e+01
1.209229899346094861e+01
1.208519089715227679e+01
1.207707453400710840e+01
1.207015052816170630e+01
1.206332323133736573e+01
1.205659252689831895e+01
1.204995836984479141e+01
1.204228067010291170e+01
1.203587736350917226e+01
1.202956898818031028e+01
1.202190198902186857e+01
1.201514127569920909e+01
1.200847977527316068e+01
1.200165999426036834e+01
1.199518651216067511e+01
1.198881784252131588e+01
1.198185123564184273e+01
1.197481547282822767e+01
1.196787276290072199e+01
1.196102368159097118e+01
1.195426882889563203e+01
1.194693799255967726e+01
1.193849600616959528e+01
1.193112144796060470e+01
1.192380152589058007e+01
1.191653751976557274e+01
1.190933075594401203e+01
1.190153987697808446e+01
1.189445803782013122e+01
1.188743883183474281e+01
1.188048353969024618e+01
1.187359347366822426e+01
1.186676996201427592e+01
1.186001433520983817e+01
1.185332791394627705e+01
1.184671212407154073e+01
1.183948464733340167e+01
1.183122165938389969e+01
1.182415999465165690e+01
1.181720098646254513e+01
1.181034400094423198e+01
1.180358848047813680e+01
1.179578519773001766e+01
1.178927053176906625e+01
1.178285456445372859e+01
1.177602843669724031e+01
1.176769021877857213e+01
1.176092332128043338e+01
1.175426042586252251e+01
1.174744699899888367e+01
1.174098155113134467e+01
1.173392125366417460e+01
1.172679126108421777e+01
1.171975472739756796e+01
1.171251948276322530e+01
1.170556161578933008e+01
1.169861465605935891e+01
1.169181333330543460e+01
1.168436959966968303e+01
1.167774296171256054e+01
1.167124189584663441e+01
1.166485926545364649e+01
1.165795175145758122e+01
1.165094749111345784e+01
1.164399896480730767e+01
1.163710535373128963e+01
1.162858877107354338e+01
1.162004549949329224e+01
1.161265886960004323e+01
1.160535947818305402e+01
1.159814727603445128e+01
1.159034141772365167e+01
1.158309354364560662e+01
1.157614805331014196e+01
1.156928437518632613e+01
1.156196587472840953e+01
1.155494402751742733e+01
1.154807659992151159e+01
1.154021518368262456e+01
1.153365651251700896e+01
1.152722366674932353e+01
1.152091075918720620e+01
1.151471301089940802e+01
1.150862658487343460e+01
1.150264839049562937e+01
1.149677592795533521e+01
1.149100716122750576e+01
1.148463413493558960e+01
1.147818049647028893e+01
1.147135094945956091e+01
1.146448447411809823e+01
1.145770368276923001e+01
1.145100997750244076e+01
1.144440474559931076e+01
1.143621695542238115e+01
1.142894623572532176e+01
1.142052980179464505e+01
1.141344817759160080e+01
1.140640403664924918e+01
1.139940065888773013e+01
1.139244110158897705e+01
1.138552829078446926e+01
1.137866502032312965e+01
1.137185395887529893e+01
1.136509766477263383e+01
1.135657578197314521e+01
1.134923594301645622e+01
1.134198533039474022e+01
1.133482542356535028e+01
1.132717510618823553e+01
1.132008574063173079e+01
1.131309655332649200e+01
1.130620854486847371e+01
1.129829358266113104e+01
1.129164378586431994e+01
1.128509586679966326e+01
1.127865015390380066e+01
1.127230673832545449e+01
1.126606563830568675e+01
1.125992679685307962e+01
1.125389008967603210e+01
1.124747526379739782e+01
1.124102843020568798e+01
1.123467692041523769e+01
1.122771797187861331e+01
1.122068080755214048e+01
1.121373357497942536e+01
1.120590163613755585e+01
1.119915797593544227e+01
1.119182198534194050e+01
1.118436570149104625e+01
1.117634204507947970e+01
1.116899386795503268e+01
1.116169949577338549e+01
1.115446065642647788e+01
1.114665933405759723e+01
1.113933032610301410e+01
1.113240402520979089e+01
1.112541040280167692e+01
1.111848058915559179e+01
1.111161565179726551e+01
1.110371829436490110e+01
1.109602437398898900e+01
1.108845365457335852e+01
1.108103451149443863e+01
1.107375623148972110e+01
1.106661054299763336e+01
1.105959085086307425e+01
1.105157050675987307e+01
1.104482569132883540e+01
1.103819394524903963e+01
1.103167313168382790e+01
1.102526151101127105e+01
1.101895769830822935e+01
1.101227152518042551e+01
1.100555218018115156e+01
1.099892931264718499e+01
1.099240330908302532e+01
1.098597459094123430e+01
1.097964358589207379e+01
1.097242839155192407e+01
1.096493340714233256e+01
1.095801254923761192e+01
1.095119056681761371e+01
1.094446785732022498e+01
1.093755493980950178e+01
1.093094081026471009e+01
1.092375864675126884e+01
1.091646326926559318e+01
1.090922111605996925e+01
1.090203332076926657e+01
1.089506560265082236e+01
1.088782826153696526e+01
1.088069724568656049e+01
1.087366251734916034e+01
1.086561740070942150e+01
1.085874516186608751e+01
1.085195716041728886e+01
1.084457171364246619e+01
1.083797176105725768e+01
1.083089026858568538e+01
1.082379320599001638e+01
1.081567875373832521e+01
1.080883679679521414e+01
1.080210020684976691e+01
1.079546815571493390e+01
1.078893997638882141e+01
1.078157802978024904e+01
1.077472900998303729e+01
1.076783865959875897e+01
1.076104310203665371e+01
1.075434280788026520e+01
1.074773825576858322e+01
1.073970504338906018e+01
1.073331778173777629e+01
1.072703023146450008e+01
1.072084224911231409e+01
1.071475369113929332e+01
1.070876443300235970e+01
1.070287435421908562e+01
1.069527351544593685e+01
1.068806084110461185e+01
1.068072975811556802e+01
1.067344373653437728e+01
1.066620468770356389e+01
1.065901458173903293e+01
1.065187541644620772e+01
1.064478921816552415e+01
1.063775802308656537e+01
1.063078386380979801e+01
1.062386875677479736e+01
1.061701469068048809e+01
1.061022368987819675e+01
1.060349758900087735e+01
1.059683823427574900e+01
1.059024740998428626e+01
1.058259456414034183e+01
1.057504255168434781e+01
1.056871822222877455e+01
1.056142184137939211e+01
1.055454094643965490e+01
1.054663620041928951e+01
1.053933224171830396e+01
1.053212944217865932e+01
1.052502750175811741e+01
1.051802623860182706e+01
1.050987355598001649e+01
1.050303795470169632e+01
1.049631180808241382e+01
1.048969408242022006e+01
1.048221785370459003e+01
1.047583822381039376e+01
1.046906266188908674e+01
1.046289148835900384e+01
1.045615485572321113e+01
1.044935762864064444e+01
1.044200209121356515e+01
1.043453174407749628e+01
1.042711077423575894e+01
1.041974066300086577e+01
1.041242304778916150e+01
1.040515968289372672e+01
1.039795241670669945e+01
1.039080313358821961e+01
1.038371375743711766e+01
1.037668622219671022e+01
1.036972245409389970e+01
1.036282435641432009e+01
1.035599379643973883e+01
1.034740231997743543e+01
1.034069098361453243e+01
1.033405715929882973e+01
1.032636848256720974e+01
1.031993631988831517e+01
1.031358197108793640e+01
1.030730668869782640e+01
1.030056739692752998e+01
1.029324769964996733e+01
1.028598847283834594e+01
1.027871839151228173e+01
1.027155528923202787e+01
1.026358597289372199e+01
1.025471111453085804e+01
1.024788807306316762e+01
1.024117666069635746e+01
1.023457612147534235e+01
1.022808570299087805e+01
1.022170470733533065e+01
1.021543247976759794e+01
1.020926839810368847e+01
1.020253108303615619e+01
1.019570404733324942e+01
1.018828460818873261e+01
1.017996292548756188e+01
1.017252708346603640e+01
1.016514298189901488e+01
1.015781286678060802e+01
1.015053897546887995e+01
1.014332352651032210e+01
1.013616870959350180e+01
1.012907667616518559e+01
1.012204953071755931e+01
1.011508933310506109e+01
1.010819806208169069e+01
1.010137763577314374e+01
1.009241897511668817e+01
1.008575716739102468e+01
1.007803478954340726e+01
1.007157178025994249e+01
1.006518501798647769e+01
1.005833997719117789e+01
1.005140892919433071e+01
1.004453821471266117e+01
1.003773053906302870e+01
1.002897998101348875e+01
1.002171051254039646e+01
1.001442276069625947e+01
1.000744983474174177e+01
1.000046910083118235e+01
9.993605419172205018e+00
9.986858496577816879e+00
9.980174479323670411e+00
9.973648472560078915e+00
9.967237677648229877e+00
9.960249032315203976e+00
9.953197595660807195e+00
9.945245728731496371e+00
9.938453171206205639e+00
9.931088282148394342e+00
9.923605465577763241e+00
9.916178191994804436e+00
9.908808357321877480e+00
9.901497881213076724e+00
9.894248698616518567e+00
9.887062745587574142e+00
9.879941947593476215e+00
9.872888208263089993e+00
9.865903408966945065e+00
9.858989370473633329e+00
9.852147871394391743e+00
9.845380631784795611e+00
9.837578600745056079e+00
9.829830006363714290e+00
9.823347930448599996e+00
9.816407713593417128e+00
9.809380393543413845e+00
9.802412750933621410e+00
9.795507134743095534e+00
9.787759721255415712e+00
9.781003469304481612e+00
9.774317533303648275e+00
9.767703703874639487e+00
9.761163691180234636e+00
9.754699173419247415e+00
9.746062802296970418e+00
9.739173530613758345e+00
9.731960848172038325e+00
9.725050208956066200e+00
9.718486706003147901e+00
9.712054999786452925e+00
9.705077378436387292e+00
9.698059030945170633e+00
9.690485539797938586e+00
9.682807814598245244e+00
9.675198096672732007e+00
9.667657020899911302e+00
9.660185395198686464e+00
9.652784115494528194e+00
9.645454171429644674e+00
9.638196657800174094e+00
9.631012682277809489e+00
9.623903410284301074e+00
9.616870048996375431e+00
9.609913818787100936e+00
9.603035943062698365e+00
9.596237636522790382e+00
9.586912904238506172e+00
9.579154645040050653e+00
9.572642736204505454e+00
9.564866843904953342e+00
9.558509607702244892e+00
9.552234140664161544e+00
9.544993704380736688e+00
9.537593904882285756e+00
9.530301421307324716e+00
9.523115608711240299e+00
9.515078861554215450e+00
9.507176514671352052e+00
9.500319671619241291e+00
9.493571759751697314e+00
9.486931924669773863e+00
9.478639942589479617e+00
