3.009999999791305392e+00
3.010299027389230719e+00
3.009730543846653283e+00
3.008940708321056423e+00
3.007932921986105068e+00
3.006300457449017305e+00
3.004380374369703954e+00
3.006322473631489522e+00
3.008083077129577454e+00
3.006043965049956856e+00
3.003702520726518888e+00
3.001069799397181104e+00
3.004323369356706408e+00
3.007801820087472766e+00
3.011495343020445858e+00
3.007756684602573394e+00
3.011954204165235183e+00
3.007716984680894878e+00
3.003258632492208147e+00
2.998583034534017422e+00
2.993694455698831636e+00
2.999325376639191632e+00
2.994009603118355400e+00
3.000063011997952778e+00
3.006194472376507942e+00
3.000259068823971642e+00
3.006784388847024481e+00
3.000472753446946417e+00
3.007371510046770613e+00
3.000703143441734166e+00
2.993891082402017734e+00
2.986545770222587048e+00
2.994427182646678176e+00
2.986764494440105722e+00
2.978966936012927835e+00
2.971044821487307530e+00
2.962403738976775891e+00
2.973017373346402703e+00
2.982187645224564143e+00
2.991823858434502714e+00
2.983132983632464708e+00
2.973750411934317661e+00
2.964161071914101608e+00
2.954367012311093443e+00
2.944371845483138461e+00
2.934180811753543061e+00
2.923800870077657432e+00
2.913240768981942175e+00
2.924645560749323359e+00
2.936058460215750010e+00
2.925034984512380642e+00
2.913835126817587273e+00
2.902470874520962862e+00
2.915198566856981088e+00
2.903547655329609789e+00
2.916623436531512237e+00
2.904698884835205774e+00
2.918092635892226117e+00
2.931319677701227810e+00
2.944362050862574076e+00
2.931990459573545760e+00
2.945312991938833669e+00
2.958882078012693650e+00
2.971770039870339719e+00
2.959412983983973788e+00
2.972186939400139671e+00
2.985699818080676415e+00
2.998329901566277211e+00
3.010662104860213795e+00
2.998746669693070022e+00
2.986371641123628073e+00
2.997600925095110114e+00
3.010373210843173553e+00
3.022793723578056646e+00
3.010667550247741797e+00
3.022120873595722568e+00
3.009827327265374830e+00
3.021474115861174425e+00
3.009022204625784624e+00
3.020852289870067153e+00
3.008250476420882169e+00
3.020254156623467967e+00
3.033044471396799668e+00
3.020498101840849436e+00
3.007408930214399589e+00
3.020209099072623360e+00
3.006923429178900875e+00
3.020477694328253637e+00
3.006945541877076078e+00
3.020604450557455856e+00
3.006862627878135630e+00
2.992673049450595091e+00
3.006488301281372788e+00
2.992233774665367996e+00
3.006763873085212868e+00
3.021430932978875994e+00
3.007231315129569538e+00
3.021266788810747617e+00
3.006938892741692015e+00
3.021079198764657026e+00
3.035404919202160823e+00
3.021192422493705454e+00
3.034830761429316848e+00
3.020505855917142490e+00
3.005725858247762616e+00
3.022071460313660474e+00
3.006983310028493950e+00
2.991505553084573332e+00
2.975681820323957005e+00
2.959559214683094464e+00
2.978025881646057194e+00
2.996011763830912500e+00
2.979734489762645211e+00
2.963193031837616065e+00
2.946435552098762400e+00
2.965737797374349949e+00
2.948808174109354585e+00
2.968199000943378518e+00
2.987110890146629227e+00
2.970041934203092371e+00
2.989056062054819662e+00
3.007576818698164178e+00
2.990401032341822862e+00
2.973017843502527402e+00
2.955472493270121515e+00
2.975251339696210362e+00
2.957576580809797573e+00
2.939795122880202616e+00
2.921425127453782800e+00
2.942787454972644490e+00
2.924316534536930856e+00
2.905806908356631357e+00
2.886590928254936017e+00
2.909299132242059827e+00
2.931330344775311403e+00
2.912643329159374961e+00
2.893276914757413110e+00
2.873813529307634784e+00
2.898183601374181517e+00
2.920633512232725160e+00
2.942464057457878202e+00
2.963268546927940061e+00
2.983606556527957032e+00
2.965089280757958079e+00
2.985466675846409235e+00
2.966868105559152369e+00
2.987281976718536125e+00
2.968605990024883123e+00
2.949883139439820834e+00
2.970827436564678514e+00
2.952035913409550627e+00
2.933248283148970348e+00
2.954657508248287101e+00
2.975605068084933968e+00
2.996056712200334537e+00
3.015985050593243955e+00
3.035368859639199890e+00
3.054192406296559081e+00
3.035475956880597792e+00
3.016569659850333984e+00
3.036105136891414258e+00
3.055063668361558182e+00
3.036208560793147271e+00
3.055241253520871059e+00
3.073678647736262981e+00
3.092080922736467841e+00
3.073867824526785864e+00
3.055276237103047965e+00
3.036363929295742725e+00
3.054341218446642969e+00
3.073028656882937693e+00
3.091663069544235309e+00
3.073255333959282964e+00
3.054466477691974102e+00
3.072136034869846988e+00
3.053019905209094276e+00
3.071945293018838452e+00
3.052775342041492035e+00
3.071762824360882771e+00
3.090675999786491879e+00
3.072046296211414340e+00
3.053033229487475797e+00
3.033698873347194347e+00
3.014107228786361503e+00
2.994324331043426657e+00
3.013950127265681456e+00
3.034404294637355282e+00
3.054203566655173674e+00
3.034611534148653700e+00
3.054439518614442850e+00
3.034817396656593225e+00
3.054672390417713768e+00
3.035021386731565407e+00
3.054901827502694012e+00
3.035223148106477531e+00
3.015358861883734143e+00
2.995360890425483813e+00
3.016553823309911397e+00
3.037096474161228077e+00
3.017208004387662346e+00
3.037750545351129539e+00
3.057624129607306784e+00
3.077385097758948973e+00
3.058217682391258130e+00
3.077099354442107249e+00
3.057896819145693446e+00
3.038344057752114136e+00
3.018510744442161275e+00
2.998468234389930487e+00
3.018372799673710638e+00
3.039007131511749726e+00
3.018986278995987593e+00
3.039615542652572611e+00
3.059563657365449885e+00
3.039706483168165274e+00
3.059674441928628141e+00
3.079526282293662209e+00
3.098856699131482539e+00
3.116837273853457546e+00
3.134127319327554506e+00
3.116330263063917361e+00
3.097901950561939177e+00
3.114078860290371065e+00
3.095783088339620903e+00
3.076904218914831901e+00
3.093393512174951621e+00
3.074174458917457997e+00
3.092758617382164399e+00
3.111813441642305111e+00
3.129448974400935057e+00
3.146376674178356758e+00
3.165455385263385768e+00
3.148647207295933725e+00
3.163476684383128568e+00
3.178915453738211383e+00
3.198175580137190277e+00
3.183287017175074229e+00
3.195926633944193629e+00
3.209481290554879074e+00
3.194811541564566593e+00
3.179603064687256175e+00
3.195585480139669698e+00
3.211139607034256382e+00
3.195509862174436666e+00
3.179469290629326483e+00
3.163082918218724782e+00
3.146417552053005551e+00
3.128998416482930089e+00
3.111401333889989296e+00
3.129922851578080145e+00
3.148161915434361635e+00
3.165440458448447014e+00
3.148141572489932205e+00
3.165500597413271056e+00
3.148039441104096170e+00
3.165477556247519697e+00
3.182534304259453606e+00
3.164921369844903243e+00
3.147182914204980086e+00
3.164786959036542946e+00
3.146930462710280985e+00
3.128460757952223670e+00
3.146547010706700842e+00
3.164830221488266648e+00
3.146769320760656630e+00
3.128117000330290498e+00
3.108752918551909161e+00
3.089271132436161693e+00
3.069719836170110128e+00
3.050148371969033434e+00
3.030606536157835151e+00
3.011143895145272698e+00
2.991809107434744153e+00
3.009158295377829972e+00
3.028750584519126487e+00
3.048345884444762621e+00
3.067866263458406628e+00
3.047866277144022806e+00
3.067673665623546153e+00
3.047527844538679531e+00
3.067585481088281885e+00
3.047302883466237677e+00
3.067580333750015598e+00
3.047169786163780092e+00
3.067641572794473248e+00
3.047111550579384875e+00
3.067756129119347364e+00
3.047114685904349418e+00
3.067913668074803368e+00
3.047168394413975356e+00
3.026408567608777300e+00
3.047801848722897500e+00
3.026953233969182477e+00
3.048453057595325255e+00
3.069578675913662735e+00
3.048582116183660151e+00
3.069812944468363280e+00
3.091196831334542594e+00
3.111595927596643829e+00
3.131525932261408407e+00
3.110971222686303328e+00
3.130561944794387319e+00
3.150121622371647945e+00
3.129607440548384467e+00
3.148804615118206307e+00
3.128198104819754022e+00
3.107269925011329814e+00
3.086077017128559419e+00
3.064678938793831353e+00
3.043137751008656799e+00
3.063413923935009109e+00
3.085628407452581268e+00
3.106768157549703702e+00
3.085600011299515888e+00
3.106369767475539057e+00
3.085151471872225493e+00
3.105986612716699291e+00
3.126696362727168665e+00
3.105568779841099136e+00
3.125890276191362727e+00
3.146101561988314366e+00
3.165731101628068256e+00
3.187765428135496570e+00
3.167587204598412143e+00
3.147032446564701935e+00
3.165667315083750655e+00
3.145145304744376702e+00
3.164309207751278663e+00
3.143731274914814744e+00
3.122249778797655750e+00
3.141788454285395105e+00
3.120375544830286341e+00
3.098629228112224077e+00
3.119965869678884118e+00
3.140540821655873227e+00
3.119070568412940503e+00
3.097269201602553146e+00
3.075202246272525475e+00
3.052938736254651175e+00
3.030550840029296200e+00
3.008113277981458999e+00
2.985702549105022641e+00
3.007878571552937697e+00
3.031333894685472430e+00
3.054250813596273595e+00
3.077176024442437097e+00
3.098990542976944873e+00
3.120212991204521114e+00
3.098619925772992723e+00
3.119454834881120409e+00
3.140147690385736823e+00
3.160230836526578546e+00
3.139022748367982452e+00
3.117456870726550200e+00
3.137432470528734640e+00
3.115924941460713971e+00
3.136389844047295483e+00
3.156713294800147285e+00
3.179529655125147514e+00
3.198365941706829307e+00
3.216589958649076042e+00
3.196429443797078829e+00
3.214189390335724372e+00
3.193955298285287459e+00
3.173298181923258188e+00
3.193052740763123509e+00
3.172179856326728942e+00
3.191949978906033714e+00
3.170907313812667105e+00
3.190710992273011470e+00
3.209839887692555127e+00
3.188884673576847018e+00
3.208084483319232572e+00
3.226620182536620973e+00
3.248881707356975124e+00
3.229509624846221172e+00
3.246631421232613945e+00
3.227200872768603457e+00
3.207631857131396647e+00
3.187976940181577401e+00
3.168291873852945084e+00
3.148073299861148477e+00
3.167707888479747158e+00
3.186365630796938575e+00
3.166669531819681360e+00
3.185337611606944286e+00
3.165638007463823289e+00
3.145416711799631226e+00
3.164501977818026557e+00
3.183736343551863524e+00
3.164038528471428524e+00
3.143824891987286207e+00
3.123684206184017320e+00
3.143653305065542636e+00
3.162773551945189165e+00
3.142588617256452110e+00
3.162195412192855493e+00
3.142017366133891709e+00
3.121922452585433216e+00
3.142377409832958435e+00
3.122282662247393592e+00
3.142255783006024039e+00
3.161347371813148399e+00
3.141196731073387483e+00
3.121134639140146216e+00
3.141557082609356399e+00
3.160640330407704646e+00
3.140504989004436087e+00
3.120461814280731438e+00
3.099797360002642943e+00
3.121017240779622171e+00
3.141175402844528897e+00
3.160228954365084331e+00
3.179417791688990302e+00
3.197651584088228027e+00
3.177996878144187409e+00
3.196272184164874908e+00
3.214126919002101790e+00
3.231541259567020319e+00
3.248499454313058088e+00
3.228992798121883556e+00
3.209364864592287869e+00
3.226947638791834994e+00
3.207297410470058452e+00
3.187583309301165180e+00
3.205722843090191621e+00
3.185999511046627486e+00
3.166272385486134322e+00
3.184896642196616501e+00
3.203104373637567281e+00
3.183371024379443526e+00
3.163641771208573594e+00
3.143411582088086131e+00
3.162485711384289466e+00
3.181728721974295127e+00
3.200004354218574765e+00
3.180268130930159920e+00
3.198582471669745075e+00
3.178841206891221738e+00
3.197192398193558383e+00
3.177446932685102254e+00
3.157723811543845294e+00
3.137503465578786344e+00
3.156682746598824085e+00
3.136484336898998304e+00
3.115672588134986043e+00
3.136952928022840759e+00
3.156162291194923863e+00
3.135986239846783707e+00
3.155691598773391782e+00
3.175053964243380822e+00
3.155369671089728101e+00
3.135195013899075178e+00
3.154363416806903686e+00
3.134209976638737238e+00
3.113449483715306609e+00
3.092693068642948351e+00
3.114851004110415378e+00
3.094066764782843926e+00
3.073329488971333401e+00
3.096361426011686735e+00
3.075729074687803433e+00
3.055196524455614959e+00
3.078559012992944321e+00
3.058129568508735296e+00
3.079850729255851682e+00
3.099751089772978307e+00
3.079176431217821808e+00
3.100524972655994027e+00
3.079965292451820158e+00
3.059495360386087270e+00
3.082616450968721278e+00
3.102417416963223040e+00
3.081886805132039608e+00
3.103112834786699192e+00
3.082593958835522674e+00
3.062158223391146628e+00
3.041851148446451436e+00
3.021717072543052218e+00
3.041328600789442227e+00
3.061093053252210705e+00
3.080908758089514254e+00
3.060110470271338645e+00
3.080264336970367722e+00
3.059340584498305482e+00
3.079783883849956272e+00
3.100069544484981066e+00
3.120131724467481327e+00
3.139911882767028040e+00
3.159358866689742307e+00
3.138076214852624446e+00
3.157729869498497877e+00
3.136338634946973958e+00
3.156180368270694814e+00
3.134687758347384889e+00
3.154701604651930946e+00
3.174255451958149621e+00
3.200914316143060656e+00
3.218636845002109226e+00
3.199023198351573782e+00
3.179377203488966686e+00
3.159753924117994384e+00
3.178408472158309461e+00
3.158783915393545971e+00
3.177456635572363020e+00
3.157831682470847667e+00
3.137720690461139661e+00
3.117006290662761359e+00
3.137623531258762810e+00
3.156715825197816905e+00
3.136630756839648093e+00
3.156217476017855184e+00
3.175469192192372780e+00
3.155860733611044466e+00
3.135769790354680175e+00
3.154835744826614441e+00
3.174113312708113810e+00
3.154510625923105938e+00
3.134426495712996807e+00
3.113740596539038563e+00
3.134389903828194601e+00
3.113716972293359753e+00
3.093048688947509728e+00
3.114636131538878416e+00
3.134816333387870024e+00
3.114168355771041341e+00
3.134806049823064100e+00
3.153882123664812465e+00
3.133852241229396096e+00
3.113231381902011208e+00
3.134334118036225192e+00
3.113707376597474763e+00
3.093086805489762003e+00
3.114612613392882423e+00
3.093975561044289613e+00
3.115044302843430923e+00
3.094418809766576572e+00
3.073841304864700419e+00
3.096644244331031359e+00
3.076163373033440340e+00
3.097488877404113161e+00
3.077020249070355096e+00
3.056648060882258822e+00
3.036417564318865114e+00
3.059251396288356961e+00
3.078905181978007555e+00
3.058743935887023646e+00
3.079436658440581454e+00
3.099098484026007405e+00
3.078782382642426096e+00
3.099350925260420553e+00
3.118903019840051805e+00
3.138865808687217651e+00
3.157825547397804300e+00
3.137936252448874086e+00
3.118160808106261506e+00
3.137520435502649363e+00
3.156585278159930397e+00
3.175314316935451853e+00
3.155343734513350373e+00
3.135433092150087031e+00
3.115642539357446950e+00
3.135142078842750646e+00
3.154335864329159467e+00
3.134416380562090598e+00
3.114619509766600292e+00
3.094242205815011637e+00
3.114073689136699574e+00
3.093590218052668206e+00
3.114273236685074053e+00
3.093790119208407852e+00
3.114472955436032198e+00
3.093989818496196254e+00
3.073557163624790700e+00
3.053218295777000435e+00
3.076364845929573821e+00
3.056251732669254206e+00
3.036287997927948012e+00
3.058684738257244629e+00
3.078906374722969019e+00
3.058795012085709697e+00
3.079915874079481863e+00
3.099937776939925893e+00
3.079623302051129219e+00
3.100465593955595622e+00
3.120243752139032711e+00
3.099781436154214198e+00
3.120311140021148510e+00
3.140453617893265825e+00
3.159555194697977853e+00
3.178298056359014190e+00
3.158316808460289060e+00
3.138385786268476085e+00
3.157565393748431593e+00
3.137625846866241019e+00
3.117798477964075499e+00
3.137339463854886823e+00
3.156558230833516721e+00
3.136607784913291841e+00
3.155852432333048796e+00
3.174736560191562251e+00
3.196309184032946504e+00
3.214117281913789537e+00
3.194525060799411342e+00
3.212387841818931999e+00
3.192776308806959840e+00
3.173148844940064883e+00
3.191510221488102594e+00
3.171875103674574703e+00
3.190268554000544210e+00
3.170627090400703896e+00
3.189051838473292655e+00
3.207067738410909641e+00
3.224653297859263468e+00
3.205033290597651519e+00
3.185361304229969992e+00
3.165692380489593116e+00
3.145530776861729105e+00
3.165031397494871612e+00
3.144873960155886827e+00
3.164381521663113706e+00
3.182960482151725667e+00
3.201137064056152504e+00
3.218888185028607740e+00
3.199228857850449526e+00
3.179532963741168672e+00
3.159856469114630695e+00
3.178555872605245636e+00
3.196856134543175187e+00
3.214733157912621042e+00
3.195045693452537083e+00
3.175332692114193112e+00
3.193724050251018021e+00
3.174007429765611565e+00
3.192431997765475593e+00
3.172712506683224465e+00
3.191168793887299238e+00
3.171447138250281128e+00
3.189933722901737045e+00
3.208002643807040588e+00
3.225632544893221709e+00
3.205952518611826729e+00
3.223649605843999844e+00
3.203950992460268932e+00
3.221712016398558198e+00
3.239016292709789191e+00
3.256405948933876804e+00
3.272794415777052102e+00
3.253792096017261049e+00
3.234487883758775162e+00
3.250303195058986461e+00
3.230686461131149656e+00
3.210940345576574373e+00
3.228616222157086657e+00
3.245817074199360608e+00
3.263101965569206619e+00
3.279357199495684938e+00
3.260378663725690185e+00
3.276319033593172669e+00
3.292928126355362917e+00
3.308346654692187361e+00
3.290305514725617275e+00
3.271725918358618479e+00
3.252691388357452418e+00
3.266356785247357397e+00
3.247133806338405204e+00
3.263585484535363790e+00
3.244320767531148952e+00
3.260871822113164953e+00
3.277318307854844015e+00
3.293989400658228206e+00
3.275618903294930995e+00
3.256746952236448056e+00
3.237460968378711001e+00
3.251290902938551941e+00
3.268606222770328529e+00
3.284851309701444233e+00
3.301340116092764010e+00
3.316591719096705582e+00
3.298613171540790479e+00
3.312882104135135730e+00
3.327763183118244150e+00
3.342126657354342001e+00
3.324689365904669902e+00
3.306612855722461219e+00
3.319627822674468209e+00
3.301648115824626917e+00
3.315874009691331281e+00
3.297800970293057077e+00
3.312190842500507770e+00
3.294028925866049118e+00
3.308577056917520576e+00
3.290330587028603926e+00
3.271527099095336677e+00
3.285349119097383142e+00
3.301980983888657573e+00
3.317348659093681373e+00
3.332176789124128291e+00
3.346473019976942798e+00
3.329062001790815017e+00
3.342259738437883154e+00
3.324728866861462961e+00
3.306548032630990619e+00
3.287793263832262891e+00
3.300909233789817598e+00
3.282432092151459813e+00
3.297513498778959384e+00
3.313105612377536424e+00
3.294875271571249709e+00
3.309483370907031929e+00
3.324659577759246698e+00
3.339289286565167103e+00
3.353381862719051476e+00
3.366948361007626733e+00
3.350021155996634192e+00
3.362406091505284689e+00
3.345339011052638423e+00
3.327570299895906025e+00
3.339841805906389904e+00
3.353964456803102845e+00
3.336648094270790565e+00
3.318645775477778948e+00
3.300030309139057927e+00
3.280876057035417404e+00
3.261259603071109847e+00
3.279582604789624600e+00
3.259676883092209376e+00
3.239434138168473698e+00
3.258431051415664026e+00
3.237986267484107117e+00
3.257073003102081810e+00
3.275696695409355375e+00
3.255160638037572607e+00
3.234388358277275444e+00
3.253666926469584553e+00
3.272492328463969091e+00
3.251658031063686227e+00
3.270588062320391565e+00
3.249627055193591740e+00
3.268657639339201282e+00
3.287234510029829249e+00
3.305352063042287014e+00
3.323007579451437099e+00
3.302257485195559283e+00
3.281240087145323336e+00
3.299640827238969454e+00
3.317578303801591577e+00
3.296567077308667049e+00
3.275319999124961079e+00
3.253892381826384295e+00
3.273100542799516788e+00
3.251598271729297718e+00
3.270893471385785123e+00
3.249323493904566096e+00
3.268701617290247441e+00
3.287631500959284914e+00
3.266064127018941221e+00
3.285093536929813762e+00
3.303667796582823168e+00
3.321780864049046045e+00
3.300346533480981837e+00
3.278712981643965296e+00
3.297529585062585422e+00
3.315884501816524388e+00
3.333773184032409631e+00
3.312303709592203216e+00
3.290618096337461829e+00
3.309231961177384829e+00
3.327377428402670478e+00
3.345051372357764841e+00
3.362252935740420945e+00
3.340926106004928897e+00
3.358291667533451985e+00
3.336858860009491501e+00
3.315167176977803276e+00
3.333305511328093385e+00
3.350961854021961894e+00
3.329346637738721526e+00
3.347150173647647442e+00
3.364468916999870718e+00
3.381304477446958501e+00
3.359966032478270304e+00
3.338328610706111199e+00
3.355979139347803564e+00
3.373138118540643049e+00
3.389808351593206037e+00
3.408916268466905208e+00
3.424435668445575232e+00
3.403949979926180980e+00
3.383119635024880001e+00
3.361973213444954478e+00
3.339988891980829155e+00
3.317736626983326609e+00
3.295268735880847455e+00
3.315185633875957105e+00
3.292658401437406734e+00
3.269982375154200760e+00
3.290659376920927137e+00
3.267937211516767526e+00
3.288154934959669262e+00
3.307267444525211264e+00
3.325865901640102429e+00
3.303426111390325826e+00
3.322653570949794410e+00
3.300174546074319260e+00
3.319496014567977049e+00
3.337763943493936569e+00
3.315424357106647957e+00
3.292891404729514360e+00
3.270223133347182731e+00
3.247482103269962117e+00
3.267236883136155345e+00
3.286588062077168804e+00
3.263984710449537641e+00
3.283484282128314113e+00
3.302550535706570312e+00
3.280063738625100367e+00
3.257484556311550872e+00
3.234875000982152304e+00
3.212300265056892368e+00
3.232993643356491642e+00
3.210458858344175326e+00
3.231183184090454130e+00
3.208684401083834459e+00
3.229432898047743805e+00
3.249780357165406919e+00
3.269705341591006675e+00
3.289190529142320685e+00
3.266734478980947820e+00
3.244232383373190309e+00
3.264291185600176171e+00
3.283913600457919468e+00
3.303085087405290832e+00
3.280680199861461421e+00
3.258194494400153296e+00
3.235688048623382329e+00
3.213223931889974239e+00
3.190867323811412692e+00
3.211911780034936381e+00
3.232583746314395157e+00
3.210166174123434857e+00
3.230852189830864862e+00
3.208455166216099386e+00
3.229154257206634071e+00
3.249464338485418047e+00
3.269363008158173045e+00
3.246915829746153559e+00
3.266869372740417443e+00
3.244420056657674856e+00
3.264425491408817770e+00
3.241975631104178746e+00
3.262030181237337789e+00
3.239581294406756129e+00
3.259682359764725756e+00
3.279363581082754830e+00
3.256922151821140421e+00
3.234472605740956741e+00
3.254677251033689434e+00
3.232233374219876332e+00
3.209850287040332706e+00
3.187592056361044701e+00
3.164944885664810581e+00
3.186816973861449132e+00
3.164204769866023614e+00
3.186051021546576933e+00
3.207007905286517246e+00
3.227621434069317008e+00
3.247863802540792211e+00
3.225504160490761940e+00
3.245783907094678344e+00
3.223431803461731082e+00
3.201169766935876293e+00
3.179061083345305239e+00
3.200077920121921160e+00
3.220766380411792529e+00
3.198547064142058804e+00
3.219247573423388520e+00
3.239593828046986257e+00
3.217299546677573563e+00
3.237677262632462583e+00
3.257677841197465618e+00
3.235340135235329928e+00
3.213061299349707411e+00
3.233513439338151940e+00
3.211246951532810368e+00
3.189106704328285247e+00
3.166590530834120454e+00
3.144286043570851508e+00
3.163649819022219312e+00
3.185036935816754067e+00
3.205502854525688061e+00
3.225629953004494510e+00
3.203681465929929750e+00
3.181874791463844332e+00
3.202362617295622549e+00
3.180588021427106948e+00
3.158444354305123714e+00
3.179786493877943876e+00
3.200258932530955835e+00
3.220403820474836643e+00
3.240195273338491777e+00
3.218273076371696906e+00
3.238103174076949031e+00
3.216193011809319824e+00
3.194387353365599314e+00
3.214618294191029513e+00
3.234501040279031070e+00
3.212622366331355561e+00
3.190856395729453787e+00
3.169260959199708516e+00
3.189841117216655864e+00
3.210108045614848304e+00
3.188391121670774542e+00
3.166850392931811697e+00
3.187429176779121853e+00
3.165916830610446819e+00
3.144038167432897879e+00
3.164859059364758753e+00
3.143025087452321120e+00
3.120700092405459536e+00
3.142813410974710120e+00
3.164364082806955913e+00
3.185453301375063884e+00
3.164054860971261984e+00
3.142294400972926116e+00
3.163029001618181901e+00
3.184096277243547046e+00
3.204276687535603685e+00
3.182758590838528079e+00
3.202953912004957271e+00
3.181452518037795052e+00
3.201661550946313994e+00
3.221554258855586994e+00
3.199940627325917664e+00
3.178469036279353510e+00
3.156631567664824889e+00
3.135010028080369437e+00
3.156301184752575484e+00
3.177416773276699136e+00
3.155625689315594951e+00
3.176687581613452771e+00
3.196907970389676557e+00
3.216821738196919078e+00
3.236403335325976460e+00
3.214773897658189217e+00
3.234402644221570977e+00
3.212774378752803806e+00
3.232447384219141462e+00
3.210821589428099809e+00
3.189306656147573360e+00
3.209372633661021545e+00
3.187870287527097002e+00
3.207955710585509657e+00
3.227713783004838355e+00
3.247121567819002408e+00
3.266725182066458455e+00
3.245394300131527743e+00
3.264134833771763944e+00
3.282892656961132083e+00
3.261569104401166097e+00
3.240113911265105173e+00
3.258126686730336008e+00
3.236374468124782133e+00
3.214664160560237072e+00
3.234400259787869381e+00
3.253766570088751031e+00
3.273323910363386435e+00
3.251941420567801888e+00
3.230449552207792951e+00
3.208922125511543211e+00
3.227443828516681545e+00
3.205740222272082995e+00
3.184155679379992332e+00
3.162188461979216214e+00
3.183316520096036495e+00
3.203578639395256111e+00
3.223506187087658237e+00
3.243075820762678418e+00
3.262827812070303146e+00
3.281660042002453981e+00
3.260298269062601229e+00
3.238804182112430041e+00
3.217250694948696754e+00
3.235588564481376217e+00
3.254966599106033698e+00
3.274533304940825396e+00
3.293145242518328963e+00
3.311339233702299101e+00
3.329107290348327641e+00
3.307941212273748377e+00
3.286524217647951662e+00
3.264921623504275505e+00
3.282743479202061998e+00
3.301253656415893634e+00
3.279860863892813505e+00
3.298011861217180929e+00
3.276586857852755941e+00
3.294834358867772206e+00
3.273380157191387863e+00
3.291719950115268745e+00
