1.377195608799854261e-02
1.378025134218883660e-02
1.378026848460215878e-02
1.562984677890266738e-02
1.378444107421154634e-02
1.563312069728834894e-02
1.378444862917760708e-02
1.563312662497822955e-02
1.708189166902413306e-02
1.378819231648561149e-02
1.378028493237457713e-02
1.562985968431373357e-02
1.707932704176375396e-02
1.842802416314405847e-02
1.952114954580642936e-02
2.040845672314802253e-02
1.379778667848527950e-02
1.564359125488082661e-02
1.709010607186355057e-02
1.843679715689648321e-02
1.952830091039585089e-02
1.379482005002965334e-02
1.564126375294509069e-02
1.378446745898792396e-02
1.378027722111477803e-02
1.562985363383029638e-02
1.707932229192992910e-02
1.378818556607848238e-02
1.378028491838715654e-02
1.562985967333878692e-02
1.707932703314798614e-02
1.378818557852875756e-02
1.563605864162114639e-02
1.708419329483028964e-02
1.378819837104312308e-02
1.563606867847522341e-02
1.378445543982888440e-02
1.378027719625902515e-02
1.562985361432775791e-02
1.707932227661975930e-02
1.378818556603828016e-02
1.378028491838706980e-02
1.378026855406672656e-02
1.562984683340661388e-02
1.707931695336727812e-02
1.378818555205965982e-02
1.563605862085381062e-02
1.378445541657574193e-02
1.563313195042763393e-02
1.708189584954754661e-02
1.843011488025786057e-02
1.952285379590274969e-02
2.040984739498612546e-02
1.379779189191470030e-02
1.378030486462811927e-02
1.378026859533313525e-02
1.562984686578547042e-02
1.378444107441194680e-02
1.378027716655220135e-02
1.378026853802917506e-02
1.378026852017790425e-02
1.378026852014097373e-02
1.562984680678745214e-02
1.378444107427586815e-02
1.563312069733879817e-02
1.378444862917771810e-02
1.378027718217535863e-02
1.378026853806148429e-02
1.378026852017797364e-02
1.562984680681651917e-02
1.707931693249315624e-02
1.842801593537395435e-02
1.379155638953686105e-02
1.378029191298416577e-02
1.562986516150697419e-02
1.707933134154498989e-02
1.378818558984246968e-02
1.563605865049775070e-02
1.708419330179823323e-02
1.378819837106146431e-02
1.563606867848961468e-02
1.708420117356248061e-02
1.843199116314471475e-02
1.952438325610230535e-02
2.041109544067300566e-02
2.111975798957713493e-02
1.380063695266644207e-02
1.378031078506904844e-02
1.378026860758188935e-02
1.378026852032180130e-02
1.378026852014127383e-02
1.378026852014089566e-02
1.378026852014090260e-02
1.378026852014090260e-02
1.378026852014089913e-02
1.562984680678742438e-02
1.707931693247035851e-02
1.378818555200479225e-02
1.378028491835798716e-02
1.378026855406666237e-02
1.378026852021108604e-02
1.562984680684250879e-02
1.707931693251354965e-02
1.378818555200490154e-02
1.378028491835798543e-02
1.378026855406667452e-02
1.562984683340658265e-02
1.707931695336728159e-02
1.842801595236312831e-02
1.952114285279496486e-02
1.379479639101825750e-02
1.378029864106032794e-02
1.562987044055470440e-02
1.707933548577510174e-02
1.378818560072512557e-02
1.378028491845894460e-02
1.378026855406686881e-02
1.562984683340675265e-02
1.378444107433726695e-02
1.563312069738695756e-02
1.378444862917783086e-02
1.563312662497846547e-02
1.378444864286547215e-02
1.563312663571787831e-02
1.378444864289027696e-02
1.563312663573730721e-02
1.378444864289032033e-02
1.563312663573735231e-02
1.378444864289032207e-02
1.563312663573738007e-02
1.378444864289032901e-02
1.563312663573735578e-02
1.378444864289032554e-02
1.563312663573737313e-02
1.708189167747015819e-02
1.378819231650780901e-02
1.563606392815922522e-02
1.708419744465247345e-02
1.843198812820823554e-02
1.379156800397340378e-02
1.563871245476504065e-02
1.708627647417841275e-02
1.378820385666462874e-02
1.563607298242798704e-02
1.378445544977963642e-02
1.378027719627961285e-02
1.378026853809066754e-02
1.378026852017803956e-02
1.562984680681654692e-02
1.378444107427593233e-02
1.563312069733884327e-02
1.378444862917771810e-02
1.378027718217536210e-02
1.562985360327728834e-02
1.378444108995252604e-02
1.378027716658433190e-02
1.378026853802923404e-02
1.378026852017790772e-02
1.378026852014097373e-02
1.562984680678745214e-02
1.378444107427586295e-02
1.563312069733879123e-02
1.708188701577614474e-02
1.843010769054977474e-02
1.379156250184350972e-02
1.378029192567011528e-02
1.378026856856393208e-02
1.378026852024108115e-02
1.562984680686602471e-02
1.378444107427604336e-02
1.378027716655193073e-02
1.378026853802916639e-02
1.562984682082306509e-02
1.707931694348879120e-02
1.842801594432314644e-02
1.379155638956300160e-02
1.378029191298422301e-02
1.378026856853768571e-02
1.562984684476097577e-02
1.378444107436345087e-02
1.563312069740752097e-02
1.378444862917787596e-02
1.563312662497846894e-02
1.378444864286548256e-02
1.563312663571789912e-02
1.378444864289027696e-02
1.378027718220373003e-02
1.562985360329954138e-02
1.378444108995258328e-02
1.378027716658433537e-02
1.378026853802922884e-02
1.378026852017790772e-02
1.378026852014097026e-02
1.562984680678744520e-02
1.378444107427586468e-02
1.563312069733877735e-02
1.708188701577606841e-02
1.378819230425153142e-02
1.563606391854309094e-02
1.378445542882394438e-02
1.378027719623626905e-02
1.378026853809057907e-02
1.378026852017803609e-02
1.378026852014096852e-02
1.378026852014090260e-02
1.378026852014089740e-02
1.562984680678738275e-02
1.378444107427586642e-02
1.378027716655192900e-02
1.562985359101868102e-02
1.707932225832138953e-02
1.842802026997848036e-02
1.379155640219640634e-02
1.563870335227513300e-02
1.708626932907472695e-02
1.378820383783717005e-02
1.378028495624792835e-02
1.378026855414505106e-02
1.562984683346809595e-02
1.378444107433740920e-02
1.378027716655206084e-02
1.378026853802916986e-02
1.562984682082308591e-02
1.378444107430824329e-02
1.378027716655198798e-02
1.562985359101872612e-02
1.378444108992424311e-02
1.563312070961663663e-02
1.708188702541435511e-02
1.843010769839422899e-02
1.952284794158677672e-02
2.040984261784609122e-02
2.111873854661965727e-02
1.380063255715286048e-02
1.378031077592146297e-02
1.562987996192526791e-02
1.378444115075135208e-02
1.378027716670994843e-02
1.562985359114266865e-02
1.707932225841869364e-02
1.378818556599048853e-02
1.563605863178373079e-02
1.708419328710814727e-02
1.378819837102279039e-02
1.563606867845924661e-02
1.378445543982885317e-02
1.563313196867223420e-02
1.378444865520485688e-02
1.378027718222920098e-02
1.562985360331954621e-02
1.707932226797799838e-02
1.378818556601558651e-02
1.563605863180344072e-02
1.378445541660106195e-02
1.563313195044754508e-02
1.708189584956318341e-02
1.378819232747688014e-02
1.563606393676541043e-02
1.708419745140822565e-02
1.378819838198616816e-02
1.378028494494285688e-02
1.378026855412166872e-02
1.562984683344973563e-02
1.707931695340111911e-02
1.378818555205975349e-02
1.563605862085389736e-02
1.708419327852842354e-02
1.378819837100020776e-02
1.563606867844151774e-02
1.708420117352476425e-02
1.378819839178543026e-02
1.378028494496315315e-02
1.378026855412170862e-02
1.378026852021120921e-02
1.562984680684257471e-02
1.378444107427599478e-02
1.563312069733892307e-02
1.378444862917772330e-02
1.563312662497835098e-02
1.708189166902426490e-02
1.378819231648560455e-02
1.563606392814182594e-02
1.708419744463884199e-02
1.843198812819709168e-02
1.952438078214652553e-02
1.379480707607449314e-02
1.564125357410751926e-02
1.708827113622765279e-02
1.378820911462064723e-02
1.563607710775690926e-02
1.378445545931741845e-02
1.563313198396313469e-02
1.378444865524016370e-02
1.563312664542716030e-02
1.708189168507674369e-02
1.378819231652780690e-02
1.378028493237465867e-02
1.562985968431375786e-02
1.378444110397897965e-02
1.563312072064413499e-02
1.708188703407101036e-02
1.378819230429963356e-02
1.378028493234931783e-02
1.378026855409560970e-02
1.562984683342927977e-02
1.378444107433732420e-02
1.563312069738700266e-02
1.378444862917783086e-02
1.563312662497843078e-02
1.378444864286547562e-02
1.563312663571789912e-02
1.708189167745491691e-02
1.843011148463816543e-02
1.379156251293866230e-02
1.563870814662443945e-02
1.708627309245424816e-02
1.843367748883719195e-02
1.379157295243941747e-02
1.378029194735902810e-02
1.378026856860880590e-02
1.378026852024117829e-02
1.378026852014109863e-02
1.378026852014089740e-02
1.378026852014090087e-02
1.562984680678739316e-02
1.378444107427586121e-02
1.378027716655193247e-02
1.378026853802916986e-02
1.562984682082306856e-02
1.707931694348875651e-02
1.378818555203372050e-02
1.378028491835805482e-02
1.378026855406666411e-02
1.562984683340657571e-02
1.707931695336720526e-02
1.842801595236303810e-02
1.952114285279488853e-02
2.040845126164319775e-02
2.111760637114637809e-02
1.380062768309719967e-02
1.564582015658763300e-02
1.378447801756402420e-02
1.378027724294828872e-02
1.378026853818721531e-02
1.562984682094707700e-02
1.378444107430852605e-02
1.563312069736441656e-02
1.708188701579621202e-02
1.378819230425159040e-02
1.378028493234922068e-02
1.562985968429381201e-02
1.707932704174803737e-02
1.842802416313124234e-02
1.952114954579595510e-02
2.040845672313944259e-02
2.111761081528643405e-02
1.380062770221788387e-02
1.564582017158859528e-02
1.709185558751558087e-02
1.843822110046298285e-02
1.379158628743073003e-02
1.378029197503419408e-02
1.562986521019323755e-02
1.707933137976538202e-02
1.842802769377271596e-02
1.952115242379551946e-02
1.379479642256409289e-02
1.564124521579550106e-02
1.378446741605331670e-02
1.563314136531752940e-02
1.708190324031595014e-02
1.378819234690837996e-02
1.563606395201113525e-02
1.708419746337568393e-02
1.843198814344694514e-02
1.379156800401802260e-02
1.563871245480002656e-02
1.708627647420587342e-02
1.378820385666469465e-02
1.563607298242804949e-02
1.378445544977963816e-02
1.563313197647971456e-02
1.378444865522288412e-02
1.563312664541356353e-02
1.708189168506607861e-02
1.378819231652778782e-02
1.378028493237465867e-02
1.378026855409565828e-02
1.562984683342931447e-02
1.378444107433731552e-02
1.563312069738700960e-02
1.378444862917783606e-02
1.563312662497845854e-02
1.708189166902436204e-02
1.378819231648560455e-02
1.563606392814180859e-02
1.708419744463885240e-02
1.378819838196834908e-02
1.378028494494281699e-02
1.378026855412167566e-02
1.562984683344974257e-02
1.707931695340113645e-02
1.378818555205975176e-02
1.563605862085388001e-02
1.378445541657574366e-02
1.563313195042765821e-02
1.378444865516272391e-02
1.563312664536639640e-02
1.708189168502906655e-02
1.843011149080266142e-02
1.952285103297899532e-02
2.040984514043170384e-02
2.111874059929403843e-02
1.380063256599751119e-02
1.378031077593986839e-02
1.378026860756299994e-02
1.562984687538138823e-02
1.378444107443407840e-02
1.378027716655226033e-02
1.378026853802917159e-02
1.378026852017790599e-02
1.378026852014097720e-02
1.562984680678751112e-02
1.378444107427586121e-02
1.378027716655193247e-02
1.378026853802916986e-02
1.378026852017791119e-02
1.378026852014098066e-02
1.378026852014089393e-02
1.378026852014089740e-02
1.378026852014090087e-02
1.562984680678741398e-02
1.378444107427586642e-02
1.378027716655193594e-02
1.562985359101868449e-02
1.707932225832139994e-02
1.842802026997845954e-02
1.379155640219640114e-02
1.563870335227513994e-02
1.708626932907474083e-02
1.378820383783718045e-02
1.378028495624792314e-02
1.562985970304546501e-02
1.707932705646876548e-02
1.842802417511228349e-02
1.952114955556232337e-02
1.379479641311041546e-02
1.564124520837852778e-02
1.708826456964780693e-02
1.843529835169135586e-02
1.379157770543109306e-02
1.378029195722225292e-02
1.378026856862922013e-02
1.562984684483277251e-02
1.378444107436362087e-02
1.378027716655210247e-02
1.562985359101881633e-02
1.707932225832150402e-02
1.842802026997851159e-02
1.952114637229566962e-02
1.379479640261842971e-02
1.378029864108441804e-02
1.378026858245732893e-02
1.562984685568273927e-02
1.707931697085479303e-02
1.842801596659585442e-02
1.379155638962805026e-02
1.563870334241428822e-02
1.378446153239466961e-02
1.378027720885880922e-02
1.562985362421394353e-02
1.707932228438080111e-02
1.842802029118779245e-02
1.379155640225835505e-02
1.563870335232374689e-02
1.708626932911288393e-02
1.378820383783727760e-02
1.378028495624792488e-02
1.562985970304543726e-02
1.707932705646871344e-02
1.842802417511216553e-02
1.379155641360168237e-02
1.378029191303412233e-02
1.562986516154615466e-02
1.378444111661272786e-02
1.563312073055664331e-02
1.708188704185246293e-02
1.843010771177305135e-02
1.952284795249259464e-02
2.040984262674521571e-02
1.379779187402423168e-02
1.564359533102845784e-02
1.709010927131664540e-02
1.378821396374717984e-02
1.563608091232299158e-02
1.378445546811362353e-02
1.378027719631752003e-02
1.378026853809074387e-02
1.562984682087139102e-02
1.707931694352672267e-02
1.378818555203382284e-02
1.563605862083356640e-02
1.708419327851247796e-02
1.378819837100015745e-02
1.563606867844152468e-02
1.708420117352475731e-02
1.378819839178542159e-02
1.378028494496315488e-02
1.562985969419111373e-02
1.707932704951778055e-02
1.842802416945487839e-02
1.379155641358516607e-02
1.563870336121051668e-02
1.708626933608871010e-02
1.378820383785566046e-02
1.563607296767071178e-02
1.378445544974551268e-02
1.378027719627953826e-02
1.378026853809066581e-02
1.378026852017803609e-02
1.562984680681655039e-02
1.378444107427593580e-02
1.378027716655192726e-02
1.562985359101868449e-02
1.378444108992425525e-02
1.563312070961664357e-02
1.378444862920607736e-02
1.378027718217541935e-02
1.562985360327732998e-02
1.378444108995252430e-02
1.378027716658433537e-02
1.562985359104411553e-02
1.707932225834132497e-02
1.378818556599028210e-02
1.378028491838697092e-02
1.378026855406671962e-02
1.562984683340660694e-02
1.378444107433726348e-02
1.563312069738691940e-02
1.708188701581391661e-02
1.378819230425163030e-02
1.378028493234922588e-02
1.378026855409560970e-02
1.562984683342931794e-02
1.378444107433731032e-02
1.378027716655205043e-02
1.562985359101877816e-02
1.707932225832147627e-02
1.842802026997851506e-02
1.952114637229561758e-02
1.379479640261841930e-02
1.564124520014696651e-02
1.708826456318654832e-02
1.843529834643254511e-02
1.379157770541566790e-02
1.378029195722222169e-02
1.378026856862920625e-02
1.562984684483278292e-02
1.378444107436362434e-02
1.378027716655211288e-02
1.562985359101881633e-02
1.378444108992425005e-02
1.563312070961664704e-02
1.708188702541434817e-02
1.843010769839426022e-02
1.379156250186645317e-02
1.563870813793742653e-02
1.708627308563525488e-02
1.378820384773575200e-02
1.563607297542247629e-02
1.708420454656474699e-02
1.843199390841016722e-02
1.379156802090084934e-02
1.563871246804590665e-02
1.378446155350995621e-02
1.378027720890247741e-02
1.378026853811678207e-02
1.378026852017808293e-02
1.378026852014097546e-02
1.378026852014089219e-02
1.562984680678741398e-02
1.378444107427586295e-02
1.563312069733876694e-02
1.708188701577614127e-02
1.843010769054980597e-02
1.952284793519242292e-02
1.379480201399942672e-02
1.564124960260892747e-02
1.378446742621375169e-02
1.378027722104701105e-02
1.378026853814191127e-02
1.378026852017813671e-02
1.378026852014098587e-02
1.378026852014089566e-02
1.378026852014090260e-02
1.562984680678741745e-02
1.378444107427586468e-02
1.378027716655193420e-02
1.378026853802916639e-02
1.562984682082306509e-02
1.707931694348879120e-02
1.378818555203372223e-02
1.563605862083344150e-02
1.708419327851239816e-02
1.378819837100016092e-02
1.378028494492008864e-02
1.562985969415734214e-02
1.378444110400167504e-02
1.378027716661329310e-02
1.378026853802929476e-02
1.562984682082319693e-02
1.378444107430823982e-02
1.563312069736421533e-02
1.708188701579614957e-02
1.378819230425158172e-02
1.378028493234922935e-02
1.378026855409560797e-02
1.378026852021113982e-02
1.562984680684254349e-02
1.707931693251360170e-02
1.378818555200490327e-02
1.563605862081085887e-02
1.708419327849466582e-02
1.843198473739848450e-02
1.379156799404338343e-02
1.378029193706864497e-02
1.562986518040436132e-02
1.378444111665622952e-02
1.378027716663945794e-02
1.562985359108737607e-02
1.707932225837530821e-02
1.842802027002230641e-02
1.952114637233138411e-02
1.379479640261854247e-02
1.564124520014702896e-02
1.708826456318654832e-02
1.843529834643253817e-02
1.379157770541566963e-02
1.378029195722222343e-02
1.562986519621743092e-02
1.707933136879388747e-02
1.842802768484317830e-02
1.379155642385218941e-02
1.378029191305538831e-02
1.378026856853783143e-02
1.378026852024102564e-02
1.378026852014110210e-02
1.562984680678759786e-02
1.707931693247041055e-02
1.842801593535545179e-02
1.379155638953680901e-02
1.563870334234271700e-02
1.378446153239449440e-02
1.563313674895001892e-02
1.708189961642840593e-02
1.378819233738057606e-02
1.378028493241787063e-02
1.562985968434769946e-02
1.707932704179038197e-02
1.842802416316568354e-02
1.379155641356679014e-02
1.378029191303403733e-02
1.562986516154610608e-02
1.707933134157572572e-02
1.842802766269074910e-02
1.379155642378748770e-02
1.378029191305525300e-02
1.378026856853783316e-02
1.562984684476107639e-02
1.707931696228090490e-02
1.378818555208306644e-02
1.563605862087218482e-02
1.378445541657578703e-02
1.563313195042769985e-02
1.378444865516272738e-02
1.563312664536641722e-02
1.378444864291255255e-02
1.378027718220377514e-02
1.562985360329957260e-02
1.378444108995258328e-02
1.378027716658433016e-02
1.562985359104412247e-02
1.707932225834136661e-02
1.378818556599028904e-02
1.378028491838697266e-02
1.378026855406673350e-02
1.378026852021109645e-02
1.378026852014104311e-02
1.562984680678748337e-02
1.707931693247032728e-02
1.378818555200478184e-02
1.563605862081073744e-02
1.708419327849456174e-02
1.378819837100011061e-02
1.378028494492009384e-02
1.562985969415730050e-02
1.378444110400168197e-02
1.563312072066190897e-02
1.708188703408496448e-02
1.843010770545117777e-02
1.952284794733925508e-02
1.379480201403952139e-02
1.378029865273702054e-02
1.378026858248143464e-02
1.562984685570163387e-02
1.707931697086961104e-02
1.842801596660789687e-02
1.379155638962808496e-02
1.378029191298435832e-02
1.562986516150711297e-02
1.707933134154512173e-02
1.378818558984247142e-02
1.378028491843639319e-02
1.562985967337740881e-02
1.707932703317833686e-02
1.378818557852883389e-02
1.563605864162120537e-02
1.378445541662374867e-02
1.378027719621103923e-02
1.378026853809053397e-02
1.378026852017803436e-02
1.378026852014097546e-02
1.562984680678750765e-02
1.378444107427586988e-02
1.378027716655193073e-02
1.562985359101867755e-02
1.378444108992425178e-02
1.563312070961666439e-02
1.708188702541436205e-02
1.378819230427688093e-02
1.563606391856298475e-02
1.378445542882399295e-02
1.378027719623627426e-02
1.378026853809058774e-02
1.562984682087126959e-02
1.378444107430834911e-02
1.563312069736427432e-02
1.708188701579611141e-02
1.843010769056607420e-02
1.379156250184356003e-02
1.378029192567011355e-02
1.378026856856393208e-02
1.378026852024108115e-02
1.378026852014111424e-02
1.378026852014089740e-02
1.378026852014090087e-02
1.562984680678742092e-02
1.378444107427586121e-02
1.563312069733880511e-02
1.378444862917771983e-02
1.563312662497834404e-02
1.378444864286547736e-02
1.378027718220368320e-02
1.378026853806155194e-02
1.378026852017798058e-02
1.378026852014097546e-02
1.562984680678745908e-02
1.378444107427586121e-02
1.378027716655193073e-02
1.562985359101869143e-02
1.378444108992425525e-02
1.378027716658427118e-02
1.378026853802923578e-02
1.378026852017790425e-02
1.562984680681646019e-02
1.707931693249310767e-02
1.842801593537393701e-02
1.379155638953685585e-02
1.378029191298416924e-02
1.562986516150694644e-02
1.707933134154498295e-02
1.842802766266572745e-02
1.379155642378740963e-02
1.378029191305524953e-02
1.378026856853783663e-02
1.378026852024102737e-02
1.562984680686600389e-02
1.378444107427605203e-02
1.378027716655192379e-02
1.562985359101868449e-02
1.378444108992425525e-02
1.378027716658427465e-02
1.562985359104405655e-02
1.707932225834130069e-02
1.378818556599029251e-02
1.563605863178364752e-02
1.378445541660100991e-02
1.563313195044744794e-02
1.378444865516277075e-02
1.563312664536643110e-02
1.708189168502910124e-02
1.843011149080264754e-02
1.952285103297895369e-02
2.040984514043168996e-02
1.379779188345558322e-02
1.564359533842778899e-02
1.709010927712446490e-02
1.378821396376251306e-02
1.378028497722995523e-02
1.378026855418846251e-02
1.378026852021133758e-02
1.378026852014104311e-02
1.562984680678752500e-02
1.378444107427586468e-02
1.378027716655192379e-02
1.378026853802916465e-02
1.378026852017789732e-02
1.562984680681644631e-02
1.378444107427592713e-02
1.563312069733885715e-02
1.378444862917771810e-02
1.563312662497838915e-02
1.708189166902434816e-02
1.843011147777662978e-02
1.379156251291859502e-02
1.378029192569310384e-02
1.562986517147876495e-02
1.378444111663563662e-02
1.563312073057462198e-02
1.378444862925447267e-02
1.378027718217552690e-02
1.378026853806149470e-02
1.378026852017796844e-02
1.378026852014097546e-02
1.378026852014090260e-02
1.378026852014090781e-02
1.378026852014090087e-02
1.562984680678742785e-02
1.707931693247031688e-02
1.842801593535535812e-02
1.952114283893117280e-02
2.040845125033039290e-02
2.111760636194087021e-02
1.380062768305759420e-02
1.564582015655658492e-02
1.709185557571684874e-02
1.843822109085994920e-02
1.379158628740250088e-02
1.378029197503414377e-02
1.378026856866605698e-02
1.378026852024129625e-02
1.562984680686618430e-02
1.707931693253209732e-02
1.378818555200495011e-02
1.563605862081089357e-02
1.708419327849467276e-02
1.843198473739850879e-02
1.379156799404338517e-02
1.563871244697416854e-02
1.378446155346120007e-02
1.378027720890237506e-02
1.562985362424810024e-02
1.707932228440760952e-02
1.378818556605872735e-02
1.563605863183729905e-02
1.708419328715015534e-02
1.378819837102290141e-02
1.378028494492012854e-02
1.562985969415735948e-02
1.707932704949130520e-02
1.842802416943338170e-02
1.379155641358510015e-02
1.378029191303408070e-02
1.378026856853778633e-02
1.562984684476104169e-02
1.378444107436345434e-02
1.563312069740750709e-02
1.378444862917788637e-02
1.563312662497849323e-02
1.708189166902438980e-02
1.378819231648559587e-02
1.378028493237457019e-02
1.562985968431371275e-02
1.378444110397896750e-02
1.378027716661325147e-02
1.378026853802929649e-02
1.378026852017790252e-02
1.562984680681644631e-02
1.378444107427592713e-02
1.378027716655193073e-02
1.378026853802916812e-02
1.378026852017790425e-02
1.562984680681646019e-02
1.378444107427592887e-02
1.563312069733882245e-02
1.708188701577616903e-02
1.843010769054981637e-02
1.952284793519232578e-02
2.040984261262816096e-02
2.111873854237380360e-02
1.380063255713456782e-02
1.378031077592142481e-02
1.562987996192520199e-02
1.378444115075135208e-02
1.378027716670994496e-02
1.378026853802949599e-02
1.562984682082334612e-02
1.707931694348902019e-02
1.378818555203371703e-02
1.378028491835804961e-02
1.562985967331591980e-02
1.378444110395360932e-02
1.563312072062419261e-02
1.378444862923148932e-02
1.378027718217547139e-02
1.378026853806149817e-02
1.562984682084843022e-02
1.707931694350868154e-02
1.842801594433932100e-02
1.952114284625437388e-02
1.379479639099669315e-02
1.564124519102898236e-02
1.708826455602948519e-02
1.378820909726291219e-02
1.378028496714601807e-02
1.562985971159645479e-02
1.707932706318158675e-02
1.378818557860760942e-02
1.563605864168300316e-02
1.708419329487884455e-02
1.843198475073355713e-02
1.952437802898688082e-02
2.041109117532204434e-02
2.111975451880216195e-02
1.380063693768660178e-02
1.564582741717396308e-02
1.378447803440394949e-02
1.563314969656298334e-02
1.708190978041341374e-02
1.843012621843457058e-02
1.379156255602542215e-02
1.378029192578257220e-02
1.562986517154897267e-02
1.378444111663579448e-02
1.563312073057473300e-02
1.708188704186662174e-02
1.378819230432012585e-02
1.563606391859691594e-02
1.708419743714632150e-02
1.378819838194862007e-02
1.378028494494278403e-02
1.562985969417514734e-02
1.378444110400171667e-02
1.378027716661329137e-02
1.562985359106684388e-02
1.707932225835915793e-02
1.842802027000916415e-02
1.379155640219648614e-02
1.378029191301044509e-02
1.378026856853774643e-02
1.562984684476101047e-02
1.378444107436346475e-02
1.563312069740753485e-02
1.378444862917788116e-02
1.378027718217536210e-02
1.378026853806149470e-02
1.378026852017797885e-02
1.562984680681650182e-02
1.707931693249313196e-02
1.842801593537395088e-02
1.379155638953685932e-02
1.563870334234278292e-02
1.378446153239449613e-02
1.563313674894999464e-02
1.378444866624324756e-02
1.378027718225204729e-02
1.562985360333744508e-02
1.378444108995266829e-02
1.563312070963891742e-02
1.378444862920612073e-02
1.378027718217541935e-02
1.378026853806148776e-02
1.562984682084846491e-02
1.707931694350872665e-02
1.842801594433936610e-02
1.952114284625443286e-02
1.379479639099669142e-02
1.564124519102899277e-02
1.708826455602947825e-02
1.378820909726291739e-02
1.563607709413827179e-02
1.378445545928594189e-02
1.563313198393842876e-02
1.708189587585380240e-02
1.843011490166821323e-02
1.379156252293119687e-02
1.563870815446434526e-02
1.378446154352898530e-02
1.378027720888183767e-02
1.378026853811674217e-02
1.562984682089178790e-02
1.378444107430839595e-02
1.378027716655200012e-02
1.378026853802916812e-02
1.562984682082307203e-02
1.378444107430823462e-02
1.563312069736417370e-02
1.708188701579609753e-02
1.843010769056606726e-02
1.952284793520562070e-02
