1.707851185845841676e-04
2.939231367115653789e-04
1.713318183907792339e-04
1.711233665310430601e-04
2.942423245681401655e-04
4.108954841186322152e-04
1.715206075699748651e-04
1.711237310267251508e-04
2.942426685313849878e-04
4.108958107230477655e-04
5.319120417901221972e-04
7.575292667148254139e-04
9.433582962919816618e-04
1.116888102319600401e-03
1.279054471899940953e-03
1.394609087290864854e-03
1.513882654524171655e-03
1.650545006867603498e-03
1.778627229847199506e-03
1.898660002770723469e-03
2.004082402271508117e-03
2.073055894935716976e-03
2.175660439180544629e-03
2.230892934505451265e-03
2.323346508923513146e-03
2.421937662084963118e-03
2.517534458975601540e-03
2.610525673668031340e-03
2.548798189807831033e-03
2.622330403442994264e-03
2.716168001899504133e-03
2.806947622245219501e-03
2.766294147517018871e-03
2.827233404913413305e-03
2.884729583626008571e-03
2.938932093647480398e-03
2.990059260387439681e-03
3.078113490069551289e-03
3.163037060771138609e-03
3.090052941263312335e-03
3.176542451786257357e-03
3.259883967393551428e-03
3.340576154331653409e-03
3.200450263971300630e-03
3.285221073113862248e-03
3.366824280085798336e-03
3.275746490904841036e-03
3.307918983284641613e-03
3.391029795788858686e-03
3.354795433860190655e-03
3.437179197475448596e-03
3.516367202133895836e-03
3.592892826319639323e-03
3.427016610722750326e-03
3.508282172505565542e-03
3.463590132042112819e-03
3.544296079408682919e-03
3.497167786962922589e-03
3.517322084729566489e-03
3.536451237853843309e-03
3.616039681367755332e-03
3.692401545546383779e-03
3.573428248097606716e-03
3.589405890753764091e-03
3.668182084718282169e-03
3.612474072555272621e-03
3.690894356412203255e-03
3.633548883060626258e-03
3.711646402748358404e-03
3.786502657879369654e-03
3.858684380113317804e-03
3.666362665197732667e-03
3.677307373403138156e-03
3.687848714163681398e-03
3.765118604945765380e-03
3.702722650854695530e-03
3.711840333235783690e-03
3.720543702046212164e-03
3.728783674887128224e-03
3.736586325475842098e-03
3.813112477331631264e-03
3.747428520119659278e-03
3.754171641228697901e-03
3.830429707753963721e-03
3.903426840998907004e-03
3.973744101981692596e-03
3.770264261658928199e-03
3.846270309434081814e-03
3.778150407212717190e-03
3.783267246694309392e-03
3.788186142649128431e-03
3.863925993752184099e-03
3.936399843889935510e-03
3.797028760635208933e-03
3.801085811838916459e-03
3.805063899521735765e-03
3.880546898759672063e-03
3.810270745001323369e-03
3.885671951363919765e-03
3.814978985670338871e-03
