1.416812659543995360e-04
2.560996272808051277e-04
3.486066078398653576e-04
4.355547235493196319e-04
5.087484770173290134e-04
5.698410503158821789e-04
6.211122900793584816e-04
1.018862688540222387e-03
1.545134438666592724e-03
1.478180897869849596e-03
1.416383726397926193e-03
1.360015183670723387e-03
1.309049858897848523e-03
1.263275696703371328e-03
1.862797561924274276e-03
1.739920123137766528e-03
1.631737578304915965e-03
1.536781316367078886e-03
1.453632915488253406e-03
1.380952726858535561e-03
1.317498635793487149e-03
1.262133075942848282e-03
1.213828768676725699e-03
1.171665966787758693e-03
1.134827719224977896e-03
1.700310591622564973e-03
1.599089295651692950e-03
1.511357280312263266e-03
1.435460114034224719e-03
1.369905201992081952e-03
1.313357148117950436e-03
1.264629904217297795e-03
1.221395637470359822e-03
1.184001836533381691e-03
1.760027258584342686e-03
2.504421152314870083e-03
2.314862627853279779e-03
2.145186541633907745e-03
1.994168353920394449e-03
1.860411597553458286e-03
1.742445326101678231e-03
1.638775137511106535e-03
1.547937319068718592e-03
1.468533522338382130e-03
1.399253515352255053e-03
1.338890372917591253e-03
1.286340138701845114e-03
1.240609729696261687e-03
1.200811202032750968e-03
1.166156255596074694e-03
1.750917655182330753e-03
1.639912411388605570e-03
1.543174025064885952e-03
1.459003406087077759e-03
1.385852559101358227e-03
1.322324383001022546e-03
1.267169672346050643e-03
1.219278645978023748e-03
1.177671712960439961e-03
1.141488085489810941e-03
1.109976441805722146e-03
1.091512205754577433e-03
1.075730319481084819e-03
1.062234103160405790e-03
1.050683344321094595e-03
1.040787379645237388e-03
1.031254567031169743e-03
1.022868815863197875e-03
1.015432197045460384e-03
1.008790547485174027e-03
1.542495821519284304e-03
1.461810846456907623e-03
1.391621683371134857e-03
1.330632836769202968e-03
1.277675845700655156e-03
1.231705495574251814e-03
1.191793472185661684e-03
1.157120232327949177e-03
1.126965932012249667e-03
1.100701025139540559e-03
1.077776962055109096e-03
1.057717274552190346e-03
1.040109225720668067e-03
1.024596123368458692e-03
1.010870338753357264e-03
9.986670329423619034e-04
9.877585669862542096e-04
9.779495557994581992e-04
9.690726006124754117e-04
9.609845776909361169e-04
9.535627947199294338e-04
9.467024503724733682e-04
1.448404692907678207e-03
1.370932426747418923e-03
1.312325754783250044e-03
1.261804928317510587e-03
1.864953195667636530e-03
1.740160500959679049e-03
2.465913168897807331e-03
3.364504575719351898e-03
3.082440728781349597e-03
2.826933586456664271e-03
3.800312454612524409e-03
3.469025568274526974e-03
3.168495845184554193e-03
2.897733405773270880e-03
2.655314543137543386e-03
2.436946628053989188e-03
2.243363305161262533e-03
2.072504914035095194e-03
2.900915777478962291e-03
2.650256702610801710e-03
2.427830097554241340e-03
3.348082812439008051e-03
3.059719969777768313e-03
2.799926849246513281e-03
2.567277320010044259e-03
2.360057309676094270e-03
2.176368474117050880e-03
2.014219579609218512e-03
1.871601746632433911e-03
1.746547140965826672e-03
1.637172134164733683e-03
1.541706805529787297e-03
2.257864538989140697e-03
3.157101925718599263e-03
2.872065138150313706e-03
2.618708531984240053e-03
2.394588210201468656e-03
2.197159863676702383e-03
2.023871271717105416e-03
2.875601183291830697e-03
2.626743339434905490e-03
2.407466358291805546e-03
2.215052860859204574e-03
2.046824668343107025e-03
1.900206892967933742e-03
1.772773142948337469e-03
1.662273741569603820e-03
1.566650371443355618e-03
1.482523322595655398e-03
1.391674766470717920e-03
1.330233650937627044e-03
1.277151128342461466e-03
1.231273997511269508e-03
1.191597290504451409e-03
1.139346688483601575e-03
1.110486080709481571e-03
1.085457242123874077e-03
1.063695025836110079e-03
1.044714978320590310e-03
1.028101111488118231e-03
1.013496635547671146e-03
1.000595854701519585e-03
9.891371059055457937e-04
9.603971968633602356e-04
9.514258688641606242e-04
9.433538143113729627e-04
9.360283659224000099e-04
9.293220595711631105e-04
9.231278839002500167e-04
9.173559358599457604e-04
9.119307580081547574e-04
9.067890943721964398e-04
9.018775719646242479e-04
9.063109240664241973e-04
9.102467615458432852e-04
9.137338316418458983e-04
9.168167514261810289e-04
9.185885146052702021e-04
1.380136353012559195e-03
1.314176240804127739e-03
1.256952602966856982e-03
1.207354082035036642e-03
1.164386485033382058e-03
1.717169704237277378e-03
2.397300573339431265e-03
2.206863764630090027e-03
2.037215681844928381e-03
1.886832705989694835e-03
1.754101996978158114e-03
1.637384843317719451e-03
1.535067683845014672e-03
1.445603614835284413e-03
1.367538177322790306e-03
1.299525060459088199e-03
1.240333891142143949e-03
1.188852067172335193e-03
1.144082305483575110e-03
1.105137272422964572e-03
1.071232373263435005e-03
1.041677876764074938e-03
1.015869830567587119e-03
9.932810553400961591e-04
9.734532908184213114e-04
9.559893430786896686e-04
1.441215680298781315e-03
1.366800388622143409e-03
1.302488510798226933e-03
1.247029871451302155e-03
1.199298344403566113e-03
1.157123652409965814e-03
1.120735816260617348e-03
1.089341647925883266e-03
1.062244091775777681e-03
1.038833967172766212e-03
1.568744657313893374e-03
1.476501964768255157e-03
1.396037780792543396e-03
1.325977740039267381e-03
1.265061894119619322e-03
1.212147174933244330e-03
1.166206079397625987e-03
1.126322099735473699e-03
1.091683043492373091e-03
1.061573124050765003e-03
1.035364477091367487e-03
1.012508573593855644e-03
9.925278533191646702e-04
9.750077897438234626e-04
9.595895127444416901e-04
9.459632321781998119e-04
9.338619531910389258e-04
1.418785913757880657e-03
2.057302457701342541e-03
1.907041176773686345e-03
2.690919126270570338e-03
2.500151468135473898e-03
2.323703034811423155e-03
2.162236174898500302e-03
2.015831762607841939e-03
1.884133766638494516e-03
2.699629427515122092e-03
2.488539589352249410e-03
2.298751775245242053e-03
2.129166909477452595e-03
1.976438018654664685e-03
1.841193307553037591e-03
1.721909952671825091e-03
1.617065325818835232e-03
2.377989492176794169e-03
2.191330763576314171e-03
2.026154695181533062e-03
1.880552979405406997e-03
1.752632134178803980e-03
1.640559623335592328e-03
1.542597785272491933e-03
1.457125947434044283e-03
1.382652932941558699e-03
1.317822084704608088e-03
1.261410711751100901e-03
1.212325576753928678e-03
1.849861482703487377e-03
1.721485427266814623e-03
1.609111712161114460e-03
1.510947196756933994e-03
1.425329924869130419e-03
1.350738431005655193e-03
1.285794520859902344e-03
1.229260826736536466e-03
1.188903615140792739e-03
1.154324270342078343e-03
1.116195827281257552e-03
1.072518865465684965e-03
1.052117958219841564e-03
1.033718102881534115e-03
1.017854209185874680e-03
1.004132877358813016e-03
9.922181543959331107e-04
9.818233600819594158e-04
9.727040402803281346e-04
9.646518976837417571e-04
9.574895732872191903e-04
9.510661656671994457e-04
9.265252314249736772e-04
9.224860010609655823e-04
9.179009585843597068e-04
1.418465952663346260e-03
1.343425717346507587e-03
1.278037081362366160e-03
1.221118315382441503e-03
1.171602147777192713e-03
1.128532030745043680e-03
1.091056741258215152e-03
1.662552796426959622e-03
1.553560265840430452e-03
1.458027444016436009e-03
1.374476140021702909e-03
1.301527804937432052e-03
1.237913521520404110e-03
1.191545955641752381e-03
1.151744644482787568e-03
1.117640136990275066e-03
1.088458617660191270e-03
1.063521648335501385e-03
1.041164145184127112e-03
1.021876183609937271e-03
1.005207880900922668e-03
9.907687085907912385e-04
9.782215823068874262e-04
9.672761487168511033e-04
9.576827633319147772e-04
9.492271338130692107e-04
9.417255879393494683e-04
9.359126014853539352e-04
9.298265883753258076e-04
9.242908263382297509e-04
9.192066812163417937e-04
9.144908189485731346e-04
9.100724034993743720e-04
9.058913216974102782e-04
9.018967427670940458e-04
8.980456798070961255e-04
8.852357376843512709e-04
8.818872041412421404e-04
8.785968086781182186e-04
8.753382938928301301e-04
8.720905611520847131e-04
8.688364476446084478e-04
8.655621140140613802e-04
8.718912983665435667e-04
1.387141878547601794e-03
1.321218685983760119e-03
1.264301152283207105e-03
1.214036717698514052e-03
1.170582723064026278e-03
1.133033178941272694e-03
1.746029837596851323e-03
1.632798135701938593e-03
1.533571148722765072e-03
1.446839290917035581e-03
1.371186468640571594e-03
1.305303454256729083e-03
1.247993622782793193e-03
1.897097548691851219e-03
1.763872496152661153e-03
1.646536719329956587e-03
1.543512678644615903e-03
1.453284681885144919e-03
1.374423293812285533e-03
1.305601664951404903e-03
1.245604055617487377e-03
1.876045191000809799e-03
1.741800772437388954e-03
1.623519909553203288e-03
1.519622152370928578e-03
1.428587740764100710e-03
1.348982257193605478e-03
1.279473428813067675e-03
1.227727284964372050e-03
1.183233585990488236e-03
1.145046550432542252e-03
1.112322292519396733e-03
1.084317892633997324e-03
1.059304687242072556e-03
1.037723834679648476e-03
1.019078231612682026e-03
1.002935039241497359e-03
9.889198119089304909e-04
1.572592067707432586e-03
2.328573754997026717e-03
2.147951972233590450e-03
1.987076769461756844e-03
1.844446368662410948e-03
2.687049276820967138e-03
2.482131863111503977e-03
2.294923076922980500e-03
2.125271651958760607e-03
1.972607031435915422e-03
1.836057019442563108e-03
1.714550357520660661e-03
2.545741513704198773e-03
2.340838616938857673e-03
2.157264414761609923e-03
1.993655039624977771e-03
1.848501844588147907e-03
1.720225117377774306e-03
1.607235421764528077e-03
1.507980241764052265e-03
1.429628590407853311e-03
1.361683645280989700e-03
2.094923570908171270e-03
1.943058421249642051e-03
2.873122961276821253e-03
2.651687232668432492e-03
2.450559362728511447e-03
2.269157740065465886e-03
2.106576601263247719e-03
1.959710227475648051e-03
1.829267980262014879e-03
2.755563709769359541e-03
2.532490959684717633e-03
2.332827448511942854e-03
2.155010097335844418e-03
1.997347123829733371e-03
1.858090892573155536e-03
1.735497270933281360e-03
1.627870987841086069e-03
1.533598293438926969e-03
1.451168710286874965e-03
1.379187836619873457e-03
1.316383112928816868e-03
1.261604282523138285e-03
1.213820254909784907e-03
1.172112813803408019e-03
1.135668940585433159e-03
1.103772543748578541e-03
1.075795640569455168e-03
1.042304894789614989e-03
1.002494192451085708e-03
9.842805460467754248e-04
1.614872118011816083e-03
1.522229427877739910e-03
1.441771032084945489e-03
1.372047605218557282e-03
1.311742685933556338e-03
1.259670647897246113e-03
1.990841310321967046e-03
1.852368044282560111e-03
1.729118300941295079e-03
1.621085102465926126e-03
2.489159733511816294e-03
2.305411176316741421e-03
2.139430228016677912e-03
1.990423388851403613e-03
1.857374573312955014e-03
1.739126446534876259e-03
1.634448283693699759e-03
1.542089545842785644e-03
1.460820359069580753e-03
1.389460584502398436e-03
2.196784303890472918e-03
2.031714255663376323e-03
1.885724423444450374e-03
1.757035574701495484e-03
1.643911908410873070e-03
1.544694739266715437e-03
1.457826668727908509e-03
1.381866288605840438e-03
1.315495363085767474e-03
1.257520280981559236e-03
1.198119981080161866e-03
1.154378361258349365e-03
1.885025902156480622e-03
1.759362987526543170e-03
1.649633230506216937e-03
1.554076674270705180e-03
1.471059979080142086e-03
1.399085361943935542e-03
1.335450275984424078e-03
1.280277499965861050e-03
1.232414840746173888e-03
1.172696439503483935e-03
1.137751112001929863e-03
1.107442518689977836e-03
1.081109889618498462e-03
1.058181408651129914e-03
1.038161726108819674e-03
1.020622594545676038e-03
1.005194424214963991e-03
9.915587542659314198e-04
9.606591309383749350e-04
9.504173848418540809e-04
9.412186053336597845e-04
9.241037131314924552e-04
9.168886384331650929e-04
9.102796478030841278e-04
9.041681456133637135e-04
8.984624893341777154e-04
1.497907873635264319e-03
2.312200454558820638e-03
2.137020495312898227e-03
3.162218832017270678e-03
2.937129947073869544e-03
2.725829996450279420e-03
3.930782670839138432e-03
3.645894804491134084e-03
3.376147488905321525e-03
3.123561202923822236e-03
2.889399563801395721e-03
2.674261247069404691e-03
2.478187012115453790e-03
2.298446142072911591e-03
2.136623483036271393e-03
1.991742805941861330e-03
3.096732976694560342e-03
2.844492789692868069e-03
2.616964103637439178e-03
2.412864687070071217e-03
2.230687992210501989e-03
2.068787907874441740e-03
1.925452733913518739e-03
3.022174360990953143e-03
4.409771902352230960e-03
4.024729026129836469e-03
3.671863992946212702e-03
3.350482300148893266e-03
3.059676589903287565e-03
2.798093394712722337e-03
2.564047362625389206e-03
2.355629497590092103e-03
2.170803506175288979e-03
2.007487026122290168e-03
3.124437288127735520e-03
2.858731230259670911e-03
2.621749524719216903e-03
3.952908378636245390e-03
3.619779045997278087e-03
3.316214168514730436e-03
3.041372904834678623e-03
4.491167928713206935e-03
4.107523821703811841e-03
3.755729654767640466e-03
3.435376866841479641e-03
3.145532291631179204e-03
2.884842009345098355e-03
2.651640809648548973e-03
2.441513191751657277e-03
2.255024208656907295e-03
2.090133778986192487e-03
1.944809042465715440e-03
1.817078120036613861e-03
1.705065322350091464e-03
1.607014683327533371e-03
2.636128491730090409e-03
2.423538763623002325e-03
2.235060561224285879e-03
3.484078521279531087e-03
3.177848877242822698e-03
2.902647001318374616e-03
2.656617983117349688e-03
4.030615830235589024e-03
3.668822653260518998e-03
3.340772097057226071e-03
3.045143367136805054e-03
2.780213025338664021e-03
2.543971882477250035e-03
2.342006897315809973e-03
2.164095315414039933e-03
3.385899120366540459e-03
3.091365266206972696e-03
2.827984759188813778e-03
2.593650667376589183e-03
2.386104245242930567e-03
2.203024596911256575e-03
2.042103449872545440e-03
3.196093665584564137e-03
2.923758199200072495e-03
2.680503967966308115e-03
2.461780012024778527e-03
2.267916236106622564e-03
2.096734764792295303e-03
3.314246293894743036e-03
3.042521424361815507e-03
2.796459707726835740e-03
2.574894829605529987e-03
2.376405031035179038e-03
2.199395461494778846e-03
2.042173310141177055e-03
1.903011296510045492e-03
1.780198725151491568e-03
1.672081067888553461e-03
1.577087259260533201e-03
1.477203768119579944e-03
1.405606855161027060e-03
1.342911319628866578e-03
1.279768019326682103e-03
1.232194513569853786e-03
1.190505123206497427e-03
1.153916374632268840e-03
1.121740081319083388e-03
1.075215535185789807e-03
1.059987157604936779e-03
1.047123056493934161e-03
1.036247815944090845e-03
1.028034457728247385e-03
1.019163329242528653e-03
1.011389594023122916e-03
1.004520615104059983e-03
9.983917812077388546e-04
9.928631449534239088e-04
1.677968315661845788e-03
1.578147369545937918e-03
1.490624715282401523e-03
1.414012629424540781e-03
1.347033139631837427e-03
1.288520610522737864e-03
1.237421261534819893e-03
1.192789566107651730e-03
1.153782546944008645e-03
1.119652768320487587e-03
1.089740637481289827e-03
1.063466467619692858e-03
1.040322624941116643e-03
1.019865979467885929e-03
1.001710800067951834e-03
9.855221747871931431e-04
9.710099941815390680e-04
9.579235046054080868e-04
9.553482159128116793e-04
9.533528398014054755e-04
9.527240368053120070e-04
1.684481336114384631e-03
1.586341358871824411e-03
1.500608430862093463e-03
1.424370808080123538e-03
1.357821057783001632e-03
1.299792339597243473e-03
1.249221086572485737e-03
2.096486615234101347e-03
1.945140438740968836e-03
1.811309330014874465e-03
1.693323620586366417e-03
1.589571859650796420e-03
1.498525390707717599e-03
2.480486151256445365e-03
2.298183727232666531e-03
2.132783540830004553e-03
1.983662747148023323e-03
1.849953271807817457e-03
1.730622936807164414e-03
1.624545103003151173e-03
1.530554393270846386e-03
1.447489506204205660e-03
1.374224647969281374e-03
1.309691343715109956e-03
1.252892413284732850e-03
1.211830465597926645e-03
1.176379056603987956e-03
1.145817327744328784e-03
1.101368040577240057e-03
1.079616161246668184e-03
1.059870439291236933e-03
1.042713230513984436e-03
1.027757619778987917e-03
1.014667139048388601e-03
1.003151297819893182e-03
9.929597692838066508e-04
9.838771993308328447e-04
9.757186131368192957e-04
9.683253730028485752e-04
9.429616810220435271e-04
9.285599678840657798e-04
9.236026490302729234e-04
9.189603208992121750e-04
9.145582021058670840e-04
9.103337187417723025e-04
9.062342376552700403e-04
1.622970564775341349e-03
1.523509480379220057e-03
1.435964494356113414e-03
1.359028466282717271e-03
1.291488144756708497e-03
1.241081304620137273e-03
1.197589500327126289e-03
1.160129777520596929e-03
1.127913370321172518e-03
1.100243336327697777e-03
1.075403023620744849e-03
1.053865375651000507e-03
1.035157211818543048e-03
1.018864598814059720e-03
1.004627763862379940e-03
9.921347385418298904e-04
9.811155578584326940e-04
9.713370337397954227e-04
9.625980860259067233e-04
9.547255995572832875e-04
9.390220277279092385e-04
9.328741179886922618e-04
9.271999863041414111e-04
9.219024996831735787e-04
9.168997130025559675e-04
9.121221751669295920e-04
9.075111820769388724e-04
9.030172743910528385e-04
8.985989465815168555e-04
8.942215380030042911e-04
8.898562804441474640e-04
8.863400297732732577e-04
1.625982937611857937e-03
1.533300014476754024e-03
1.452388398657771060e-03
1.381935902367442855e-03
1.320731415215523974e-03
1.266325388948439431e-03
1.218987332748204576e-03
1.177813093301733087e-03
2.053470743223479670e-03
1.909435527780927377e-03
1.781652841712798958e-03
1.668674357609372001e-03
1.569073299245891994e-03
1.481474190593618781e-03
1.404575483657852187e-03
1.337164031876493043e-03
1.278123036725735883e-03
1.226434962330356015e-03
1.181180722052320919e-03
1.141536227680411703e-03
1.106767181414435161e-03
1.076222798538888168e-03
1.924050740045348202e-03
1.789528561090791316e-03
1.670280867648657680e-03
1.564868498015267988e-03
1.471896970920779854e-03
1.398783544129942507e-03
1.335247154337930149e-03
1.280155147910977571e-03
1.232476489895062378e-03
1.191283537227064062e-03
1.155747670466447056e-03
1.123942219246212067e-03
1.096313579463789253e-03
1.072283517001985107e-03
1.928920372907757391e-03
1.800081481966513824e-03
1.686057310622989490e-03
2.862825137846683986e-03
2.667796443998153404e-03
2.485562218060664765e-03
3.987779587310788867e-03
5.766578036153370730e-03
5.409432613029856521e-03
5.056359464857720747e-03
4.706754267465265706e-03
4.368960137033657716e-03
4.046430370973407541e-03
5.978305752343330594e-03
5.564412028037048728e-03
7.552481547951862481e-03
7.090281917395113362e-03
6.628512618793389391e-03
6.176732977698573025e-03
5.738923527997820753e-03
5.317959310327066702e-03
4.916704059148173378e-03
4.537479542863233177e-03
4.182009413615422715e-03
3.851405247956105320e-03
5.856446148514082503e-03
5.412115188284540197e-03
4.991076800812936469e-03
4.595313098491152909e-03
4.226193210152301427e-03
3.884469173211432379e-03
3.570312484992172689e-03
3.283377190256624775e-03
3.022880006171422239e-03
2.787688458218399827e-03
2.576409386184460269e-03
2.387472034153100778e-03
2.219201881171294858e-03
2.067520278334601235e-03
1.933170780855564567e-03
1.814377859476644849e-03
1.709554119972246395e-03
1.600245994028821851e-03
1.512246052533279886e-03
1.442662274152939871e-03
1.381549449190818150e-03
1.327863213308832276e-03
1.280671224551050433e-03
1.239141929284930718e-03
1.202537023602261255e-03
1.170203597140017206e-03
2.182469805891298822e-03
2.025418780361590201e-03
1.885873487422841605e-03
1.762223741262371407e-03
1.652905999400761669e-03
1.556428581721900576e-03
1.480196935861966510e-03
1.413893400513806199e-03
1.356266453302859510e-03
1.306252408584249918e-03
1.262897690542695529e-03
1.224085861248902247e-03
1.190266631010517863e-03
1.160734019061582679e-03
1.134896056096563631e-03
1.103574637083063999e-03
1.084132520658459510e-03
1.066992261364379038e-03
1.051807084182985758e-03
1.980629476770055537e-03
3.424722177957346177e-03
3.175283596314849594e-03
2.941526726978694120e-03
4.734304998842666506e-03
4.374653336643797089e-03
4.033888246587434730e-03
3.713992530328870823e-03
3.416534041633079079e-03
3.141868962396879555e-03
2.890094873308188955e-03
2.668208896541378067e-03
2.468031928523267693e-03
4.222671032070281216e-03
3.891094628641528479e-03
3.583996409680313428e-03
5.646922114918791029e-03
7.840689212315095705e-03
7.329858089325690801e-03
6.830256162583455207e-03
6.344923816597455163e-03
5.877253500145486476e-03
5.430297107467198063e-03
5.006635701142531786e-03
4.608288431040170885e-03
4.236664793361471365e-03
3.892559048388695257e-03
3.576181268342937172e-03
3.283678218384705229e-03
3.017734516198906751e-03
5.011157648935199438e-03
4.604922794641605130e-03
4.222818578828390311e-03
3.869764154081846170e-03
3.545833025885008517e-03
3.250500114071915893e-03
2.982802766580043910e-03
2.741433559534811864e-03
2.524832340039060569e-03
2.331272005779052268e-03
2.151342733170372168e-03
1.999037178742943573e-03
3.579478031158256184e-03
3.282188014023546332e-03
3.013234618503417370e-03
5.024533634588589440e-03
4.629352658872794637e-03
4.260232092539762393e-03
3.917962166307383323e-03
3.602788340009507092e-03
3.314456519450548894e-03
3.052281588637397510e-03
2.815226604900472693e-03
4.797816531629267404e-03
4.409400923415797771e-03
4.049556333403795186e-03
3.718486175488271497e-03
3.415868961361132917e-03
3.140929229662658886e-03
2.889467798196146062e-03
2.663047144014206793e-03
2.460115680717349807e-03
2.278954383279379291e-03
2.117784593826197142e-03
1.974823312061131826e-03
1.848326500522648030e-03
1.710659634070209106e-03
1.614627303039236923e-03
1.530084928197340518e-03
2.943580548450970297e-03
2.705733725354668787e-03
4.671830138072175301e-03
4.302173925502090178e-03
3.958854150511160325e-03
6.257395008387324487e-03
5.793161215968295995e-03
5.350831957737426162e-03
7.724664185141879268e-03
9.831508063904745298e-03
9.302518388493986184e-03
8.772975716452503792e-03
8.245824447936433294e-03
7.724353835705581768e-03
7.212478863304145650e-03
6.713272319386779340e-03
6.230196146697596256e-03
5.766450362972122198e-03
5.324833379542584164e-03
4.907634701843448070e-03
4.516566990881471996e-03
6.907414439151116255e-03
6.424569542975404855e-03
5.959505015356008489e-03
5.515045248936622721e-03
5.093581629067620714e-03
4.692144009728125946e-03
4.316599788381925672e-03
3.967835695041533293e-03
6.358481927761371229e-03
5.889318271646654113e-03
5.436561474643017942e-03
5.008004852427618003e-03
4.605518507610495589e-03
4.230308840964618587e-03
3.882989562593844660e-03
3.563617921850557955e-03
5.930005616289445169e-03
8.430223301590645396e-03
7.888117520396390955e-03
7.356572598406798530e-03
6.839321108820704820e-03
6.339927045873743582e-03
5.861624035099064454e-03
5.407183923301758267e-03
4.978853059431831082e-03
4.578192141867768426e-03
4.206174578841492991e-03
3.863167615673188462e-03
3.548959327983173574e-03
3.262912559078338503e-03
2.988340663655292100e-03
2.757058922310191493e-03
2.549723616632350483e-03
2.362088953821990175e-03
2.194872982196999136e-03
2.046313590277010989e-03
1.906764358432810587e-03
1.791028886350433868e-03
1.672351491492643765e-03
1.583897692386750707e-03
1.506007067123816016e-03
1.437432921134299251e-03
2.920356167029127328e-03
2.688722418001955258e-03
2.480322045153067565e-03
2.293593612308348142e-03
2.126883529800167264e-03
1.978501711271544831e-03
1.846769838126015263e-03
1.730058613470046927e-03
1.626815348685355100e-03
1.544458650900250654e-03
1.472628779907030581e-03
1.410082759051356710e-03
1.355692035310098083e-03
1.290884998243567840e-03
1.249812703043186486e-03
1.205617848884427135e-03
1.174850164567616331e-03
1.147917432168551631e-03
1.124270754993544159e-03
1.103432546228755914e-03
1.084986536819957433e-03
1.068570628835455302e-03
1.053870439736907631e-03
1.040613512329284160e-03
1.028564152258453933e-03
9.992287082722112884e-04
9.895259915204100438e-04
2.093980739712784141e-03
3.894471774017456509e-03
3.622302742204398188e-03
3.364061314443842279e-03
3.121643286347544101e-03
2.896245254225836546e-03
2.688456171169102422e-03
2.498358114294727764e-03
2.325626482623465840e-03
2.169624738828186770e-03
2.029490132954101834e-03
1.904209605687304588e-03
1.792680451537694876e-03
1.691964746283796490e-03
1.602615499668631933e-03
1.523517125483374399e-03
1.436231681815838867e-03
1.375789524659218723e-03
2.888165793873188371e-03
2.680299178586720201e-03
2.490472278082091293e-03
2.318029212125883795e-03
2.162113310179417103e-03
2.021736891382222914e-03
3.955621242201698244e-03
3.640628823875577489e-03
3.349945585458317682e-03
3.083367473358090190e-03
2.840302788748901540e-03
2.619838076161016063e-03
2.420812688972926938e-03
2.241890444588766698e-03
2.081624731315314097e-03
1.946863967152749446e-03
3.875724771913189280e-03
3.576610304903967558e-03
3.301335032151569027e-03
3.049567395093597585e-03
5.485096307492406606e-03
5.070605847404982720e-03
4.679536184694048015e-03
4.313325479005998726e-03
3.972870241165657630e-03
3.658535101938022779e-03
3.370195621284912714e-03
3.104127887732877154e-03
2.862489799967918910e-03
5.274713043115789035e-03
4.864173744181921229e-03
4.479748203593029998e-03
4.117749805868471322e-03
3.782933534077003151e-03
3.475254655808038187e-03
3.194195031462252008e-03
2.938854663876317060e-03
