1.327421623103096262e-04
2.458388073010830390e-04
3.362964253136881110e-04
4.315914236546447265e-04
4.937759126061678355e-04
5.422720655861487096e-04
6.024536434994696120e-04
6.612096477347582501e-04
7.108175501192244604e-04
7.536007675174420661e-04
7.905439603126752967e-04
8.224781863709221350e-04
8.501077079684357315e-04
8.676292143499098617e-04
8.853516654204281102e-04
8.970656982434577946e-04
9.096335892936968171e-04
9.169723925221280299e-04
9.226791096322541552e-04
9.300919821845650935e-04
9.359398793271953660e-04
9.374143099791226860e-04
9.411789133150366433e-04
9.407236251331096370e-04
9.429674687875634143e-04
9.410207537967309665e-04
9.421707655154354247e-04
9.390615790627100407e-04
9.394425551615855075e-04
9.392998227393118934e-04
9.387081543340598669e-04
9.377322891999428965e-04
9.364283709073524661e-04
9.348450965605955773e-04
9.387932076783992667e-04
9.378038282807274993e-04
9.416207883090116013e-04
9.317635561540109227e-04
9.361031746320802593e-04
9.403453465164317423e-04
9.458576665022189016e-04
9.509827523417640387e-04
9.549473555905953160e-04
9.579275552835946235e-04
9.591686722265277409e-04
9.623427419811387846e-04
9.637895212029409927e-04
9.646422256170286789e-04
9.743504583731540155e-04
9.745916860162451333e-04
9.744651344348154815e-04
9.820342351022912693e-04
9.876511621260855404e-04
9.735868622698718496e-04
9.722204830637664903e-04
9.706602495978400432e-04
9.689399247225165919e-04
9.670886112309968682e-04
9.651308856720344342e-04
9.630874950391914461e-04
9.599917115088003276e-04
9.577978158203127044e-04
9.555631180656091409e-04
9.634191287623709637e-04
9.533212243887560864e-04
9.607713335456974845e-04
9.511957495420876336e-04
9.494807472871330490e-04
9.476967648454295455e-04
9.458552942231471510e-04
9.439670579377921339e-04
9.420412524039792432e-04
9.400857633349883266e-04
9.381073510085168304e-04
9.470811778886828501e-04
9.363319757423332760e-04
9.346684057328261781e-04
9.329615700525453704e-04
9.312152880543462120e-04
9.294391301336522295e-04
9.276380998206971160e-04
9.258181651439559290e-04
9.361038372250703914e-04
9.465642052748448644e-04
9.547704593654320537e-04
9.619466282808982090e-04
9.642024307722471326e-04
9.648850946836055355e-04
9.642335310567485933e-04
9.676495638272697083e-04
9.705133906553778346e-04
9.728912863968126575e-04
9.696622253523697272e-04
9.716631422460630160e-04
9.733048474185209114e-04
9.746284931207840679e-04
9.756700958639503377e-04
9.764612564846047961e-04
9.770297174620981139e-04
9.773998489420317962e-04
9.775930728194587045e-04
9.776282329412358790e-04
9.775219183952930501e-04
9.772887459209066239e-04
9.769416066731880822e-04
9.764918818863896647e-04
9.759496313872296526e-04
9.753237583969400284e-04
9.746221536175177615e-04
9.738518212134737121e-04
9.730189889671307093e-04
9.721292045959111384e-04
9.711874199681638526e-04
9.701980647348069486e-04
9.691651107029239549e-04
9.661983714608979919e-04
9.629493893245961609e-04
9.628193925241753390e-04
9.625695050436196970e-04
9.592246305129292511e-04
9.555139840553214525e-04
9.560564008831403185e-04
9.520284755255333919e-04
9.475729001933436276e-04
9.488194503390599312e-04
9.439751151857438648e-04
9.454474146445534773e-04
9.466990630531413320e-04
9.477507349461075778e-04
9.486207131365912912e-04
9.493252745066501535e-04
9.498789281316788544e-04
9.502946248056935849e-04
9.505839414110584451e-04
9.507572431413037397e-04
9.465763033741994310e-04
9.471529016176587212e-04
9.426714354609309465e-04
9.436076772917169125e-04
9.443797110500680740e-04
9.450015910668150675e-04
9.454857901865803714e-04
9.458434923707733071e-04
9.416368657476041756e-04
9.423913359911760676e-04
9.429985984336651571e-04
9.434708327085693800e-04
9.438188623128291287e-04
9.440524217842979383e-04
9.441802819911115354e-04
9.442103606041193876e-04
9.441498195148244127e-04
9.440051507320343155e-04
9.437822521130144904e-04
9.434864941276504711e-04
9.431227787148575847e-04
9.426955911671046481e-04
9.422090458696877726e-04
9.416669266246114256e-04
9.410727222033851399e-04
9.404296576972741425e-04
9.397407221665278563e-04
9.482742784266006038e-04
9.477116547630305308e-04
9.471116110726836030e-04
9.526186310751413823e-04
9.454170432624893396e-04
9.451752401789780813e-04
9.448625541015275540e-04
9.502049368399038964e-04
9.343885256277513658e-04
9.433388699262700711e-04
9.432248109586956978e-04
9.430270741643619710e-04
9.427532057711181940e-04
9.424099645566843706e-04
9.420034144392781025e-04
9.415390059128712387e-04
9.400733085692321604e-04
9.394876891208694437e-04
9.388575859005590532e-04
9.381866353057394725e-04
9.453771319869835833e-04
9.376931887967630223e-04
9.373448942863658829e-04
9.369266321734898064e-04
9.438210246804769159e-04
9.374423810681527551e-04
9.363693480629059094e-04
9.361273979547507810e-04
9.426806866674746106e-04
9.365990627781368375e-04
9.366096154240782659e-04
9.365192885328086714e-04
9.434081227550165103e-04
9.359590511796250876e-04
9.360834344586157737e-04
9.360981455396534708e-04
9.426018397282826195e-04
9.354211458617645893e-04
9.356406203341585594e-04
9.357444241308963831e-04
9.357434160398411978e-04
9.421661091294495412e-04
9.349816340471542829e-04
9.352001575166829289e-04
9.353056120316946293e-04
9.413609005008491534e-04
9.344396707913956443e-04
9.347532433564582216e-04
9.349476236014828351e-04
9.350337101561574486e-04
9.350215343787664614e-04
9.339821940701806919e-04
9.337795373780089858e-04
9.400056137023420338e-04
9.340068661268681720e-04
9.340900521439222601e-04
9.403654996442361138e-04
9.332887266304141496e-04
9.335895433034173060e-04
9.337735212584949646e-04
9.396752180444443211e-04
9.328598532070907744e-04
9.377916289426096834e-04
9.399629841769357183e-04
9.215302926439756159e-04
9.190048598610917920e-04
9.203429876175282234e-04
9.214734556564028187e-04
9.224151927933192836e-04
9.196071003939018705e-04
9.208637608595646520e-04
9.219277557592852430e-04
9.228159544213972816e-04
9.235433834366422231e-04
9.241235477818278204e-04
9.245686024902192426e-04
9.248895044010801763e-04
9.250961463135243734e-04
9.343500510354834808e-04
9.345618391618969656e-04
9.346845168965784616e-04
9.347247107266770053e-04
9.346884536492277001e-04
9.345812493190027012e-04
9.344081287715997903e-04
9.404565004013171669e-04
9.331479383337017023e-04
9.332943023810375124e-04
9.333485445501993891e-04
9.391065221588979243e-04
9.321690250876840450e-04
9.324898956102908951e-04
9.327021135525076631e-04
9.328147778499634940e-04
9.385677603612959134e-04
9.316892731611926435e-04
9.364749410013328097e-04
9.215031229397705088e-04
9.310912867174928401e-04
9.316294406376905137e-04
9.320421504136061630e-04
9.323403521291175663e-04
9.325338669974922836e-04
9.326315284652458024e-04
9.326412944310210175e-04
9.386822092443689383e-04
9.417946380444762238e-04
9.210553736502379713e-04
9.306607156707543587e-04
9.347393575749096467e-04
9.206486836654358260e-04
9.213069988314058142e-04
9.218154720809678326e-04
9.313379992672197148e-04
9.317923037044425344e-04
9.321328379459012641e-04
9.368277148239619522e-04
9.216651467767155706e-04
9.312031720522316418e-04
9.316599056426776507e-04
9.320027046357147113e-04
9.367162354834903271e-04
9.386447916366021712e-04
9.382621467662038278e-04
9.458344870110704664e-04
9.249021217037310932e-04
9.262502718724920656e-04
9.274028268340442881e-04
9.283731970913700494e-04
9.201509665139960114e-04
9.210613155045885292e-04
9.218217398703026878e-04
9.224438344716607207e-04
9.229381033361404177e-04
9.233140783910840461e-04
9.235804247241831411e-04
9.237450338919009091e-04
9.330432258909058521e-04
9.332322307783150628e-04
9.333400728582342621e-04
9.379882821814052550e-04
9.225212344145787167e-04
9.204325102379845667e-04
9.211562900016217982e-04
9.217324932336392381e-04
9.221735475751253065e-04
9.224905311320067422e-04
9.204371665846604236e-04
9.211481907028219122e-04
9.217124389996505292e-04
9.221422841591286629e-04
9.224487535623679705e-04
9.319340084249914296e-04
9.322301423289777430e-04
9.324306732096269762e-04
9.325429212027605205e-04
9.325735321774274687e-04
9.325285514292190863e-04
9.383926268739776642e-04
9.413305653397825712e-04
9.206790662475292574e-04
9.211582525811963474e-04
9.307776716392063103e-04
9.312083763972992803e-04
9.357581117010503949e-04
9.208274865928174017e-04
9.212789353572574521e-04
9.308855102168567220e-04
9.312948987178477998e-04
9.358448869752110724e-04
9.208781549165538432e-04
9.213148455933786382e-04
9.193591233626283990e-04
9.201640625267944055e-04
9.208109787213264105e-04
9.213136030910202591e-04
9.308024463987659303e-04
9.347244925010956282e-04
9.205486794892421987e-04
9.211364246434889085e-04
9.215865427340880949e-04
9.310583109347628705e-04
9.349990896948005750e-04
9.362309577003948176e-04
9.186996541124892515e-04
9.196936557644678654e-04
9.205222561621371905e-04
9.211992053177095983e-04
9.184828400484911426e-04
9.195326942956241712e-04
9.204148810191359418e-04
9.211433253915394777e-04
9.217304621074804815e-04
9.221875172945414971e-04
9.196878506091534042e-04
9.256774835908909314e-04
9.316025259484462693e-04
9.249737872132506901e-04
9.300182297887635502e-04
9.225236070754958473e-04
9.240878627277668072e-04
9.289215641355666898e-04
9.221891253086501915e-04
9.270960986610998810e-04
9.200495703164626076e-04
9.219016813125712828e-04
9.235527846268489632e-04
9.250161992637426266e-04
9.263053336820250335e-04
9.283525919731043432e-04
9.293002877600566513e-04
9.301108231507458591e-04
9.307907915262578647e-04
9.313488265833010744e-04
9.227034362598536326e-04
9.232984747071480702e-04
9.237846433680894660e-04
9.241684984369336053e-04
9.209059967509092065e-04
9.217474260391950213e-04
9.275096089921128955e-04
9.289812069067776828e-04
9.345950485383663388e-04
9.272216689559663501e-04
9.283180161917468616e-04
9.292559461345391292e-04
9.300444556987261377e-04
9.306946381063341874e-04
9.222278443097992311e-04
9.279431790672698849e-04
9.293701371085978050e-04
9.301327378835229105e-04
9.307565772530512717e-04
9.223817621930797050e-04
9.230080903360921322e-04
9.235154426644395786e-04
9.239119391295790322e-04
9.242050117395779430e-04
9.244014758932230912e-04
9.245075938178147750e-04
9.336315960104056132e-04
9.337790437706056622e-04
9.338529636853759542e-04
9.382798874150764063e-04
9.230152355629826517e-04
9.232158272864724163e-04
9.326233558793855767e-04
9.368099727191343340e-04
9.220854697263205623e-04
9.224625095020504454e-04
9.318365138480960317e-04
9.321926876647433809e-04
9.324495466472306447e-04
9.326147445717237333e-04
9.326952214067833020e-04
9.326972817762781099e-04
9.326266643452237829e-04
9.385469736631148240e-04
9.313776884590945805e-04
9.316168039090529530e-04
9.317591298924800128e-04
9.318123177133926655e-04
9.308488631026700256e-04
9.307250579881996139e-04
9.305317908196908318e-04
9.302744300076583100e-04
9.299578580618581393e-04
9.367863490972101227e-04
9.406673435906673765e-04
9.501109381167639539e-04
9.564614392050081130e-04
9.621215964424622864e-04
9.671739229799672941e-04
9.654218742683541620e-04
9.697132866939886216e-04
9.735798506638741094e-04
9.770700771079324741e-04
9.802265680840139151e-04
9.820933808952626680e-04
9.846659219572449426e-04
9.870043333054297902e-04
9.891342338416578631e-04
9.910782131089452586e-04
9.928562005008820333e-04
9.944857887195096557e-04
9.959825172579954075e-04
9.973601209320079840e-04
9.986307478347159448e-04
9.998051505292818424e-04
9.933266866459968935e-04
9.957764859175144249e-04
9.971204698366203413e-04
9.904079853320659453e-04
9.929745393718613939e-04
9.944733449338450000e-04
9.958604687352625145e-04
9.971468406228187198e-04
9.983421162796637851e-04
9.994548762424814489e-04
1.000492752802410431e-03
1.001462541659505715e-03
9.946636999015286747e-04
9.969973541389036496e-04
9.982196549169974290e-04
9.913247334513634705e-04
9.938284044516733102e-04
9.952537136063157285e-04
9.965754557541132465e-04
9.978035967546743362e-04
9.908248528538833935e-04
9.933325976983131342e-04
9.947715474916711195e-04
9.876676947223118116e-04
9.903166158035292457e-04
9.919303479739491596e-04
9.934273976753217779e-04
9.948188905169587457e-04
9.876168710824578725e-04
9.902292642156940508e-04
9.918175611096022304e-04
9.932938819363710658e-04
9.946686951495282026e-04
9.959512809691981224e-04
9.971499136438000642e-04
9.982719785887638527e-04
9.993240755729487258e-04
1.000312109623922299e-03
1.001241371116469957e-03
1.002116606335518413e-03
9.951849217748050085e-04
9.974698030966028511e-04
9.986341174021734664e-04
9.997199173034283532e-04
1.000734364657698220e-03
1.001683786377730034e-03
1.002573830713124900e-03
1.003409546333843211e-03
1.004195451936537066e-03
1.004935597523272600e-03
1.005633618352933661e-03
1.006292782446359000e-03
1.006916032421153930e-03
1.007506022339280192e-03
1.008065150168712580e-03
1.008595586388259932e-03
1.009099299201023396e-03
1.009578076765913195e-03
1.010033546807249027e-03
1.010467193918977149e-03
1.004243160011099138e-03
1.003571390985752649e-03
1.002822986647341520e-03
1.002006351640494664e-03
9.965580555698345770e-04
9.961881067462206515e-04
9.957228382645607299e-04
9.951724419109157435e-04
9.945458661417725613e-04
9.938510411249378961e-04
9.930950029095480820e-04
9.922840021983152757e-04
9.914235996407079216e-04
9.875669162907943759e-04
9.835914164092471670e-04
9.836427287387716507e-04
9.835727006757609501e-04
9.833940954565552686e-04
9.831181276214440677e-04
9.795690079829485163e-04
9.796708373576534616e-04
9.760076938678312287e-04
9.764445648935976422e-04
9.767388414126713068e-04
9.769050219425822173e-04
9.733336625785442764e-04
9.694085328442395965e-04
9.703593198113933619e-04
9.711354236999660949e-04
9.717541136897706175e-04
9.722306316790506808e-04
9.725785170568126059e-04
9.688979279406446021e-04
9.648008306326143722e-04
9.602446108698348224e-04
9.618413738531949924e-04
9.632302139467517317e-04
9.644306821836827600e-04
9.654601015667815854e-04
9.608797585725245517e-04
9.622287353057876972e-04
9.634008876149886694e-04
9.585939141679380602e-04
9.600847418586624374e-04
9.613938127313895144e-04
9.625370067398192776e-04
9.635284429769295058e-04
9.643807709241592873e-04
9.651053387788215750e-04
9.606853965842356881e-04
9.617932096817629044e-04
9.627535351899797929e-04
9.635786333855088457e-04
9.642794188732034446e-04
9.648657048671996275e-04
9.653463281811496379e-04
9.657292596164402396e-04
9.660217014643934742e-04
9.662301736239186246e-04
9.663605896636223843e-04
9.664183240043869349e-04
9.664082712626466572e-04
9.635353766959765592e-04
9.639568665655901978e-04
9.642756498033881870e-04
9.612105758921432120e-04
9.619168417079823358e-04
9.624959183795370838e-04
9.629588822032687486e-04
9.597971637535404306e-04
9.606320301419808173e-04
9.613300032826959871e-04
9.578945747888611886e-04
9.589427393529342987e-04
9.598389650450031866e-04
9.605966755570322741e-04
9.612277794816680588e-04
9.617429363052615353e-04
9.621517010273269652e-04
9.624626516597268059e-04
9.626835016393431137e-04
9.628211989334984613e-04
9.628820134101386419e-04
9.628716138613768955e-04
9.627951359066791535e-04
9.606809224545093681e-04
9.610232551619734501e-04
9.612651224617418033e-04
9.614151499181074114e-04
9.614809750786300520e-04
9.594273476834768452e-04
9.598852290575333058e-04
9.602302821755482947e-04
9.578893357235490754e-04
9.585940940140684529e-04
9.591657030324153739e-04
9.596163216168706635e-04
9.599567055811994605e-04
9.601964627212066948e-04
9.603441876094250852e-04
9.604075802097261118e-04
9.603935502638003777e-04
9.586340212167543569e-04
9.590159475764112361e-04
9.568194139592477686e-04
9.540202370465225784e-04
9.551985708718856638e-04
9.562052815914416897e-04
9.570564141225438399e-04
9.577661705765760621e-04
9.583472156841032997e-04
9.588108571473700527e-04
9.561687118166492137e-04
9.529227795470293942e-04
9.542127431338041314e-04
9.504537546091214751e-04
9.520325891490774052e-04
9.534209433647860979e-04
9.546358739208555058e-04
9.556925294729458039e-04
9.566044612747845411e-04
9.528758170300916401e-04
9.485344067797367483e-04
9.502791325363678940e-04
9.518309909778955268e-04
9.532065886363597692e-04
9.544207113878287307e-04
9.554866236856901897e-04
9.564162409595899266e-04
9.523164535660365434e-04
9.536242206349354817e-04
9.547773716589565097e-04
9.557884953042262944e-04
9.515512520465935816e-04
9.529354502895618457e-04
9.541607560712817666e-04
9.496190205350710017e-04
9.512001314128782194e-04
9.526100403714442538e-04
9.538626885100754326e-04
9.549705175140280229e-04
9.559447323307502077e-04
9.567954391662983555e-04
9.575317676602866472e-04
9.581619790581601907e-04
9.543273016406232179e-04
9.553727216448404695e-04
9.562850403302635121e-04
9.570746999453886824e-04
9.577510180593714478e-04
9.539887844211257257e-04
9.496255181278154484e-04
9.511978321877399226e-04
9.525963506657644363e-04
9.538355190169268668e-04
9.549282128881612713e-04
9.558860092967895504e-04
9.567193326405047400e-04
9.574375838940448781e-04
9.535552345618120585e-04
9.490714488466693664e-04
9.506886635417108235e-04
9.457193984349802430e-04
9.476537632152843898e-04
9.512874168832864512e-04
9.537095305418700521e-04
9.572302419078097509e-04
9.598072242394475612e-04
9.621578618688077103e-04
9.642287494622237519e-04
9.659684082127675082e-04
9.735148770540921976e-04
9.742266551578555043e-04
9.745284540659377402e-04
9.804591516772989072e-04
9.853562429847321103e-04
9.893869605200544207e-04
9.878640814980524203e-04
9.912898341655435128e-04
9.941145850791840381e-04
9.916066187606864795e-04
9.886633916912068980e-04
9.676229153688934359e-04
9.687173653057643864e-04
9.694388407989053096e-04
9.698385637265280164e-04
9.699605496851727762e-04
9.698414754212725947e-04
9.695122533590993900e-04
9.689989463792378832e-04
9.683235382476994410e-04
9.675045828327690249e-04
9.672669494671065453e-04
9.668797391154666625e-04
9.663345711359592810e-04
9.656472802393754667e-04
9.648313670581847154e-04
9.638984367670630883e-04
9.628584863783382422e-04
9.617201492176542929e-04
9.604909029470905116e-04
9.611387015866140532e-04
9.604085445918304504e-04
9.595515381684519701e-04
9.585778918768628979e-04
9.574965009483883032e-04
9.582591889415036524e-04
9.576582986757497260e-04
9.569171690056549025e-04
9.560470594376958842e-04
9.550578639245768837e-04
9.539583793440218826e-04
9.527564484085690889e-04
9.514590839013302047e-04
9.500725766613535902e-04
9.519232301846199812e-04
9.529633749731578063e-04
9.531637840044624062e-04
9.525033894808537620e-04
9.509689203444246465e-04
9.522861139272379739e-04
9.533215823690504740e-04
9.540997447990617539e-04
9.546422731892879356e-04
9.549685053455364081e-04
9.550957200260829080e-04
9.550393795294275000e-04
9.548133435784763191e-04
9.544300578629669489e-04
9.539007202095108832e-04
9.532354270027138714e-04
9.524433021757144381e-04
9.515326108190638905e-04
9.505108592187772954e-04
9.493848829239633818e-04
9.505558708738323127e-04
9.508978004252947565e-04
9.508750946765085008e-04
9.506640455741746870e-04
9.502797271370060431e-04
9.497355731849257921e-04
9.490436608194022369e-04
9.482148679518412164e-04
9.472590122827594366e-04
9.461849738976529315e-04
9.450008033817846936e-04
9.437138171395783280e-04
9.457948140155279619e-04
9.450033996696779190e-04
9.440713052575997908e-04
9.430094843467434545e-04
9.418277108127269363e-04
9.405348101200667645e-04
9.391387692711433742e-04
9.376468336534844478e-04
9.360655923417030618e-04
9.344010532134709160e-04
9.418410167928077149e-04
9.515651454373442704e-04
9.353529605809807234e-04
9.339672148162594641e-04
9.324730786512620048e-04
9.401237755971735737e-04
9.386660280749556644e-04
9.371248306555814362e-04
9.355064825228786522e-04
9.338167001184061395e-04
9.320606844656533895e-04
9.302431803371150098e-04
9.283685282485568211e-04
9.264407101453518657e-04
9.244633895432282289e-04
9.224399467951387589e-04
9.365079117197523716e-04
9.265229509008071412e-04
9.248503246709882924e-04
9.230969033138915550e-04
9.212695613841791111e-04
9.353784139888378412e-04
9.255701567623871593e-04
9.240364134657726202e-04
9.224050958741008156e-04
9.206851422489515215e-04
9.188849648880515310e-04
9.170120887701526139e-04
9.150732584163945912e-04
9.130745316050804241e-04
9.110213614698286014e-04
9.089186684146215991e-04
9.067709031044415922e-04
9.045821016363510486e-04
9.023559338606788665e-04
9.000957457030568740e-04
8.978045962335536164e-04
9.162350198839371062e-04
9.308356610220536913e-04
9.375675336158317960e-04
9.433345326050961935e-04
9.482570315618275717e-04
9.524400177978936200e-04
9.559751221995808250e-04
9.621813009900667419e-04
9.668604922201343849e-04
9.693570520458009467e-04
9.714398372074982543e-04
9.731575913493962018e-04
9.745530695591459510e-04
9.756638326860628827e-04
9.765228915683714980e-04
9.771592701670933547e-04
9.775984980802006601e-04
9.778630414860461917e-04
9.779726803566921207e-04
9.779448387465532362e-04
9.777944339978857351e-04
9.775354918202276353e-04
9.771799604002704906e-04
9.789761673310430103e-04
9.802534387306539605e-04
9.805123679261463707e-04
9.812764497390659771e-04
9.814774868195466108e-04
9.823098492619387716e-04
9.829421705904680708e-04
9.833962860006247551e-04
9.836913913080899598e-04
9.838444341239750441e-04
9.837801959036787669e-04
9.831827719631999404e-04
9.840309387274832204e-04
9.846889443527668314e-04
9.851767663362587073e-04
9.842627073490546174e-04
9.850313678554517560e-04
9.836521350616118584e-04
9.816926558740926047e-04
9.831577857915751659e-04
9.843918729150200400e-04
9.854181563648692441e-04
9.862571967628912858e-04
9.869272631865394756e-04
9.874446021289008581e-04
9.855477419217688415e-04
9.864068497968320800e-04
9.870979817714403345e-04
9.876371608648390043e-04
9.855892557701529267e-04
9.864766408302829553e-04
9.871960407551155087e-04
9.877633128466253506e-04
9.881925204936567887e-04
9.884962169036527573e-04
9.886856197307170458e-04
9.887707651930750623e-04
9.872023882334663835e-04
9.876848109843811702e-04
9.880340006027698348e-04
9.882622688956064702e-04
9.866129235635958186e-04
9.872182923458627888e-04
9.876786436480895510e-04
9.880075885023670117e-04
9.882171893056781228e-04
9.883182162720985028e-04
9.883202974620859931e-04
9.870216555640741983e-04
9.874190059614850086e-04
9.876877572320144020e-04
9.878399458599152524e-04
9.878862309531848476e-04
9.866487433261767782e-04
9.870787234849908408e-04
9.854532649960759307e-04
9.862234313377650323e-04
9.868305004307989688e-04
9.872902206310301982e-04
9.876165326974134951e-04
9.878218568800303107e-04
9.863225241106444042e-04
9.869003442034445829e-04
9.849983170004672755e-04
9.859089217663320661e-04
9.866467143370921764e-04
9.844340806143706078e-04
9.854976586468799839e-04
9.863783116549733072e-04
9.838468762320704344e-04
9.850502723125860102e-04
9.860625540687164778e-04
9.869016906606956161e-04
9.875836355987212180e-04
9.850246727056532602e-04
9.860659946891719031e-04
9.869338856353193721e-04
9.840940066964160189e-04
9.853081942002368983e-04
9.863367416329434090e-04
9.871966285104917787e-04
9.842144670235916399e-04
9.854318276137673856e-04
9.864663017040641545e-04
9.873343894458593267e-04
9.880507775798725353e-04
9.851058767145984968e-04
9.862017962429126677e-04
9.828421464611843735e-04
9.842808545376720980e-04
9.855221368432077328e-04
9.818645708282380206e-04
9.834449085788401872e-04
9.848200511515291591e-04
9.860082055521859727e-04
9.870256110639959429e-04
9.878868376825952671e-04
9.844257450501582140e-04
9.803992078200563735e-04
9.821728334072803764e-04
9.837308372832177360e-04
9.793975597809432936e-04
9.812885794513613244e-04
9.829590730521474938e-04
9.783261969598590780e-04
9.803330260561298089e-04
9.821151346850590970e-04
9.836916417854304345e-04
9.850796631463581716e-04
9.862950577645965885e-04
9.818926580152842389e-04
9.835029013381616902e-04
9.849224030250686678e-04
9.802891462219419632e-04
9.820858451051808768e-04
9.836787872828634503e-04
9.850848221787935829e-04
9.863195023238520431e-04
9.873959352620913666e-04
9.830592668837634558e-04
9.845479374188763604e-04
9.858571452910525491e-04
9.870009897297205188e-04
9.879925768422174754e-04
9.888437418048817273e-04
9.895651854181048909e-04
9.901665957134278117e-04
9.906567561724041217e-04
9.910436420177640843e-04
9.913345058828863278e-04
9.915359540265435145e-04
9.916540141350275832e-04
9.890085256207643491e-04
9.858477247021160076e-04
9.869486976085539015e-04
9.878834113492085487e-04
9.886663879532348823e-04
9.854151125472945198e-04
9.865826369715236573e-04
9.875788606156941842e-04
9.884187804870870914e-04
9.891157568950755246e-04
9.896817768746356530e-04
9.901276084481104058e-04
9.872886730842315908e-04
9.881494877122759622e-04
9.888623136068441268e-04
9.894399449007348565e-04
9.898937745078679323e-04
9.902340315999466104e-04
9.904699127961107304e-04
9.906096982403985937e-04
9.906608543057669487e-04
9.906301244562221772e-04
9.905236096268670975e-04
9.888313415729434522e-04
9.891624850122246373e-04
9.893802455086813004e-04
9.894945587868928926e-04
9.895142441995968905e-04
9.879386852467092559e-04
9.883663119569880903e-04
9.886678906738425535e-04
9.888549555897429167e-04
9.871951243337639438e-04
9.877659226436364456e-04
9.881966024992874364e-04
9.885002621588588698e-04
9.886885014799018118e-04
9.887716736372530180e-04
9.887590306437467336e-04
9.886588515971468649e-04
