1.267077151958171007e-02
1.475906174304386469e-02
1.639514842634048203e-02
1.787159139718683815e-02
1.906782999646223706e-02
2.003870328084421046e-02
2.081673795593716111e-02
2.144167946172094094e-02
2.194531837966832641e-02
2.235021782510947588e-02
2.267461735864758840e-02
2.293330566078454966e-02
1.381229736403081880e-02
1.565497503474212390e-02
1.709904170714555277e-02
1.844407000207609962e-02
1.953422951880556119e-02
2.041913009587536729e-02
2.112629581927724653e-02
2.169326880560154894e-02
2.214949965531613427e-02
1.380606436380995249e-02
1.565008526404082154e-02
1.709520396976920570e-02
1.844094639093069032e-02
1.953168323220434016e-02
2.041705228836583272e-02
2.112460511808388411e-02
2.169189505434570772e-02
2.214838541006419748e-02
2.251467022016075820e-02
2.280740738927462818e-02
2.304010775395535018e-02
1.381326270934141350e-02
1.565573232823259595e-02
1.709963605018062147e-02
1.844455375248081619e-02
1.953462386105837140e-02
2.041945188563207975e-02
2.112655765671779887e-02
2.169348155537497574e-02
2.214967221359117819e-02
2.251571135833430395e-02
2.280824691757664391e-02
2.304078169769741349e-02
2.322430513975778932e-02
2.336776228180354256e-02
2.347846368683099982e-02
2.356237430388805065e-02
2.362437612314389687e-02
2.366846593029666573e-02
2.369791617963707547e-02
2.371541317945597555e-02
2.372315850012150090e-02
2.372295804220247301e-02
2.371629619714003129e-02
2.370438976921243265e-02
2.368823797475687332e-02
2.366866639159102143e-02
1.383943837631788042e-02
1.567626475677611972e-02
1.711574848196712600e-02
1.845766833622099201e-02
1.954531472279158813e-02
2.042817587078649827e-02
1.379785997906775655e-02
1.564364876036015983e-02
1.378447298362924650e-02
1.563314573368360105e-02
1.708190666951998893e-02
1.843012368651292948e-02
1.952286097434598883e-02
2.040985325261823399e-02
1.379779191389271693e-02
1.564359536230712153e-02
1.378447285969033008e-02
1.563314563644011695e-02
1.708190659318304175e-02
1.843012362438313512e-02
1.952286092370071960e-02
1.379480205686732172e-02
1.564124963624132988e-02
1.708826804524633813e-02
1.378820910646702015e-02
1.563607710135966541e-02
1.378445545930263340e-02
1.563313198395152592e-02
1.708189587586401992e-02
1.843011490167652602e-02
1.952285381336218983e-02
2.040984740923307630e-02
2.111874244545932158e-02
2.168713138617199554e-02
2.214452250404081585e-02
2.251154534624382267e-02
2.280488731631538299e-02
2.303808682766253502e-02
2.322215407553959027e-02
2.336605828916354932e-02
2.347712735722900373e-02
2.356134038728369129e-02
2.362359095799385425e-02
2.366788281534392205e-02
2.369750176665072830e-02
2.371513745182751709e-02
2.372299671310310401e-02
1.383106643261008961e-02
1.566969813865146111e-02
1.711059586214036879e-02
1.845347434419989524e-02
1.954189579528289519e-02
2.042538593465755697e-02
2.113138468625798058e-02
2.169740355522913750e-02
2.215285328979214527e-02
2.251828492099347892e-02
2.281032197525079130e-02
1.381098262762385336e-02
1.565394363979184453e-02
1.709823223131690106e-02
1.844341115105504331e-02
1.953369243919039072e-02
1.379483796325965510e-02
1.564127780693456288e-02
1.378446749153922762e-02
1.563314142454440628e-02
1.708190328680951608e-02
1.843012093336250309e-02
1.952285873010775261e-02
2.040985142131286623e-02
2.111874571016252380e-02
2.168713403900138920e-02
2.214452465595799502e-02
2.251154708754517925e-02
1.380854022863769667e-02
1.565202759342194244e-02
1.709672843112711518e-02
1.378823209620677788e-02
1.563609514019377936e-02
1.708422194639500763e-02
1.843200806999935673e-02
1.379156806230089072e-02
1.563871250052747616e-02
1.708627651010016096e-02
1.843368027045185625e-02
1.952576014445983263e-02
2.041221898948182220e-02
2.112067223654837123e-02
2.168869948201371245e-02
2.214579345547491168e-02
2.251257375770197161e-02
2.280571672504263375e-02
2.303875279617674521e-02
1.381324927312558258e-02
1.565572178786652988e-02
1.709962777789867869e-02
1.844454701946149355e-02
1.953461837245238156e-02
2.041944740683865681e-02
2.112655401236819552e-02
2.169347859425190678e-02
2.214966981187460951e-02
2.251570941520739111e-02
2.280824535073281215e-02
2.304078043994202754e-02
2.322430413597123197e-02
2.336776148682544879e-02
2.347846306357746077e-02
1.381971859161910780e-02
1.566079672374640422e-02
1.710361059511300921e-02
1.378825036316121654e-02
1.563610947223204733e-02
1.708423319674938143e-02
1.843201722659277772e-02
1.952440450187743412e-02
1.379480715440763172e-02
1.564125363556453235e-02
1.708827118446759608e-02
1.843530373550641976e-02
1.952708352865456173e-02
2.041329888062232145e-02
1.379780486493510996e-02
1.564360552301543444e-02
1.709011727121810542e-02
1.843680627211511519e-02
1.952830834079598635e-02
2.041429833821312503e-02
2.112236422198945918e-02
2.169007421830078386e-02
2.214690860516878648e-02
2.251347607505081033e-02
2.280644441190614671e-02
2.303933705776458132e-02
2.322315214780334633e-02
2.336684905277893951e-02
2.347774763787874655e-02
2.356182044385377039e-02
1.382172665254828917e-02
1.378035481894683903e-02
1.562991451937631796e-02
1.707937008912144630e-02
1.842805919868724732e-02
1.952117810500228479e-02
2.040848002748397658e-02
2.111762977854469980e-02
2.168622725135102916e-02
2.214378908325627046e-02
2.251095186498910591e-02
2.280440865341926832e-02
2.303770246270525970e-02
2.322184719550608387e-02
2.336581511102038891e-02
2.347693656404250054e-02
2.356119268041347373e-02
2.362347869064808023e-02
2.366779968652273775e-02
2.369744260767208191e-02
2.371509799565453547e-02
2.372297344407500383e-02
2.372287847286447954e-02
2.371630451867454137e-02
2.370447005230199092e-02
1.383618181327165783e-02
1.567371046765847140e-02
1.711374426149605762e-02
1.378827738238739067e-02
1.563613067119546882e-02
1.708424983749328580e-02
1.843203077039122159e-02
1.952441554218667732e-02
2.041112178628614118e-02
2.111977942744213202e-02
2.168797401264307631e-02
2.214520496395329385e-02
1.380603897686165892e-02
1.565006534774126060e-02
1.709518833807921120e-02
1.844093366804690562e-02
1.953167286087444110e-02
2.041704382522307668e-02
2.112459823164503092e-02
2.169188945884558892e-02
1.380342734396211926e-02
1.564801658091904274e-02
1.709358029861721834e-02
1.843962486175616117e-02
1.953060596102252147e-02
2.041617322131751219e-02
2.112388982159237732e-02
2.169131384549319655e-02
2.214791398523959301e-02
2.251428955881519187e-02
2.280710043017037184e-02
2.303986133253571600e-02
2.322357057126536381e-02
2.336718047035639054e-02
2.347800750197610864e-02
2.356202145203790607e-02
2.362410826969596131e-02
2.366826798192105813e-02
2.369777572318772924e-02
2.371531998236911867e-02
2.372310413097779638e-02
1.383108226110133475e-02
1.566971056114330532e-02
1.711060561409961586e-02
1.845348228168368354e-02
1.954190226585776277e-02
1.379486980818179880e-02
1.378029879355934829e-02
1.562987056020994150e-02
1.707933557970850794e-02
1.842803111203792157e-02
1.952115521019168534e-02
1.379479643174806765e-02
1.564124522300086584e-02
1.708826458112540359e-02
1.843529836103301178e-02
1.952707914758991178e-02
2.041329530563913350e-02
2.112154804616288642e-02
2.168941113267577880e-02
2.214637073045380711e-02
2.251304085987937756e-02
2.280609342988561272e-02
1.381094735545597071e-02
1.565391596921414386e-02
1.709821051443188161e-02
1.844339347519815056e-02
1.953367803026416841e-02
2.041868007241181421e-02
2.112592963844438926e-02
2.169297127294846084e-02
2.214925832946128270e-02
2.251537648174406492e-02
2.280797688560129086e-02
1.381096298832600044e-02
1.565392823299746605e-02
1.709822013949057959e-02
1.844340130924809404e-02
1.953368441639001876e-02
2.041868528358966456e-02
2.112593387874122167e-02
2.169297471831396068e-02
2.214926112396450875e-02
2.251537874268627962e-02
2.280797870874943720e-02
2.304056639403167725e-02
1.381326727944916753e-02
1.565573591336438114e-02
1.709963886386055287e-02
1.844455604260607923e-02
1.953462572791696272e-02
2.041945340901956535e-02
2.112655889628298547e-02
2.169348256255194951e-02
2.214967303049520872e-02
2.251571201925656532e-02
2.280824745051242969e-02
2.304078212550184426e-02
1.381326943241259313e-02
1.565573760230866765e-02
1.709964018937631253e-02
1.844455712147684973e-02
1.379160611278264573e-02
1.563874235824640538e-02
1.708629994922732445e-02
1.843369934745754668e-02
1.952577569524825349e-02
2.041223167905656041e-02
2.112068256235530642e-02
1.380064094409700834e-02
1.564583056035902947e-02
1.709186374173690681e-02
1.843822773725820735e-02
1.379158630693828706e-02
1.563872681485186170e-02
1.708628774629053840e-02
1.843368941556328133e-02
1.952576759917866792e-02
2.041222507258028812e-02
2.112067718643439659e-02
2.168870350411932629e-02
2.214579671813023468e-02
2.251257639769687832e-02
2.280571885414273831e-02
2.303875450567846594e-02
2.322268710710495218e-02
1.381547202911512229e-02
1.565746549076458410e-02
1.378450508439680623e-02
1.563317092020738777e-02
1.708192644114874328e-02
1.378819240790774697e-02
1.563606399987051837e-02
1.378445542901197800e-02
1.563313196018522797e-02
1.708189585720731526e-02
1.378819232749698212e-02
1.563606393678119641e-02
1.708419745142055954e-02
1.843198813371667300e-02
1.952438078664583618e-02
2.041109342558486417e-02
2.111975634987209999e-02
2.168795526039557497e-02
2.214518975222021929e-02
2.251208525250662784e-02
1.380854396750178653e-02
1.565203052656123986e-02
1.709673073321385864e-02
1.844218905058998478e-02
1.379159796503992910e-02
1.563873596152974207e-02
1.708629492607695657e-02
1.843369525917626719e-02
1.952577236265180816e-02
2.041222895960506656e-02
2.112068034935026331e-02
2.168870607419485022e-02
2.214579880292633085e-02
2.251257808462045137e-02
2.280572021461064330e-02
2.303875559802799969e-02
2.322268797913615984e-02
2.336648131415649046e-02
2.347745920018052754e-02
2.356159723234667325e-02
2.362378611456956642e-02
2.366802724930292673e-02
2.369760447617171376e-02
2.371520586415555229e-02
2.372303694776166719e-02
2.372290554787785666e-02
2.371630173049209950e-02
2.370444279775003188e-02
2.368833244137774630e-02
2.366879212275335362e-02
2.364650244118504663e-02
1.384099173316718709e-02
1.567748311038078338e-02
1.711670443608211134e-02
1.845844644451941768e-02
1.954594903727660885e-02
2.042869348966116702e-02
2.113407593481399574e-02
2.169959004193238589e-02
2.215462655833004904e-02
2.251971945654787297e-02
2.281147672366438950e-02
2.304337709176094984e-02
2.322637613058903955e-02
2.336940207233625597e-02
1.381766431765206644e-02
1.565918525352286497e-02
1.710234593913304707e-02
1.844675940672983738e-02
1.953642186497981520e-02
2.042091908874023656e-02
1.379783232537406396e-02
1.564362706475821291e-02
1.709013417774749369e-02
1.843682003248817494e-02
1.379158217147069543e-02
1.563872357025901036e-02
1.708628519941097698e-02
1.843368734266339834e-02
1.952576590943590901e-02
2.041222369373939249e-02
2.112067606445597670e-02
2.168870259243866824e-02
1.380341128509794332e-02
1.564800398236073156e-02
1.709357041018420495e-02
1.843961681343431538e-02
1.379159039116026504e-02
1.378029198355190665e-02
1.562986521687650607e-02
1.707933138501199419e-02
1.842802769804280372e-02
1.952115242727625946e-02
2.040845907443062171e-02
2.111761272858394059e-02
2.168621339678634963e-02
2.214377784457471909e-02
2.251094277061658350e-02
2.280440131841590667e-02
2.303769657262846535e-02
1.381323885448522241e-02
1.565571361470987147e-02
1.709962136344718095e-02
1.844454179857737269e-02
1.953461411650503007e-02
2.041944393391513513e-02
2.112655118648485569e-02
1.380066639829124857e-02
1.564585053016377333e-02
1.709187941617841197e-02
1.843824049482977595e-02
1.952947746959837402e-02
2.041525235923898063e-02
1.379781222752761091e-02
1.564361129931858899e-02
1.709012180515738846e-02
1.843680996231435165e-02
1.952831134891441431e-02
1.379482008464100531e-02
1.564126378009976157e-02
1.708827914729898340e-02
1.843531021647100768e-02
1.952708881168842281e-02
2.041330319161961324e-02
1.379780488117271324e-02
1.564360553575458446e-02
1.709011728121738807e-02
1.843680628025357385e-02
1.952830834743015873e-02
2.041429834362669046e-02
2.112236422639450842e-02
2.169007422188013248e-02
2.214690860807219663e-02
2.251347607740008042e-02
2.280644441380067639e-02
2.303933705928564932e-02
2.322315214901753133e-02
2.336684905374078122e-02
2.347774763863310493e-02
2.356182044443745627e-02
2.362395567514657263e-02
2.366815269613085221e-02
1.382560535457549172e-02
1.566541447420334923e-02
1.710723440370997064e-02
1.845073830356073336e-02
1.953966540091948284e-02
2.042356588045260435e-02
2.112990375339919916e-02
2.169620030580525147e-02
2.215187729472327394e-02
2.251749535231101912e-02
2.280968537699382820e-02
2.304193632052096638e-02
2.322522653907075144e-02
2.336849192598783320e-02
2.347903562872238892e-02
2.356281652617482625e-02
2.362471163992683337e-02
2.366871368746451335e-02
1.382562699030941492e-02
1.566543144540732610e-02
1.710724772148955464e-02
1.845074914345086470e-02
1.953967423746983539e-02
2.042357309127261836e-02
2.112990962067611000e-02
2.169620507295526995e-02
1.380344924416609421e-02
1.564803376214241731e-02
1.709359378391598835e-02
1.843963583761328365e-02
1.953061490820183488e-02
1.379482772771665686e-02
1.564126977654539674e-02
1.708828385413652465e-02
1.843531404737567408e-02
1.379157775149157140e-02
1.563872010244479402e-02
1.708628247731130284e-02
1.843368512715224880e-02
1.952576410344228700e-02
2.041222222003697198e-02
2.112067486528762875e-02
2.168870161803605409e-02
2.214579518817551620e-02
2.251257515972594422e-02
2.280571785574534924e-02
2.303875370404310716e-02
2.322268646715297188e-02
2.336648011623140148e-02
2.347745826052502136e-02
2.356159650512057793e-02
2.362378556207495386e-02
2.366802684047656855e-02
2.369760418553032433e-02
1.382747012051132804e-02
1.566687721534099423e-02
1.710838226135597342e-02
1.845167259326135900e-02
1.954042702356344891e-02
2.042418738185398236e-02
2.113040945509672697e-02
2.169661118771858480e-02
2.215221065320953364e-02
2.251776503929319925e-02
2.280990281900870109e-02
1.381097910373798796e-02
1.565394087534576970e-02
1.709823006167681542e-02
1.844340938513655895e-02
1.953369099965675607e-02
2.041869065563798463e-02
2.112593824993850081e-02
2.169297827004157408e-02
2.214926400473888127e-02
2.251538107342983264e-02
2.280798058818520740e-02
2.304056790275472652e-02
2.322413451065774917e-02
2.336762714270454802e-02
2.347835773467659912e-02
2.356229235930642346e-02
2.362431392650855486e-02
2.366841997500930550e-02
2.369788358173173515e-02
2.371539156158403855e-02
2.372314590338492693e-02
2.372295285237924906e-02
2.371629708003040321e-02
2.370439562730227920e-02
2.368824789867010963e-02
2.366867964464287530e-02
2.364636721717448473e-02
2.362186748511653500e-02
1.384254201997334351e-02
1.378039857438864528e-02
1.562994885116856386e-02
1.707939704070991424e-02
1.842808113414804577e-02
1.952119598567721853e-02
2.040849461813519852e-02
2.111764165127778120e-02
2.168623689896974349e-02
2.214379690930414271e-02
2.251095819784668106e-02
2.280441376113939711e-02
2.303770656424992611e-02
1.381323895277130481e-02
1.565571369181278927e-02
1.709962142395900220e-02
1.844454184782947856e-02
1.953461415665424042e-02
2.041944396667755290e-02
2.112655121314335749e-02
2.169347631981321384e-02
2.214966796711600322e-02
2.251570792269137755e-02
1.380856856190711829e-02
1.565204981950761923e-02
1.709674587425165024e-02
1.844220137419964531e-02
1.953270625992883230e-02
2.041788709320021752e-02
2.112528439587484097e-02
2.169244699256316078e-02
2.214883308829131842e-02
2.251503243001932650e-02
2.280769965285070824e-02
2.304034238745247126e-02
2.322395452536216154e-02
2.336748459115861598e-02
2.347824596860463575e-02
2.356220591566560857e-02
2.362424831237789485e-02
2.366837149173009469e-02
2.369784918740265936e-02
2.371536874865637010e-02
2.372313260567877544e-02
2.372294736726750577e-02
2.371629800024234458e-02
2.370440179522662755e-02
2.368826096242579449e-02
2.366869573327978760e-02
2.364638688123188448e-02
2.362188892754450015e-02
2.359566161323659039e-02
2.356808060196196805e-02
2.353945829055477737e-02
2.351004931435175804e-02
2.348006540513819171e-02
2.344968147375820974e-02
2.341904041105063658e-02
2.338826032527447848e-02
2.335743855643583611e-02
2.332665681481990022e-02
2.329598090291425810e-02
2.326546630482068112e-02
2.323516038121204233e-02
2.339494481439876455e-02
2.351714942306738776e-02
2.361027547563068762e-02
2.368092442460653646e-02
2.373419426736746510e-02
2.377402019277973996e-02
2.380344787643915230e-02
2.382482857005668517e-02
2.382609853446649231e-02
2.381969166103275679e-02
2.381009770280617666e-02
2.379810646490862144e-02
2.378432121577132158e-02
2.376920994502232029e-02
1.387632134945589527e-02
1.570518992630339991e-02
1.713843988829340595e-02
1.847613875786890611e-02
1.956037210754263053e-02
1.379493249652884342e-02
1.564135198150054529e-02
1.708834838667521935e-02
1.843536657037218862e-02
1.952713474922302545e-02
2.041334067711881098e-02
2.112158496582320494e-02
2.168944113273256827e-02
2.214639506639091981e-02
2.251306055193593239e-02
2.280610931166185754e-02
2.303906800975122349e-02
2.322293737681069281e-02
2.336667890546174561e-02
2.347761418777023767e-02
1.381970313816789468e-02
1.566078460137702855e-02
1.710360108174160607e-02
1.844778100762552164e-02
1.953725465583209392e-02
2.042159866199836152e-02
2.112830446183801281e-02
2.169490086817134344e-02
2.215082338250665486e-02
2.251664270561648182e-02
2.280899789595409316e-02
2.304138451522072875e-02
2.322478621718004899e-02
2.336814326611995341e-02
2.347876235382393567e-02
1.381972406789463807e-02
1.566080101958758006e-02
1.710361396639429460e-02
1.378825037212574704e-02
1.563610947926553224e-02
1.378445553408363770e-02
1.563313204262532438e-02
1.708189592192351641e-02
1.843011493916383789e-02
1.952285384392007245e-02
2.040984743416832808e-02
2.111874246574970207e-02
2.168713140265953257e-02
2.214452251741514874e-02
2.251154535706617263e-02
2.280488732504384539e-02
1.381093740085023031e-02
1.565390815995425580e-02
1.709820438544243371e-02
1.378823600850400018e-02
1.563609820973651393e-02
1.708422435592291122e-02
1.843201003109912195e-02
1.952439863642748200e-02
2.041110799110622612e-02
2.111976820211326072e-02
2.168796489127166119e-02
2.214519756479394266e-02
2.251209157430719005e-02
1.380854401135504610e-02
1.565203056096416134e-02
1.709673076021513485e-02
1.844218907256682874e-02
1.953269623196274632e-02
2.041787891025221777e-02
2.112527773753570745e-02
2.169244158254296506e-02
1.380343013576288552e-02
1.564801877115248180e-02
1.709358201770062868e-02
1.843962626094007573e-02
1.953060710159405106e-02
2.041617415203755836e-02
2.112389057891937011e-02
2.169131446085456952e-02
1.380342443975564326e-02
1.564801430250063741e-02
1.709357851031852171e-02
1.378822312864522344e-02
1.378028499622071731e-02
1.562985973440930362e-02
1.707932708109044517e-02
1.842802419515137194e-02
1.952114957189714575e-02
2.040845674443806865e-02
2.111761083261755670e-02
2.168621185614980768e-02
2.214377659482593894e-02
2.251094175931610264e-02
2.280440050275826108e-02
2.303769591764739944e-02
2.322184196977280374e-02
1.381546194751489404e-02
1.565745758215483785e-02
1.710099005976623357e-02
1.844565581675342014e-02
1.953552224011202015e-02
2.042018497843932009e-02
2.112715416699866011e-02
2.169396623425355608e-02
2.215006532791869570e-02
2.251602940972683917e-02
2.280850337818149734e-02
2.304098756598453590e-02
2.322446943779411799e-02
2.336789240151674121e-02
2.347856569818083591e-02
2.356245319473616873e-02
2.362443599564019447e-02
2.366851016141363617e-02
2.369794754676404769e-02
2.371543397209262966e-02
2.372317060479079906e-02
2.372296301349416728e-02
2.371629531997385132e-02
2.370438410057819356e-02
2.368822839045331766e-02
2.366865591065274790e-02
2.364633908205761303e-02
2.362183452498303748e-02
2.359560181729555145e-02
2.356801649007293081e-02
2.353939073539046412e-02
2.350997904963639251e-02
2.347999303812581956e-02
2.344960748025627303e-02
2.341896526147846033e-02
2.338818434504182434e-02
1.385381305834519627e-02
1.568753882265632588e-02
1.712459387679046013e-02
1.846486820659389710e-02
1.955118410260747036e-02
2.043296547013587899e-02
2.113755184520941036e-02
2.170241405679360774e-02
2.215691675837786964e-02
2.252157201216999777e-02
2.281297242132632533e-02
2.304457737732288833e-02
2.322733361341250760e-02
2.337015991230799103e-02
2.348034248837449142e-02
2.356382632651831885e-02
2.362547707510644426e-02
2.366927812980844023e-02
2.369849090175676215e-02
2.371579268449150110e-02
2.372337761190905850e-02
2.372304546415791859e-02
2.371627493845565246e-02
2.370428011233107271e-02
2.368805715792978578e-02
2.366842641681536630e-02
2.364606488804241180e-02
2.362152406657541670e-02
2.359526178727651760e-02
2.356765256957251906e-02
2.353900800264080093e-02
2.350958154541015269e-02
2.347958411518593150e-02
2.344918968405255294e-02
2.341854062049270047e-02
2.338775423997620229e-02
2.335692951017229527e-02
2.332614625238544834e-02
2.329547041989447551e-02
2.326495734721136313e-02
2.323465293612395760e-02
2.339451850993095466e-02
1.386120605164212205e-02
1.569333668114993724e-02
1.712914225417056652e-02
1.846857050628970473e-02
1.955420227562775295e-02
2.043542840878752320e-02
2.113955579208862470e-02
2.170404212310381165e-02
2.215823701795255340e-02
2.252264306990715489e-02
2.281383568351972105e-02
2.304527005716888038e-02
2.322788609924764103e-02
1.381553530982839069e-02
1.565751513213966412e-02
1.710103522534905593e-02
1.378824351977143634e-02
1.563610410298896941e-02
1.708422898200464071e-02
1.843201379623820441e-02
1.952440170560327745e-02
2.041111049556816603e-02
2.111977024002869782e-02
2.168796654722180556e-02
2.214519890808320374e-02
2.251209266125278607e-02
2.280532872493272467e-02
2.303844125576325064e-02
2.322243703018756628e-02
2.336628248300609903e-02
2.347730322855783730e-02
2.356147651297320345e-02
2.362369439143071487e-02
2.366795936865095928e-02
2.369755620762568904e-02
2.371517371661169618e-02
2.372301804479247378e-02
2.372289752026547280e-02
2.371630261819605151e-02
2.370445098958440244e-02
2.368834660555120888e-02
2.366881117354780947e-02
2.364652545349352555e-02
1.384098961414793535e-02
1.567748144836937987e-02
1.711670313203305510e-02
1.845844538307447533e-02
1.954594817198521822e-02
2.042869278355822354e-02
2.113407536028586234e-02
2.169958957514699083e-02
2.215462617976963339e-02
2.251971915032040597e-02
2.281147647676508294e-02
2.304337689362100788e-02
2.322637597252030783e-02
2.336940194721546724e-02
2.347974874902119397e-02
2.356336767997693760e-02
2.362512955958783259e-02
2.366902202589287948e-02
2.369830997354500576e-02
2.371567355531775320e-02
2.372330925852713518e-02
2.372301880212364031e-02
2.371628316369669282e-02
1.383455304213646389e-02
1.567243291094119750e-02
1.711274180049078900e-02
1.378827470340912575e-02
1.563612856930123030e-02
1.708424818755048535e-02
1.378819851548421932e-02
1.563606879180198111e-02
1.708420126251035398e-02
1.843199123553879853e-02
1.952438331511472530e-02
2.041109548882740279e-02
2.111975802876105840e-02
2.168795662461130147e-02
2.214519085885742825e-02
2.251208614796105026e-02
2.280532347185951908e-02
2.303843703769264256e-02
1.381324615425975379e-02
1.565571934119620173e-02
1.709962585770457427e-02
1.844454545656698530e-02
1.953461709841589067e-02
1.379484104374516067e-02
1.564128022375756502e-02
1.708829205454823197e-02
1.843532072170753211e-02
1.952709737515461938e-02
2.041331017947560847e-02
2.112156014911893004e-02
2.168942096703580999e-02
2.214637870779452566e-02
2.251304731466483716e-02
2.280609863540108279e-02
2.303905943681811008e-02
2.322293053219703571e-02
2.336667348174333719e-02
2.347760993252535205e-02
2.356171388368824560e-02
2.362387473288413489e-02
2.366809281816276839e-02
2.369765108396065800e-02
2.371523688602494156e-02
2.372305516461484937e-02
2.372291460868847235e-02
2.371630187506439807e-02
2.370443568279789054e-02
2.368831939032329387e-02
2.366877424082594605e-02
2.364648247754972538e-02
1.384099380202047196e-02
1.567748473304549084e-02
1.711670570925883164e-02
1.845844748083557557e-02
1.379164740639316107e-02
1.563877475635186767e-02
1.708632538060294095e-02
1.843372004599833427e-02
1.952579256784833447e-02
1.379481174367650463e-02
1.564125723611840130e-02
1.708827401067943355e-02
1.843530603576599980e-02
1.952708540373789686e-02
2.041330041070509721e-02
2.112155220019474797e-02
1.380064470337321290e-02
1.378031080119924284e-02
1.562987998175895468e-02
1.707934297594063816e-02
1.842803713171057428e-02
1.952116011712310209e-02
2.040846534935420592e-02
2.111761783462748690e-02
2.168621754588769684e-02
2.214378121028378124e-02
2.251094549415815285e-02
2.280440351507000141e-02
2.303769833656285973e-02
2.322184390109442026e-02
1.381546197048662272e-02
1.565745760017525287e-02
1.710099007390876794e-02
1.844565582826437553e-02
1.953552224949550373e-02
2.042018498609641033e-02
2.112715417322915887e-02
2.169396623931592327e-02
2.215006533202466127e-02
2.251602941304873748e-02
2.280850338086010468e-02
2.304098756813470830e-02
2.322446943951005441e-02
2.336789240287567154e-02
2.347856569924618164e-02
2.356245319556002013e-02
2.362443599626538882e-02
