1.707851185845841676e-04
1.711223168981505218e-04
2.942413340602779656e-04
1.713323889082992877e-04
1.711233676285852561e-04
1.711229638899769282e-04
1.711229631141986422e-04
1.711229631127061566e-04
1.711229631127036087e-04
1.711229631127034190e-04
1.711229631127034732e-04
1.711229631127034732e-04
1.711229631127039882e-04
1.711229631127033919e-04
1.711229631127034732e-04
2.942419438748505563e-04
1.713323900015251936e-04
2.944395765554052159e-04
1.713327442905544329e-04
1.711233683122608115e-04
1.711229638912914691e-04
2.942419446095814088e-04
1.713323900028423095e-04
2.944395765566489042e-04
1.713327442905563844e-04
2.944399108917938141e-04
1.713327448898552881e-04
2.944399114573415855e-04
1.713327448908689087e-04
1.711233683134157850e-04
2.942423262501119474e-04
1.713323906870154866e-04
1.711233676320072421e-04
1.711229638899834334e-04
1.711229631141984254e-04
1.711229631127060482e-04
2.942419438748524537e-04
1.713323900015252478e-04
1.711233676306888793e-04
1.711229638899808584e-04
1.711229631141981001e-04
1.711229631127061837e-04
1.711229631127033377e-04
1.711229631127036358e-04
1.711229631127035545e-04
1.711229631127033106e-04
1.711229631127035274e-04
1.711229631127036358e-04
1.711229631127032834e-04
1.711229631127034461e-04
1.711229631127036087e-04
2.942419438748502853e-04
1.713323900015248954e-04
2.944395765554053785e-04
4.110827821555889457e-04
1.715209194023434400e-04
1.711237316287249105e-04
1.711229645894411777e-04
2.942419452684041231e-04
1.713323900040235207e-04
1.711233676306933246e-04
1.711229638899805874e-04
1.711229631141986964e-04
1.711229631127064276e-04
2.942419438748532126e-04
1.713323900015250039e-04
2.944395765554054870e-04
1.713327442905540263e-04
1.711233683122612452e-04
1.711229638912914691e-04
1.711229631142012443e-04
1.711229631127063463e-04
1.711229631127034732e-04
1.711229631127034732e-04
2.942419438748501768e-04
1.713323900015251123e-04
1.711233676306887167e-04
1.711229638899807771e-04
2.942419446083440089e-04
1.713323900028400869e-04
1.711233676306910749e-04
1.711229638899810753e-04
2.942419446083448221e-04
1.713323900028402224e-04
1.711233676306909664e-04
2.942423256058449726e-04
1.713323906858605673e-04
1.711233676320051550e-04
1.711229638899832166e-04
1.711229631141984254e-04
1.711229631127062921e-04
1.711229631127036900e-04
1.711229631127033106e-04
1.711229631127032834e-04
1.711229631127036087e-04
1.711229631127037984e-04
1.711229631127035545e-04
1.711229631127034732e-04
1.711229631127037713e-04
1.711229631127034190e-04
