4.609999999923242164e+00
4.610049916426951278e+00
4.610146690370884315e+00
4.610288408506189484e+00
4.610466197068235239e+00
4.610697086139315282e+00
4.609569497389916393e+00
4.609931184202785914e+00
4.610285064664664034e+00
4.610664609683602144e+00
4.611067144382545280e+00
4.611490262392771378e+00
4.611931788044527636e+00
4.609844168574526613e+00
4.610432504692365541e+00
4.607954399969933945e+00
4.608655844416469805e+00
4.605810303361667302e+00
4.602800044027739901e+00
4.603690025886771231e+00
4.604618997062749131e+00
4.601100117076697416e+00
4.602145490696220698e+00
4.598319906016231862e+00
4.599481772578685401e+00
4.595367890158955859e+00
4.596645955653247739e+00
4.592261552436013083e+00
4.593655178178060794e+00
4.595070229457974165e+00
4.596505148333625002e+00
4.597958436133477989e+00
4.599428649246497969e+00
4.600914396521980088e+00
4.595206077069448725e+00
4.596778830397049376e+00
4.590870006304713868e+00
4.592930438543421978e+00
4.586807680061491865e+00
4.580635246639681135e+00
4.581632110627809951e+00
4.583269494868206451e+00
4.584944202410694558e+00
4.586650038709255917e+00
4.579387985701037778e+00
4.581854544144250418e+00
4.583726614492331208e+00
4.585612346064921852e+00
4.587946454163418508e+00
4.589863909829130506e+00
4.591786749294960224e+00
4.584223381897911231e+00
4.576475106443397500e+00
4.577375385092874893e+00
4.578930820183505723e+00
4.580515738795014613e+00
4.582126856155370298e+00
4.583761196842038643e+00
4.585416030215414551e+00
4.587088843482816536e+00
4.589413576315326537e+00
4.591133964140231782e+00
4.592865781557200933e+00
4.584508440820557418e+00
4.585400543371872750e+00
4.576819212689270167e+00
4.577872690888912466e+00
4.579899143177270204e+00
4.581927123623819931e+00
4.583955180386414696e+00
4.585982065065427271e+00
4.588006606685293143e+00
4.590027706363976279e+00
4.592044332532363882e+00
4.582845074437524424e+00
4.583890999250432863e+00
4.586049346874315091e+00
4.588198745032146419e+00
4.590337793232071029e+00
4.592466135359129176e+00
4.594582943875333392e+00
4.596687684518998118e+00
4.587055518127359122e+00
4.589114571059098147e+00
4.591818262329128153e+00
4.594460959637574504e+00
4.584268336035431268e+00
4.573806588635132009e+00
4.563108364279991669e+00
4.566826184856872750e+00
4.570514852976176101e+00
4.574176378867728765e+00
4.562871338456159442e+00
4.566629095326143251e+00
4.570363383508658117e+00
4.574075035740876594e+00
4.577764703542396063e+00
4.581432880705040844e+00
4.585079926786311155e+00
4.588706087402207423e+00
4.592311511761982601e+00
4.595896267824423731e+00
4.599460355401129519e+00
4.603003717486277679e+00
4.606526250053245342e+00
4.610027810524844227e+00
4.613508225095462656e+00
4.616967295058688414e+00
4.620404802273072598e+00
4.623820513880468219e+00
4.627214186375929295e+00
4.630585569114702871e+00
4.633934407330280614e+00
4.637260444727584918e+00
4.640563425706752732e+00
4.627153079271889347e+00
4.613627654707228132e+00
4.617247504860343632e+00
4.620840093392074799e+00
4.607096095489751519e+00
4.593273671862497132e+00
4.597179077688016591e+00
4.583237589239594456e+00
4.569260250981264981e+00
4.573465927168326672e+00
4.559409278006495647e+00
4.563741919868173014e+00
4.568039169669455113e+00
4.572301077146362580e+00
4.576527671687405707e+00
4.580718963269898580e+00
4.584874946426721998e+00
4.588995603683690305e+00
4.593080908538852647e+00
4.597130828045497886e+00
4.582535291712091841e+00
4.586723704611816999e+00
4.572069388723921435e+00
4.576391503494824597e+00
4.580675240802123405e+00
4.584920642416724590e+00
4.589127740983462544e+00
4.593296560427990727e+00
4.578393447343953149e+00
4.582699367548041636e+00
4.586965609337088523e+00
4.591192224936773592e+00
4.595379260729435700e+00
4.599526757709179847e+00
4.603634753613716768e+00
4.607703284757602269e+00
4.611732387606225281e+00
4.615722100124717286e+00
4.619672462931116108e+00
4.623583520279065162e+00
4.627455320891722401e+00
4.631287918665707437e+00
4.635081373261203730e+00
4.638835750592217089e+00
4.642551123229153198e+00
4.646227570724167144e+00
4.649865179868489129e+00
4.654033147236527057e+00
4.657602490323245803e+00
4.661133213442563594e+00
4.646017673200740994e+00
4.649277256588341345e+00
4.652934887915390227e+00
4.656552060631391043e+00
4.641314563314643316e+00
4.644102964499912112e+00
4.648404231410045995e+00
4.652103300995748647e+00
4.655760468089241044e+00
4.659375955579602824e+00
4.662949987168171440e+00
4.666482788227131806e+00
4.669974586500683422e+00
4.674167914663684975e+00
4.677590799991364179e+00
4.680973311787015589e+00
4.684315688656410792e+00
4.669610379528251087e+00
4.671996621531034677e+00
4.675474714062763049e+00
4.678910979277977056e+00
4.664079484893433047e+00
4.665845476247527657e+00
4.670144594411684835e+00
4.673670082406525594e+00
4.658723374541612117e+00
4.660605659554178715e+00
4.664248410246353060e+00
4.667846232036958476e+00
4.652226447197792325e+00
4.655523826517821817e+00
4.659248447612521105e+00
4.662926798614611457e+00
4.647221631262198116e+00
4.650603990505216778e+00
4.654406245226673455e+00
4.658161058939604970e+00
4.661868830363180116e+00
4.646099171894348068e+00
4.649509973255573136e+00
4.653340852094313362e+00
4.657123591659728667e+00
4.641282290824847223e+00
4.644772395853110858e+00
4.648675392815110108e+00
4.652529261242139391e+00
4.656334426051004449e+00
4.660091325619242220e+00
4.664548949932777688e+00
4.668222921732583686e+00
4.652957809402839651e+00
4.654975560046042737e+00
4.658762937019256256e+00
4.642831432858931073e+00
4.646320063457230809e+00
4.650228194992247488e+00
4.654086372085572521e+00
4.638096827140787859e+00
4.641660779100932999e+00
4.625596109886360274e+00
4.609389708631846716e+00
4.612485183707605962e+00
4.595961726211511333e+00
4.600497561132778301e+00
4.604978118163361778e+00
4.609403893626725868e+00
4.592868559544092122e+00
4.597440494707838887e+00
4.601957209858158926e+00
4.606419166681530619e+00
4.610826812946108078e+00
4.615180584625222515e+00
4.619480908543726727e+00
4.623728204595168201e+00
4.627922887592760937e+00
4.632648256458637093e+00
4.636747950855921729e+00
4.640796167536189287e+00
4.644793312084209980e+00
4.648739790505334035e+00
4.652636009778223780e+00
4.656482378287614132e+00
4.640384144851629422e+00
4.643926659580417393e+00
4.647892946024781757e+00
4.651808409583731319e+00
4.635665671576347791e+00
4.639282487052149406e+00
4.643314803165792704e+00
4.647295465380959278e+00
4.651224911226737646e+00
4.635058909484334855e+00
4.638689695029239779e+00
4.622460671526110509e+00
4.625701267706250341e+00
4.630481567458859971e+00
4.634634836297014893e+00
4.638735156206176491e+00
4.642782994762742810e+00
4.646778813866346169e+00
4.650723071205158377e+00
4.654616221460690539e+00
4.638433211938128409e+00
4.622081302173434381e+00
4.624962469418031574e+00
4.629760453139300402e+00
4.613464892380826576e+00
4.616855923813792728e+00
4.621173385537214351e+00
4.625436406709465764e+00
4.630230481636892215e+00
4.634395036341856233e+00
4.638506448622146117e+00
4.622224589976442033e+00
4.625472986258137631e+00
4.630269616678438283e+00
4.634435867533346354e+00
4.638548903489051689e+00
4.622257602044850699e+00
4.605837179059555808e+00
4.589345103807609405e+00
4.572222122778743625e+00
4.575438972333824239e+00
4.580255455405808362e+00
4.585014627900913631e+00
4.589717106764767074e+00
4.594944732841438118e+00
4.599522697569724983e+00
4.604045381475041054e+00
4.608513150869039343e+00
4.612926371480594590e+00
4.617285409728120626e+00
4.621590633746651022e+00
4.625842414206743136e+00
4.630630792281547947e+00
4.634785719282062288e+00
4.638888244547292317e+00
4.622582369255789914e+00
4.625815078581987372e+00
4.609064920537314869e+00
4.613478192417108659e+00
4.617836741332180139e+00
4.622141001869370491e+00
4.626391401398524117e+00
4.609637787888286375e+00
4.614045014049885651e+00
4.618397513409299826e+00
4.622695725249531762e+00
4.626940081096556412e+00
4.631723577864638841e+00
4.635870407383587910e+00
4.639964556341588775e+00
4.644006443861875333e+00
4.647996489264477837e+00
4.651935112792298987e+00
4.635665178335804271e+00
4.619235408959785794e+00
4.622160708240757643e+00
4.626419204532805196e+00
4.631215640414193757e+00
4.635375687108973075e+00
4.619030071050866049e+00
4.622329987131759133e+00
4.626587666194178716e+00
4.631383821110353516e+00
4.635542978993430374e+00
4.619194012516048886e+00
4.622492139925953758e+00
4.626748986185704737e+00
4.609966852558166295e+00
4.614380749610143440e+00
4.618739395481683552e+00
4.623043255800596718e+00
4.627878059445394321e+00
4.611506675806186450e+00
4.614928288738625817e+00
4.619279428349340577e+00
4.623575939776602972e+00
4.628404920665452060e+00
4.612032865940872028e+00
4.595559119052697206e+00
4.598892468967587632e+00
4.603437703129216629e+00
4.607927194777428070e+00
4.612361364000181041e+00
4.595586176103983789e+00
4.600169087854309780e+00
4.604696117253036292e+00
4.609167681580656151e+00
4.613584191308114590e+00
4.617946051778426764e+00
4.601166981863647365e+00
4.583842271979135852e+00
4.566577635593136897e+00
4.571990584552787951e+00
4.554014497117488069e+00
4.559580244471602484e+00
4.564580154481350682e+00
4.546545072817864686e+00
4.553023034666646929e+00
4.535021764920823095e+00
4.541680219763591708e+00
4.546856455143619691e+00
4.551975360930796910e+00
4.557037437663597146e+00
4.562042978243618485e+00
4.567743174949212559e+00
4.572617295278876171e+00
4.577436045645866258e+00
4.582199840147591630e+00
4.586908920538586898e+00
4.592146455404350291e+00
4.596734819287433105e+00
4.601269475183778823e+00
4.605750678854173330e+00
4.589031273104004605e+00
4.593657705786913681e+00
4.576390330613175905e+00
4.581134772995916649e+00
4.563933332022467759e+00
4.569369335573352231e+00
4.574221722048078753e+00
4.579018717252485438e+00
4.583760804438094638e+00
4.588448262207886152e+00
4.593659300454284278e+00
4.576401846572309751e+00
4.581140914525902552e+00
4.585857353636071387e+00
4.590519342989321849e+00
4.595699474991260303e+00
4.600241611476961978e+00
4.604730368509522442e+00
4.609166020187578816e+00
4.613548844385485737e+00
4.617879123723071189e+00
4.622157146332405375e+00
4.626968559159641892e+00
4.631151866433237174e+00
4.635283731502308768e+00
4.618965806572958854e+00
4.622234208873705619e+00
4.626465941251603375e+00
4.631239653193155448e+00
4.614905762950398227e+00
4.618244230753218993e+00
4.622529535175468496e+00
4.627347710272450954e+00
4.631536738009718768e+00
4.635673614575327228e+00
4.639758705486729085e+00
4.643792378509124852e+00
4.647775004364672391e+00
4.651706957276079635e+00
4.635432429109962449e+00
4.639057805638246990e+00
4.643107599005467101e+00
4.647105783576751747e+00
4.651052748453762042e+00
4.655706334753555886e+00
4.659564180638997577e+00
4.663371971561129037e+00
4.667130119949631784e+00
4.670839040791502583e+00
4.655275430911486545e+00
4.639385265711001516e+00
4.642014125350625520e+00
4.646440144067406131e+00
4.650778045612019795e+00
4.655033103844735010e+00
4.638319137475728660e+00
4.642683098600435265e+00
4.646975468455260661e+00
4.651199157737709200e+00
4.655356739604009420e+00
4.660208943214253274e+00
4.664253369189579779e+00
4.668237768940772803e+00
4.672163763470129183e+00
4.676032813820482303e+00
4.679846243162228525e+00
4.683605255848243054e+00
4.687310953851512529e+00
4.690964350942671501e+00
4.694566384915257906e+00
4.698117928124128539e+00
4.682024902106499020e+00
4.685029734662243150e+00
4.688712511149544682e+00
4.672496009086458457e+00
4.675656394022570161e+00
4.679467713537198037e+00
4.683227433710012377e+00
4.686936137869819774e+00
4.690594430081595156e+00
4.694202897471856595e+00
4.697762112715816230e+00
4.701272636151327511e+00
4.685147709831976925e+00
4.688105744092284866e+00
4.691754348597863888e+00
4.675510415706265910e+00
4.678629716245927384e+00
4.682411493554353932e+00
4.686141957045818707e+00
4.689821627357962264e+00
4.673541012535729955e+00
4.676695359869880164e+00
4.680507339796995403e+00
4.664126967908194921e+00
4.667435066723423454e+00
4.671374096652728625e+00
4.675260044193978004e+00
4.679093440550170513e+00
4.662689061797855139e+00
4.666021003545980150e+00
4.669980761204324260e+00
4.673887223258046397e+00
4.677740915995811655e+00
4.681542395643092824e+00
4.685292212408708856e+00
4.688990911436060394e+00
4.692639033584092623e+00
4.696237116058174621e+00
4.699785692914701940e+00
4.703285295459536108e+00
4.687111407105606808e+00
4.690050097586471622e+00
4.693689587321302703e+00
4.697278864308141344e+00
4.700818437851887133e+00
4.704308860417331317e+00
4.707750680158934387e+00
4.711144441382551840e+00
4.714490684917971741e+00
4.717789948408268152e+00
4.721042766529800261e+00
4.724249671154496788e+00
4.727411191464168994e+00
4.730527854025178058e+00
4.733600182830333125e+00
4.736628699313929935e+00
4.739613922344847907e+00
4.742556368201833017e+00
4.745456550534528084e+00
4.748314980313145028e+00
4.732776026726279284e+00
4.736823963476349597e+00
4.740829094639009256e+00
4.744791839595217553e+00
4.728726971870241158e+00
4.732837190328111454e+00
4.736904135755257705e+00
4.740928195707586390e+00
4.744909744809111096e+00
4.748849145877433564e+00
4.752746751809331371e+00
4.756602907178539397e+00
4.760417949588326536e+00
4.743728940278077566e+00
4.726752651316605380e+00
4.730931849787523014e+00
4.735066528849028344e+00
4.739157081864943777e+00
4.743203890464374517e+00
4.725873356250000157e+00
4.730084173523586344e+00
4.712507281344668897e+00
4.716880236828334461e+00
4.721206509293057962e+00
4.725486518629653965e+00
4.707655798174409156e+00
4.689662308727561069e+00
4.694310585094741306e+00
4.698909689514095156e+00
4.703460070984865737e+00
4.707962160806209440e+00
4.712416373991755059e+00
4.694191032259792173e+00
4.675855779426039582e+00
4.657452117489191856e+00
4.662468168826441328e+00
4.667432549195759783e+00
4.672345707473445131e+00
4.677208071787486432e+00
4.658656278888961388e+00
4.663666359976436304e+00
4.668625210050820762e+00
4.649997894713833624e+00
4.655100560634135576e+00
4.660151697358291933e+00
4.665151677830681187e+00
4.670100861169204087e+00
4.674999592369547763e+00
4.679848204842315340e+00
4.661053633813351915e+00
4.666052390320326815e+00
4.671000435957807895e+00
4.675898097842386747e+00
4.680745694971145454e+00
4.685543537851372342e+00
4.690291930298787548e+00
4.694991170967081295e+00
4.699641554647345565e+00
4.704243373370684544e+00
4.708796917342276345e+00
4.713302475730957397e+00
4.717760337334816256e+00
4.698750650334490686e+00
4.703377068378129522e+00
4.707954567240380861e+00
4.688868496430464994e+00
4.693610442649895020e+00
4.698302467715567587e+00
4.702944912901209307e+00
4.683788675663090650e+00
4.688593506288135870e+00
4.693347865491330317e+00
4.674145002116629755e+00
4.679057236720330692e+00
4.683918302747970053e+00
4.688728547935992808e+00
4.693488310127324148e+00
4.698197918120624372e+00
4.702857693678556217e+00
4.707467953222721491e+00
4.712029009261398116e+00
4.716541171589514470e+00
4.721004748294383546e+00
4.725420046595654178e+00
4.729787373543709705e+00
4.710481383270510136e+00
4.715024000260568116e+00
4.719517309827178764e+00
4.723961655764290946e+00
4.728357376893594477e+00
4.708988256515459270e+00
4.713558908019854776e+00
4.718079674346495445e+00
4.698651461746724323e+00
4.703342706799995554e+00
4.707983025218791973e+00
4.712572796613926585e+00
4.717112391286383932e+00
4.721602172153415822e+00
4.726042496418884298e+00
4.730433716971688796e+00
4.734776183553319306e+00
4.715314218986376815e+00
4.719834943525229143e+00
4.700310363569110805e+00
4.680755299339858233e+00
4.685661714866344418e+00
4.690515202835854325e+00
4.695316177078391995e+00
4.700065037114738331e+00
4.704762170040517333e+00
4.709407953019232984e+00
4.689816372305686265e+00
4.670220692704999621e+00
4.675242912118410921e+00
4.655668856455395854e+00
4.660839854707365504e+00
4.665956862097355717e+00
4.671020255776664243e+00
4.676030398947563782e+00
4.680987641611041639e+00
4.661381604876996043e+00
4.641839914768898012e+00
4.647143918717316247e+00
4.652393996159316814e+00
4.657590474778194434e+00
4.662733670500415428e+00
4.667823887350870393e+00
4.672861420228486828e+00
4.653263437716161022e+00
4.658448814367187829e+00
4.663581201862979420e+00
4.668660884006282430e+00
4.649071210365509188e+00
4.654296303976911631e+00
4.659468458383996037e+00
4.639916391980203336e+00
4.645228506234861499e+00
4.650487622669276178e+00
4.655693997425751185e+00
4.660847880636579177e+00
4.665949515581500506e+00
4.670999140894190660e+00
4.675996992421752374e+00
4.680943304786941539e+00
4.661296008447081363e+00
4.666394803555191650e+00
4.671441518171140395e+00
4.676436399441238123e+00
4.681379693076464399e+00
4.661720693366103951e+00
4.642134228867838885e+00
4.647423736051914389e+00
4.652660508272822071e+00
4.657844796891112971e+00
4.662976846471991621e+00
4.668056894303184379e+00
4.673085172746208826e+00
4.678061911215339208e+00
4.658402427263276024e+00
4.638824754494959457e+00
4.644143802830364542e+00
4.624655118126486109e+00
4.630104571998717056e+00
4.610125537581859057e+00
4.615677950312455202e+00
4.595837106624604651e+00
4.575420350633621069e+00
4.555120012618237624e+00
4.534972590191321373e+00
4.515013258211594049e+00
4.520146718044541601e+00
4.500275679225907766e+00
4.480642500656697003e+00
4.486138208800164229e+00
4.491699997916434484e+00
4.497316841849226421e+00
4.477508866791955811e+00
4.483301816894510239e+00
4.489130337076470134e+00
4.469286085311413359e+00
4.449702440590701968e+00
4.453788707489926502e+00
4.459799826630096220e+00
4.465826263619631753e+00
4.471863036868187535e+00
4.477905549346073322e+00
4.483949566280754695e+00
4.489991173650664358e+00
4.496026746988326828e+00
4.502052924377495380e+00
4.508066582990472249e+00
4.487646892313230218e+00
4.493804925618526624e+00
4.499945021397526723e+00
4.506064759102396344e+00
4.512161867901028245e+00
4.518234215972592338e+00
4.524279802047450616e+00
4.530296747786092482e+00
4.536283290877759278e+00
4.515336506593522259e+00
4.521476398986387757e+00
4.527582552373789149e+00
4.533653554354374116e+00
4.539688074276755358e+00
4.518586546267985504e+00
4.524775826631413089e+00
4.530925911694558827e+00
4.537035724855953411e+00
4.543104249565308450e+00
4.549130527364948051e+00
4.555113656816656587e+00
4.561052792336867334e+00
4.566947142956524708e+00
4.545524484626002781e+00
4.524157864950182351e+00
4.502887453026170661e+00
4.481753841367523528e+00
4.460797633177654653e+00
4.467614160749771912e+00
4.474383338835568935e+00
4.481104599545531642e+00
4.487777384247146450e+00
4.494401144092798006e+00
4.500975343785871274e+00
4.507499464722693361e+00
4.513973007594740849e+00
4.520395494524413138e+00
4.526766470797490172e+00
4.533085506246832708e+00
4.539352196334246692e+00
4.545566162971212520e+00
4.551727055113516940e+00
4.557834549160223681e+00
4.536194813539331072e+00
4.514616852689225190e+00
4.521098816658813746e+00
4.527525319780506763e+00
4.533896140669771313e+00
4.540211071976366419e+00
4.546469920677144394e+00
4.552672509809133850e+00
4.558818679854550915e+00
4.564908289826900223e+00
4.570941218100574410e+00
4.576917363020355012e+00
4.555109885661876135e+00
4.561261094159908325e+00
4.567354049298137930e+00
4.573388726653414338e+00
4.579365115887685356e+00
4.585283221500552564e+00
4.591143063632341814e+00
4.596944678651109228e+00
4.602688119555676138e+00
4.608373456222181197e+00
4.614604331521459102e+00
4.593139646304128298e+00
4.597939475106792351e+00
4.603698382166937719e+00
4.609397731493063866e+00
4.615644159514967981e+00
4.621233916130621289e+00
4.626764509548796589e+00
4.632236137474909476e+00
4.637649010970956276e+00
4.643003354433387742e+00
4.648299405483363955e+00
4.653537414784575610e+00
4.658717645801111473e+00
4.663840374506188269e+00
4.668905889050736668e+00
4.647637414636977660e+00
4.652393607499486272e+00
4.657611723315135954e+00
4.662770848454376171e+00
4.667871310948022767e+00
4.646538876835503373e+00
4.651331009177082088e+00
4.656583456610729144e+00
4.661775575300370456e+00
4.666907751529345560e+00
4.671980405760869814e+00
4.676993963211913297e+00
4.681948854051298348e+00
4.686845513498273164e+00
4.691684381835020901e+00
4.696465904349432563e+00
4.701190531221690172e+00
4.705858717366048438e+00
4.710470922237125713e+00
4.715027609608572590e+00
4.719529247330540578e+00
4.698638373256620149e+00
4.677358054085153150e+00
4.682855685237981902e+00
4.688240795454907683e+00
4.693521156767054947e+00
4.698703517954101905e+00
4.703793750007911889e+00
4.682122284795600997e+00
4.660159865588399342e+00
4.665675694907378102e+00
4.671110634514336724e+00
4.676467496093025922e+00
4.681748781142458071e+00
4.686956724495831672e+00
4.692093330894081760e+00
4.697160406507792096e+00
4.702159586112547807e+00
4.707092356521290988e+00
4.711960076791379848e+00
4.716763995650753216e+00
4.721505244156876557e+00
4.726184915609142223e+00
4.730804009923045506e+00
4.709110198367386424e+00
4.687107453503839949e+00
4.692244568768252577e+00
4.670014108580212486e+00
4.647537099496759083e+00
4.653183216083490059e+00
4.658758569951520379e+00
4.664264028115528760e+00
4.669700425017524026e+00
4.675068568492396714e+00
4.652598716486894936e+00
4.629914845228456421e+00
4.635786775056240039e+00
4.641586077512557473e+00
4.647313552411017845e+00
4.624569616898670077e+00
4.630508252787560508e+00
4.607639388770233602e+00
4.584649097977048449e+00
4.591061417656107757e+00
4.597397167726501088e+00
4.603657093868231520e+00
4.609841922619085430e+00
4.615952364397282182e+00
4.621989116259494601e+00
4.599061922569738670e+00
4.605299175958000646e+00
4.611461920981758666e+00
4.617550829365844933e+00
4.594595569418148173e+00
4.600882860783529260e+00
4.607095561494862324e+00
4.613234318131566702e+00
4.619299768828073915e+00
4.625292545194017890e+00
4.631213273794050345e+00
4.637062577355170134e+00
4.614202431513593439e+00
4.620258549250434221e+00
4.626242063478652078e+00
4.632153602427982797e+00
4.609252262996186289e+00
4.615368551316239909e+00
4.621411788054223813e+00
4.627382598259567992e+00
4.633281600995718286e+00
4.639109411368964153e+00
4.644866641649209704e+00
4.622030790549889190e+00
4.627998027929867142e+00
4.633893365161473099e+00
4.639717426793725785e+00
4.645470832326132005e+00
4.622624389572779435e+00
4.628588113760963019e+00
4.605627920532854525e+00
4.611794928026841767e+00
4.617888350608228443e+00
4.623908817176434205e+00
4.629856949356166318e+00
4.635733363750320635e+00
4.612806870090538247e+00
4.618889620415274955e+00
4.595867260742437566e+00
4.602148863905923371e+00
4.608356198342188570e+00
4.585289558338779159e+00
4.591690649826333903e+00
4.598016887676861231e+00
4.574920168387125230e+00
4.581434875649776473e+00
4.587874340699501730e+00
4.594239122169220479e+00
4.600529773315876092e+00
4.577447670885091746e+00
4.583927945891861810e+00
4.590333593103514964e+00
4.567231843931963020e+00
4.573821717355206040e+00
4.580336666879905927e+00
4.586777194403843794e+00
4.563678372915571657e+00
4.570301109446739396e+00
4.576849164305158091e+00
4.583323009531142134e+00
4.589723116455356688e+00
4.566639404487156995e+00
4.573223169961111445e+00
4.550129091600087605e+00
4.556887364403571894e+00
4.563571066370563756e+00
4.540492070947130365e+00
4.547344616698030251e+00
4.554122749716393415e+00
4.560826843221306603e+00
4.567457271660031459e+00
4.574014411148687564e+00
4.550951944552406481e+00
4.527917685802568926e+00
4.534884481760347086e+00
4.541777478817849101e+00
4.518784428513940021e+00
4.525832817443624201e+00
4.532807924766033558e+00
4.509866203214027536e+00
4.516990962989940961e+00
4.524043075342047970e+00
4.531022737383784360e+00
4.537930152014444829e+00
4.544765516100747860e+00
4.521814062022579961e+00
4.528806602807307513e+00
4.535727366626889356e+00
4.512822141689309063e+00
4.519894364813064946e+00
4.526895237298724339e+00
4.533824904449121007e+00
4.540683508863355478e+00
4.547471226030608271e+00
4.524551868186999393e+00
4.531498273307277280e+00
4.538373895677990433e+00
4.545178899146409712e+00
4.551913445925070079e+00
4.558577708721212929e+00
4.565171871938391135e+00
4.571696132601291929e+00
4.578150701047794868e+00
4.584535801424233448e+00
4.590851672014496287e+00
4.597098565428932027e+00
4.603276748675090069e+00
4.580350974756377980e+00
4.557391681451835375e+00
4.564006403011090285e+00
4.570550473492141386e+00
4.577024167853209313e+00
4.554065641784734275e+00
4.560714949828705400e+00
4.567293500899321401e+00
4.573801565134401059e+00
4.580239418874682222e+00
4.586607345199298358e+00
4.592905635219251437e+00
4.569957435044125660e+00
4.576439782416326985e+00
4.582851802166249655e+00
4.589193798632304144e+00
4.595466083182502715e+00
4.601668974861817141e+00
4.607802801292674388e+00
4.613867899350023727e+00
4.619864615646895878e+00
4.625793306860708221e+00
4.631654339926079444e+00
4.608808776302037558e+00
4.614872325509923101e+00
4.620866889710188552e+00
4.626792873254701455e+00
4.632650685651715783e+00
4.609792444058481209e+00
4.615853440005931674e+00
4.621844967398641479e+00
4.627767464179965984e+00
4.604871621709712315e+00
4.610995364680881003e+00
4.617048897787833006e+00
4.623032676003575148e+00
4.628947155296471827e+00
4.634792794448226338e+00
4.640570055978351149e+00
4.646279406848061733e+00
