1.377195608799854261e-02
1.562332448071406671e-02
1.378442604622238075e-02
1.563310890620057611e-02
1.378444860195041956e-02
1.378027718211903910e-02
1.378026853806138194e-02
1.562984682084836777e-02
1.378444107430829707e-02
1.378027716655199145e-02
1.562985359101876429e-02
1.378444108992425005e-02
1.563312070961664357e-02
1.378444862920607042e-02
1.563312662500060055e-02
1.378444864286553460e-02
1.563312663571791647e-02
1.378444864289027870e-02
1.563312663573731068e-02
1.378444864289033074e-02
1.563312663573738701e-02
1.378444864289031686e-02
1.378027718220372830e-02
1.378026853806155194e-02
1.562984682084847879e-02
1.378444107430830401e-02
1.378027716655199839e-02
1.562985359101875041e-02
1.378444108992425005e-02
1.563312070961665745e-02
1.378444862920606868e-02
1.563312662500061095e-02
1.378444864286553460e-02
1.563312663571791647e-02
1.378444864289027696e-02
1.378027718220372830e-02
1.378026853806154847e-02
1.378026852017797885e-02
1.378026852014097720e-02
1.378026852014090607e-02
1.378026852014089566e-02
1.378026852014090087e-02
1.378026852014090781e-02
1.378026852014089740e-02
1.378026852014089566e-02
1.378026852014089913e-02
1.562984680678741051e-02
1.707931693247027871e-02
1.842801593535533730e-02
1.379155638953681075e-02
1.563870334234272047e-02
1.378446153239449440e-02
1.378027720885880922e-02
1.378026853811668492e-02
1.562984682089174626e-02
1.707931694354270294e-02
1.378818555203386274e-02
1.378028491835804788e-02
1.562985967331592674e-02
1.378444110395361105e-02
1.378027716661319770e-02
1.562985359106677796e-02
1.378444108992436801e-02
1.563312070961672684e-02
1.378444862920607909e-02
1.563312662500059708e-02
1.708189166904169540e-02
1.378819231648564445e-02
1.563606392814185717e-02
1.378445542884613496e-02
1.378027719623632109e-02
1.562985361430993189e-02
1.378444108997796749e-02
1.563312070965878348e-02
1.378444862920617103e-02
1.378027718217541935e-02
1.562985360327735426e-02
1.707932226794487904e-02
1.842802027781085747e-02
1.952114637868019101e-02
1.379479640263946150e-02
1.564124520016345332e-02
1.378446741601710782e-02
1.378027722102592896e-02
1.378026853814187137e-02
1.378026852017814018e-02
1.378026852014098413e-02
1.378026852014090087e-02
1.562984680678741745e-02
1.707931693247033075e-02
1.378818555200478704e-02
1.563605862081074438e-02
1.378445541657564478e-02
1.563313195042757842e-02
1.378444865516273606e-02
1.563312664536638946e-02
1.708189168502905961e-02
1.843011149080264754e-02
1.379156251295668954e-02
1.563870814663856010e-02
1.708627309246537815e-02
1.378820384775375496e-02
1.378028495626847441e-02
1.378026855414509790e-02
1.378026852021124911e-02
1.378026852014104832e-02
1.562984680678752500e-02
1.707931693247039320e-02
1.378818555200478704e-02
1.378028491835798890e-02
1.378026855406666064e-02
1.378026852021108431e-02
1.562984680684246716e-02
1.378444107427599478e-02
1.378027716655191512e-02
1.562985359101867755e-02
1.707932225832135137e-02
1.378818556599023526e-02
1.378028491838697439e-02
1.378026855406672656e-02
1.378026852021108778e-02
1.562984680684247063e-02
1.378444107427599478e-02
1.563312069733888837e-02
1.708188701577620372e-02
1.378819230425153489e-02
1.563606391854308400e-02
1.708419743710401506e-02
1.378819838194850732e-02
1.378028494494277709e-02
1.562985969417510571e-02
1.707932704950521421e-02
1.378818557857170238e-02
1.378028491841304035e-02
1.378026855406677513e-02
1.562984683340665204e-02
1.378444107433726348e-02
1.563312069738697144e-02
1.378444862917783259e-02
1.563312662497842384e-02
1.378444864286547562e-02
1.563312663571789912e-02
1.708189167745491691e-02
1.378819231650776737e-02
1.378028493237461530e-02
1.562985968431376826e-02
1.707932704176373662e-02
1.378818557855137142e-02
1.378028491841300739e-02
1.378026855406678033e-02
1.378026852021108604e-02
1.378026852014104485e-02
1.378026852014089740e-02
1.562984680678744173e-02
1.707931693247032381e-02
1.378818555200479225e-02
1.563605862081073050e-02
1.378445541657564131e-02
1.563313195042758882e-02
1.708189584954750151e-02
1.378819232747684198e-02
1.563606393676537573e-02
1.708419745140811463e-02
1.843198813370655609e-02
1.379156800398950028e-02
1.563871245477764862e-02
1.708627647418829026e-02
1.843368024122332693e-02
1.379157296050728503e-02
1.563871634354824930e-02
1.378446156247730217e-02
1.378027720892102161e-02
1.378026853811682197e-02
1.378026852017808467e-02
1.378026852014097373e-02
1.562984680678747296e-02
1.378444107427586295e-02
1.563312069733878082e-02
1.378444862917772330e-02
1.378027718217535690e-02
1.378026853806149470e-02
1.562984682084846144e-02
1.378444107430830401e-02
1.378027716655199665e-02
1.378026853802916812e-02
1.562984682082306162e-02
1.707931694348879120e-02
1.842801594432310133e-02
1.379155638956299987e-02
1.563870334236328041e-02
1.378446153239454644e-02
1.378027720885881789e-02
1.378026853811669360e-02
1.378026852017808987e-02
1.562984680681660590e-02
1.378444107427593407e-02
1.563312069733886756e-02
1.378444862917771636e-02
1.378027718217536730e-02
1.562985360327729528e-02
1.378444108995252257e-02
1.378027716658433016e-02
1.562985359104410166e-02
1.378444108992430209e-02
1.378027716658427812e-02
1.378026853802923404e-02
1.378026852017790772e-02
1.562984680681646019e-02
1.707931693249313890e-02
1.842801593537394741e-02
1.952114283894629612e-02
2.040845125034273719e-02
2.111760636195092466e-02
2.168620822334681869e-02
1.380339877713510945e-02
1.378031653214592360e-02
1.378026861947198589e-02
1.562984688472552480e-02
1.378444107445564101e-02
1.378027716655229849e-02
1.562985359101900021e-02
1.378444108992424658e-02
1.563312070961664010e-02
1.378444862920607042e-02
1.378027718217541761e-02
1.562985360327731263e-02
1.378444108995252430e-02
1.378027716658433016e-02
1.378026853802923578e-02
1.562984682082312754e-02
1.378444107430824156e-02
1.378027716655199318e-02
1.378026853802916986e-02
1.562984682082307550e-02
1.707931694348876692e-02
1.842801594432309439e-02
1.379155638956299813e-02
1.563870334236328041e-02
1.708626932129430828e-02
1.843367441949821453e-02
1.379157294344252049e-02
1.378029194734036768e-02
1.378026856860876601e-02
1.378026852024117135e-02
1.378026852014110556e-02
1.378026852014089740e-02
1.378026852014089913e-02
1.562984680678742438e-02
1.707931693247030994e-02
1.378818555200478704e-02
1.378028491835799410e-02
1.562985967331591980e-02
1.378444110395360238e-02
1.378027716661319249e-02
1.378026853802929996e-02
1.562984682082321428e-02
1.378444107430823462e-02
1.378027716655200012e-02
1.378026853802916639e-02
1.378026852017790772e-02
1.378026852014097546e-02
1.378026852014089566e-02
1.378026852014089913e-02
1.562984680678740357e-02
1.378444107427586121e-02
1.378027716655193073e-02
1.378026853802916639e-02
1.378026852017790252e-02
1.378026852014098066e-02
1.562984680678747990e-02
1.378444107427585774e-02
1.563312069733877388e-02
1.378444862917771463e-02
1.563312662497831629e-02
1.378444864286547736e-02
1.378027718220368320e-02
1.378026853806155541e-02
1.378026852017797364e-02
1.562984680681651917e-02
1.378444107427593580e-02
1.563312069733885715e-02
1.378444862917771983e-02
1.378027718217536210e-02
1.562985360327731263e-02
1.707932226794484434e-02
1.378818556601549977e-02
1.378028491838701776e-02
1.562985967333867937e-02
1.378444110395365962e-02
1.378027716661319249e-02
1.378026853802929302e-02
1.562984682082317958e-02
1.707931694348886753e-02
1.378818555203372223e-02
1.378028491835805655e-02
1.562985967331597531e-02
1.707932703313009420e-02
1.378818557852870205e-02
1.378028491841294667e-02
1.562985967335902768e-02
1.707932703316387968e-02
1.378818557852878705e-02
1.378028491841295014e-02
1.378026855406676993e-02
1.378026852021109125e-02
1.378026852014103965e-02
1.378026852014090260e-02
1.562984680678742438e-02
1.378444107427587335e-02
1.563312069733882245e-02
1.708188701577617596e-02
1.843010769054981290e-02
1.952284793519235354e-02
1.379480201399942846e-02
1.564124960260892400e-02
1.378446742621373955e-02
1.378027722104701105e-02
1.562985363377713058e-02
1.378444109002287428e-02
1.563312070969401571e-02
1.378444862920625257e-02
1.378027718217542628e-02
1.378026853806149123e-02
1.562984682084844756e-02
1.378444107430830054e-02
1.378027716655199492e-02
1.562985359101871571e-02
1.707932225832142770e-02
1.842802026997846301e-02
1.952114637229565228e-02
1.379479640261842451e-02
1.378029864108441457e-02
1.562987044057358513e-02
1.378444112878933654e-02
1.563312074011052530e-02
1.378444862927650019e-02
1.378027718217557027e-02
1.378026853806149470e-02
1.378026852017797538e-02
1.378026852014097546e-02
1.562984680678745908e-02
1.378444107427586121e-02
1.378027716655193073e-02
1.562985359101869143e-02
1.707932225832143810e-02
1.378818556599023352e-02
1.563605863178355732e-02
1.378445541660101165e-02
1.378027719621098893e-02
1.378026853809052356e-02
1.378026852017803609e-02
1.562984680681657121e-02
1.707931693249315971e-02
1.378818555200485296e-02
1.378028491835798890e-02
1.562985967331588510e-02
1.378444110395360585e-02
1.563312072062421690e-02
1.378444862923149453e-02
1.378027718217546618e-02
1.562985360327741324e-02
1.378444108995252257e-02
1.563312070963882028e-02
1.708188702543176826e-02
1.843010769840841209e-02
1.379156250186649481e-02
1.378029192567016559e-02
1.562986517146079668e-02
1.707933134935913505e-02
1.842802766902558800e-02
1.379155642380598505e-02
1.378029191305528943e-02
1.378026856853783663e-02
1.562984684476105904e-02
1.707931696228088062e-02
1.378818555208307511e-02
1.563605862087217094e-02
1.708419327854278011e-02
1.378819837100023898e-02
1.563606867844156978e-02
1.708420117352477813e-02
1.378819839178543720e-02
1.563606869474936864e-02
1.378445543986651575e-02
1.378027719625910669e-02
1.378026853809063632e-02
1.378026852017803089e-02
1.378026852014097893e-02
1.562984680678748337e-02
1.378444107427586815e-02
1.378027716655192553e-02
1.562985359101869490e-02
1.707932225832142423e-02
1.842802026997846648e-02
1.952114637229564881e-02
1.379479640261842797e-02
1.378029864108441457e-02
1.378026858245732893e-02
1.378026852026981684e-02
1.378026852014116281e-02
1.378026852014090434e-02
1.378026852014090260e-02
1.378026852014090260e-02
1.562984680678740357e-02
1.707931693247027871e-02
1.378818555200478878e-02
1.378028491835799237e-02
1.378026855406666584e-02
1.562984683340656183e-02
1.707931695336720526e-02
1.842801595236303464e-02
1.379155638958648455e-02
1.563870334238169971e-02
1.378446153239459675e-02
1.563313674895008137e-02
1.378444866624325450e-02
1.563312665406029270e-02
1.378444864293264065e-02
1.378027718220381850e-02
1.378026853806155194e-02
1.562984682084846838e-02
1.707931694350865379e-02
1.842801594433930365e-02
1.952114284625433918e-02
2.040845125630610934e-02
2.111760636680343889e-02
1.380062768307850803e-02
1.564582015657297459e-02
1.709185557572968223e-02
1.378821857511596492e-02
1.378028498678523193e-02
1.378026855420823316e-02
1.378026852021138268e-02
1.562984680684275512e-02
1.378444107427598958e-02
1.378027716655192379e-02
1.562985359101866020e-02
1.378444108992425005e-02
1.563312070961665051e-02
1.378444862920606868e-02
1.563312662500060055e-02
1.708189166904175091e-02
1.378819231648564618e-02
1.563606392814184676e-02
1.708419744463887321e-02
1.378819838196834215e-02
1.378028494494282219e-02
1.378026855412166178e-02
1.562984683344973216e-02
1.378444107433736236e-02
1.563312069738702348e-02
1.378444862917783433e-02
1.378027718217536210e-02
1.378026853806149470e-02
1.378026852017797885e-02
1.562984680681650182e-02
1.378444107427593233e-02
1.563312069733885368e-02
1.378444862917771810e-02
1.378027718217535516e-02
1.378026853806149123e-02
1.378026852017797885e-02
1.378026852014097373e-02
1.378026852014090781e-02
1.378026852014090260e-02
1.562984680678741051e-02
1.707931693247027871e-02
1.378818555200478878e-02
1.378028491835799063e-02
1.378026855406666584e-02
1.562984683340657571e-02
1.378444107433726175e-02
1.563312069738694021e-02
1.378444862917783433e-02
1.378027718217535690e-02
1.378026853806149643e-02
1.562984682084844409e-02
1.707931694350871624e-02
1.378818555203377080e-02
1.378028491835805135e-02
1.378026855406666931e-02
1.562984683340658612e-02
1.707931695336725730e-02
1.378818555205965635e-02
1.563605862085379328e-02
1.708419327852832292e-02
1.378819837100020602e-02
1.378028494492009037e-02
1.378026855412161668e-02
1.562984683344968012e-02
1.378444107433736410e-02
1.378027716655205563e-02
1.378026853802916986e-02
1.378026852017790772e-02
1.378026852014097546e-02
1.378026852014089566e-02
1.562984680678742092e-02
1.378444107427586468e-02
1.563312069733880857e-02
1.378444862917771983e-02
1.378027718217536210e-02
1.378026853806148602e-02
1.378026852017797017e-02
1.378026852014097199e-02
1.378026852014090087e-02
1.378026852014090607e-02
1.378026852014089566e-02
1.562984680678739663e-02
1.707931693247029606e-02
1.378818555200478704e-02
1.378028491835799237e-02
1.378026855406666411e-02
1.378026852021109298e-02
1.378026852014104485e-02
1.562984680678756663e-02
1.378444107427586468e-02
1.563312069733877388e-02
1.708188701577612739e-02
1.843010769054976086e-02
1.379156250184351146e-02
1.563870813791943398e-02
1.708627308562114117e-02
1.378820384773571731e-02
1.378028495626843104e-02
1.562985970306154590e-02
1.378444110402222457e-02
1.563312072067802108e-02
1.708188703409761061e-02
1.378819230429969601e-02
1.563606391858090097e-02
1.378445542882403112e-02
1.563313196003777994e-02
1.378444865518492317e-02
1.563312664538382343e-02
1.708189168504271188e-02
1.843011149081377753e-02
1.379156251295672944e-02
1.378029192569318190e-02
1.378026856856398238e-02
1.378026852024107768e-02
1.378026852014111424e-02
1.562984680678757010e-02
1.707931693247040708e-02
1.842801593535543792e-02
1.379155638953680728e-02
1.378029191298417097e-02
1.378026856853768224e-02
1.562984684476095495e-02
1.707931696228085633e-02
1.842801595961775576e-02
1.379155638960766900e-02
1.378029191298431322e-02
1.378026856853768918e-02
1.378026852024102217e-02
1.562984680686597960e-02
1.707931693253198630e-02
1.378818555200495358e-02
1.378028491835799237e-02
1.562985967331589898e-02
1.378444110395360758e-02
1.378027716661319770e-02
1.378026853802929996e-02
1.562984682082319346e-02
1.707931694348886059e-02
1.378818555203372397e-02
1.563605862083345885e-02
1.708419327851236694e-02
1.843198473741285495e-02
1.952437801812845902e-02
2.041109116646166316e-02
1.379779656146815081e-02
1.378030487433641246e-02
1.378026859535321468e-02
1.378026852029650730e-02
1.378026852014122006e-02
1.562984680678764643e-02
1.707931693247047994e-02
1.378818555200478878e-02
1.378028491835799063e-02
1.562985967331591286e-02
1.378444110395361105e-02
1.378027716661319249e-02
1.378026853802929476e-02
1.378026852017790772e-02
1.378026852014097546e-02
1.562984680678748683e-02
1.378444107427586988e-02
1.378027716655192726e-02
1.562985359101869143e-02
1.378444108992425178e-02
1.378027716658427292e-02
1.378026853802923404e-02
1.562984682082312060e-02
1.707931694348886406e-02
1.842801594432321582e-02
1.379155638956300160e-02
1.378029191298421781e-02
1.562986516150697419e-02
1.707933134154498989e-02
1.842802766266572745e-02
1.952115239843869518e-02
1.379479642248051217e-02
1.564124521572990423e-02
1.708826457541822580e-02
1.378820909731406051e-02
1.563607709417838207e-02
1.378445545928603383e-02
1.378027719629926727e-02
1.378026853809071438e-02
1.378026852017803262e-02
1.378026852014097026e-02
1.562984680678748683e-02
1.707931693247036892e-02
1.842801593535544832e-02
1.379155638953680901e-02
1.378029191298416403e-02
1.378026856853768398e-02
1.378026852024102564e-02
1.378026852014110210e-02
1.562984680678757010e-02
1.707931693247040708e-02
1.842801593535543098e-02
1.952114283893115892e-02
2.040845125033036514e-02
2.111760636194087368e-02
1.380062768305759073e-02
1.378031076577789123e-02
1.378026860754197856e-02
1.562984687536489795e-02
1.378444107443404371e-02
1.378027716655225339e-02
1.378026853802916986e-02
1.562984682082308938e-02
1.378444107430823462e-02
1.378027716655199492e-02
1.378026853802917333e-02
1.378026852017791119e-02
1.562984680681648100e-02
1.378444107427592887e-02
1.378027716655193594e-02
1.378026853802916812e-02
1.562984682082307203e-02
1.378444107430823462e-02
1.378027716655199492e-02
1.378026853802917333e-02
1.562984682082310672e-02
1.378444107430824329e-02
1.378027716655199492e-02
1.378026853802916812e-02
1.378026852017790946e-02
1.378026852014097546e-02
1.378026852014089566e-02
1.378026852014089913e-02
1.378026852014091128e-02
1.378026852014090260e-02
1.562984680678738969e-02
1.707931693247027524e-02
1.842801593535533730e-02
1.379155638953681075e-02
1.378029191298416924e-02
1.378026856853767877e-02
1.378026852024102390e-02
1.378026852014110210e-02
1.562984680678757010e-02
1.707931693247043831e-02
1.842801593535552118e-02
1.379155638953681075e-02
1.563870334234273088e-02
1.378446153239449960e-02
1.563313674894999811e-02
1.378444866624325103e-02
1.563312665406024066e-02
1.378444864293263891e-02
1.378027718220381850e-02
1.378026853806153980e-02
1.378026852017797364e-02
1.378026852014097546e-02
1.378026852014089913e-02
1.378026852014089913e-02
1.378026852014091128e-02
1.562984680678739316e-02
1.707931693247029953e-02
1.378818555200479225e-02
1.378028491835799063e-02
1.562985967331586082e-02
1.707932703312998318e-02
1.378818557852870032e-02
1.563605864162108741e-02
1.378445541662375734e-02
1.378027719621104097e-02
1.378026853809053050e-02
1.562984682087124183e-02
1.378444107430834738e-02
1.563312069736426044e-02
1.708188701579619120e-02
1.843010769056609155e-02
1.379156250184355829e-02
1.563870813791947215e-02
1.378446154349070689e-02
1.563313675765619706e-02
1.378444866626335301e-02
1.378027718225208545e-02
1.378026853806164388e-02
1.378026852017797885e-02
1.378026852014097893e-02
1.378026852014089219e-02
1.378026852014090781e-02
1.378026852014089913e-02
1.562984680678740704e-02
1.707931693247029606e-02
1.842801593535535118e-02
1.379155638953680728e-02
1.378029191298417271e-02
1.378026856853768571e-02
1.562984684476097577e-02
1.707931696228082510e-02
1.842801595961765168e-02
1.379155638960766900e-02
1.563870334239826632e-02
1.378446153239462277e-02
1.378027720885881442e-02
1.378026853811669707e-02
1.378026852017808293e-02
1.562984680681660243e-02
1.378444107427592366e-02
1.563312069733882245e-02
1.708188701577614474e-02
1.843010769054978515e-02
1.379156250184351146e-02
1.378029192567011355e-02
1.378026856856393208e-02
1.378026852024107421e-02
1.378026852014111077e-02
1.562984680678755969e-02
1.707931693247040708e-02
1.378818555200478357e-02
1.563605862081074438e-02
1.708419327849455480e-02
1.843198473739838389e-02
1.379156799404337649e-02
1.378029193706863283e-02
1.562986518040435438e-02
1.707933135638008137e-02
1.842802767473974979e-02
1.379155642382268177e-02
1.378029191305532412e-02
1.378026856853783143e-02
1.562984684476107639e-02
1.378444107436345954e-02
1.378027716655210073e-02
1.378026853802916465e-02
1.378026852017790425e-02
1.562984680681646019e-02
1.707931693249313196e-02
1.842801593537394741e-02
1.952114283894626490e-02
1.379479639097260998e-02
1.378029864106022732e-02
1.378026858245728209e-02
1.378026852026982552e-02
1.378026852014115934e-02
1.562984680678763602e-02
1.378444107427586121e-02
1.563312069733880511e-02
1.378444862917771983e-02
1.378027718217536383e-02
1.378026853806148949e-02
1.378026852017797538e-02
1.562984680681649488e-02
1.707931693249312849e-02
1.378818555200484429e-02
1.378028491835799237e-02
1.378026855406666064e-02
1.378026852021108258e-02
1.378026852014103791e-02
1.562984680678753194e-02
1.707931693247039667e-02
1.378818555200478357e-02
1.378028491835799410e-02
1.378026855406666758e-02
1.378026852021108778e-02
1.562984680684249145e-02
1.707931693251356700e-02
1.842801593539062505e-02
1.379155638953691136e-02
1.563870334234282802e-02
1.708626932127826209e-02
1.843367441948529084e-02
1.952575537499250807e-02
2.041221509756584174e-02
1.379780078620133389e-02
1.378030488311992978e-02
1.378026859537138937e-02
1.378026852029653679e-02
1.378026852014122873e-02
1.562984680678770888e-02
1.378444107427587162e-02
1.378027716655192206e-02
1.378026853802916812e-02
1.562984682082306162e-02
1.378444107430823462e-02
1.563312069736420840e-02
1.708188701579610447e-02
1.843010769056603604e-02
1.952284793520559641e-02
2.040984261263894747e-02
1.379779187397131221e-02
1.378030486459081924e-02
1.562987532372069055e-02
1.707933931922445484e-02
1.378818561079169815e-02
1.563605866693429727e-02
1.378445541668227650e-02
1.563313195051128576e-02
1.708189584961320936e-02
1.843011488031133516e-02
1.379156252286874683e-02
1.563870815441537748e-02
1.378446154352887081e-02
1.563313675768616615e-02
1.708189962328640274e-02
1.843011795166185629e-02
1.379156253185043375e-02
1.378029192573238838e-02
1.378026856856405351e-02
1.378026852024108635e-02
1.562984680686604552e-02
1.378444107427604509e-02
1.378027716655193420e-02
1.562985359101869837e-02
1.378444108992425352e-02
1.378027716658426945e-02
1.562985359104404962e-02
1.707932225834129375e-02
1.378818556599029251e-02
1.378028491838697439e-02
1.562985967333867243e-02
1.707932703314790288e-02
1.378818557852874715e-02
1.563605864162113251e-02
1.708419329483030699e-02
1.843198475069397074e-02
1.379156799408231583e-02
1.563871244700469620e-02
1.378446155346127119e-02
1.378027720890237680e-02
1.562985362424810717e-02
1.707932228440760605e-02
1.378818556605872735e-02
1.378028491838710796e-02
1.378026855406672656e-02
1.562984683340660347e-02
1.378444107433727216e-02
1.378027716655205390e-02
1.562985359101879551e-02
1.378444108992424831e-02
1.563312070961663663e-02
1.378444862920607562e-02
1.378027718217541414e-02
1.378026853806149643e-02
1.378026852017796844e-02
1.378026852014098587e-02
1.562984680678748337e-02
1.707931693247035157e-02
1.842801593535537893e-02
1.952114283893113464e-02
1.379479639097255621e-02
1.378029864106023600e-02
1.562987044055461072e-02
1.378444112878928624e-02
1.563312074011045591e-02
1.378444862927649325e-02
1.378027718217556506e-02
1.562985360327745488e-02
1.378444108995252083e-02
1.378027716658433537e-02
1.562985359104413635e-02
1.378444108992430556e-02
1.378027716658427292e-02
1.378026853802923925e-02
1.378026852017790425e-02
1.562984680681647753e-02
1.378444107427593407e-02
1.563312069733881898e-02
1.378444862917771810e-02
1.378027718217535863e-02
1.378026853806148429e-02
1.562984682084842328e-02
1.378444107430829707e-02
1.378027716655200186e-02
1.378026853802916986e-02
1.562984682082308938e-02
1.707931694348878773e-02
1.842801594432309786e-02
1.379155638956300160e-02
1.563870334236327694e-02
1.708626932129428747e-02
1.378820383781666388e-02
1.563607296764011473e-02
1.378445544974544849e-02
1.563313197645289226e-02
1.378444865522282861e-02
1.378027718222924608e-02
1.378026853806160572e-02
1.378026852017797191e-02
1.378026852014097720e-02
1.378026852014089566e-02
1.378026852014089566e-02
1.562984680678741745e-02
1.378444107427586468e-02
1.378027716655192900e-02
1.378026853802916812e-02
1.378026852017790078e-02
1.378026852014097893e-02
1.378026852014089566e-02
1.562984680678740357e-02
1.707931693247030300e-02
1.378818555200479051e-02
1.378028491835799584e-02
1.378026855406666237e-02
1.378026852021109645e-02
1.378026852014104832e-02
1.562984680678753194e-02
1.378444107427586468e-02
1.563312069733881898e-02
1.378444862917771810e-02
1.378027718217536036e-02
1.562985360327730569e-02
1.378444108995252604e-02
1.378027716658433537e-02
1.378026853802923404e-02
1.378026852017790772e-02
1.562984680681643590e-02
1.378444107427593060e-02
1.378027716655192379e-02
1.378026853802916812e-02
1.378026852017791119e-02
1.562984680681645325e-02
1.707931693249312155e-02
1.378818555200484949e-02
1.378028491835799410e-02
1.378026855406665890e-02
1.378026852021108084e-02
1.378026852014104311e-02
1.562984680678753541e-02
1.378444107427586121e-02
1.378027716655193073e-02
1.562985359101869143e-02
1.707932225832143810e-02
1.378818556599023352e-02
1.563605863178355732e-02
1.378445541660101165e-02
1.378027719621098893e-02
1.562985361429004849e-02
1.378444108997792586e-02
1.378027716658439088e-02
1.378026853802923925e-02
1.562984682082316223e-02
1.378444107430823809e-02
1.378027716655199839e-02
1.378026853802916812e-02
1.378026852017790772e-02
1.378026852014098066e-02
1.378026852014089740e-02
1.378026852014089913e-02
1.378026852014089913e-02
1.378026852014091128e-02
1.378026852014090260e-02
1.562984680678738969e-02
1.378444107427586468e-02
1.563312069733877735e-02
1.708188701577606841e-02
1.378819230425153142e-02
1.378028493234922588e-02
1.562985968429384670e-02
1.707932704174809982e-02
1.842802416313132560e-02
1.379155641356669473e-02
1.563870336119602134e-02
1.708626933607729562e-02
1.843367443153010043e-02
1.379157294347778569e-02
1.378029194734043013e-02
1.378026856860876601e-02
1.562984684481674019e-02
1.378444107436358618e-02
1.563312069740761812e-02
1.708188701583010158e-02
1.378819230425167713e-02
1.378028493234922068e-02
1.562985968429383282e-02
1.378444110397892067e-02
1.563312072064404479e-02
1.378444862923153616e-02
1.563312662502056721e-02
1.708189166905741199e-02
1.843011147780355963e-02
1.379156251291867308e-02
1.378029192569310904e-02
1.562986517147877188e-02
