1.895720433834558924e-04
1.900331924236662901e-04
1.900341471089442248e-04
1.900341490840621293e-04
1.900341490881484060e-04
1.900341490881568085e-04
1.900341490881569170e-04
1.900341490881571067e-04
1.900341490881567543e-04
1.900341490881568899e-04
1.900341490881568085e-04
1.900341490881569983e-04
3.119019181157967752e-04
4.272518107696012695e-04
1.904757899670399789e-04
1.900350623369822210e-04
1.900341509775402607e-04
1.900341490920659266e-04
1.900341490881650485e-04
1.900341490881569441e-04
1.900341490881568085e-04
1.900341490881569983e-04
1.900341490881571067e-04
1.900341490881569983e-04
1.900341490881571067e-04
1.900341490881569983e-04
3.119019181157967752e-04
1.902666994146656667e-04
1.900346306226389104e-04
1.900341500843848652e-04
1.900341490902180937e-04
1.900341490881611453e-04
1.900341490881572151e-04
1.900341490881567001e-04
1.900341490881568627e-04
3.119019181157966125e-04
1.902666994146653685e-04
3.121213534380867967e-04
1.902671209361763696e-04
1.900346314927386384e-04
1.900341500861850745e-04
1.900341490902213192e-04
1.900341490881612809e-04
1.900341490881568085e-04
1.900341490881571067e-04
1.900341490881567543e-04
1.900341490881568899e-04
1.900341490881568085e-04
1.900341490881569983e-04
1.900341490881571067e-04
1.900341490881569983e-04
1.900341490881571067e-04
1.900341490881569983e-04
1.900341490881571067e-04
1.900341490881569983e-04
1.900341490881571067e-04
1.900341490881569983e-04
1.900341490881571067e-04
1.900341490881569983e-04
1.900341490881571067e-04
1.900341490881569983e-04
1.900341490881571067e-04
1.900341490881569983e-04
1.900341490881571067e-04
1.900341490881569983e-04
1.900341490881571067e-04
1.900341490881569983e-04
1.900341490881571067e-04
3.119019181157972631e-04
1.902666994146656938e-04
3.121213534380873388e-04
4.274599536767362024e-04
1.904761674801510826e-04
1.900350631161848783e-04
1.900341509791523881e-04
1.900341490920693689e-04
1.900341490881649943e-04
1.900341490881567001e-04
1.900341490881568627e-04
3.119019181157966125e-04
1.902666994146653685e-04
1.900346306226384225e-04
1.900341500843848110e-04
1.900341490902176600e-04
1.900341490881610098e-04
1.900341490881565917e-04
1.900341490881569441e-04
3.119019181157966667e-04
1.902666994146659648e-04
1.900346306226386936e-04
1.900341500843851091e-04
1.900341490902179853e-04
3.119019181177415628e-04
1.902666994146694072e-04
1.900346306226393441e-04
1.900341500843848652e-04
1.900341490902177142e-04
3.119019181177419423e-04
4.272518107714466358e-04
1.904757899670430688e-04
1.900350623369819771e-04
1.900341509775399084e-04
1.900341490920659537e-04
1.900341490881651569e-04
1.900341490881565375e-04
1.900341490881565646e-04
1.900341490881568627e-04
1.900341490881570525e-04
1.900341490881569983e-04
1.900341490881566459e-04
1.900341490881569983e-04
1.900341490881571067e-04
1.900341490881569983e-04
1.900341490881571067e-04
1.900341490881569983e-04
1.900341490881571067e-04
1.900341490881569983e-04
1.900341490881571067e-04
1.900341490881569983e-04
1.900341490881571067e-04
1.900341490881569983e-04
1.900341490881571067e-04
1.900341490881569983e-04
1.900341490881571067e-04
1.900341490881569983e-04
1.900341490881571067e-04
1.900341490881569983e-04
1.900341490881571067e-04
1.900341490881569983e-04
1.900341490881571067e-04
1.900341490881569983e-04
3.119019181157967752e-04
1.902666994146656667e-04
1.900346306226389104e-04
1.900341500843848652e-04
1.900341490902180937e-04
1.900341490881611453e-04
1.900341490881572151e-04
1.900341490881567001e-04
1.900341490881568627e-04
1.900341490881567001e-04
1.900341490881569441e-04
3.119019181157971004e-04
1.902666994146654227e-04
1.900346306226388562e-04
1.900341500843848923e-04
1.900341490902180666e-04
1.900341490881608472e-04
3.119019181158007325e-04
1.902666994146658564e-04
1.900346306226385852e-04
1.900341500843849194e-04
3.119019190558299827e-04
1.902666994164719475e-04
1.900346306226423257e-04
1.900341500843849194e-04
1.900341490902179040e-04
1.900341490881609556e-04
1.900341490881565917e-04
1.900341490881571067e-04
1.900341490881567543e-04
1.900341490881568899e-04
1.900341490881568085e-04
1.900341490881569983e-04
1.900341490881571067e-04
1.900341490881569983e-04
1.900341490881571067e-04
1.900341490881569983e-04
1.900341490881571067e-04
1.900341490881569983e-04
1.900341490881571067e-04
3.119019181157972631e-04
1.902666994146656938e-04
1.900346306226390189e-04
1.900341500843848381e-04
1.900341490902180937e-04
1.900341490881611453e-04
1.900341490881572151e-04
1.900341490881567001e-04
1.900341490881568627e-04
1.900341490881567001e-04
1.900341490881569441e-04
1.900341490881571609e-04
1.900341490881565917e-04
1.900341490881569441e-04
1.900341490881569712e-04
1.900341490881568356e-04
1.900341490881571880e-04
1.900341490881567001e-04
1.900341490881568627e-04
1.900341490881567001e-04
1.900341490881569441e-04
3.119019181157971004e-04
1.902666994146654227e-04
3.121213534380873930e-04
1.902671209361757462e-04
1.900346314927390179e-04
1.900341500861851558e-04
1.900341490902214818e-04
1.900341490881608201e-04
1.900341490881571338e-04
1.900341490881569170e-04
1.900341490881571338e-04
1.900341490881569170e-04
1.900341490881571338e-04
1.900341490881569170e-04
1.900341490881571338e-04
1.900341490881569170e-04
1.900341490881571338e-04
1.900341490881569170e-04
1.900341490881571338e-04
1.900341490881569170e-04
1.900341490881571338e-04
1.900341490881569170e-04
1.900341490881571338e-04
1.900341490881569170e-04
1.900341490881571338e-04
1.900341490881569170e-04
1.900341490881571338e-04
3.119019181157973715e-04
1.902666994146658022e-04
1.900346306226387478e-04
1.900341500843844586e-04
1.900341490902182563e-04
1.900341490881610911e-04
1.900341490881565917e-04
1.900341490881568356e-04
1.900341490881569712e-04
1.900341490881568356e-04
1.900341490881571880e-04
1.900341490881567001e-04
1.900341490881568627e-04
1.900341490881567001e-04
1.900341490881569441e-04
1.900341490881571609e-04
1.900341490881565917e-04
1.900341490881569441e-04
1.900341490881569712e-04
1.900341490881568356e-04
1.900341490881571880e-04
3.119019181157966667e-04
1.902666994146660732e-04
1.900346306226389375e-04
1.900341500843845941e-04
1.900341490902179853e-04
1.900341490881611182e-04
1.900341490881569983e-04
1.900341490881566459e-04
1.900341490881569983e-04
3.119019181157967752e-04
1.902666994146656667e-04
1.900346306226389104e-04
1.900341500843848652e-04
1.900341490902180937e-04
1.900341490881611453e-04
1.900341490881572151e-04
1.900341490881567001e-04
3.119019181157971004e-04
1.902666994146655040e-04
1.900346306226387207e-04
1.900341500843847297e-04
1.900341490902179853e-04
1.900341490881611996e-04
1.900341490881568356e-04
1.900341490881568627e-04
1.900341490881567001e-04
1.900341490881569441e-04
1.900341490881571609e-04
1.900341490881565917e-04
1.900341490881569441e-04
1.900341490881569712e-04
1.900341490881568356e-04
1.900341490881571880e-04
1.900341490881567001e-04
1.900341490881568627e-04
1.900341490881567001e-04
3.119019181157957994e-04
1.902666994146656396e-04
1.900346306226389375e-04
1.900341500843845128e-04
1.900341490902181479e-04
1.900341490881611453e-04
1.900341490881570525e-04
1.900341490881567272e-04
1.900341490881568085e-04
1.900341490881566730e-04
1.900341490881571067e-04
1.900341490881567543e-04
1.900341490881568899e-04
1.900341490881568085e-04
1.900341490881569983e-04
1.900341490881571067e-04
1.900341490881569983e-04
1.900341490881571067e-04
1.900341490881569983e-04
3.119019181157967752e-04
1.902666994146656667e-04
1.900346306226389104e-04
1.900341500843848652e-04
1.900341490902180937e-04
1.900341490881611453e-04
1.900341490881572151e-04
1.900341490881567001e-04
1.900341490881568627e-04
1.900341490881567001e-04
3.119019181157957994e-04
1.902666994146656396e-04
1.900346306226389375e-04
1.900341500843845128e-04
1.900341490902181479e-04
1.900341490881611453e-04
3.119019181158011662e-04
1.902666994146658835e-04
1.900346306226387749e-04
1.900341500843847297e-04
1.900341490902179853e-04
1.900341490881611996e-04
1.900341490881568356e-04
1.900341490881568627e-04
1.900341490881567001e-04
1.900341490881569441e-04
3.119019181157971004e-04
1.902666994146654227e-04
1.900346306226388562e-04
1.900341500843848923e-04
1.900341490902180666e-04
1.900341490881608472e-04
1.900341490881568899e-04
1.900341490881568085e-04
1.900341490881569983e-04
1.900341490881571067e-04
3.119019181157972631e-04
1.902666994146656938e-04
1.900346306226390189e-04
1.900341500843848381e-04
1.900341490902180937e-04
1.900341490881611453e-04
1.900341490881572151e-04
1.900341490881567001e-04
1.900341490881568627e-04
1.900341490881567001e-04
1.900341490881569441e-04
1.900341490881571609e-04
1.900341490881565917e-04
1.900341490881569441e-04
1.900341490881569712e-04
3.119019181157965583e-04
4.272518107696014322e-04
1.904757899670393554e-04
1.900350623369823566e-04
1.900341509775400981e-04
1.900341490920659537e-04
1.900341490881651298e-04
1.900341490881569170e-04
1.900341490881571067e-04
1.900341490881570796e-04
1.900341490881566730e-04
1.900341490881569712e-04
1.900341490881571067e-04
1.900341490881569983e-04
1.900341490881571067e-04
1.900341490881569983e-04
1.900341490881571067e-04
1.900341490881569983e-04
1.900341490881571067e-04
1.900341490881569983e-04
1.900341490881571067e-04
1.900341490881569983e-04
1.900341490881571067e-04
1.900341490881569983e-04
1.900341490881571067e-04
1.900341490881569983e-04
1.900341490881571067e-04
1.900341490881569983e-04
1.900341490881571067e-04
3.119019181157972631e-04
1.902666994146656938e-04
1.900346306226390189e-04
1.900341500843848381e-04
1.900341490902180937e-04
1.900341490881611453e-04
1.900341490881572151e-04
1.900341490881567001e-04
1.900341490881568627e-04
1.900341490881567001e-04
1.900341490881569441e-04
1.900341490881571609e-04
1.900341490881565917e-04
1.900341490881569441e-04
1.900341490881569712e-04
1.900341490881568356e-04
1.900341490881571880e-04
1.900341490881567001e-04
1.900341490881568627e-04
1.900341490881567001e-04
1.900341490881569441e-04
1.900341490881571609e-04
1.900341490881565917e-04
1.900341490881569441e-04
1.900341490881569712e-04
1.900341490881568356e-04
3.119019181157967210e-04
1.902666994146654227e-04
3.121213534380873388e-04
1.902671209361760443e-04
1.900346314927389636e-04
1.900341500861851016e-04
1.900341490902216987e-04
1.900341490881608472e-04
1.900341490881570254e-04
1.900341490881572964e-04
1.900341490881565375e-04
1.900341490881569170e-04
1.900341490881571067e-04
1.900341490881567543e-04
1.900341490881568899e-04
1.900341490881568085e-04
1.900341490881569983e-04
1.900341490881571067e-04
1.900341490881569983e-04
1.900341490881571067e-04
1.900341490881569983e-04
1.900341490881571067e-04
1.900341490881569983e-04
1.900341490881571067e-04
1.900341490881569983e-04
1.900341490881571067e-04
1.900341490881569983e-04
1.900341490881571067e-04
1.900341490881569983e-04
1.900341490881571067e-04
1.900341490881569983e-04
1.900341490881571067e-04
1.900341490881569983e-04
1.900341490881571067e-04
3.119019181157972631e-04
1.902666994146656938e-04
1.900346306226390189e-04
1.900341500843848381e-04
1.900341490902180937e-04
1.900341490881611453e-04
1.900341490881572151e-04
1.900341490881567001e-04
1.900341490881568627e-04
1.900341490881567001e-04
3.119019181157957994e-04
1.902666994146656396e-04
1.900346306226389375e-04
1.900341500843845128e-04
1.900341490902181479e-04
1.900341490881611453e-04
1.900341490881570525e-04
1.900341490881567272e-04
1.900341490881568085e-04
1.900341490881566730e-04
1.900341490881571067e-04
1.900341490881567543e-04
1.900341490881568899e-04
1.900341490881568085e-04
1.900341490881569983e-04
1.900341490881571067e-04
1.900341490881569983e-04
1.900341490881571067e-04
1.900341490881569983e-04
1.900341490881571067e-04
1.900341490881569983e-04
3.119019181157967752e-04
1.902666994146656667e-04
1.900346306226389104e-04
1.900341500843848652e-04
1.900341490902180937e-04
1.900341490881611453e-04
1.900341490881572151e-04
1.900341490881567001e-04
3.119019181157971004e-04
1.902666994146655040e-04
1.900346306226387207e-04
1.900341500843847297e-04
1.900341490902179853e-04
1.900341490881611996e-04
1.900341490881568356e-04
1.900341490881568627e-04
1.900341490881567001e-04
1.900341490881569441e-04
1.900341490881571609e-04
1.900341490881565917e-04
1.900341490881569441e-04
1.900341490881569712e-04
1.900341490881568356e-04
1.900341490881571880e-04
1.900341490881567001e-04
1.900341490881568627e-04
1.900341490881567001e-04
1.900341490881569441e-04
1.900341490881571609e-04
1.900341490881565917e-04
1.900341490881569441e-04
1.900341490881569712e-04
3.119019181157965583e-04
1.902666994146657209e-04
1.900346306226389918e-04
1.900341500843848652e-04
1.900341490902176871e-04
1.900341490881612538e-04
1.900341490881570525e-04
1.900341490881567272e-04
1.900341490881568085e-04
1.900341490881566730e-04
1.900341490881571067e-04
1.900341490881567543e-04
1.900341490881568899e-04
1.900341490881568085e-04
1.900341490881569983e-04
1.900341490881571067e-04
1.900341490881569983e-04
1.900341490881571067e-04
1.900341490881569983e-04
1.900341490881571067e-04
1.900341490881569983e-04
1.900341490881571067e-04
1.900341490881569983e-04
1.900341490881571067e-04
1.900341490881569983e-04
1.900341490881571067e-04
3.119019181157972631e-04
1.902666994146656938e-04
1.900346306226390189e-04
1.900341500843848381e-04
1.900341490902180937e-04
1.900341490881611453e-04
1.900341490881572151e-04
1.900341490881567001e-04
1.900341490881568627e-04
1.900341490881567001e-04
1.900341490881569441e-04
1.900341490881571609e-04
1.900341490881565917e-04
1.900341490881569441e-04
1.900341490881569712e-04
1.900341490881568356e-04
1.900341490881571880e-04
1.900341490881567001e-04
1.900341490881568627e-04
1.900341490881567001e-04
1.900341490881569441e-04
1.900341490881571609e-04
1.900341490881565917e-04
1.900341490881569441e-04
1.900341490881569712e-04
1.900341490881568356e-04
1.900341490881571880e-04
3.119019181157966667e-04
1.902666994146660732e-04
1.900346306226389375e-04
1.900341500843845941e-04
1.900341490902179853e-04
1.900341490881611182e-04
1.900341490881569983e-04
1.900341490881566459e-04
1.900341490881569983e-04
1.900341490881571067e-04
1.900341490881569983e-04
1.900341490881571067e-04
1.900341490881569983e-04
1.900341490881571067e-04
1.900341490881569983e-04
3.119019181157967752e-04
1.902666994146656667e-04
1.900346306226389104e-04
1.900341500843848652e-04
1.900341490902180937e-04
1.900341490881611453e-04
1.900341490881572151e-04
1.900341490881567001e-04
1.900341490881568627e-04
1.900341490881567001e-04
1.900341490881569441e-04
1.900341490881571609e-04
3.119019181157973715e-04
1.902666994146656938e-04
1.900346306226385039e-04
1.900341500843847297e-04
1.900341490902179582e-04
1.900341490881609014e-04
1.900341490881564020e-04
1.900341490881565917e-04
1.900341490881568356e-04
1.900341490881569712e-04
1.900341490881568356e-04
1.900341490881571880e-04
1.900341490881567001e-04
1.900341490881568627e-04
1.900341490881567001e-04
1.900341490881569441e-04
1.900341490881571609e-04
1.900341490881565917e-04
1.900341490881569441e-04
1.900341490881569712e-04
1.900341490881568356e-04
3.119019181157967210e-04
1.902666994146654227e-04
1.900346306226384768e-04
1.900341500843847568e-04
1.900341490902179853e-04
1.900341490881611996e-04
1.900341490881568356e-04
1.900341490881568627e-04
1.900341490881567001e-04
1.900341490881569441e-04
1.900341490881571609e-04
1.900341490881565917e-04
1.900341490881569441e-04
1.900341490881569712e-04
1.900341490881568356e-04
1.900341490881571880e-04
1.900341490881567001e-04
1.900341490881568627e-04
1.900341490881567001e-04
1.900341490881569441e-04
1.900341490881571609e-04
1.900341490881565917e-04
1.900341490881569441e-04
1.900341490881569712e-04
1.900341490881568356e-04
1.900341490881571880e-04
1.900341490881567001e-04
1.900341490881568627e-04
1.900341490881567001e-04
3.119019181157957994e-04
1.902666994146656396e-04
1.900346306226389375e-04
1.900341500843845128e-04
1.900341490902181479e-04
1.900341490881611453e-04
1.900341490881570525e-04
1.900341490881567272e-04
1.900341490881568085e-04
1.900341490881566730e-04
1.900341490881571067e-04
3.119019181157967210e-04
1.902666994146659106e-04
1.900346306226388562e-04
1.900341500843845399e-04
1.900341490902179853e-04
1.900341490881611453e-04
1.900341490881567543e-04
1.900341490881564020e-04
1.900341490881565917e-04
1.900341490881568356e-04
1.900341490881569712e-04
1.900341490881568356e-04
3.119019181157967210e-04
1.902666994146654227e-04
1.900346306226384768e-04
1.900341500843847568e-04
1.900341490902179853e-04
1.900341490881611996e-04
1.900341490881568356e-04
1.900341490881568627e-04
1.900341490881567001e-04
1.900341490881569441e-04
1.900341490881571609e-04
1.900341490881565917e-04
1.900341490881569441e-04
1.900341490881569712e-04
1.900341490881568356e-04
1.900341490881571880e-04
1.900341490881567001e-04
1.900341490881568627e-04
1.900341490881567001e-04
1.900341490881569441e-04
1.900341490881571609e-04
3.119019181157973715e-04
1.902666994146656938e-04
1.900346306226385039e-04
1.900341500843847297e-04
1.900341490902179582e-04
1.900341490881609014e-04
1.900341490881564020e-04
1.900341490881565917e-04
1.900341490881568356e-04
1.900341490881569712e-04
3.119019181157965583e-04
1.902666994146657209e-04
1.900346306226389918e-04
3.119023724882029574e-04
1.902667002877565187e-04
1.900346306244405563e-04
1.900341500843886057e-04
3.119019190558339400e-04
4.272518116612568340e-04
1.904757899686573103e-04
3.123186556297638723e-04
4.276471052279749003e-04
1.904765066690972456e-04
1.900350638162848769e-04
1.900341509806003943e-04
1.900341490920723776e-04
1.900341490881650214e-04
1.900341490881571609e-04
1.900341490881568899e-04
1.900341490881568085e-04
1.900341490881569170e-04
3.119019181157963957e-04
1.902666994146656667e-04
1.900346306226387478e-04
1.900341500843849194e-04
1.900341490902180124e-04
1.900341490881612538e-04
1.900341490881569170e-04
1.900341490881571338e-04
1.900341490881569170e-04
1.900341490881571338e-04
1.900341490881569170e-04
1.900341490881571338e-04
1.900341490881569170e-04
3.119019181157971004e-04
4.272518107696019200e-04
1.904757899670394910e-04
1.900350623369822210e-04
1.900341509775399897e-04
1.900341490920655742e-04
1.900341490881648316e-04
1.900341490881571609e-04
1.900341490881565917e-04
1.900341490881569441e-04
3.119019181157966667e-04
1.902666994146659648e-04
1.900346306226386936e-04
1.900341500843851091e-04
1.900341490902179853e-04
1.900341490881610911e-04
1.900341490881570254e-04
1.900341490881568627e-04
3.119019181157964499e-04
1.902666994146656938e-04
1.900346306226391273e-04
1.900341500843848110e-04
1.900341490902176600e-04
1.900341490881610098e-04
1.900341490881565917e-04
1.900341490881569441e-04
1.900341490881569712e-04
1.900341490881568356e-04
1.900341490881571880e-04
1.900341490881567001e-04
1.900341490881568627e-04
1.900341490881567001e-04
1.900341490881569441e-04
1.900341490881571609e-04
1.900341490881565917e-04
1.900341490881569441e-04
1.900341490881569712e-04
3.119019181157965583e-04
1.902666994146657209e-04
1.900346306226389918e-04
1.900341500843848652e-04
1.900341490902176871e-04
1.900341490881612538e-04
1.900341490881570525e-04
1.900341490881567272e-04
1.900341490881568085e-04
1.900341490881566730e-04
1.900341490881571067e-04
1.900341490881567543e-04
1.900341490881568899e-04
1.900341490881568085e-04
1.900341490881569983e-04
1.900341490881571067e-04
3.119019181157972631e-04
1.902666994146656938e-04
3.121213534380873388e-04
1.902671209361761256e-04
1.900346314927388552e-04
1.900341500861848847e-04
1.900341490902213463e-04
1.900341490881610369e-04
1.900341490881569712e-04
3.119019181157968294e-04
1.902666994146654769e-04
1.900346306226389918e-04
1.900341500843849465e-04
1.900341490902180666e-04
1.900341490881611996e-04
1.900341490881567814e-04
1.900341490881568899e-04
1.900341490881570525e-04
1.900341490881569170e-04
1.900341490881571338e-04
1.900341490881569170e-04
1.900341490881571338e-04
1.900341490881569170e-04
1.900341490881571338e-04
1.900341490881569170e-04
1.900341490881571338e-04
1.900341490881569170e-04
1.900341490881571338e-04
1.900341490881569170e-04
1.900341490881571338e-04
1.900341490881569170e-04
1.900341490881571338e-04
1.900341490881569170e-04
1.900341490881571338e-04
1.900341490881569170e-04
1.900341490881571338e-04
1.900341490881569170e-04
1.900341490881571338e-04
1.900341490881569170e-04
1.900341490881571338e-04
1.900341490881569170e-04
1.900341490881571338e-04
1.900341490881569170e-04
1.900341490881571338e-04
1.900341490881569170e-04
1.900341490881571338e-04
1.900341490881569170e-04
1.900341490881571338e-04
1.900341490881569170e-04
3.119019181157971004e-04
1.902666994146656396e-04
1.900346306226389646e-04
1.900341500843852447e-04
1.900341490902176600e-04
1.900341490881609285e-04
3.119019181158003530e-04
1.902666994146658835e-04
1.900346306226387749e-04
1.900341500843847297e-04
1.900341490902179853e-04
3.119019181177417797e-04
1.902666994146692445e-04
1.900346306226384768e-04
3.119023724882025780e-04
1.902667002877568439e-04
3.121213542619455188e-04
1.902671209377575971e-04
1.900346314927418639e-04
1.900341500861851558e-04
1.900341490902211837e-04
1.900341490881615248e-04
1.900341490881568356e-04
3.119019181157968836e-04
1.902666994146656667e-04
1.900346306226388291e-04
1.900341500843847297e-04
1.900341490902176871e-04
3.119019181177416712e-04
1.902666994146692445e-04
1.900346306226388291e-04
1.900341500843849194e-04
1.900341490902177956e-04
1.900341490881611996e-04
1.900341490881567814e-04
1.900341490881568899e-04
1.900341490881570525e-04
1.900341490881569170e-04
1.900341490881571338e-04
1.900341490881569170e-04
3.119019181157971004e-04
1.902666994146656396e-04
1.900346306226389646e-04
1.900341500843852447e-04
1.900341490902176600e-04
1.900341490881609285e-04
1.900341490881569170e-04
1.900341490881571067e-04
1.900341490881567543e-04
1.900341490881568899e-04
1.900341490881568085e-04
3.119019181157968836e-04
1.902666994146653685e-04
1.900346306226384225e-04
1.900341500843848110e-04
3.119019190558299285e-04
1.902666994164718933e-04
1.900346306226427051e-04
1.900341500843848110e-04
1.900341490902180666e-04
1.900341490881609556e-04
1.900341490881565917e-04
3.119019181157963957e-04
4.272518107696011611e-04
1.904757899670399247e-04
1.900350623369822752e-04
1.900341509775405047e-04
1.900341490920652218e-04
1.900341490881649943e-04
1.900341490881565375e-04
1.900341490881569170e-04
1.900341490881571067e-04
3.119019181157969378e-04
1.902666994146654498e-04
1.900346306226387478e-04
1.900341500843844586e-04
1.900341490902182563e-04
1.900341490881610911e-04
3.119019181157998109e-04
1.902666994146660190e-04
1.900346306226390731e-04
3.119023724882027948e-04
4.272522417565356701e-04
1.904757907489539005e-04
1.900350623385959746e-04
3.119027798522350041e-04
1.902667010705181780e-04
1.900346306260506507e-04
1.900341500843919125e-04
1.900341490902179853e-04
1.900341490881611996e-04
1.900341490881568356e-04
1.900341490881568627e-04
1.900341490881567001e-04
1.900341490881569441e-04
1.900341490881571609e-04
1.900341490881565917e-04
1.900341490881569441e-04
1.900341490881569712e-04
1.900341490881568356e-04
1.900341490881571880e-04
1.900341490881567001e-04
1.900341490881568627e-04
1.900341490881567001e-04
1.900341490881569441e-04
1.900341490881571609e-04
3.119019181157973715e-04
1.902666994146656938e-04
1.900346306226385039e-04
1.900341500843847297e-04
1.900341490902179582e-04
1.900341490881609014e-04
1.900341490881564020e-04
1.900341490881565917e-04
1.900341490881568356e-04
1.900341490881569712e-04
1.900341490881568356e-04
1.900341490881571880e-04
3.119019181157966667e-04
1.902666994146660732e-04
1.900346306226389375e-04
1.900341500843845941e-04
1.900341490902179853e-04
1.900341490881611182e-04
1.900341490881569983e-04
1.900341490881566459e-04
1.900341490881569983e-04
1.900341490881571067e-04
3.119019181157972631e-04
1.902666994146656938e-04
3.121213534380873388e-04
1.902671209361761256e-04
1.900346314927388552e-04
1.900341500861848847e-04
1.900341490902213463e-04
1.900341490881610369e-04
1.900341490881569712e-04
1.900341490881566730e-04
1.900341490881569712e-04
1.900341490881571067e-04
3.119019181157972631e-04
1.902666994146656938e-04
1.900346306226390189e-04
1.900341500843848381e-04
3.119019190558303080e-04
1.902666994164718933e-04
1.900346306226424070e-04
3.119023724882059932e-04
1.902667002877564916e-04
1.900346306244402852e-04
1.900341500843888767e-04
1.900341490902180124e-04
1.900341490881609556e-04
1.900341490881565375e-04
1.900341490881571338e-04
1.900341490881569170e-04
1.900341490881571338e-04
1.900341490881569170e-04
1.900341490881571338e-04
3.119019181157973715e-04
1.902666994146658022e-04
1.900346306226387478e-04
1.900341500843844586e-04
1.900341490902182563e-04
1.900341490881610911e-04
1.900341490881565917e-04
1.900341490881568356e-04
1.900341490881569712e-04
1.900341490881568356e-04
1.900341490881571880e-04
1.900341490881567001e-04
1.900341490881568627e-04
1.900341490881567001e-04
1.900341490881569441e-04
1.900341490881571609e-04
3.119019181157973715e-04
1.902666994146656938e-04
1.900346306226385039e-04
1.900341500843847297e-04
1.900341490902179582e-04
3.119019181177414002e-04
1.902666994146692987e-04
