1.895720433834558924e-04
3.114658879948356768e-04
4.268382281781869791e-04
1.904750391068773857e-04
3.123179470917821139e-04
1.902674982775847334e-04
1.900346322716019675e-04
1.900341500877963073e-04
3.119019190590486537e-04
4.272518116643066947e-04
1.904757899686627856e-04
3.123186556297682633e-04
4.276471052279795081e-04
5.478305867287038347e-04
1.906649626403685710e-04
1.900354532253782267e-04
1.900341517862307776e-04
1.900341490937388234e-04
1.900341490881681927e-04
1.900341490881566730e-04
1.900341490881571067e-04
1.900341490881567543e-04
3.119019181157961246e-04
1.902666994146655311e-04
3.121213534380868509e-04
1.902671209361760443e-04
1.900346314927389907e-04
1.900341500861850474e-04
1.900341490902219426e-04
3.119019181177451949e-04
1.902666994146693530e-04
1.900346306226389646e-04
3.119023724882031201e-04
1.902667002877563831e-04
1.900346306244406376e-04
1.900341500843884973e-04
3.119019190558336148e-04
4.272518116612568340e-04
1.904757899686576085e-04
3.123186556297638181e-04
4.276471052279751713e-04
5.478305867286993895e-04
1.906649626403684355e-04
1.900354532253784978e-04
3.119031486901719763e-04
4.272529780092624240e-04
1.904757920846893507e-04
3.123186576265212866e-04
1.902674996406633287e-04
3.121221085397963635e-04
1.902671223860053417e-04
1.900346314957324187e-04
1.900341500861910105e-04
1.900341490902214547e-04
3.119019181177450323e-04
1.902666994146692987e-04
3.121213534380907540e-04
1.902671209361760985e-04
1.900346314927388552e-04
1.900341500861848305e-04
3.119019190575288191e-04
4.272518116628643264e-04
5.474471955720188170e-04
1.906643129817985483e-04
1.900354518840581867e-04
1.900341517834560332e-04
1.900341490937328874e-04
1.900341490881683282e-04
3.119019181158076172e-04
1.902666994146659377e-04
3.121213534380877725e-04
4.274599536767363650e-04
1.904761674801511368e-04
1.900350631161847699e-04
1.900341509791520628e-04
1.900341490920693147e-04
1.900341490881649943e-04
3.119019181158050151e-04
1.902666994146656667e-04
1.900346306226384225e-04
1.900341500843844586e-04
1.900341490902182563e-04
1.900341490881610911e-04
3.119019181157998109e-04
1.902666994146660190e-04
3.121213534380878809e-04
1.902671209361760985e-04
1.900346314927388552e-04
1.900341500861848305e-04
1.900341490902215361e-04
1.900341490881615519e-04
3.119019181158014914e-04
1.902666994146655854e-04
1.900346306226388020e-04
1.900341500843848381e-04
1.900341490902179853e-04
1.900341490881611996e-04
1.900341490881567543e-04
1.900341490881564020e-04
1.900341490881565917e-04
1.900341490881568356e-04
3.119019181157976967e-04
1.902666994146655854e-04
3.121213534380870135e-04
4.274599536767363108e-04
5.476490707760793206e-04
1.906646551674934481e-04
1.900354525905664977e-04
3.119031480911680569e-04
1.902667017780981958e-04
1.900346306275113963e-04
3.119023724928001915e-04
1.902667002877653820e-04
1.900346306244401497e-04
1.900341500843884973e-04
3.119019190558339400e-04
1.902666994164722456e-04
3.121213534397914878e-04
1.902671209361791072e-04
1.900346314927385029e-04
1.900341500861849389e-04
1.900341490902215361e-04
1.900341490881611996e-04
1.900341490881567814e-04
1.900341490881568899e-04
3.119019181157964499e-04
1.902666994146660461e-04
3.121213534380872846e-04
1.902671209361757733e-04
1.900346314927388281e-04
3.119023733092228046e-04
4.272522425352987918e-04
5.474476134720217225e-04
6.620687194881687276e-04
1.908457995067855710e-04
3.126678063596197350e-04
1.902681691454500624e-04
1.900346336564032580e-04
3.119023753508409270e-04
4.272522444718392922e-04
1.904757907538798375e-04
1.900350623386062475e-04
1.900341509775434049e-04
3.119019198986083580e-04
1.902666994180912576e-04
1.900346306226460391e-04
1.900341500843846212e-04
1.900341490902179040e-04
1.900341490881606846e-04
1.900341490881569712e-04
1.900341490881568627e-04
1.900341490881565917e-04
3.119019181157975341e-04
1.902666994146656125e-04
1.900346306226389375e-04
1.900341500843847839e-04
3.119019190558305790e-04
1.902666994164720288e-04
1.900346306226422986e-04
1.900341500843851633e-04
1.900341490902180937e-04
1.900341490881611453e-04
1.900341490881572151e-04
1.900341490881567001e-04
3.119019181157971004e-04
4.272518107696020827e-04
1.904757899670396807e-04
1.900350623369821939e-04
3.119027798507121338e-04
1.902667010705153591e-04
1.900346306260509489e-04
3.119023724914226042e-04
1.902667002877632678e-04
3.121213542619509940e-04
1.902671209377578140e-04
1.900346314927422163e-04
1.900341500861848034e-04
3.119019190575283854e-04
1.902666994164750917e-04
1.900346306226428407e-04
1.900341500843847297e-04
1.900341490902179853e-04
3.119019181177417797e-04
1.902666994146692445e-04
1.900346306226384768e-04
1.900341500843847568e-04
1.900341490902179853e-04
1.900341490881611996e-04
1.900341490881568356e-04
1.900341490881568627e-04
1.900341490881567001e-04
1.900341490881569441e-04
1.900341490881571609e-04
1.900341490881565917e-04
3.119019181157964499e-04
4.272518107696008901e-04
1.904757899670398162e-04
1.900350623369820855e-04
1.900341509775403150e-04
1.900341490920655742e-04
1.900341490881648316e-04
1.900341490881571609e-04
1.900341490881565917e-04
3.119019181157964499e-04
1.902666994146659106e-04
1.900346306226385852e-04
1.900341500843846483e-04
1.900341490902178227e-04
1.900341490881610911e-04
3.119019181157998109e-04
1.902666994146660190e-04
3.121213534380878809e-04
1.902671209361760985e-04
1.900346314927388552e-04
1.900341500861848305e-04
1.900341490902215361e-04
1.900341490881615519e-04
1.900341490881570525e-04
1.900341490881569170e-04
1.900341490881571338e-04
1.900341490881569170e-04
3.119019181157971004e-04
1.902666994146656396e-04
1.900346306226389646e-04
1.900341500843852447e-04
1.900341490902176600e-04
1.900341490881609285e-04
1.900341490881569170e-04
1.900341490881571067e-04
1.900341490881567543e-04
3.119019181157969920e-04
1.902666994146654227e-04
1.900346306226384768e-04
1.900341500843847568e-04
1.900341490902179853e-04
3.119019181177415086e-04
1.902666994146698409e-04
3.121213534380916756e-04
4.274599536767406476e-04
1.904761674801506760e-04
1.900350631161851493e-04
3.119027805859619939e-04
1.902667010719277492e-04
1.900346306260539847e-04
1.900341500843919938e-04
1.900341490902177142e-04
3.119019181177416712e-04
4.272518107714455516e-04
1.904757899670431502e-04
3.123186556282402972e-04
4.276471052265301467e-04
5.478305867272981666e-04
1.906649626403661858e-04
1.900354532253779828e-04
3.119031486901714342e-04
4.272529780092610687e-04
1.904757920846897573e-04
1.900350623413534531e-04
1.900341509775490699e-04
1.900341490920656826e-04
1.900341490881649943e-04
3.119019181158043646e-04
1.902666994146659106e-04
1.900346306226385852e-04
1.900341500843846483e-04
1.900341490902178227e-04
3.119019181177418339e-04
1.902666994146690819e-04
3.121213534380904288e-04
4.274599536767392381e-04
5.476490707760809469e-04
1.906646551674935023e-04
1.900354525905663080e-04
1.900341517849174836e-04
3.119019206604399823e-04
1.902666994195553372e-04
1.900346306226491019e-04
1.900341500843849465e-04
1.900341490902180666e-04
1.900341490881611996e-04
3.119019181158015457e-04
4.272518107696051184e-04
5.474471947056523766e-04
6.620683141332692331e-04
1.908457988525606871e-04
3.126678057422497018e-04
1.902681691442670894e-04
1.900346336564007644e-04
1.900341500906613116e-04
1.900341490902308873e-04
1.900341490881615790e-04
1.900341490881565917e-04
1.900341490881568899e-04
1.900341490881567001e-04
3.119019181157965583e-04
4.272518107696016490e-04
5.474471947056498830e-04
6.620683141332648963e-04
1.908457988525605515e-04
1.900358265878221615e-04
1.900341525586617250e-04
1.900341490953365580e-04
1.900341490881717434e-04
1.900341490881569712e-04
3.119019181157976967e-04
1.902666994146658022e-04
1.900346306226386936e-04
1.900341500843850278e-04
1.900341490902177142e-04
1.900341490881611453e-04
3.119019181158010036e-04
1.902666994146661004e-04
3.121213534380874472e-04
1.902671209361757462e-04
1.900346314927388823e-04
1.900341500861851016e-04
3.119019190575285480e-04
4.272518116628645974e-04
1.904757899686604545e-04
1.900350623369857176e-04
1.900341509775406402e-04
1.900341490920656284e-04
1.900341490881649401e-04
1.900341490881569170e-04
1.900341490881571338e-04
3.119019181157973715e-04
1.902666994146658022e-04
1.900346306226387478e-04
1.900341500843844586e-04
1.900341490902182563e-04
1.900341490881610911e-04
3.119019181157998109e-04
1.902666994146660190e-04
1.900346306226390731e-04
1.900341500843850278e-04
1.900341490902182563e-04
3.119019181177416170e-04
1.902666994146694885e-04
1.900346306226385852e-04
1.900341500843847568e-04
1.900341490902183106e-04
3.119019181177428096e-04
1.902666994146695698e-04
3.121213534380909167e-04
1.902671209361760985e-04
1.900346314927387739e-04
1.900341500861849932e-04
1.900341490902215089e-04
3.119019181177449780e-04
4.272518107714498342e-04
5.474471947074427197e-04
1.906643129803328696e-04
3.124965536406037916e-04
4.278158530365455984e-04
5.479942526052237377e-04
1.906652397264111851e-04
3.124974281646928959e-04
4.278166825852779305e-04
5.479950571694766322e-04
6.625986289229426158e-04
1.908466541269616577e-04
3.126686128364652181e-04
1.902681706906547276e-04
1.900346336595925471e-04
1.900341500906676541e-04
1.900341490902305620e-04
1.900341490881610911e-04
1.900341490881569983e-04
1.900341490881566459e-04
1.900341490881569983e-04
1.900341490881571067e-04
1.900341490881569983e-04
1.900341490881571067e-04
1.900341490881569983e-04
3.119019181157967752e-04
4.272518107696012695e-04
5.474471947056497746e-04
1.906643129803296170e-04
3.124965536406008643e-04
1.902678408682426971e-04
1.900346329787928651e-04
1.900341500892591942e-04
3.119019190604294394e-04
1.902666994164808108e-04
3.121213534398002698e-04
1.902671209361794596e-04
1.900346314927387197e-04
3.119023733092224251e-04
1.902667002893343852e-04
1.900346306244436734e-04
1.900341500843884973e-04
1.900341490902179311e-04
1.900341490881610369e-04
3.119019181158007325e-04
1.902666994146655040e-04
1.900346306226386936e-04
1.900341500843846212e-04
1.900341490902180124e-04
1.900341490881611453e-04
1.900341490881570525e-04
3.119019181157968836e-04
4.272518107696017032e-04
1.904757899670395452e-04
1.900350623369817873e-04
3.119027798507118627e-04
1.902667010705148712e-04
3.121213550005635072e-04
1.902671209391758962e-04
1.900346314927450623e-04
1.900341500861853726e-04
1.900341490902219426e-04
1.900341490881609556e-04
3.119019181158002446e-04
4.272518107696045763e-04
1.904757899670396536e-04
3.123186556282369361e-04
1.902674996368299964e-04
1.900346322744079911e-04
3.119023740468001757e-04
1.902667002907511122e-04
1.900346306244466007e-04
1.900341500843885786e-04
3.119019190558339942e-04
1.902666994164723270e-04
1.900346306226425967e-04
1.900341500843846755e-04
3.119019190558300911e-04
1.902666994164721101e-04
1.900346306226426780e-04
1.900341500843846755e-04
1.900341490902180124e-04
1.900341490881609556e-04
3.119019181158010036e-04
1.902666994146658022e-04
1.900346306226384768e-04
3.119023724882029032e-04
4.272522417565353448e-04
1.904757907489537379e-04
3.123186563660773347e-04
1.902674996382456120e-04
3.121221085375149853e-04
4.274606699236948638e-04
1.904761687786664685e-04
3.123190130874293363e-04
1.902675003225719598e-04
3.121221091832528430e-04
4.274606705362072917e-04
1.904761687797768270e-04
1.900350631188672216e-04
1.900341509791574025e-04
1.900341490920691521e-04
3.119019181194884294e-04
1.902666994146726327e-04
1.900346306226386936e-04
1.900341500843850278e-04
3.119019190558307416e-04
1.902666994164720559e-04
1.900346306226427051e-04
1.900341500843847568e-04
1.900341490902177142e-04
1.900341490881611725e-04
1.900341490881564020e-04
1.900341490881565917e-04
1.900341490881568356e-04
3.119019181157976967e-04
1.902666994146655854e-04
1.900346306226388020e-04
1.900341500843848381e-04
3.119019190558304706e-04
1.902666994164719475e-04
3.121213534397924093e-04
4.274599536783541031e-04
1.904761674801539015e-04
1.900350631161846885e-04
3.119027805859611265e-04
1.902667010719281016e-04
1.900346306260536865e-04
3.119023724914256400e-04
1.902667002877632678e-04
3.121213542619509940e-04
1.902671209377578140e-04
1.900346314927422163e-04
1.900341500861848034e-04
1.900341490902219426e-04
3.119019181177451949e-04
1.902666994146693530e-04
3.121213534380916756e-04
4.274599536767409729e-04
1.904761674801508657e-04
3.123190118621078969e-04
4.276474431360194903e-04
5.478309144602962416e-04
1.906649631952776086e-04
1.900354532265242284e-04
1.900341517862332984e-04
1.900341490937385253e-04
3.119019181210636125e-04
4.272518107745977610e-04
1.904757899670488422e-04
3.123186556282460434e-04
4.276471052265355135e-04
1.904765066690942911e-04
1.900350638162846871e-04
1.900341509806005027e-04
1.900341490920720523e-04
1.900341490881648045e-04
3.119019181158044188e-04
1.902666994146655040e-04
1.900346306226386936e-04
1.900341500843846212e-04
3.119019190558310669e-04
1.902666994164719204e-04
3.121213534397914878e-04
1.902671209361792698e-04
1.900346314927386926e-04
1.900341500861848847e-04
1.900341490902218613e-04
1.900341490881606304e-04
3.119019181158004615e-04
1.902666994146660461e-04
1.900346306226389918e-04
1.900341500843847297e-04
1.900341490902179853e-04
3.119019181177417797e-04
1.902666994146692445e-04
1.900346306226384768e-04
1.900341500843847568e-04
1.900341490902179853e-04
1.900341490881611996e-04
1.900341490881568356e-04
1.900341490881568627e-04
3.119019181157964499e-04
4.272518107696004564e-04
1.904757899670395452e-04
1.900350623369823023e-04
3.119027798507118627e-04
1.902667010705148170e-04
1.900346306260508405e-04
1.900341500843921293e-04
3.119019190558370300e-04
4.272518116612603035e-04
5.474471955704629869e-04
6.620683149703824894e-04
7.715512020775030459e-04
1.910134964468277613e-04
3.128260571527640647e-04
4.281284138782316586e-04
1.904773779844495525e-04
1.900350656147122507e-04
3.119027829435541427e-04
1.902667010764583048e-04
1.900346306260630106e-04
1.900341500843917770e-04
1.900341490902179311e-04
1.900341490881613351e-04
1.900341490881568085e-04
1.900341490881569712e-04
1.900341490881568356e-04
1.900341490881571880e-04
3.119019181157966667e-04
4.272518107696020827e-04
1.904757899670395723e-04
1.900350623369820042e-04
1.900341509775402065e-04
3.119019198986041296e-04
1.902666994180915287e-04
1.900346306226457138e-04
1.900341500843848652e-04
1.900341490902176600e-04
1.900341490881608472e-04
3.119019181158008951e-04
1.902666994146660461e-04
3.121213534380872846e-04
4.274599536767362024e-04
1.904761674801511368e-04
1.900350631161850138e-04
1.900341509791520628e-04
1.900341490920693147e-04
3.119019181194889172e-04
4.272518107731036762e-04
1.904757899670460233e-04
1.900350623369822481e-04
3.119027798507117543e-04
1.902667010705147627e-04
1.900346306260507591e-04
3.119023724914221705e-04
4.272522417595891087e-04
1.904757907489589962e-04
3.123186563660823221e-04
1.902674996382457205e-04
1.900346322744105932e-04
1.900341500878022433e-04
1.900341490902251952e-04
3.119019181177480680e-04
1.902666994146694343e-04
1.900346306226387207e-04
1.900341500843846483e-04
1.900341490902178769e-04
1.900341490881608472e-04
1.900341490881566730e-04
1.900341490881569712e-04
1.900341490881571067e-04
3.119019181157972631e-04
4.272518107696022995e-04
1.904757899670397620e-04
3.123186556282376409e-04
1.902674996368300235e-04
1.900346322744077201e-04
1.900341500878022433e-04
1.900341490902248429e-04
1.900341490881608743e-04
1.900341490881567814e-04
3.119019181157967752e-04
4.272518107696013779e-04
1.904757899670393554e-04
3.123186556282368819e-04
4.276471052265271651e-04
1.904765066690944266e-04
3.123193319320397726e-04
1.902675009342357556e-04
1.900346322770860247e-04
1.900341500878075830e-04
1.900341490902251952e-04
1.900341490881607659e-04
1.900341490881567001e-04
1.900341490881569441e-04
3.119019181157971004e-04
4.272518107696027874e-04
5.474471947056504251e-04
1.906643129803296170e-04
3.124965536406012438e-04
1.902678408682426429e-04
1.900346329787925669e-04
1.900341500892593568e-04
3.119019190604295478e-04
1.902666994164806211e-04
3.121213534398000530e-04
1.902671209361796222e-04
1.900346314927387197e-04
1.900341500861853726e-04
1.900341490902216716e-04
1.900341490881611453e-04
1.900341490881568899e-04
3.119019181157967752e-04
4.272518107696020285e-04
1.904757899670395723e-04
1.900350623369820042e-04
1.900341509775402065e-04
1.900341490920659808e-04
1.900341490881651298e-04
1.900341490881569170e-04
3.119019181157965583e-04
4.272518107696009985e-04
1.904757899670393554e-04
1.900350623369817873e-04
1.900341509775400710e-04
1.900341490920658182e-04
3.119019181194854478e-04
1.902666994146726598e-04
1.900346306226391273e-04
3.119023724882031201e-04
1.902667002877565729e-04
3.121213542619445430e-04
1.902671209377578411e-04
1.900346314927421349e-04
1.900341500861847492e-04
1.900341490902215361e-04
1.900341490881611996e-04
1.900341490881567814e-04
1.900341490881568899e-04
3.119019181157964499e-04
4.272518107696009443e-04
1.904757899670393554e-04
3.123186556282368819e-04
4.276471052265271651e-04
1.904765066690944266e-04
1.900350638162843348e-04
3.119027812465710397e-04
4.272526294770913097e-04
5.474479887640141922e-04
1.906643143266296416e-04
1.900354518868348284e-04
1.900341517834616982e-04
1.900341490937329958e-04
1.900341490881687619e-04
3.119019181158081051e-04
1.902666994146657480e-04
1.900346306226388562e-04
1.900341500843845399e-04
3.119019190558299285e-04
1.902666994164717578e-04
1.900346306226425425e-04
1.900341500843848110e-04
3.119019190558304706e-04
1.902666994164719746e-04
3.121213534397918130e-04
1.902671209361790530e-04
1.900346314927385571e-04
3.119023733092225335e-04
1.902667002893344665e-04
1.900346306244435378e-04
1.900341500843886599e-04
1.900341490902179040e-04
1.900341490881608472e-04
1.900341490881568627e-04
1.900341490881567001e-04
1.900341490881569441e-04
1.900341490881571609e-04
3.119019181157973715e-04
1.902666994146656938e-04
1.900346306226385039e-04
1.900341500843847297e-04
1.900341490902179582e-04
1.900341490881609014e-04
3.119019181158010578e-04
4.272518107696062569e-04
5.474471947056527019e-04
1.906643129803299423e-04
1.900354518840550425e-04
1.900341517834557080e-04
1.900341490937332398e-04
1.900341490881681927e-04
1.900341490881568899e-04
3.119019181157965041e-04
1.902666994146655311e-04
3.121213534380870677e-04
4.274599536767370697e-04
1.904761674801508115e-04
1.900350631161849596e-04
1.900341509791520899e-04
3.119019199001264037e-04
1.902666994180944560e-04
1.900346306226457409e-04
1.900341500843844586e-04
1.900341490902181750e-04
1.900341490881611182e-04
3.119019181158008951e-04
4.272518107696045221e-04
1.904757899670397891e-04
3.123186556282375325e-04
4.276471052265272193e-04
1.904765066690945351e-04
1.900350638162844161e-04
3.119027812465713649e-04
4.272526294770908218e-04
1.904757914523705548e-04
3.123186570298449325e-04
1.902674996395183841e-04
1.900346322744131682e-04
1.900341500878019723e-04
1.900341490902249242e-04
3.119019181177485559e-04
1.902666994146698951e-04
1.900346306226388562e-04
1.900341500843846755e-04
1.900341490902177956e-04
1.900341490881610640e-04
1.900341490881567543e-04
3.119019181157961246e-04
1.902666994146655311e-04
1.900346306226388291e-04
1.900341500843848923e-04
1.900341490902180666e-04
3.119019181177418881e-04
4.272518107714460395e-04
1.904757899670432857e-04
1.900350623369821126e-04
3.119027798507116459e-04
1.902667010705153591e-04
1.900346306260509489e-04
3.119023724914222247e-04
1.902667002877629968e-04
1.900346306244405563e-04
1.900341500843886057e-04
1.900341490902176871e-04
1.900341490881610640e-04
1.900341490881565917e-04
1.900341490881568899e-04
3.119019181157970462e-04
4.272518107696014322e-04
1.904757899670399247e-04
1.900350623369822752e-04
1.900341509775405047e-04
3.119019198986051596e-04
1.902666994180913932e-04
3.121213534413195623e-04
4.274599536798030308e-04
1.904761674801564494e-04
3.123190118621121253e-04
1.902675003202217077e-04
1.900346322758185652e-04
3.119023740481311965e-04
1.902667002907543919e-04
3.121213542647739312e-04
1.902671209377633434e-04
1.900346314927418639e-04
1.900341500861849389e-04
3.119019190575281143e-04
4.272518116628640011e-04
1.904757899686602106e-04
1.900350623369855821e-04
3.119027798507151695e-04
1.902667010705147627e-04
1.900346306260507591e-04
1.900341500843921022e-04
1.900341490902180666e-04
1.900341490881608472e-04
1.900341490881568899e-04
1.900341490881568085e-04
3.119019181157968836e-04
1.902666994146653685e-04
1.900346306226384225e-04
3.119023724882025238e-04
1.902667002877568439e-04
1.900346306244406376e-04
3.119023724899035285e-04
4.272522417581485835e-04
1.904757907489561773e-04
1.900350623385962186e-04
1.900341509775435405e-04
1.900341490920658453e-04
3.119019181194850683e-04
1.902666994146729037e-04
1.900346306226389646e-04
1.900341500843845128e-04
1.900341490902181479e-04
1.900341490881611453e-04
3.119019181158011662e-04
1.902666994146658835e-04
3.121213534380875556e-04
1.902671209361758546e-04
1.900346314927385842e-04
3.119023733092226420e-04
1.902667002893340328e-04
1.900346306244435107e-04
1.900341500843886328e-04
1.900341490902180395e-04
3.119019181177420507e-04
1.902666994146694072e-04
1.900346306226385852e-04
1.900341500843849194e-04
3.119019190558299827e-04
1.902666994164719475e-04
1.900346306226423257e-04
1.900341500843849194e-04
1.900341490902179040e-04
3.119019181177415086e-04
1.902666994146695427e-04
1.900346306226390731e-04
1.900341500843849194e-04
1.900341490902180666e-04
1.900341490881609556e-04
1.900341490881565917e-04
1.900341490881571067e-04
3.119019181157966125e-04
1.902666994146656667e-04
1.900346306226384225e-04
3.119023724882026322e-04
4.272522417565349112e-04
1.904757907489533855e-04
3.123186563660771721e-04
4.276471059264131693e-04
1.904765066703624011e-04
1.900350638162871808e-04
1.900341509806008009e-04
1.900341490920718084e-04
1.900341490881649130e-04
1.900341490881570254e-04
1.900341490881568627e-04
1.900341490881567001e-04
3.119019181157957994e-04
1.902666994146656396e-04
1.900346306226389375e-04
3.119023724882031743e-04
1.902667002877564374e-04
3.121213542619450309e-04
4.274599544582038664e-04
1.904761674815675656e-04
3.123190118634446098e-04
1.902675003202237947e-04
1.900346322758187008e-04
1.900341500878050080e-04
1.900341490902248700e-04
1.900341490881608472e-04
1.900341490881570254e-04
1.900341490881572964e-04
1.900341490881565375e-04
1.900341490881569170e-04
1.900341490881571067e-04
1.900341490881567543e-04
3.119019181157969920e-04
1.902666994146654227e-04
3.121213534380873388e-04
1.902671209361760443e-04
3.121217511902310061e-04
1.902671216998785136e-04
1.900346314943157731e-04
1.900341500861880831e-04
3.119019190575315838e-04
1.902666994164754711e-04
1.900346306226424612e-04
1.900341500843845941e-04
3.119019190558303080e-04
4.272518116612536356e-04
1.904757899686572832e-04
1.900350623369851755e-04
3.119027798507148443e-04
1.902667010705150880e-04
3.121213550005642661e-04
1.902671209391764654e-04
3.121217511930623459e-04
1.902671216998841515e-04
3.121217519108737898e-04
1.902671217012622538e-04
1.900346314943187546e-04
1.900341500861880018e-04
1.900341490902216174e-04
1.900341490881609556e-04
3.119019181158006783e-04
1.902666994146659377e-04
1.900346306226385039e-04
3.119023724882024695e-04
1.902667002877566271e-04
3.121213542619449767e-04
1.902671209377577869e-04
1.900346314927414302e-04
3.119023733092252983e-04
1.902667002893345207e-04
1.900346306244433752e-04
3.119023724899058054e-04
1.902667002877599610e-04
1.900346306244403123e-04
3.119023724899029864e-04
1.902667002877597984e-04
1.900346306244405021e-04
1.900341500843884431e-04
1.900341490902177413e-04
1.900341490881610911e-04
1.900341490881565917e-04
3.119019181157963415e-04
1.902666994146658022e-04
1.900346306226387207e-04
3.119023724882027406e-04
1.902667002877566271e-04
1.900346306244404750e-04
1.900341500843889038e-04
1.900341490902183919e-04
1.900341490881609556e-04
1.900341490881568356e-04
3.119019181157968836e-04
4.272518107696011069e-04
5.474471947056492325e-04
1.906643129803294273e-04
1.900354518840551238e-04
1.900341517834558977e-04
1.900341490937330500e-04
1.900341490881684366e-04
1.900341490881566730e-04
1.900341490881571609e-04
1.900341490881565917e-04
1.900341490881569441e-04
1.900341490881569712e-04
1.900341490881568356e-04
1.900341490881571880e-04
3.119019181157966667e-04
1.902666994146660732e-04
1.900346306226389375e-04
1.900341500843845941e-04
1.900341490902179853e-04
3.119019181177415628e-04
4.272518107714465816e-04
1.904757899670429333e-04
1.900350623369822752e-04
1.900341509775395289e-04
3.119019198986041296e-04
1.902666994180919082e-04
1.900346306226461746e-04
1.900341500843851091e-04
1.900341490902179853e-04
1.900341490881610911e-04
1.900341490881570254e-04
1.900341490881568627e-04
1.900341490881567001e-04
1.900341490881569441e-04
1.900341490881571609e-04
1.900341490881565917e-04
1.900341490881569441e-04
1.900341490881569712e-04
1.900341490881568356e-04
1.900341490881571880e-04
1.900341490881567001e-04
1.900341490881568627e-04
1.900341490881567001e-04
3.119019181157957994e-04
1.902666994146656396e-04
1.900346306226389375e-04
3.119023724882031743e-04
1.902667002877564374e-04
1.900346306244401768e-04
1.900341500843887683e-04
