6.806696415636115383e+00
6.803428152241266957e+00
6.800218440717235246e+00
6.796726878006901451e+00
6.793227438299553000e+00
6.789743147082062613e+00
6.786300778982423232e+00
6.782930795669451562e+00
6.779667028306686660e+00
6.776364635183158569e+00
6.772843442078359644e+00
6.769389800811433489e+00
6.766016124735617865e+00
6.762754155881233409e+00
6.759642684743830010e+00
6.756725107432187016e+00
6.754047771257856603e+00
6.751507191254877860e+00
6.749995870595405734e+00
6.747543818484953881e+00
6.746332241615895953e+00
6.744306690606957311e+00
6.742512947834708115e+00
6.740970364348275901e+00
6.739698005798273606e+00
6.739438180828031477e+00
6.738098387689102076e+00
6.736842312432576030e+00
6.735727569798871883e+00
6.734717641994702575e+00
6.733820259243858963e+00
6.733051176846428731e+00
6.732431264966733941e+00
6.731537580053142733e+00
6.730644718266110438e+00
6.729748276971514898e+00
6.728919780144031471e+00
6.728361022801375491e+00
6.729076623081064135e+00
6.728345722320132616e+00
6.727709523202729081e+00
6.726886651636303505e+00
6.726073725321588981e+00
6.725270828641885856e+00
6.724751468705834512e+00
6.724003588575592438e+00
6.723342183236530545e+00
6.722798498696638703e+00
6.723825113447053248e+00
6.724527431339358152e+00
6.723764350765740083e+00
6.723001785313023504e+00
6.722238235434043752e+00
6.723233853652213377e+00
6.722503997708305867e+00
6.723320254351044412e+00
6.724188122423127467e+00
6.723418905855223393e+00
6.722579220794042243e+00
6.721742770790815058e+00
6.720912632617110027e+00
6.720350107433157305e+00
6.719583395904789036e+00
6.718910525684290036e+00
6.718359696590331609e+00
6.717952755305782730e+00
6.717297768128382529e+00
6.716664859878573424e+00
6.716052902067089825e+00
6.715461032056782464e+00
6.715135534244888404e+00
6.714629498307372657e+00
6.714306747992916158e+00
6.713923365842377144e+00
6.715071565830148970e+00
6.714513782385686191e+00
6.715673084947044735e+00
6.715088404008977108e+00
6.714505054499698922e+00
6.714157827703921555e+00
6.713637114044936460e+00
6.713201396157398193e+00
6.712879117108690785e+00
6.714037207824116393e+00
6.713566954233511908e+00
6.713039969284995578e+00
6.714706965067539279e+00
6.715942493703425775e+00
6.715401370296645744e+00
6.715007700939793267e+00
6.714725576104616067e+00
6.714575339796752473e+00
6.716241195164910138e+00
6.716085549450277803e+00
6.717892605874512313e+00
6.720299849374184120e+00
6.720175254787075225e+00
6.720098476203397730e+00
6.720153902631450293e+00
6.720303550785414970e+00
6.722138550982505123e+00
6.723995746082067626e+00
6.724339518659133041e+00
6.725934511078333955e+00
6.725912808836739920e+00
6.725859277512126866e+00
6.726012955970743334e+00
6.725913792137085956e+00
6.727239114106378537e+00
6.727090138971006716e+00
6.726988715212358194e+00
6.726958449742851620e+00
6.726579137599530966e+00
6.726144788778813499e+00
6.725657150284768626e+00
6.725384516187163264e+00
6.724746927961470888e+00
6.724280751108834941e+00
6.723659177992856506e+00
6.723188465448107998e+00
6.724342911953142377e+00
6.723707784764405559e+00
6.722974879789116009e+00
6.722231267727797110e+00
6.723276764638420389e+00
6.724084975144401177e+00
6.723262354614377934e+00
6.723871254441682765e+00
6.724549860930585155e+00
6.723880972766703934e+00
6.723345501595269447e+00
6.722610651164407258e+00
6.721803073755714841e+00
6.722978106804832876e+00
6.722130602503910701e+00
6.722867021899226359e+00
6.722027526985240975e+00
6.721318051920840198e+00
6.720698988660309681e+00
6.720190927445928608e+00
6.719816057691910594e+00
6.719264268649913774e+00
6.718659459871769712e+00
6.718334163541503479e+00
6.717727565696863579e+00
6.717155665294634481e+00
6.716618200271171624e+00
6.716226698841118115e+00
6.715933667159774245e+00
6.715758356746398761e+00
6.715721249238510104e+00
6.717652170244643450e+00
6.717233293067156552e+00
6.718667336930556289e+00
6.718280416480005179e+00
6.719583192176839859e+00
6.719189494183500422e+00
6.718926849758120490e+00
6.718748848839675603e+00
6.720347918164727652e+00
6.720347199103287927e+00
6.720176751973602869e+00
6.719949751561374640e+00
6.720037561978943863e+00
6.719794453979577753e+00
6.721258376055574857e+00
6.721029328882501375e+00
6.720838781986883781e+00
6.720688534439450912e+00
6.720579765017856921e+00
6.720511117476573482e+00
6.722243469357893630e+00
6.723654278452905864e+00
6.722961307082070626e+00
6.723910715911450175e+00
6.724370488808923518e+00
6.723213078906861817e+00
6.723499502759923807e+00
6.722015404390485394e+00
6.720388556634723010e+00
6.720244111806682241e+00
6.720363650595390759e+00
6.718192849560622903e+00
6.715915064703948723e+00
6.713537638731965629e+00
6.712939253612251633e+00
6.710337821083740550e+00
6.707668989761160105e+00
6.706665100078174291e+00
6.703375727759240732e+00
6.699971530224716254e+00
6.696459175698188382e+00
6.692845038060559304e+00
6.689135230043166125e+00
6.687550107424964807e+00
6.685935371417212281e+00
6.681984803186076682e+00
6.680834838581205304e+00
6.676727195099138257e+00
6.672556971410147142e+00
6.668327572732978936e+00
6.664042259614152641e+00
6.659704172713833970e+00
6.658190151524695288e+00
6.653767241491055806e+00
6.649299582094313266e+00
6.644789968174179329e+00
6.640241184957294429e+00
6.635656018758367303e+00
6.631037268116124928e+00
6.626387752867635150e+00
6.621275475534801558e+00
6.616158405538111964e+00
6.611037299433487391e+00
6.605315050005473587e+00
6.599524256821838186e+00
6.593663743289791768e+00
6.587732687884644278e+00
6.581730667845845595e+00
6.575657660882580302e+00
6.569514045782644196e+00
6.563300601859320516e+00
6.557018507124619866e+00
6.555047007514265722e+00
6.548643330522640582e+00
6.542174861252044948e+00
6.535644170511363704e+00
6.529054204178959431e+00
6.522408270264768326e+00
6.521221556932665031e+00
6.520050310071396460e+00
6.513274875108412409e+00
6.506451918502946796e+00
6.499586106837528909e+00
6.498598208448859381e+00
6.491660155191334880e+00
6.484690224633472333e+00
6.477206446953536201e+00
6.469720054689073407e+00
6.462235359954117797e+00
6.454082770271118541e+00
6.453082633918429956e+00
6.444845398746764431e+00
6.436540602897145469e+00
6.435023194110212508e+00
6.426594656366782843e+00
6.418103216664207800e+00
6.409553272165729787e+00
6.400949653923002636e+00
6.399683894182305544e+00
6.390972428219907187e+00
6.382217686343612861e+00
6.373426001877112945e+00
6.364604041347864616e+00
6.355758772499723541e+00
6.346897429954744041e+00
6.338027478455631858e+00
6.337197873955184413e+00
6.336381566862864467e+00
6.335577714693738649e+00
6.326555241238749794e+00
6.317542725629837541e+00
6.308548709979365121e+00
6.307446986533353339e+00
6.306852937053487373e+00
6.297315331648950298e+00
6.297241728042047626e+00
6.287668448692750545e+00
6.277467962660555401e+00
6.267257115284646574e+00
6.257040138013600483e+00
6.246821860850123365e+00
6.245546504938349841e+00
6.235265199580604545e+00
6.224990958581574141e+00
6.214729724009800726e+00
6.204487604243564824e+00
6.194270851950598455e+00
6.193378359912912856e+00
6.183125646621163263e+00
6.182326125005250361e+00
6.172044633884134157e+00
6.161808791406438779e+00
6.151625874261045013e+00
6.141503136521101247e+00
6.131447780523235025e+00
6.121466926129431663e+00
6.111567580284249068e+00
6.111286832289456683e+00
6.110511065247512086e+00
6.100110355371914928e+00
6.100349200490226664e+00
6.089957728857955388e+00
6.079014773421466344e+00
6.068115105985993907e+00
6.057261273032650273e+00
6.046455917568978045e+00
6.035701803639144991e+00
6.033681612088492408e+00
6.022953125090229065e+00
6.012281210645258334e+00
6.001668955242685399e+00
5.991119671865378749e+00
5.980636883157563588e+00
5.980168374855552749e+00
5.969675966955157342e+00
5.959258281166357918e+00
5.948919727306351213e+00
5.938664821749248368e+00
5.928498166722727447e+00
5.918424426418482653e+00
5.917120936866885117e+00
5.907121470615406267e+00
5.896736544705437844e+00
5.886474119821611950e+00
5.876338220851718752e+00
5.865663034468060033e+00
5.865612333303055870e+00
5.854929156799829393e+00
5.855766978468515127e+00
5.845118269688831525e+00
5.834518562299123801e+00
5.823969436977188607e+00
5.823579823339382955e+00
5.812979516014808112e+00
5.802433776783582076e+00
5.791945360058234904e+00
5.781517271679483372e+00
5.771152760356543787e+00
5.760855305151372896e+00
5.759390698927173702e+00
5.749187166854456521e+00
5.739051967014021649e+00
5.728989794409787173e+00
5.719005486282929596e+00
5.709103994449876041e+00
5.699290354078846654e+00
5.689569651569831521e+00
5.679440086561273304e+00
5.679057208242205945e+00
5.668999894708127485e+00
5.670096899093105769e+00
5.659370462873945407e+00
5.648690061253115680e+00
5.638056152454959502e+00
5.627469505262626903e+00
5.625567486069511958e+00
5.615060502459613190e+00
5.604593463266610343e+00
5.594168969269222913e+00
5.583789944393751092e+00
5.573459626169436909e+00
5.563181553202483087e+00
5.552959549428615915e+00
5.542797705204150382e+00
5.541960713265179805e+00
5.542409319600837492e+00
5.532176239598546097e+00
5.522015310596737336e+00
5.522651653696334151e+00
5.523305884669142074e+00
5.513042888271893815e+00
5.502865254530589390e+00
5.503698030123095108e+00
5.493031016732865979e+00
5.482472747301885718e+00
5.472029422271558197e+00
5.461026435619965369e+00
5.450056844898966801e+00
5.439122507815516094e+00
5.428225571595350907e+00
5.426890610119824210e+00
5.416047226546870874e+00
5.405237255416931674e+00
5.394464542890696990e+00
5.383733246126082506e+00
5.384385678811100640e+00
5.373591148711196475e+00
5.362847470815769846e+00
5.362186111592557758e+00
5.351450227465060827e+00
5.352344273506242089e+00
5.341571321842221387e+00
5.342573044511009783e+00
5.331770775254802253e+00
5.321046697030664241e+00
5.310407477756464267e+00
5.299859896559616423e+00
5.300718497404044882e+00
5.289703434098035117e+00
5.278801914418449925e+00
5.268021487141599124e+00
5.256665680158965515e+00
5.245346906768655337e+00
5.234067925649035224e+00
5.233125699915095907e+00
5.221901126049750985e+00
5.222775448643972140e+00
5.211465339991050882e+00
5.200194002043812880e+00
5.188966551211874112e+00
5.177788377383319762e+00
5.179049875511821277e+00
5.167806929596261867e+00
5.169186014516247596e+00
5.157885961812016085e+00
5.146654279129494469e+00
5.135498000410634312e+00
5.124424298304611547e+00
5.113440448572851516e+00
5.102553789193797762e+00
5.091288382311133454e+00
5.080140026757188565e+00
5.069116678076253102e+00
5.057559392533989673e+00
5.045307754617626372e+00
5.046087262274161489e+00
5.034762454110725649e+00
5.023475442783524869e+00
5.024815962416630200e+00
5.013434206270674487e+00
5.002094958908045896e+00
5.003671986965507301e+00
4.992243728872583830e+00
4.980866001020135769e+00
4.969544180649927867e+00
4.958283913215080219e+00
4.947091093055393962e+00
4.935971839185882892e+00
4.924932467341331943e+00
4.913979458474817541e+00
4.915172283642790241e+00
4.904236638342158727e+00
4.893402140834820280e+00
4.882196860828347695e+00
4.871109568033023862e+00
4.860147854123763267e+00
4.860577211649623308e+00
4.849143786412536627e+00
4.851497258686747749e+00
4.839992288573075285e+00
4.828516057224231162e+00
4.817072080482930119e+00
4.805664165284931677e+00
4.807804919387463016e+00
4.810004067625145652e+00
4.812256193175669772e+00
4.814556486176195804e+00
4.802589686531364421e+00
4.790662919703918554e+00
4.793193861253540966e+00
4.795761361505839204e+00
4.798362376011151120e+00
4.786052447922899411e+00
4.773795176434846077e+00
4.776619023871739422e+00
4.764284082772949347e+00
4.752019109252620943e+00
4.753505250440813512e+00
4.741259161283830181e+00
4.744334428269377568e+00
4.732049124491203962e+00
4.719863170943739306e+00
4.707786488123624657e+00
4.695308752946026232e+00
4.682962929678467390e+00
4.670079004999879935e+00
4.657239905015620351e+00
4.644450471625472865e+00
4.631715808327753869e+00
4.619041272380294494e+00
4.606432480250926886e+00
4.593895308401185318e+00
4.595807906619738148e+00
4.583311511383947767e+00
4.570887273869387535e+00
4.558542931462254089e+00
4.546286432266889221e+00
4.534125902700576916e+00
4.522069608881514213e+00
4.510125913474618997e+00
4.498303228576613577e+00
4.501257973481563646e+00
4.489465729125746485e+00
4.477314613648122332e+00
4.465309251017615111e+00
4.453459444049364002e+00
4.456109712239640253e+00
4.443624927885413634e+00
4.431190050583519557e+00
4.418809311849472898e+00
4.406487129398464653e+00
4.394228074470000855e+00
4.382036937492861384e+00
4.369918728619691883e+00
4.357878687908028681e+00
4.345922290302026703e+00
4.334055244900857140e+00
4.322283488157091291e+00
4.310613170816443684e+00
4.299050638584544615e+00
4.287602433223023368e+00
4.276275169232797602e+00
4.278437850415929056e+00
4.266800613261007236e+00
4.255280892433796147e+00
4.243888236617859633e+00
4.248991294082746784e+00
4.254600820909181458e+00
4.242299641327203830e+00
4.230032912355427221e+00
4.217804079875203449e+00
4.205616886179065261e+00
4.193475371441258481e+00
4.181383898511669805e+00
4.184558827170173245e+00
4.172406943975657256e+00
4.160311465028312838e+00
4.148277812452747071e+00
4.136311891291975407e+00
4.124420030042889707e+00
4.112609004606215812e+00
4.100885987054161852e+00
4.089258504526410931e+00
4.077734390554865307e+00
4.065857487931864966e+00
4.054093970966165195e+00
4.042454297253954110e+00
4.029321515283834643e+00
4.017280114728466245e+00
4.005261727831369356e+00
3.993270133194393168e+00
3.981309507932004443e+00
3.969384447474765043e+00
3.957499981280018897e+00
3.962163712138145222e+00
3.968004298801695917e+00
3.973945629909569899e+00
3.961528478154243693e+00
3.967695598639114252e+00
3.955114115016214793e+00
3.942580781037177129e+00
3.930104203315327727e+00
3.917693493709644592e+00
3.905358310016206591e+00
3.893108767166633566e+00
3.898227335227368417e+00
3.886043148166405281e+00
3.893017793298647167e+00
3.880259482679092820e+00
3.867590357174082172e+00
3.855026044629843884e+00
3.841911198330751898e+00
3.828807246629347016e+00
3.815721016763792495e+00
3.802659700431402001e+00
3.789630880442720340e+00
3.776642533798670875e+00
3.763703031288670342e+00
3.750821128880108102e+00
3.738005956109159644e+00
3.742067345431794756e+00
3.729396307498412444e+00
3.736979487656224119e+00
3.744629794044061377e+00
3.731611440297276872e+00
3.718651288358652440e+00
3.705762521068754811e+00
3.713961529876967926e+00
3.700946430875906135e+00
3.688023566943011922e+00
3.696564691909168143e+00
3.683530928897957413e+00
3.670108717537328591e+00
3.656806536981454858e+00
3.642979243607913808e+00
3.629178332138382590e+00
3.615412201011331206e+00
3.601689438838747481e+00
3.588018858037851366e+00
3.574409502178498510e+00
3.581910406584636331e+00
3.568193492830305402e+00
3.554547497397911648e+00
3.540982228901069284e+00
3.547584091257057093e+00
3.534134310987024019e+00
3.520754185917645440e+00
3.507456910391812066e+00
3.494255983160678092e+00
3.504134895456131105e+00
3.490794580496843214e+00
3.477569806518089113e+00
3.463987757571953097e+00
3.450536306452345325e+00
3.436591388107332445e+00
3.422680077559742351e+00
3.433565032375249793e+00
3.419551231068043595e+00
3.405584448453736091e+00
3.391672195883025154e+00
3.377822282460240189e+00
3.364042834295383422e+00
3.350342309728729262e+00
3.336729509000370797e+00
3.323213575755871396e+00
3.309803987872395048e+00
3.296510542170443259e+00
3.283343319809840732e+00
3.270312650219387773e+00
3.257429060383744801e+00
3.243362998325841851e+00
3.230419361026686698e+00
3.217002571985354553e+00
3.203621062202287817e+00
3.216175144031463873e+00
3.202632129522462012e+00
3.189130982831004602e+00
3.175676441966802432e+00
3.162273701286290706e+00
3.148928457434753359e+00
3.135646948953141777e+00
3.122435988975917454e+00
3.109302986870226881e+00
3.096255958686568110e+00
3.083303518918324659e+00
3.069579342902080121e+00
3.080565740237794170e+00
3.067715403796188234e+00
3.054968702173491035e+00
3.068253924172355873e+00
3.055298268033554532e+00
3.041982012013427994e+00
3.028776266899764202e+00
3.015058867615195481e+00
3.001343956290946746e+00
2.987636776286235030e+00
2.973943314523166848e+00
2.988249600366300385e+00
3.002210995937787175e+00
3.016220662934945285e+00
3.002325762432016987e+00
3.017310900932875128e+00
3.003257804624427596e+00
3.018466001472353000e+00
3.004258002724494503e+00
2.990032797281721777e+00
3.006548457940336316e+00
2.992265580923301638e+00
2.977985642345915007e+00
2.963722348495889669e+00
2.978660097468835311e+00
2.964086253123211723e+00
2.949535512401689097e+00
2.935024078603585718e+00
2.920568731408732965e+00
2.906186749681484827e+00
2.922542356031230693e+00
2.907880856140183212e+00
2.893308525439349133e+00
2.910236471587425822e+00
2.927234856558156739e+00
2.912061199561287506e+00
2.929354462524323743e+00
2.913941417268188783e+00
2.898612282151632247e+00
2.883390967509815273e+00
2.901447580476498977e+00
2.886003846869353850e+00
2.870196695757219807e+00
2.888694409500381699e+00
2.872683678503865856e+00
2.856802761160007087e+00
2.874152696426536480e+00
2.892719727971367227e+00
2.876483428889403005e+00
2.895652213073003356e+00
2.879241701317272195e+00
2.862956267215042594e+00
2.846156896780100976e+00
2.829385224780410990e+00
2.812658768161588885e+00
2.795995550025717868e+00
2.818397027249425868e+00
2.801791210271244559e+00
2.785279735351787078e+00
2.768880979730658165e+00
2.752613308023450056e+00
2.736494965142702185e+00
2.720543970246373622e+00
2.704778009951431805e+00
2.723148137601502761e+00
2.743412362030500873e+00
2.727165249131983771e+00
2.711043175169531860e+00
2.695070361329121145e+00
2.679270732672387911e+00
2.663667751320375476e+00
2.647793278056184363e+00
2.632130382488226061e+00
2.616066693232585116e+00
2.600104971504460405e+00
2.584253388014882802e+00
2.604558446680098616e+00
2.589012116065841695e+00
2.573528193106703110e+00
2.558119941872867731e+00
2.542800454555643519e+00
2.527582694164762778e+00
2.549247051763108285e+00
2.571219620084934210e+00
2.597704706083666881e+00
2.581908859832574343e+00
2.566183683824832862e+00
2.550545386509930346e+00
2.535009933197922116e+00
2.519593050899938902e+00
2.542197288677334299e+00
2.526381009470542338e+00
2.549559217592406668e+00
2.533373687061195589e+00
2.517285821891146025e+00
2.541275849723976687e+00
2.565308472644808990e+00
2.548482100918571192e+00
2.531715974475760689e+00
2.515034389871519505e+00
2.498462332529736152e+00
2.482025366103041808e+00
2.465285237114190231e+00
2.448692756950896499e+00
2.432279258199858241e+00
2.415397359651114240e+00
2.398578534535470208e+00
2.381835271246783847e+00
2.365180543454933115e+00
2.348627847824752202e+00
2.332191230816179406e+00
2.356721138739991339e+00
2.340217205126571276e+00
2.323779888137201599e+00
2.349121024851222206e+00
2.332816926258571399e+00
2.316478556831341962e+00
2.300145172185465103e+00
2.327852977365514775e+00
2.311028776332386236e+00
2.340683908694955129e+00
2.369596831767409206e+00
2.398075628838069573e+00
2.380811638741906044e+00
2.363396117258247386e+00
2.345871043311246851e+00
2.328279029621108442e+00
2.357681960473292815e+00
2.340075763281751264e+00
2.322380700289743416e+00
2.304647416104532276e+00
2.335557879565753669e+00
2.366601165031634757e+00
2.348639717617822864e+00
2.330564625876299978e+00
2.312429051625701337e+00
2.294286749157271377e+00
2.275679011877641322e+00
2.257121874275590745e+00
2.237976594664791374e+00
2.272488527247893408e+00
2.253817179105129576e+00
2.234588703889157202e+00
2.215365647378397806e+00
2.196178023131495127e+00
2.177057507440995021e+00
2.158037064955611761e+00
2.139150536129123203e+00
2.120432190577332676e+00
2.152187343350898008e+00
2.133914861448386713e+00
2.115644697386239947e+00
2.097434024514750472e+00
2.079337678140847245e+00
2.061407863469657542e+00
2.098112143923494433e+00
2.079705579920724912e+00
2.061505093487740581e+00
2.043052142439734986e+00
2.076400634839830950e+00
2.058372304350010396e+00
2.040425283388842992e+00
2.022613175678580788e+00
2.004304824772465299e+00
1.986032769336139037e+00
1.967824022650131344e+00
1.949705074139119976e+00
1.931701802773340804e+00
1.913839438931776327e+00
1.896142554309668826e+00
1.878635073064756522e+00
1.911489423035302782e+00
1.894463358582398449e+00
1.941053095356075398e+00
1.925046277285532792e+00
1.908993663143687458e+00
1.892946960515794919e+00
1.876953187540844725e+00
1.861054944233761610e+00
1.845290691958989537e+00
1.829695043726861536e+00
1.813879760136303032e+00
1.798242536644469425e+00
1.782812918365181964e+00
1.767043909405852986e+00
1.750746496373168704e+00
1.791472243790551255e+00
1.775739521254689590e+00
1.759956816935938084e+00
1.744141800346428850e+00
1.728309711338670729e+00
1.712474051085651539e+00
1.696647281895630188e+00
1.680841529121394062e+00
1.727184168577234225e+00
1.766765388918903223e+00
1.751411696377867866e+00
1.735875985489421458e+00
1.777793507578073529e+00
1.817517851367673076e+00
1.803026947479356767e+00
1.787662687845980702e+00
1.771921639585726460e+00
1.755867546387663847e+00
1.739559755689194409e+00
1.723053867695711450e+00
1.768563063741469987e+00
1.752494612799997853e+00
1.736216172546047654e+00
1.719776883259673816e+00
1.766055054659544821e+00
1.749833481582617534e+00
1.792898388864623271e+00
1.832953500992884788e+00
1.818096858514277603e+00
1.802274831422766344e+00
1.785984360121198877e+00
1.769297166499652629e+00
1.811415557859357373e+00
1.795454684518030808e+00
1.778980799898751020e+00
1.762073006120025820e+00
1.744807541495027703e+00
1.791510545938721943e+00
1.775200996427865663e+00
1.817333069531696710e+00
1.801256999291666050e+00
1.784633813438194494e+00
1.767544690324962975e+00
1.750068600737345825e+00
1.732282751177310232e+00
1.714262786453145004e+00
1.696082813827045843e+00
1.677815290167618212e+00
1.659530805341212334e+00
1.641297788193338159e+00
1.622714849112982138e+00
1.604244201976943396e+00
1.652486120562574712e+00
1.634468809880166074e+00
1.687010827238355271e+00
1.669169274325890351e+00
1.651240355539805860e+00
1.702483721379341342e+00
1.684460709177747262e+00
1.666298627274468647e+00
1.647594865200402880e+00
1.700016077838615081e+00
1.681799850755392844e+00
1.663440904654284846e+00
1.644512128064154366e+00
1.625499033663804882e+00
1.605816531545561920e+00
1.585969721304537394e+00
1.566005559335597042e+00
1.545973476743156105e+00
1.525924853966785344e+00
1.505912428569822881e+00
1.485989656827281014e+00
1.466210051302575090e+00
1.446626518240525572e+00
1.427290722033461634e+00
1.407775800631712926e+00
1.388531104119333337e+00
1.368945195984840435e+00
1.420409814877344301e+00
1.403686037658439689e+00
1.386655727940506733e+00
1.368791990111858148e+00
1.350626098270582220e+00
1.413643967623952724e+00
1.396695392827282056e+00
1.455828312173847561e+00
1.522138971474766400e+00
1.508203462949218032e+00
1.493655707534071508e+00
1.478596139618746363e+00
1.526249481918920736e+00
1.567338078799650258e+00
1.554513569152912389e+00
1.540870872072173992e+00
1.526485595577959486e+00
1.567680412276452051e+00
1.554871700330167306e+00
1.592673681725175872e+00
1.581333337854002208e+00
1.568709490832272291e+00
1.602754927144744768e+00
1.634382742398259536e+00
1.624840734762358796e+00
1.614550638954693973e+00
1.603135159325851156e+00
1.640131598097649634e+00
1.629109759908385247e+00
1.617081721496511637e+00
1.654387685248930095e+00
1.643061564920105466e+00
1.631151603974367870e+00
1.667237652641565759e+00
1.710676213837397874e+00
1.736300117487353800e+00
1.727057543140660512e+00
1.717180583655094850e+00
1.706699536096972558e+00
1.695644749265466489e+00
1.684047929352087358e+00
1.671943192329120143e+00
1.659367889393700279e+00
1.646363209795968841e+00
1.632974552026987825e+00
1.619251662387476198e+00
1.604810885044925861e+00
1.590081844734770655e+00
1.574505587174188648e+00
1.558556672249596486e+00
1.542273745188396994e+00
1.525698438842103766e+00
1.508875187135419571e+00
1.491850972170285727e+00
1.474675015481623719e+00
1.535535105548481827e+00
1.519056014578245017e+00
1.502423509318845607e+00
1.556613670664000360e+00
1.539905845834233178e+00
1.522989562698246813e+00
1.505904718543282117e+00
1.488694293740163932e+00
1.548212481174485067e+00
1.598286883727023655e+00
1.581713325765675471e+00
1.564719866814860749e+00
1.617091282546445630e+00
1.662809521868116036e+00
1.648399254504456124e+00
1.633025738760046641e+00
1.617173071306620802e+00
1.600341498456383738e+00
1.583011886837240922e+00
1.631990749013489062e+00
1.616331376563991507e+00
1.662963670632789492e+00
1.648198448934170113e+00
1.690860668941160272e+00
1.676584009536356001e+00
1.661677058521696893e+00
1.645784202988088918e+00
1.629376001796490669e+00
1.612553718451078089e+00
1.594736457007587926e+00
1.576475705503455282e+00
1.557844858094313389e+00
1.538919549600881176e+00
1.595845252033083472e+00
1.578325411389019717e+00
1.631217946341070757e+00
1.614976931202362076e+00
1.597621041002569520e+00
1.579706441799247907e+00
1.561322368586146148e+00
1.542558387156862443e+00
1.523504232279788040e+00
1.504249313901820484e+00
1.484881997095672590e+00
1.552188880111735170e+00
1.533934728915579360e+00
1.590819888487895017e+00
1.573093210740134973e+00
1.554858921856073106e+00
1.536219015138500232e+00
1.517273576759995413e+00
1.498120488450237930e+00
1.478854860961167805e+00
1.459568311283882203e+00
1.440348176374596889e+00
1.420855516768702032e+00
1.401510833181155435e+00
1.381002718654002592e+00
1.443999529185707065e+00
1.424979650619589089e+00
1.405957798583204355e+00
1.386415576861627308e+00
1.366801620963039365e+00
1.347156838836862658e+00
1.327520495436353531e+00
1.307930428514739951e+00
1.288423412163458792e+00
1.269035616639382358e+00
1.249803096088961007e+00
1.323371988129557364e+00
1.305663713419283889e+00
1.370523657403897699e+00
1.433693188733653479e+00
1.417027133118087701e+00
1.487008202316083327e+00
1.539051040835139217e+00
1.525224096078635627e+00
1.510766651786189074e+00
1.495761939911240956e+00
1.480293356724934561e+00
1.464444708108412430e+00
1.448299996997339578e+00
1.431942884312121578e+00
1.492038991710000095e+00
1.477771842495080090e+00
1.524262578614824504e+00
1.510328526288231110e+00
1.495794028575084145e+00
1.480754902367431125e+00
1.465305347702033023e+00
1.449537763167547899e+00
1.433542220088407371e+00
1.417405748548758337e+00
1.401211556555885362e+00
1.384590414574571993e+00
1.367992768337903398e+00
1.350844609228579962e+00
1.333629336432171408e+00
1.316375905062357132e+00
1.299109601523535273e+00
1.355920447096766734e+00
1.339245630415168753e+00
1.399843871196637668e+00
1.384047495242087367e+00
1.367401640714251743e+00
1.350389013153190598e+00
1.333072395467517213e+00
1.315511105291018890e+00
1.377189454687959946e+00
1.359783893647159569e+00
1.342146065061298854e+00
1.406125120525071548e+00
1.389896776882904250e+00
1.372729803494244560e+00
1.355136792419000979e+00
1.337189350034829749e+00
1.399617955941564018e+00
1.382411933443761232e+00
1.442769200668214458e+00
1.426461231116099126e+00
1.409674605531993308e+00
1.391930107099236036e+00
1.450239217782732348e+00
1.433842030882274354e+00
1.506497858561700154e+00
1.492561635022908284e+00
1.537368553364101720e+00
1.523742190958018439e+00
1.509500297874778685e+00
1.494722129338079908e+00
1.479486737200237600e+00
1.463873356114518520e+00
1.447961357414385031e+00
1.431829890814481310e+00
1.415557307342261595e+00
1.398795297787339464e+00
1.381970306514814117e+00
1.364548665295447050e+00
1.346986102725878487e+00
1.329317268397203655e+00
1.311574584280210898e+00
1.369180077980020727e+00
1.352126296353483248e+00
1.334875340554896317e+00
1.397810314712570445e+00
1.381807816020047763e+00
1.364905945145981070e+00
1.347625016887900928e+00
1.330032401655745877e+00
1.391778951055745894e+00
1.451022267794885634e+00
1.517582375621138624e+00
1.503765500621282891e+00
1.547543030130640318e+00
1.588065394795146412e+00
1.576230846516581297e+00
1.563182880147982567e+00
1.549439711233788097e+00
1.535061486784707885e+00
1.520110238668315183e+00
1.504650671600731959e+00
1.488750485893134634e+00
1.472480352076906529e+00
1.455913585753404904e+00
1.439125577815986601e+00
1.499030678735888245e+00
1.484894294733170250e+00
1.470292682806914719e+00
1.455325940079750469e+00
1.440089511612046236e+00
1.424673805581291086e+00
1.409163664220739465e+00
1.468643307357422101e+00
1.454512514864101158e+00
1.440085773385432866e+00
1.425462529177872417e+00
1.410733392169650324e+00
1.395979947406487565e+00
1.381274658767597030e+00
1.366292986356853589e+00
1.351412324191579639e+00
1.336121692514178561e+00
1.320820675876503980e+00
1.305514860111026465e+00
1.354782387412788447e+00
1.339536076201668813e+00
1.324161483057088473e+00
1.308661079751117118e+00
1.293037952366618004e+00
1.277296522429604009e+00
1.338829907628762861e+00
1.323177821836995172e+00
1.380411247938371444e+00
1.364816716418501219e+00
1.348615634568441024e+00
1.332260494551384511e+00
1.315766552542517287e+00
1.299151451951148895e+00
1.282435411456921193e+00
1.265641480731264812e+00
1.248795823854152554e+00
1.231927972768514623e+00
1.292365859972050002e+00
1.278454196110629937e+00
1.264070907430604462e+00
1.249305968990513049e+00
1.234244870913199899e+00
1.218968964479924422e+00
1.203555594382637706e+00
1.269987447679016945e+00
1.255822544879659608e+00
1.241303038350615617e+00
1.226524482785190440e+00
1.285520995938530753e+00
1.271267585302471526e+00
1.256570410483524025e+00
1.312128406592891761e+00
1.298014895384102863e+00
1.283308950046172736e+00
1.268106204379669810e+00
1.252500326394587304e+00
1.236583114733707411e+00
1.220444262913149114e+00
1.204170895151102316e+00
1.187446567039076140e+00
1.170661810533810909e+00
1.153325562315202113e+00
1.135856785159765847e+00
1.118293955044175503e+00
1.100668988175780072e+00
1.172099087089981451e+00
1.154209863163339511e+00
1.136068498785400838e+00
1.210659451062736425e+00
1.193951715148056758e+00
1.175938683353245473e+00
1.157443190921461973e+00
1.138564497002224618e+00
1.119392469474411955e+00
1.100017329517048559e+00
1.080526363815669022e+00
1.061005022505147943e+00
1.041537591963076048e+00
1.021506376104781344e+00
1.001384433960136766e+00
9.819250797002337938e-01
9.619790524870266424e-01
9.415133740760178727e-01
9.210048044691365732e-01
9.004933822061957915e-01
8.800233027795467677e-01
8.596359807317244250e-01
8.393681780555598548e-01
8.184646839226646930e-01
7.980744522941682906e-01
7.782269826127451440e-01
8.695169529453161683e-01
9.460169708412600187e-01
1.036611329754839605e+00
1.025104987570992554e+00
1.012991230749709981e+00
1.061521063700270995e+00
1.050557212609140034e+00
1.038814602168914192e+00
1.082901060068165666e+00
1.072693317892830844e+00
1.061587503225740914e+00
1.049654352478935904e+00
1.091696388005123586e+00
1.081865278212647663e+00
1.071096393370725153e+00
1.108196783581490985e+00
1.152290150589435180e+00
1.147615591309119498e+00
1.142315073003180359e+00
1.167707983367831437e+00
1.162105381768089307e+00
1.156002081542427895e+00
1.149686501768012903e+00
1.142882284594546105e+00
1.135616418446972364e+00
1.127915491489282829e+00
1.119465743740898134e+00
1.110566534920661486e+00
1.163476637530099556e+00
1.156219941883106506e+00
1.148556667878052551e+00
1.140527153365266777e+00
1.132169619930867954e+00
1.123521217691821450e+00
1.167668364343869447e+00
1.159645974814212721e+00
1.151246169102305705e+00
1.142519453093419290e+00
1.133512451005239896e+00
1.124268560881596990e+00
1.114475448670598334e+00
1.164357454539329595e+00
1.155765455169352363e+00
1.146850293739384297e+00
1.185545836580649048e+00
1.176690360743170016e+00
1.167421730350570064e+00
1.157801737144818377e+00
1.147887315709852585e+00
1.137731391878732623e+00
1.127035385856722360e+00
1.116118901648764705e+00
1.104513201546433843e+00
1.092572559688239409e+00
1.080310107962130228e+00
1.067730068193611270e+00
1.120710704641299404e+00
1.108234103398249237e+00
1.095209151967774241e+00
1.081686742666559731e+00
1.067712464873850298e+00
1.053328601735323389e+00
1.038576092333665102e+00
1.023496612733784561e+00
1.008134663002699716e+00
9.925395814183882726e-01
1.065934943733007234e+00
1.051967123049358577e+00
1.037725385487499707e+00
1.023271180723445584e+00
1.008661040690152166e+00
9.939476293173479249e-01
9.791805987224334595e-01
9.640419368002958178e-01
1.042576383149405483e+00
1.028153187713641614e+00
1.013612818739679122e+00
9.990229684996221327e-01
9.844428565986327317e-01
9.699241434273129236e-01
1.043136189979516848e+00
1.028164169686716090e+00
1.013110681309552508e+00
9.980526293143211491e-01
9.830563154791946978e-01
9.681782662299729392e-01
9.531183218252653466e-01
1.032695283990041846e+00
1.017616935300447389e+00
1.002542165407499297e+00
9.875466002730035608e-01
9.726930261863607763e-01
1.046444553654679810e+00
1.114671556284781984e+00
1.178373962518771467e+00
1.246167547579297930e+00
1.235705281054940263e+00
1.224603603068440849e+00
1.212943838310516220e+00
1.200805921518031560e+00
1.188268915912022994e+00
1.175411049319661672e+00
1.161951313322385104e+00
1.148240381753296235e+00
1.133813710344387493e+00
1.119066549618203066e+00
1.104038729911369421e+00
1.157447683303080455e+00
1.143308996403341604e+00
1.128543765351843309e+00
1.113220868272440267e+00
1.097404160682023067e+00
1.081153339045243467e+00
1.064524646452445822e+00
1.047571499499567738e+00
1.030345064387051979e+00
1.012894811439003950e+00
9.948620204862621552e-01
9.766226048844885987e-01
9.575580188814685201e-01
9.377132269853563074e-01
9.175641843396831199e-01
8.971795783744621611e-01
8.766370079980343455e-01
8.560151278396233021e-01
8.346820729243995540e-01
8.142255529720614504e-01
7.929939759449807779e-01
7.723628354901330706e-01
7.512158701155524643e-01
7.297721363346868495e-01
8.053120877717743209e-01
7.917342879760408403e-01
7.777066002495700570e-01
7.633789335689266098e-01
7.488891394105087196e-01
7.340330840206826801e-01
7.191082755534764503e-01
7.036669273990334705e-01
6.878522450309937364e-01
6.718520125548054223e-01
6.556632324006428370e-01
6.392773355093288590e-01
6.937609864176884633e-01
7.185161390814803761e-01
7.119407205232840541e-01
7.047754180358142273e-01
6.971437742511742419e-01
6.891539951453544699e-01
6.805387033324823420e-01
6.715971485121849938e-01
6.618506325793914735e-01
6.511261550897156081e-01
6.398114277738919942e-01
6.279005190489137522e-01
6.904502342382720093e-01
6.841542568839441563e-01
6.775357376336810233e-01
6.707011986083076804e-01
6.633913481380974142e-01
6.558204678605569216e-01
6.913798113637538156e-01
6.850664348754829103e-01
6.784196651107455844e-01
6.715509127133522105e-01
6.642036477938202399e-01
6.565934102825793373e-01
6.482948534537960050e-01
6.879499768561364581e-01
6.817284634105614805e-01
6.752080500593786727e-01
6.684865196418164901e-01
6.612989718971228337e-01
6.538541582925234685e-01
6.457252211233183159e-01
6.366912969237015218e-01
6.271199795877782091e-01
6.169809353236715976e-01
6.062450170382718273e-01
5.948840773191005349e-01
5.828719271044972006e-01
5.701854868505378260e-01
5.564354830942914720e-01
5.417173112714362970e-01
5.488210520736669373e-01
5.420260931899419932e-01
5.573333692446633680e-01
5.510003299118927389e-01
5.436955101623350828e-01
5.588368871211003563e-01
5.525929535046752994e-01
5.453685590658545745e-01
5.372083100192899252e-01
5.281693555821095343e-01
5.483766599495288885e-01
5.415703374677643955e-01
5.569718092658467734e-01
5.506175739416203641e-01
5.432937389486468538e-01
5.350482343755181835e-01
5.259408022104838931e-01
5.160370546582916385e-01
5.050493219217289109e-01
4.925538170632404733e-01
4.790018681115806864e-01
4.643507229982976603e-01
4.488162068075383648e-01
4.319313169870935831e-01
4.138971672591595374e-01
3.947123529878903136e-01
3.740183974631680064e-01
3.521105653703608951e-01
4.099999930322340558e-01
4.090450017054849119e-01
4.072740128760059530e-01
4.048747482967894884e-01
4.099999940493011530e-01
4.099999941876804610e-01
4.090869973639391088e-01
4.073605430947087047e-01
4.099999940983312663e-01
4.090835352211671938e-01
4.099999941425470640e-01
4.090852427725126250e-01
4.099999941426660244e-01
4.090852473778863740e-01
4.073569374711615287e-01
4.049971172210933279e-01
4.015077276988168742e-01
4.099999940039307789e-01
4.090799134991756625e-01
4.073459469850518877e-01
4.049808979994451441e-01
4.014856290420720786e-01
3.970503260000511347e-01
3.916060825309524152e-01
3.851411956470599529e-01
4.099999938373368735e-01
4.090736287074429600e-01
4.073329971795703330e-01
4.049617875811461487e-01
4.099999940512487062e-01
4.090817247586814309e-01
4.073496790587174399e-01
4.049864055628705772e-01
4.014931329018974204e-01
3.970598845589869974e-01
3.916177660638110458e-01
3.851547207056085220e-01
3.774474049699046985e-01
4.099999937719836507e-01
4.090712006877619267e-01
4.073279930161543549e-01
4.049544020800271427e-01
4.014495305527390201e-01
4.099999940029570578e-01
4.090798764072834381e-01
4.073458705582144734e-01
4.049807852139785669e-01
4.014854753767188589e-01
4.099999940035595758e-01
4.099999941875501208e-01
4.090869922518200474e-01
4.073605325608041228e-01
4.099999940983309332e-01
4.099999941878208487e-01
4.090870028677968673e-01
4.073605544358200881e-01
4.050024550359830333e-01
4.099999940521585340e-01
4.099999941876885656e-01
4.099999941880784760e-01
4.099999941880796972e-01
4.090870130172591934e-01
4.073605753495491144e-01
4.050024859001621347e-01
4.015150428950022277e-01
3.970877962185855314e-01
3.916518860105590027e-01
4.099999938971197189e-01
4.090758698910329505e-01
4.099999941420133798e-01
4.099999941879461374e-01
4.090870077803305804e-01
4.073605645584645329e-01
4.050024699748351886e-01
4.015150211965941573e-01
3.970877685774107380e-01
4.099999939523647496e-01
4.090779535388297528e-01
4.073419073797476808e-01
4.049749361516779556e-01
4.014775063046226444e-01
3.970399797433611933e-01
3.915934365557420249e-01
3.851265573324065272e-01
3.774145947515205601e-01
3.684203783408124266e-01
3.580583218969474180e-01
4.099999936185994009e-01
4.099999941864815312e-01
4.090869503604055435e-01
4.073604462404162851e-01
4.050022953627922528e-01
4.015147832860836430e-01
3.970874655079616455e-01
3.916514817508441881e-01
3.851937560974874608e-01
3.774928849093769356e-01
3.685100528930645991e-01
3.581680810444934360e-01
3.460134439887526669e-01
3.321850690702666808e-01
3.166405135951906868e-01
4.099999933072628333e-01
4.090544684478608639e-01
4.072935170101640856e-01
4.099999940961242539e-01
4.099999941878144649e-01
4.090870026191505415e-01
4.073605539234659290e-01
4.050024542798579819e-01
4.015149998120404740e-01
3.970877413360498487e-01
4.099999939523644721e-01
4.099999941874050702e-01
4.090869865660327065e-01
4.073605208448140003e-01
4.050024054628642567e-01
4.015149332984327413e-01
4.099999940040510160e-01
4.090799180803856294e-01
4.073459564245128228e-01
4.049809119295521009e-01
4.014856480212460332e-01
3.970503501761984411e-01
4.099999939518545466e-01
4.090779341950119830e-01
4.099999941421569871e-01
4.090852276678871302e-01
4.073568968581558480e-01
4.099999940982109181e-01
4.090835305791324927e-01
4.073533999602612088e-01
4.049918966873172765e-01
4.015006145755525835e-01
3.970694154312027768e-01
3.916294164648331244e-01
4.099999938968551527e-01
4.090758599466330914e-01
4.073375945318248315e-01
4.049685719136966733e-01
4.014688362351077622e-01
3.970289359443349153e-01
3.915799377959627847e-01
3.851109325232352498e-01
4.099999938370142427e-01
4.090736166588320177e-01
4.073329723541762037e-01
4.049617509463971921e-01
4.099999940512479291e-01
4.090817247272528490e-01
4.073496789939589080e-01
4.049864054673036895e-01
4.099999940517994323e-01
4.090817458762855963e-01
4.099999941424224970e-01
4.099999941879473031e-01
4.090870078267200283e-01
4.073605646540535141e-01
4.050024701159040119e-01
4.015150213888017405e-01
4.099999940040522928e-01
4.090799181363869441e-01
4.099999941422952099e-01
4.090852330192736308e-01
4.099999941426653582e-01
4.090852473515796950e-01
4.073569374169558888e-01
4.049971171410982618e-01
4.015077275898238929e-01
3.970784770115414197e-01
3.916404936467375308e-01
3.851810332153294270e-01
4.099999938377612008e-01
4.099999941870837161e-01
4.090869739681203265e-01
4.073604948858735586e-01
4.050023671530398883e-01
4.099999940521566466e-01
4.090817595701342069e-01
4.099999941424234406e-01
4.090852379842143116e-01
4.073569181152365548e-01
4.099999940982115842e-01
4.090835306061945675e-01
4.099999941425467309e-01
4.090852427600668029e-01
4.099999941426658578e-01
4.090852473778528453e-01
4.073569374710923063e-01
4.049971172209911319e-01
4.015077276986775412e-01
4.099999940039307234e-01
4.090799134991756070e-01
4.073459469850514436e-01
4.049808979994447000e-01
4.099999940516762531e-01
4.090817411515620394e-01
4.073497128361722730e-01
4.099999940979789925e-01
4.090835216066456281e-01
4.073533814723078184e-01
4.099999940980948998e-01
4.099999941878201271e-01
4.090870028412121329e-01
4.073605543810404073e-01
4.050024549551398678e-01
4.015150007321182102e-01
3.970877425081188461e-01
3.916518203550239385e-01
3.851941481200069628e-01
3.774933415729563868e-01
4.099999937724381760e-01
4.090712174593761352e-01
4.073280275734785794e-01
4.049544530760645356e-01
4.014496000294062727e-01
3.970044330982598346e-01
3.915499887566837312e-01
3.850762706522434242e-01
3.773560127233547279e-01
3.683532832105435584e-01
3.579767008668645611e-01
3.458013364533788492e-01
3.319534745202905590e-01
3.163916001511182241e-01
2.991436729010392703e-01
4.099999931698045663e-01
4.090496991031277729e-01
4.072836908831575786e-01
4.048890291384912299e-01
4.013604719799975240e-01
3.968909141729410339e-01
3.914112533329998089e-01
3.849157672241614314e-01
3.771690589059138454e-01
3.681391952809125456e-01
3.577278614869590090e-01
3.455246497922574989e-01
3.316503893008748149e-01
3.160647742842531138e-01
2.987973089704246688e-01
2.799740621499369753e-01
2.598369718711754373e-01
2.387490922859241693e-01
2.171662945224916430e-01
1.955372795125902563e-01
1.745494652267897684e-01
1.546386139997217857e-01
1.360619999744264175e-01
1.192005607718225613e-01
1.390468082064598432e-02
1.572742441340512637e-02
1.715587621883285160e-02
1.849033239960274841e-02
1.957194339556522084e-02
2.044990598926611086e-02
2.115133614392139538e-02
2.171361197964651393e-02
2.216599696189478635e-02
1.380616458368774842e-02
1.378032230002794109e-02
1.562988900407876955e-02
1.707935005876361906e-02
1.842804289630478251e-02
1.379155646827903182e-02
1.563870340412205906e-02
1.708626936977258176e-02
1.843367445895462836e-02
1.952575540716633765e-02
1.379481162087945606e-02
1.564125713977683116e-02
1.708827393505720632e-02
1.843530597421690759e-02
1.952708535356545427e-02
2.041330036976402723e-02
2.112155216688072629e-02
2.168941448100035821e-02
2.214637344651549170e-02
2.251304305755378807e-02
2.280609520221876449e-02
2.303905668033567888e-02
1.381325227940955261e-02
1.565572414621920969e-02
1.709962962877930454e-02
1.844454852593994595e-02
1.953461960049971899e-02
2.041944840894563060e-02
2.112655482777263394e-02
2.169347925678796751e-02
2.214967034924638853e-02
2.251570984997209798e-02
2.280824570130615334e-02
2.304078072135841079e-02
2.322430436056342751e-02
2.336776166469783228e-02
2.347846320302737766e-02
2.356237392973170586e-02
1.382173931674726165e-02
1.566238186353232850e-02
1.710485456883874267e-02
1.844880126421112251e-02
1.953808635261294890e-02
2.042227734331023697e-02
2.112885669334837319e-02
2.169534956220808830e-02
1.380344488569224502e-02
1.564803034281790281e-02
1.709359110013700112e-02
1.843963365325123824e-02
1.953061312757740225e-02
2.041617906931250670e-02
2.112389458010629356e-02
2.169131771199439909e-02
2.214791712140893459e-02
2.251429209630539593e-02
2.280710247642965538e-02
1.381095571386853869e-02
1.565392252628028738e-02
1.709821566065363591e-02
1.378823603840403055e-02
1.563609823319574155e-02
1.708422437433797236e-02
1.843201004608700441e-02
1.952439864864493821e-02
1.379480713506043774e-02
1.564125362038548683e-02
1.708827117255300870e-02
1.843530372580913512e-02
1.952708352074960726e-02
2.041329887417181813e-02
2.112155094990565002e-02
2.168941349213687059e-02
2.214637264437873884e-02
2.251304240851281085e-02
2.280609467879414834e-02
1.381094736578591942e-02
1.565391597731789070e-02
1.709821052079194686e-02
1.844339348037465909e-02
1.953367803448393877e-02
1.379483791528479317e-02
1.564127776929544536e-02
1.708829012794832458e-02
1.378820916471888008e-02
1.563607714706339094e-02
1.708420782121511730e-02
1.843199657362771041e-02
1.379156802870602251e-02
1.378029193714058222e-02
1.562986518046081269e-02
1.707933135642441397e-02
1.842802767477585979e-02
1.952115240831023626e-02
2.040845905895427581e-02
2.111761271599044837e-02
2.168621338655296951e-02
2.214377783627352950e-02
2.251094276389924154e-02
2.280440131299811893e-02
2.303769656827792112e-02
2.322184248925230829e-02
2.336581138158392440e-02
2.347693363788436183e-02
2.356119041494476873e-02
1.382171239713480930e-02
1.566236074691994620e-02
1.710483799734547825e-02
1.378825362780370170e-02
1.378028505972145323e-02
1.378026855435912981e-02
1.562984683363605881e-02
1.378444107433779257e-02
1.563312069738737736e-02
1.708188701581427396e-02
1.843010769058081241e-02
1.952284793521764580e-02
1.379480201399951346e-02
1.564124960260901767e-02
1.708826801884709770e-02
1.843530115900159777e-02
1.952708142838655361e-02
2.041329716678707065e-02
2.112154956059341879e-02
2.168941236323933958e-02
1.380341485429857802e-02
1.378031656681022107e-02
1.562988450562731446e-02
1.707934652732879741e-02
1.842804002212750786e-02
1.952116247324420933e-02
2.040846727195170379e-02
2.111761939908749289e-02
1.380062773914966616e-02
1.564582020056300843e-02
1.709185561025780911e-02
1.843822111897310684e-02
1.952946167504606909e-02
2.041523947071323050e-02
2.112313002621133209e-02
2.169069647492782166e-02
2.214741335514732248e-02
2.251388371066826224e-02
1.380855649049389164e-02
1.565204035084942838e-02
1.709673844384719879e-02
1.844219532642240797e-02
1.953270132993989092e-02
2.041788307027539093e-02
2.112528112252740065e-02
1.380066087148324599e-02
1.378031083484721961e-02
1.562988000816011025e-02
1.707934299666644118e-02
1.842803714857898720e-02
1.379155645149205897e-02
1.563870339095138964e-02
1.708626935943409822e-02
1.378820383791717376e-02
1.378028495624809141e-02
1.562985970304560032e-02
1.707932705646884528e-02
1.842802417511226268e-02
1.952114955556224357e-02
2.040845673110877612e-02
1.379778667851510113e-02
1.564359125490423150e-02
1.709010607188193517e-02
1.843679715691146775e-02
1.379158210412540463e-02
1.563872351742144964e-02
1.708628515793554972e-02
1.843368730890666829e-02
1.952576588191879542e-02
2.041222367128516652e-02
2.112067604618476924e-02
1.380064091608189727e-02
1.564583053838002405e-02
1.709186372448541491e-02
1.843822772321706410e-02
1.379158630689700411e-02
1.563872681481948135e-02
1.708628774626509347e-02
1.843368941554256180e-02
1.952576759916176824e-02
2.041222507256646237e-02
2.112067718642315559e-02
1.380064092100849980e-02
1.564583054224519612e-02
1.709186372751923116e-02
1.843822772568636664e-02
1.952946706061837664e-02
2.041524386539852673e-02
1.379781219547820958e-02
1.378030490684079186e-02
1.562987535687128046e-02
1.707933934524875214e-02
1.378818561086003411e-02
1.563605866698785860e-02
1.708419331474265307e-02
1.378819837109554122e-02
1.563606867851631207e-02
1.708420117358346035e-02
1.843199116316179484e-02
1.952438325611617967e-02
2.041109544068424320e-02
2.111975798958631509e-02
2.168795659277902160e-02
2.214519083303546562e-02
2.251208612706672926e-02
2.280532345500836319e-02
2.303843702416207354e-02
2.322243365178653859e-02
1.381546900138917906e-02
1.378034173240075093e-02
1.562990425128923944e-02
1.707936202833220535e-02
1.378818567042592973e-02
1.563605871372254763e-02
1.708419335142841167e-02
1.843198479675878243e-02
1.952437806650467178e-02
1.379480706709820467e-02
1.564125356706508665e-02
1.708827113069974826e-02
1.843530369174475186e-02
1.952708349298164572e-02
2.041329885151297457e-02
2.112155093146792645e-02
2.168941347715515680e-02
2.214637263222600863e-02
2.251304239867954124e-02
1.380855062361431226e-02
1.565203574828212887e-02
1.709673483150324011e-02
1.844219238626638308e-02
1.953269893320266556e-02
2.041788111450308640e-02
1.379782216018718075e-02
1.378030492755710767e-02
1.562987537312590311e-02
1.707933935800915598e-02
1.842803418713509847e-02
1.952115771685472914e-02
2.040846339073258339e-02
2.111761624085401259e-02
1.380062772556130482e-02
1.564582018990241102e-02
1.709185560189026287e-02
1.843822111216272819e-02
1.952946166949437803e-02
2.041523946618295157e-02
2.112313002252508634e-02
1.380065153417553078e-02
1.564583886868770729e-02
1.709187026300352380e-02
1.843823304497687818e-02
1.952947139672659566e-02
2.041524740370979918e-02
2.112313648131797228e-02
2.169070172002578525e-02
2.214741760973902573e-02
2.251388715312541491e-02
2.280677591266500395e-02
2.303960320177430438e-02
2.322336458545496557e-02
2.336701733523115221e-02
2.347787960783964678e-02
2.356192254570279102e-02
2.362403320830687090e-02
1.382369440013634515e-02
1.566391548910619699e-02
1.710605809002781197e-02
1.378825687545525043e-02
1.563611458170099250e-02
1.378445554588041827e-02
1.563313205188116700e-02
1.378444865539699832e-02
1.563312664555020770e-02
1.708189168517337125e-02
1.843011149092006057e-02
1.952285103307464798e-02
2.040984514050971435e-02
2.111874059935754319e-02
1.380063256599779395e-02
1.378031077593986319e-02
1.562987996193969387e-02
1.707934296038193453e-02
1.842803711904758210e-02
1.379155645140580852e-02
1.563870339088372155e-02
1.708626935938098446e-02
1.843367445049699099e-02
1.952575540027201226e-02
2.041221511819408391e-02
2.112066908643762606e-02
2.168869692234292462e-02
2.214579137911861645e-02
2.251257207760700221e-02
1.380854735054685284e-02
1.565203318056044776e-02
1.709673281621621257e-02
1.378823210782564174e-02
1.563609514930979633e-02
1.378445550095307344e-02
1.563313201663080187e-02
1.378444865531560162e-02
1.563312664548635947e-02
1.708189168512322387e-02
1.843011149087926681e-02
1.952285103304138986e-02
2.040984514048265960e-02
2.111874059933548792e-02
2.168712988605041650e-02
2.214452128717496471e-02
2.251154436157293270e-02
2.280488652215795914e-02
2.303808618997086471e-02
2.322215356641694692e-02
2.336605788574066395e-02
2.347712704072817819e-02
1.381969434834972275e-02
1.566077770624881016e-02
1.710359567059519664e-02
1.844777660331279809e-02
1.379161564834432627e-02
