5.209999999922945157e+00
5.210018101076817842e+00
5.210052194495707667e+00
5.210101559716399322e+00
5.210163352856612917e+00
5.210243324616505411e+00
5.210329622517412496e+00
5.210425757634721045e+00
5.210530840528128316e+00
5.210644064614567306e+00
5.209128044372765665e+00
5.209295195068530226e+00
5.209481557204980184e+00
5.209685976104012184e+00
5.209907417343990765e+00
5.210144947614244515e+00
5.210397706895593117e+00
5.210664898611875984e+00
5.210945778252035865e+00
5.211239644934193116e+00
5.207992338963749468e+00
5.208344186097061623e+00
5.204825703606092091e+00
5.205239236351989263e+00
5.205663082609636838e+00
5.206096602109171023e+00
5.202054208375931132e+00
5.202554576417366405e+00
5.203062725358804208e+00
5.203578096827554234e+00
5.204100157343887645e+00
5.204628396188332395e+00
5.205162324045085498e+00
5.205701471837734573e+00
5.206245389716523064e+00
5.206395100874073201e+00
5.206939022275370199e+00
5.207486724431135805e+00
5.208450231399467611e+00
5.209015310632778117e+00
5.209582855601112783e+00
5.210152525643295895e+00
5.210723994322076891e+00
5.211296948911585680e+00
5.211871089907669230e+00
5.205780362693678498e+00
5.206470207605485179e+00
5.199647118238064358e+00
5.200413175122699627e+00
5.201149681313168571e+00
5.201883931232909930e+00
5.202615773733283433e+00
5.203345130402016849e+00
5.204689243986164726e+00
5.205426383435407978e+00
5.206160294733611416e+00
5.206890825984912929e+00
5.207617830034341644e+00
5.208341167296381080e+00
5.209060705294476179e+00
5.209776315126902979e+00
5.210487879358367991e+00
5.211195284678123762e+00
5.211898424034170141e+00
5.212597196483915063e+00
5.213291508863977519e+00
5.213981264729746989e+00
5.214666385540177806e+00
5.215346793074995269e+00
5.216022414371790816e+00
5.216693182242361004e+00
5.217359030776186124e+00
5.218019904037338286e+00
5.218675748212270094e+00
5.219326514003848061e+00
5.219972156340396019e+00
5.220612634213779302e+00
5.212687518275507692e+00
5.215023417815883633e+00
5.216582641949319310e+00
5.218130636835771163e+00
5.219667591643986526e+00
5.221193623924594185e+00
5.222708840659115559e+00
5.213812043983238276e+00
5.216194259730497329e+00
5.217753130964598363e+00
5.219302417320614396e+00
5.220842024231065359e+00
5.222371816169488312e+00
5.223891679636502694e+00
5.225401519590676003e+00
5.215750543643309811e+00
5.216488141308111892e+00
5.217246353121844038e+00
5.218023562923244540e+00
5.218818280948640975e+00
5.219629130645722093e+00
5.220454837102918688e+00
5.221294214889490526e+00
5.222146159885794781e+00
5.223009641462551755e+00
5.223883695690803464e+00
5.224767419420135894e+00
5.225659965090520664e+00
5.226560536166261706e+00
5.227468383099228788e+00
5.228382799744102805e+00
5.229303120161064022e+00
5.217751644057719851e+00
5.218777223790844744e+00
5.219806902092709144e+00
5.220840121445567306e+00
5.221876347631254411e+00
5.222915074675189118e+00
5.223955823179569080e+00
5.224998138786324020e+00
5.226041590756953070e+00
5.227085770657064145e+00
5.228130291135120622e+00
5.229174784786175145e+00
5.230218903092684002e+00
5.231262315435319721e+00
5.232304708167648144e+00
5.233345783749249414e+00
5.234385259932386347e+00
5.235422868997995138e+00
5.236458357037072631e+00
5.237491483274097526e+00
5.224522584249686297e+00
5.225677144847179711e+00
5.226827666138869510e+00
5.227973972565196803e+00
5.229115895119763380e+00
5.230253272608545778e+00
5.231385951536257295e+00
5.232513785960214214e+00
5.233636637319660778e+00
5.234754374246745279e+00
5.235866872364273839e+00
5.236974014074416317e+00
5.238075688341717218e+00
5.239171790473224455e+00
5.240262221897872053e+00
5.226584822299160216e+00
5.227804813751040669e+00
5.229017436122866513e+00
5.230222650389957373e+00
5.231420417331970718e+00
5.232610699379895536e+00
5.233793460899825334e+00
5.234968668407660175e+00
5.236136290727012366e+00
5.237296299100488106e+00
5.238448667262666447e+00
5.239593371481809037e+00
5.240730390576118225e+00
5.241859705909436506e+00
5.242981301370395641e+00
5.244095163338407417e+00
5.245201280639251173e+00
5.246865175539913828e+00
5.247959797918197999e+00
5.249046607117355379e+00
5.235139432233604673e+00
5.235382296273450642e+00
5.236592867028686982e+00
5.237794045040610413e+00
5.238985868743498031e+00
5.240168376178839793e+00
5.241341605223404088e+00
5.243078287865372111e+00
5.244236923542373141e+00
5.245386348836766466e+00
5.231240928557500780e+00
5.231537467271268227e+00
5.232811368065278579e+00
5.234074516435907043e+00
5.235326990616115062e+00
5.236568866713642301e+00
5.238374217790354059e+00
5.239598882365509525e+00
5.240813123301498955e+00
5.226488465282954188e+00
5.226849715024568965e+00
5.212070274045313312e+00
5.213559215762853860e+00
5.215034354683609763e+00
5.216495860098741666e+00
5.217943891764533326e+00
5.219378601517829175e+00
5.220800134327123310e+00
5.222208629183429984e+00
5.223604219856165187e+00
5.224987035535115787e+00
5.226357201376284678e+00
5.227714838966540434e+00
5.212760173208446979e+00
5.214258141073734976e+00
5.215741889049854585e+00
5.217211592087241279e+00
5.218667416481946653e+00
5.220109521362565452e+00
5.221538059567882861e+00
5.222953178394240226e+00
5.224355020232809288e+00
5.225743723113831507e+00
5.227119421172051084e+00
5.228482245045477761e+00
5.213389190448407540e+00
5.214893918720846955e+00
5.216384060867814476e+00
5.217859802326103136e+00
5.219321319599308673e+00
5.220768781806471637e+00
5.205627279954805786e+00
5.207215184864375956e+00
5.208787405684104144e+00
5.210344156948479188e+00
5.211885642686481468e+00
5.213412057591719773e+00
5.214923588133473231e+00
5.216420413505182374e+00
5.217902706435349813e+00
5.219370633881920796e+00
5.220824357627878776e+00
5.222264034793118626e+00
5.223689818275251362e+00
5.225101857130066918e+00
5.227086565414150066e+00
5.228474938773588043e+00
5.213626490188732809e+00
5.214153152259346058e+00
5.215665899245105486e+00
5.217163737347547681e+00
5.218646844975507015e+00
5.220115394702745881e+00
5.221569553859754187e+00
5.223009485041989031e+00
5.224435346546925096e+00
5.226436436034540556e+00
5.227837955543892967e+00
5.229225822588834838e+00
5.214309977620470882e+00
5.214826560515497533e+00
5.216339601930549463e+00
5.217837568146729055e+00
5.219320643124876646e+00
5.220789004833878977e+00
5.222242825848844916e+00
5.223682273864964642e+00
5.225698490705468657e+00
5.227112980445512314e+00
5.212149664399315263e+00
5.212695703035037376e+00
5.214234867017711217e+00
5.215758549037238012e+00
5.217266943083139985e+00
5.218760236651430517e+00
5.220238611391939010e+00
5.221702243664553045e+00
5.223740663708401399e+00
5.225178624305930164e+00
5.226602309441725325e+00
5.228011878901408060e+00
5.229407488993781605e+00
5.230789292789623346e+00
5.232157440330955644e+00
5.233512078815270030e+00
5.234853352758383593e+00
5.236181404138926965e+00
5.237496372527190580e+00
5.238798395200417346e+00
5.240087607246487700e+00
5.241364141657565590e+00
5.242628129415039417e+00
5.243879699566892150e+00
5.245118979298506900e+00
5.246346093997694027e+00
5.247561167314666264e+00
5.248764321217561424e+00
5.250721949436620406e+00
5.251905496303960419e+00
5.253077445776432874e+00
5.254237913800229087e+00
5.255387014865901207e+00
5.256524862046283886e+00
5.257651567031693673e+00
5.258767240163343182e+00
5.259871990465001979e+00
5.260965925673125376e+00
5.262049152265519503e+00
5.263121775488695420e+00
5.264183899383985121e+00
5.265235626812495795e+00
5.266277059479031131e+00
5.267308297954986784e+00
5.268329441700311477e+00
5.269340589084614557e+00
5.270341837407425345e+00
5.271333282917684215e+00
5.272315020832503585e+00
5.273287145355231686e+00
5.274249749692865308e+00
5.275202926072833698e+00
5.276146765759206936e+00
5.277081359068336752e+00
5.278006795383960004e+00
5.278923163171825195e+00
5.279830549993806521e+00
5.280729042521580041e+00
5.281618726549863752e+00
5.282499687009244660e+00
5.283372007978604401e+00
5.284235772697170042e+00
5.285091063576226489e+00
5.285937962210443430e+00
5.286776549388925162e+00
5.287606905105917576e+00
5.288429108571209625e+00
5.289243238220300292e+00
5.290049371724223626e+00
5.290847585999173042e+00
5.291637957215840515e+00
5.292420560808542618e+00
5.293195471484099635e+00
5.279066866673690406e+00
5.279774896247572791e+00
5.281168780446245492e+00
5.282495961629580350e+00
5.283764918030927404e+00
5.284982896091404037e+00
5.286156060809103607e+00
5.287289663198759371e+00
5.288388180920778225e+00
5.289455436581365966e+00
5.290494697405913271e+00
5.291508759335809664e+00
5.292500018071121914e+00
5.293470529152021875e+00
5.278604913626518069e+00
5.278960013691010644e+00
5.263936639159028985e+00
5.264472149704084281e+00
5.265699934514396219e+00
5.266910701789367266e+00
5.251761115664362656e+00
5.252438065095863529e+00
5.253776198856398238e+00
5.255097834890391617e+00
5.239856926052357977e+00
5.239943802736700462e+00
5.241389108148180931e+00
5.242817597012566999e+00
5.244229669573445385e+00
5.245625694341494949e+00
5.247006012194100677e+00
5.248370939888242326e+00
5.250486163453310873e+00
5.251825698405922616e+00
5.253150629396638571e+00
5.254461203201674202e+00
5.255757653880314351e+00
5.257040204186736787e+00
5.258309066788538821e+00
5.259564445320256354e+00
5.260806535295648345e+00
5.262035524899023820e+00
5.263251595672896244e+00
5.264454923116713481e+00
5.249203096984419226e+00
5.249878042806084721e+00
5.251219506753502131e+00
5.252546745689486762e+00
5.253859926224639487e+00
5.255159244169370858e+00
5.239848302062145358e+00
5.239899255750266605e+00
5.241329387583796517e+00
5.242744253667526166e+00
5.226795967880889293e+00
5.210854129164619764e+00
5.194346176952582717e+00
5.196204591770863246e+00
5.198070426227727303e+00
5.199915903118304428e+00
5.201741358003738824e+00
5.203547116624294588e+00
5.205333490090604975e+00
5.207697082747372974e+00
5.209440762991578211e+00
5.211166003675822722e+00
5.212873068108868857e+00
5.214562210763046046e+00
5.216233678002530461e+00
5.217887708721050899e+00
5.219524534902103774e+00
5.221144382112564486e+00
5.222747469939215570e+00
5.224334012376118608e+00
5.225904218169572069e+00
5.227458291126486856e+00
5.228996430391138261e+00
5.230518830694368404e+00
5.214566780198055973e+00
5.216234868519979528e+00
5.217885631385415834e+00
5.219519303986480452e+00
5.221136113767679277e+00
5.222736281120644364e+00
5.224320019969498574e+00
5.225887538281482669e+00
5.227439038513846725e+00
5.228974718006245581e+00
5.230494769326480053e+00
5.231999380576256797e+00
5.233488735662577440e+00
5.234963014539563808e+00
5.236422393424801314e+00
5.237867044993624432e+00
5.239297138554371180e+00
5.240712840206980694e+00
5.242114312987239622e+00
5.243501716998360429e+00
5.244875209531556060e+00
5.247004939521300315e+00
5.248355235163363552e+00
5.232991672432460994e+00
5.233115462837463205e+00
5.217145574027217236e+00
5.218788497286459993e+00
5.220414294440465675e+00
5.222023209506472696e+00
5.223615476671713331e+00
5.225191321493546148e+00
5.226750961739880630e+00
5.228294608114904207e+00
5.229822464887337929e+00
5.231334730435815317e+00
5.232831597723587080e+00
5.216860471981713765e+00
5.218503927686913180e+00
5.202560402840440190e+00
5.203743569857506301e+00
5.205515405331764711e+00
5.207861778296265953e+00
5.209592265051425031e+00
5.211304863568317458e+00
5.212999817884555576e+00
5.214677363620934258e+00
5.216337728743305036e+00
5.217981134224697115e+00
5.219607794622201702e+00
5.221217918581124273e+00
5.222811709276868442e+00
5.224389364803513125e+00
5.225951078516673398e+00
5.227497039337039908e+00
5.229027432020160404e+00
5.230542437396992206e+00
5.232042232589361852e+00
5.233526991203539147e+00
5.217556762700467310e+00
5.201618334153046419e+00
5.202805432210616310e+00
5.204582379485182209e+00
5.206935105700130073e+00
5.208670903831502663e+00
5.210388893005527322e+00
5.212089311513675938e+00
5.213772389522135953e+00
5.215438349814335517e+00
5.217087408435550522e+00
5.218719775254000659e+00
5.202782403928876143e+00
5.186290196720112711e+00
5.188197606763253589e+00
5.190113669921687212e+00
5.192009928506235106e+00
5.193886662751315164e+00
5.195744147691741865e+00
5.197582647642330578e+00
5.181150971817317874e+00
5.183658444272754018e+00
5.185614020229072807e+00
5.187549461997038591e+00
5.189465091233407712e+00
5.173071318575965805e+00
5.174883660324642420e+00
5.176920947366133952e+00
5.179706347364684937e+00
5.181694013913491936e+00
5.183661478972465098e+00
5.185609024867269490e+00
5.187536922341394074e+00
5.189445431747218507e+00
5.191334804074967835e+00
5.193205281843629173e+00
5.195057099874091477e+00
5.196890485961596973e+00
5.198705661462120098e+00
5.182294472615906145e+00
5.165212436019285036e+00
5.166839310077056879e+00
5.168547543485412454e+00
5.170288758400972462e+00
5.172055124647628510e+00
5.173840074553467616e+00
5.176400568409073699e+00
5.178199771740093382e+00
5.180003743984909370e+00
5.181809201100327833e+00
5.183613388788676168e+00
5.185413999133885454e+00
5.187209100596501088e+00
5.188997079164807680e+00
5.190776588838067696e+00
5.192546509927487897e+00
5.194305913914647910e+00
5.196054033816591478e+00
5.197790239179781224e+00
5.199514014968434239e+00
5.201224943732017714e+00
5.202922690535710437e+00
5.204606990220494112e+00
5.206277636628510841e+00
5.207934473487339844e+00
5.209577386695118939e+00
5.211206297789219732e+00
5.212821158415277267e+00
5.214421945642005340e+00
5.216008657991446640e+00
5.217581312074554667e+00
5.219139939739113387e+00
5.220684585651471643e+00
5.222215305245590855e+00
5.223732162983392158e+00
5.225235230878746862e+00
5.226724587245032971e+00
5.228200315632201445e+00
5.229662503924539685e+00
5.231111243574752656e+00
5.232546628953710588e+00
5.233968756798335065e+00
5.235377725742800692e+00
5.236773635920473069e+00
5.238156588625901833e+00
5.221796357082859608e+00
5.223330272766238735e+00
5.224849739999327447e+00
5.226354867600670140e+00
5.227845766508077752e+00
5.229322550178751250e+00
5.230785334041408774e+00
5.232234235028078828e+00
5.233669371174515028e+00
5.235090861279598329e+00
5.236498824615409831e+00
5.237893380680882949e+00
5.239274648992830130e+00
5.222891922516129881e+00
5.224424403229263270e+00
5.225942127104261203e+00
5.209552791884835443e+00
5.193189356167262183e+00
5.195014584512382072e+00
5.196822078990289917e+00
5.198611976233043386e+00
5.200384420008657749e+00
5.202139559123637902e+00
5.203877546335997195e+00
5.205598537427552408e+00
5.207302690413264656e+00
5.208990164868651185e+00
5.210661121358775461e+00
5.212315720954729947e+00
5.213954124825323611e+00
5.215576493893509635e+00
5.217182988548390021e+00
5.218773768404973978e+00
5.220348992104910657e+00
5.221908817152352889e+00
5.223453399779897310e+00
5.224982894840223935e+00
5.226497455719731455e+00
5.227997234270886473e+00
5.229482380760495097e+00
5.230953043831520155e+00
5.232409370476339916e+00
5.233851506019688848e+00
5.235279594109732315e+00
5.236693776715944715e+00
5.238094194132705717e+00
5.239480984987576306e+00
5.241625461963449695e+00
5.242989501408227504e+00
5.244340286319705946e+00
5.245677948986948280e+00
5.247002620120317928e+00
5.248314428874651050e+00
5.249613502872773729e+00
5.250899968229691517e+00
5.252173949577200851e+00
5.253435570088713646e+00
5.254684951504155599e+00
5.255922214154823635e+00
5.257147476988026646e+00
5.241397323090173366e+00
5.242093126385432456e+00
5.243460333336471990e+00
5.244814133721732219e+00
5.228996370625378809e+00
5.229115635541596419e+00
5.230603000611840692e+00
5.232075578046639919e+00
5.233533504854904983e+00
5.234976920050180560e+00
5.236405964056424445e+00
5.237820778203716721e+00
5.221379468866748752e+00
5.222945339627242944e+00
5.224495544254785351e+00
5.226030230638358809e+00
5.227549548173851868e+00
5.229053647955907103e+00
5.230542682186379189e+00
5.232016803673033678e+00
5.233476165406000469e+00
5.234920920201107108e+00
5.236351220400635498e+00
5.237767217623490623e+00
5.239169062557666123e+00
5.240556904789046122e+00
5.242705411066737042e+00
5.244069804722495398e+00
5.245420600730297700e+00
5.246757943333663299e+00
5.248081975207158578e+00
5.249392837415333801e+00
5.250690669383078379e+00
5.251975608876078283e+00
5.253247791989879012e+00
5.254507353146043336e+00
5.255754425094365523e+00
5.256989138920020288e+00
5.258211624054847988e+00
5.259422008292030881e+00
5.243661411536699291e+00
5.244336527655359070e+00
5.245689276977504534e+00
5.247028528950741233e+00
5.248354377190874942e+00
5.249666954888119186e+00
5.250966395543676946e+00
5.252252832647531733e+00
5.253526399413050996e+00
5.254787228554138601e+00
5.238992948278970552e+00
5.238965022860497811e+00
5.240362502312335913e+00
5.242519503515215007e+00
5.226662934567270824e+00
5.226827580257414674e+00
5.228347468073952342e+00
5.229851923028094873e+00
5.231341097817794328e+00
5.232815146962817465e+00
5.234274226170651190e+00
5.235718491799898899e+00
5.237148100406661122e+00
5.238563208362366552e+00
5.239963971533042830e+00
5.242123505018601470e+00
5.226265211416595058e+00
5.226434125741457493e+00
5.209962224451806456e+00
5.211648914762240459e+00
5.213318461556970540e+00
5.214971029596225272e+00
5.216606786834693033e+00
5.218225903638650465e+00
5.219828552007546918e+00
5.221414904914106536e+00
5.222985135746583296e+00
5.224539417838809818e+00
5.226077924075745784e+00
5.209611601640760981e+00
5.211298088250705618e+00
5.212967487636359643e+00
5.214619972578710794e+00
5.216255717227617161e+00
5.217874896591511380e+00
5.219477685996534611e+00
5.221064260631254506e+00
5.222634795164947441e+00
5.224189463429050662e+00
5.225728438152803967e+00
5.227251890745362672e+00
5.228759991117745365e+00
5.230252907538760709e+00
5.231730806520063837e+00
5.233193852725983142e+00
5.234642208904478622e+00
5.236076035836003228e+00
5.237495492297593813e+00
5.238900735039765166e+00
5.241062970211753047e+00
5.242444376336554690e+00
5.243811991090257862e+00
5.227965985744138067e+00
5.228100822432158346e+00
5.229601503475519664e+00
5.231087127143671189e+00
5.232557845286598841e+00
5.234013810076554307e+00
5.235455173637368453e+00
5.236882087733439661e+00
5.238294703509041916e+00
5.239693171270809025e+00
5.241850918668918169e+00
5.243225652876273735e+00
5.244586647729720497e+00
5.245934048879644429e+00
5.247268000518984010e+00
5.248588645322045387e+00
5.249896124397473329e+00
5.251190577253627367e+00
5.252472141774622294e+00
5.253740954205213143e+00
5.254997149143311397e+00
5.256240859538769961e+00
5.257472216697473222e+00
5.258691350289858235e+00
5.259898388363004607e+00
5.261093457355753067e+00
5.262276682116207027e+00
5.263448185921170364e+00
5.247699103692336386e+00
5.248324583335425508e+00
5.249639729804133736e+00
5.250941728919705120e+00
5.252230668945932379e+00
5.253506679442585536e+00
5.254769890341022709e+00
5.256020431621755584e+00
5.257258433048824564e+00
5.258484023946351726e+00
5.259697333011493114e+00
5.260898488158523456e+00
5.262087616389807820e+00
5.263264843689745121e+00
5.264430294938454047e+00
5.265584093842334390e+00
5.266726362879062151e+00
5.267857223254901022e+00
5.252131570966936280e+00
5.252705706787732964e+00
5.253981279289417827e+00
5.255243994816055420e+00
5.239432591994696686e+00
5.239404063962108005e+00
5.241574426368981854e+00
5.242963784757892043e+00
5.244338959604625039e+00
5.245700094465694185e+00
5.247047334103491778e+00
5.248380823968593845e+00
5.249700709767355811e+00
5.251007137097197131e+00
5.252300251140115783e+00
5.253580196406351988e+00
5.254847116521045969e+00
5.256101154047859048e+00
5.257342450344284046e+00
5.258571145444103756e+00
5.259787377963038857e+00
5.260991285024260833e+00
5.262183002200787385e+00
5.263362663472268999e+00
5.264530401193993292e+00
5.265686346076233093e+00
5.266830627172305768e+00
5.267963371873984890e+00
5.269084705913057221e+00
5.270194753368004470e+00
5.271293636674910132e+00
5.272381476641866627e+00
5.273458392466229938e+00
5.274524501754149775e+00
5.275579920541926704e+00
5.276624763318782385e+00
5.277659143050709822e+00
5.278683171205108771e+00
5.279696957775970034e+00
5.280700611309384840e+00
5.281694238929227403e+00
5.282677946362859700e+00
5.283651837966725218e+00
5.284616016751755296e+00
5.285570584408488592e+00
5.286515641331843263e+00
5.287451286645500126e+00
5.288377618225837296e+00
5.289294732725394965e+00
5.273742847452867366e+00
5.274047638191274423e+00
5.275114727033993312e+00
5.259427331253460736e+00
5.259920607170109896e+00
5.261134178729083288e+00
5.262335281027753275e+00
5.263523991414439607e+00
5.264700434545177998e+00
5.265864736650949673e+00
5.267017024998899899e+00
5.268157427442680785e+00
5.252413497770098694e+00
5.252997883168871063e+00
5.254282546491977790e+00
5.255553887341331887e+00
5.256812003877668893e+00
5.258057037670347711e+00
5.259289130987318650e+00
5.260508426340617660e+00
5.244710542648854279e+00
5.245392991963799822e+00
5.246754235417451007e+00
5.248101310824774046e+00
5.249434331763926487e+00
5.250753451917558046e+00
5.252058825399762654e+00
5.253350606307105153e+00
5.254628948347821016e+00
5.255894004531851849e+00
5.257145926913029399e+00
5.258384866376125899e+00
5.259610972462258616e+00
5.260824393227209406e+00
5.262025275127880874e+00
5.263213762932738682e+00
5.264389999652744123e+00
5.265554126489675468e+00
5.266706282799230365e+00
5.267846606066613369e+00
5.268975231892691902e+00
5.270092293988977161e+00
5.271197924180040850e+00
5.272292252412102087e+00
5.273375406766693807e+00
5.274447513478569327e+00
5.275508696956952015e+00
5.276559079809574726e+00
5.277598782868875738e+00
5.261932405456305695e+00
5.262390830958362464e+00
5.263577509707829449e+00
5.264752026736261747e+00
5.265914462919822014e+00
5.267064945939211817e+00
5.268203603634209919e+00
5.269330563690306057e+00
5.270445953382873583e+00
5.271549899363118463e+00
5.272642527479951546e+00
5.273723962632675288e+00
5.258022740630361902e+00
5.242121423320043050e+00
5.244257767030119588e+00
5.246370346249570105e+00
5.248459624237181487e+00
5.250526047821239217e+00
5.252570045725584613e+00
5.254592030028668148e+00
5.256592397434123320e+00
5.258571530382210035e+00
5.241998124392094560e+00
5.225340661197382275e+00
5.208641264423003570e+00
5.210971152344833435e+00
5.213279131871507488e+00
5.215565455171280007e+00
5.217830378678572245e+00
5.220074157940385540e+00
5.222297047024365924e+00
5.224499298020789162e+00
5.226681160626191591e+00
5.228842881798370534e+00
5.211696832529312928e+00
5.213970681783517414e+00
5.216224120283666110e+00
5.218457365867188891e+00
5.201221358491752156e+00
5.203567169537939741e+00
5.205892436152992353e+00
5.208197359556971939e+00
5.210482146023839967e+00
5.212747001683946557e+00
5.195378380480690339e+00
5.197757521570225414e+00
5.200116297727498171e+00
5.202454897226082231e+00
5.204773513818850894e+00
5.207072341347856792e+00
5.189611105499596810e+00
5.191234322254410394e+00
5.194418708577678068e+00
5.196792275308596665e+00
5.199145929033208269e+00
5.201479854046195506e+00
5.203794234480475289e+00
5.206089253899718550e+00
5.188493252767230501e+00
5.190109347489037184e+00
5.192509858055787575e+00
5.195670537489712082e+00
5.198023589560614610e+00
5.179638731155531417e+00
5.182076520394544694e+00
5.184533883394832010e+00
5.186971122555062763e+00
5.189388403938187899e+00
5.191785901130685943e+00
5.194946880744046425e+00
5.197297532746167015e+00
5.199629064439329262e+00
5.201941643564280682e+00
5.204235436857856278e+00
5.206510609848066018e+00
5.208767326685730836e+00
5.211005750007807080e+00
5.213226040827994012e+00
5.215428358450999724e+00
5.217612860407029096e+00
5.199643711627319753e+00
5.201953404939072989e+00
5.204244527123983666e+00
5.206517222769799780e+00
5.208771641143219888e+00
5.211007931500305723e+00
5.213226242804821275e+00
5.215426723490728556e+00
5.217609521262525085e+00
5.219774782928615409e+00
5.221922654263408958e+00
5.224053279894321555e+00
5.226166803210435141e+00
5.228263366289860770e+00
5.230343109843208715e+00
5.232406173171004760e+00
5.214173099659104693e+00
5.216367867271007874e+00
5.218545043973143116e+00
5.220704761260220650e+00
5.222847154820039250e+00
5.224972360598469479e+00
5.227080514531090571e+00
5.229171752315068922e+00
5.231246209215638210e+00
5.233304019902947246e+00
5.235345318315337337e+00
5.237370237545721174e+00
5.239378909748011459e+00
5.241371466061034212e+00
5.222972543713936489e+00
5.225100652159677672e+00
5.206814971020983229e+00
5.209073747519202158e+00
5.211314359063498713e+00
5.213536933779340465e+00
5.195340993323655177e+00
5.196901460926350858e+00
5.200021171426978839e+00
5.202333048301954754e+00
5.204626320461446021e+00
5.206901130259304011e+00
5.209157621508931690e+00
5.211395938999118904e+00
5.213616228075157011e+00
5.215818634281180977e+00
5.218003303055968267e+00
5.220170379475415068e+00
5.222320008035683969e+00
5.224452332471751781e+00
5.226567495606707858e+00
5.228665639227767059e+00
5.230746903985365570e+00
5.232811429312281604e+00
5.234859353359951228e+00
5.236890812949640761e+00
5.238905943536315668e+00
5.240904879183388765e+00
5.242887752546772084e+00
5.244854694866754485e+00
5.246805835966561915e+00
5.248741304256460793e+00
5.250661226742558974e+00
5.252565729039442743e+00
5.254454935385967751e+00
5.256328968663633638e+00
5.258187950416981948e+00
