1.895720433834558924e-04
3.114658879948356768e-04
1.902658609384104155e-04
3.121205622431073097e-04
1.902671194170405596e-04
1.900346314896019602e-04
1.900341500861789216e-04
3.119019190575229644e-04
1.902666994164749833e-04
1.900346306226424612e-04
3.119023724882066437e-04
1.902667002877565458e-04
3.121213542619451936e-04
1.902671209377577327e-04
3.121217511917236272e-04
1.902671216998816307e-04
3.121217519108711877e-04
1.902671217012620911e-04
3.121217519121746156e-04
1.902671217012646390e-04
3.121217519121767298e-04
1.902671217012643951e-04
1.900346314943182125e-04
1.900341500861882729e-04
3.119019190575317464e-04
1.902666994164752272e-04
1.900346306226427051e-04
3.119023724882065895e-04
1.902667002877563831e-04
3.121213542619445430e-04
1.902671209377575971e-04
3.121217511917231935e-04
1.902671216998817391e-04
3.121217519108714588e-04
1.902671217012619556e-04
1.900346314943184565e-04
1.900341500861883813e-04
1.900341490902217258e-04
1.900341490881611996e-04
1.900341490881571338e-04
1.900341490881568627e-04
1.900341490881567001e-04
1.900341490881569441e-04
1.900341490881571609e-04
1.900341490881565917e-04
1.900341490881569441e-04
3.119019181157966667e-04
4.272518107696008358e-04
5.474471947056474977e-04
1.906643129803299423e-04
3.124965536406010811e-04
1.902678408682426700e-04
1.900346329787925669e-04
1.900341500892589232e-04
3.119019190604300357e-04
4.272518116656176036e-04
1.904757899686652792e-04
1.900350623369853652e-04
3.119027798507145732e-04
1.902667010705153591e-04
1.900346306260509489e-04
3.119023724914226042e-04
1.902667002877632678e-04
3.121213542619509940e-04
1.902671209377578140e-04
3.121217511917233020e-04
4.274603309645714534e-04
1.904761681641526305e-04
3.123190125075537790e-04
1.902675003214594600e-04
1.900346322758210860e-04
3.119023740481331481e-04
1.902667002907540666e-04
3.121213542647737686e-04
1.902671209377634789e-04
1.900346314927419723e-04
3.119023733092248104e-04
4.272522425353007434e-04
5.474476134720247583e-04
6.620687194881712213e-04
1.908457995067853812e-04
3.126678063596195723e-04
1.902681691454498455e-04
1.900346336564034207e-04
1.900341500906614471e-04
1.900341490902307789e-04
1.900341490881615790e-04
1.900341490881565917e-04
3.119019181157963415e-04
4.272518107696014322e-04
1.904757899670397891e-04
3.123186556282382372e-04
1.902674996368296711e-04
3.121221085361790314e-04
1.902671223859982131e-04
3.121217525582985577e-04
4.274603322608318615e-04
5.476494379606473362e-04
1.906646557896475775e-04
3.124968771326573028e-04
4.278161598919187950e-04
1.904768128729500192e-04
1.900350644483009906e-04
1.900341509819083216e-04
1.900341490920744647e-04
1.900341490881649943e-04
3.119019181158040935e-04
4.272518107696079374e-04
1.904757899670396265e-04
1.900350623369820313e-04
1.900341509775397729e-04
1.900341490920656555e-04
3.119019181194853394e-04
1.902666994146732019e-04
1.900346306226383141e-04
3.119023724882021985e-04
4.272522417565343691e-04
1.904757907489536023e-04
1.900350623385961915e-04
1.900341509775436218e-04
1.900341490920656826e-04
3.119019181194853936e-04
1.902666994146728224e-04
3.121213534380941693e-04
4.274599536767433039e-04
1.904761674801512181e-04
3.123190118621074090e-04
4.276474431360191650e-04
1.904765072812149155e-04
1.900350638175477556e-04
3.119027812477633910e-04
4.272526294782223494e-04
1.904757914523726961e-04
1.900350623400475858e-04
1.900341509775463323e-04
3.119019198986104722e-04
1.902666994180912576e-04
3.121213534413202128e-04
1.902671209361822243e-04
3.121217511902364813e-04
1.902671216998787847e-04
3.121217519108689651e-04
4.274603316467142180e-04
1.904761681653898136e-04
1.900350631175990303e-04
3.119027805872960505e-04
4.272526288517477827e-04
1.904757914512358560e-04
1.900350623400456614e-04
1.900341509775466846e-04
1.900341490920657097e-04
1.900341490881649943e-04
1.900341490881568627e-04
3.119019181157967210e-04
4.272518107696008901e-04
1.904757899670399247e-04
3.123186556282372072e-04
1.902674996368297524e-04
3.121221085361796277e-04
4.274606699224282988e-04
1.904761687786639748e-04
3.123190130874277642e-04
4.276474442983107822e-04
5.478309155875834158e-04
1.906649631971861567e-04
3.124971672178328557e-04
4.278164350584854106e-04
5.479948170977377766e-04
1.906652406817653891e-04
3.124974290662131280e-04
1.902678425467121265e-04
1.900346329822570808e-04
1.900341500892662415e-04
1.900341490902277431e-04
1.900341490881611182e-04
3.119019181158011120e-04
1.902666994146657209e-04
3.121213534380870135e-04
1.902671209361759088e-04
1.900346314927385571e-04
1.900341500861849932e-04
3.119019190575288733e-04
1.902666994164754440e-04
1.900346306226425696e-04
1.900341500843848652e-04
3.119019190558298201e-04
4.272518116612522804e-04
5.474471955704537712e-04
1.906643129817957294e-04
3.124965536419847941e-04
1.902678408682449468e-04
1.900346329787930277e-04
1.900341500892593297e-04
1.900341490902282310e-04
3.119019181177505617e-04
1.902666994146690548e-04
3.121213534380908624e-04
1.902671209361760172e-04
1.900346314927388552e-04
3.119023733092226420e-04
1.902667002893343310e-04
1.900346306244435107e-04
3.119023724899056970e-04
1.902667002877595002e-04
1.900346306244402581e-04
1.900341500843887412e-04
1.900341490902178227e-04
3.119019181177419423e-04
4.272518107714464190e-04
5.474471947074380576e-04
6.620683141349961503e-04
7.715512012700286243e-04
8.967263980916332592e-04
1.019075180576506584e-03
1.913289052691291580e-04
1.900368229952780548e-04
1.900341546200733133e-04
3.119019233356722510e-04
1.902666994246961902e-04
1.900346306226594019e-04
3.119023724882226899e-04
1.902667002877569253e-04
3.121213542619457899e-04
1.902671209377578953e-04
1.900346314927418910e-04
3.119023733092256777e-04
1.902667002893343039e-04
1.900346306244435107e-04
1.900341500843886328e-04
3.119019190558345906e-04
1.902666994164721914e-04
1.900346306226423257e-04
1.900341500843848923e-04
3.119019190558302537e-04
4.272518116612539609e-04
5.474471955704561564e-04
1.906643129817961631e-04
3.124965536419843063e-04
4.278158530378550436e-04
5.479942526064939890e-04
1.906652397264135704e-04
1.900354537974354124e-04
1.900341517874145367e-04
1.900341490937412629e-04
1.900341490881681656e-04
1.900341490881568627e-04
1.900341490881565917e-04
3.119019181157975341e-04
4.272518107696017032e-04
1.904757899670395452e-04
1.900350623369823023e-04
3.119027798507118627e-04
1.902667010705148170e-04
1.900346306260508405e-04
1.900341500843921293e-04
3.119019190558370300e-04
1.902666994164721101e-04
1.900346306226427865e-04
1.900341500843846755e-04
1.900341490902178769e-04
1.900341490881611996e-04
1.900341490881567814e-04
1.900341490881568899e-04
3.119019181157964499e-04
1.902666994146660461e-04
1.900346306226389918e-04
1.900341500843847297e-04
1.900341490902179853e-04
1.900341490881611996e-04
3.119019181158004072e-04
1.902666994146656938e-04
3.121213534380871219e-04
1.902671209361760985e-04
3.121217511902307350e-04
1.902671216998784594e-04
1.900346314943158002e-04
1.900341500861883000e-04
1.900341490902216987e-04
3.119019181177446528e-04
1.902666994146695156e-04
3.121213534380909709e-04
1.902671209361759901e-04
1.900346314927386113e-04
3.119023733092230214e-04
4.272522425352986834e-04
1.904757907503663991e-04
1.900350623385989562e-04
3.119027798522378231e-04
1.902667010705179340e-04
1.900346306260505965e-04
1.900341500843918583e-04
3.119019190558368132e-04
4.272518116612598156e-04
1.904757899686570664e-04
1.900350623369855549e-04
3.119027798507154406e-04
4.272526281530771150e-04
1.904757914499685591e-04
1.900350623400427340e-04
3.119027798536000689e-04
4.272526281558124486e-04
1.904757914499731941e-04
1.900350623400429509e-04
1.900341509775462781e-04
1.900341490920657639e-04
1.900341490881646148e-04
1.900341490881570525e-04
3.119019181157970462e-04
1.902666994146655854e-04
3.121213534380870135e-04
4.274599536767363108e-04
5.476490707760793206e-04
6.622637247633444578e-04
1.908461141657986362e-04
3.126681032929314952e-04
1.902681697143730906e-04
1.900346336575775845e-04
3.119023753519489816e-04
1.902667002932594139e-04
3.121213542671381967e-04
1.902671209377681139e-04
1.900346314927424060e-04
1.900341500861851287e-04
3.119019190575289817e-04
1.902666994164752814e-04
1.900346306226426238e-04
3.119023724882068064e-04
4.272522417565392480e-04
5.474476127167089180e-04
6.620687187570451241e-04
1.908457995056053085e-04
1.900358265891687948e-04
3.119035009935557622e-04
1.902667024562074843e-04
3.121213563081183203e-04
1.902671209416868813e-04
1.900346314927504291e-04
1.900341500861849118e-04
1.900341490902214547e-04
1.900341490881610098e-04
3.119019181158005157e-04
1.902666994146654498e-04
1.900346306226387478e-04
3.119023724882024695e-04
4.272522417565339896e-04
1.904757907489533042e-04
3.123186563660767384e-04
1.902674996382454494e-04
1.900346322744104848e-04
1.900341500878024060e-04
1.900341490902249784e-04
3.119019181177488812e-04
4.272518107714527616e-04
1.904757899670430688e-04
1.900350623369819771e-04
3.119027798507117543e-04
1.902667010705150609e-04
3.121213550005636698e-04
1.902671209391761402e-04
1.900346314927446286e-04
3.119023733092281714e-04
1.902667002893339786e-04
3.121213542634337489e-04
4.274599544596153892e-04
5.476490715353841575e-04
1.906646551687803419e-04
1.900354525905691269e-04
3.119031480911706590e-04
4.272529774410893113e-04
5.474483262517291582e-04
1.906643148988274212e-04
1.900354518880159854e-04
1.900341517834640834e-04
3.119019206590685749e-04
4.272518131819770699e-04
1.904757899714169030e-04
3.123186556323678548e-04
4.276471052304451465e-04
1.904765066691012029e-04
3.123193319320464404e-04
4.276477467418313681e-04
1.904765078311940316e-04
3.123193330286351890e-04
1.902675009363390807e-04
1.900346322770899820e-04
1.900341500878082335e-04
1.900341490902249242e-04
1.900341490881611453e-04
3.119019181158006241e-04
1.902666994146658835e-04
1.900346306226387749e-04
3.119023724882029574e-04
4.272522417565355617e-04
5.474476127167055570e-04
6.620687187570423052e-04
1.908457995056054169e-04
1.900358265891687948e-04
1.900341525586644355e-04
1.900341490953366393e-04
1.900341490881715808e-04
1.900341490881569712e-04
1.900341490881568356e-04
1.900341490881571880e-04
3.119019181157966667e-04
4.272518107696020827e-04
1.904757899670395723e-04
1.900350623369820042e-04
1.900341509775402065e-04
3.119019198986041296e-04
4.272518124606518352e-04
5.474471963457855014e-04
1.906643129831105143e-04
3.124965536432249588e-04
1.902678408682478199e-04
3.121224305257733070e-04
1.902671230042309188e-04
3.121217531416687154e-04
1.902671217036256248e-04
1.900346314943234438e-04
1.900341500861879747e-04
3.119019190575320717e-04
4.272518116628680127e-04
5.474471955720229370e-04
6.620683149718912652e-04
7.715512020789610809e-04
8.967263988915527432e-04
1.911730604291851958e-04
3.129766357707655894e-04
4.282712522870004606e-04
1.904776362817353478e-04
1.900350661478471747e-04
1.900341509854244976e-04
1.900341490920821083e-04
3.119019181195013314e-04
1.902666994146727682e-04
1.900346306226384225e-04
3.119023724882025238e-04
1.902667002877568439e-04
3.121213542619455188e-04
1.902671209377575971e-04
3.121217511917226514e-04
4.274603309645705861e-04
1.904761681641531726e-04
3.123190125075549174e-04
4.276474437482650961e-04
1.904765072823237019e-04
1.900350638175503034e-04
1.900341509806028337e-04
3.119019199014951547e-04
1.902666994180970039e-04
3.121213534413253086e-04
1.902671209361823598e-04
1.900346314927385571e-04
1.900341500861851287e-04
1.900341490902218613e-04
3.119019181177453033e-04
1.902666994146693530e-04
3.121213534380913503e-04
1.902671209361758817e-04
1.900346314927386926e-04
1.900341500861851016e-04
1.900341490902220782e-04
1.900341490881613893e-04
1.900341490881571609e-04
1.900341490881569441e-04
3.119019181157973173e-04
4.272518107696013779e-04
1.904757899670397891e-04
1.900350623369820855e-04
1.900341509775401252e-04
3.119019198986052680e-04
1.902666994180912034e-04
3.121213534413195081e-04
1.902671209361821159e-04
1.900346314927383944e-04
1.900341500861849389e-04
3.119019190575283854e-04
4.272518116628637301e-04
1.904757899686600480e-04
1.900350623369854465e-04
1.900341509775403692e-04
3.119019198986053764e-04
4.272518124606531362e-04
1.904757899701074036e-04
3.123186556311324607e-04
4.276471052292742624e-04
1.904765066690995224e-04
1.900350638162843077e-04
1.900341509806008822e-04
3.119019199014928779e-04
1.902666994180970039e-04
1.900346306226463101e-04
1.900341500843846755e-04
1.900341490902176871e-04
1.900341490881608472e-04
1.900341490881568899e-04
3.119019181157967752e-04
1.902666994146655040e-04
3.121213534380872304e-04
1.902671209361761798e-04
1.900346314927388010e-04
1.900341500861851016e-04
1.900341490902214005e-04
1.900341490881608472e-04
1.900341490881567814e-04
1.900341490881571338e-04
1.900341490881568627e-04
3.119019181157966125e-04
4.272518107696011611e-04
1.904757899670396536e-04
1.900350623369817873e-04
1.900341509775400710e-04
1.900341490920658182e-04
1.900341490881649130e-04
3.119019181158040935e-04
1.902666994146655040e-04
3.121213534380870677e-04
4.274599536767370697e-04
5.476490707760789953e-04
1.906646551674932041e-04
3.124968765455612301e-04
4.278161593350158554e-04
1.904768128719415757e-04
1.900350644482989035e-04
3.119027818429350894e-04
1.902667010743434059e-04
3.121213550041768820e-04
4.274599551622448586e-04
1.904761674828440239e-04
3.123190118646491042e-04
1.902675003202260174e-04
3.121221091810383601e-04
1.902671223872366701e-04
3.121217525594670024e-04
4.274603322619397535e-04
5.476494379617219974e-04
1.906646557896490683e-04
1.900354525918510605e-04
1.900341517849201670e-04
1.900341490937360316e-04
1.900341490881684095e-04
3.119019181158071835e-04
4.272518107696117321e-04
5.474471947056600745e-04
1.906643129803294544e-04
1.900354518840549341e-04
1.900341517834555724e-04
3.119019206590609855e-04
4.272518131819689926e-04
5.474471970453870110e-04
1.906643129842963333e-04
1.900354518840632011e-04
1.900341517834558977e-04
1.900341490937329145e-04
3.119019181210581915e-04
4.272518107745913100e-04
1.904757899670488964e-04
1.900350623369822752e-04
3.119027798507125675e-04
1.902667010705151151e-04
1.900346306260513826e-04
1.900341500843921564e-04
3.119019190558369758e-04
4.272518116612604661e-04
1.904757899686575272e-04
3.123186556297639265e-04
4.276471052279754424e-04
5.478305867287011242e-04
6.624394267972225818e-04
7.719099134104065408e-04
1.910140524945422530e-04
1.900361737362241457e-04
1.900341532768581962e-04
1.900341490968228094e-04
1.900341490881749689e-04
3.119019181158141766e-04
4.272518107696180205e-04
1.904757899670396265e-04
1.900350623369822210e-04
3.119027798507123506e-04
1.902667010705150067e-04
1.900346306260507049e-04
1.900341500843921293e-04
1.900341490902176871e-04
1.900341490881608472e-04
3.119019181158007325e-04
1.902666994146658564e-04
1.900346306226385852e-04
3.119023724882032285e-04
1.902667002877567084e-04
1.900346306244403395e-04
1.900341500843886599e-04
3.119019190558342653e-04
4.272518116612573761e-04
5.474471955704590838e-04
1.906643129817960276e-04
1.900354518840577530e-04
3.119031474245120904e-04
4.272529768087422177e-04
5.474483256384192996e-04
6.620694088466176326e-04
1.908458006193770081e-04
3.126678074095346643e-04
4.279783003433437023e-04
1.904771063755909659e-04
3.123198978350062954e-04
1.902675020198466320e-04
1.900346322793266911e-04
1.900341500878124890e-04
1.900341490902249242e-04
1.900341490881610640e-04
3.119019181158010578e-04
4.272518107696067990e-04
5.474471947056553040e-04
1.906643129803298339e-04
1.900354518840549612e-04
1.900341517834560061e-04
1.900341490937331856e-04
1.900341490881682740e-04
3.119019181158073461e-04
4.272518107696107021e-04
5.474471947056579061e-04
6.620683141332745457e-04
7.715512012683638319e-04
8.967263980899885245e-04
1.911730604280098393e-04
1.900365018480625718e-04
1.900341539556707796e-04
3.119019227087468731e-04
1.902666994234913976e-04
1.900346306226570166e-04
1.900341500843849194e-04
3.119019190558299827e-04
1.902666994164719475e-04
1.900346306226423257e-04
1.900341500843849194e-04
1.900341490902179040e-04
3.119019181177415086e-04
1.902666994146695427e-04
1.900346306226390731e-04
1.900341500843849194e-04
3.119019190558306874e-04
1.902666994164719475e-04
1.900346306226423257e-04
1.900341500843849194e-04
3.119019190558307416e-04
1.902666994164720288e-04
1.900346306226427323e-04
1.900341500843848110e-04
1.900341490902176600e-04
1.900341490881610098e-04
1.900341490881565917e-04
1.900341490881569441e-04
1.900341490881569712e-04
1.900341490881568356e-04
3.119019181157967210e-04
4.272518107696008901e-04
5.474471947056481482e-04
1.906643129803297526e-04
1.900354518840552593e-04
1.900341517834558977e-04
1.900341490937329145e-04
1.900341490881682740e-04
3.119019181158074546e-04
4.272518107696112984e-04
5.474471947056595324e-04
1.906643129803298068e-04
3.124965536406017316e-04
1.902678408682425344e-04
3.121224305257686992e-04
1.902671230042313796e-04
3.121217531416695286e-04
1.902671217036251911e-04
1.900346314943233625e-04
1.900341500861881373e-04
1.900341490902216987e-04
1.900341490881610640e-04
1.900341490881572151e-04
1.900341490881568356e-04
1.900341490881571609e-04
3.119019181157974799e-04
4.272518107696012153e-04
1.904757899670398162e-04
1.900350623369818416e-04
3.119027798507121880e-04
4.272526281530737539e-04
1.904757914499683423e-04
3.123186570275776489e-04
1.902674996395145894e-04
1.900346322744134121e-04
1.900341500878018639e-04
3.119019190590547794e-04
1.902666994164782901e-04
3.121213534397978846e-04
4.274599536783595783e-04
5.476490707776535821e-04
1.906646551674958062e-04
3.124968765455637780e-04
1.902678414873549889e-04
3.121224311099688679e-04
1.902671230053527699e-04
1.900346314970115605e-04
1.900341500861933957e-04
1.900341490902215903e-04
1.900341490881609556e-04
1.900341490881565375e-04
1.900341490881571338e-04
1.900341490881569170e-04
3.119019181157971004e-04
4.272518107696019200e-04
5.474471947056500998e-04
1.906643129803299152e-04
1.900354518840552864e-04
1.900341517834557080e-04
3.119019206590608771e-04
4.272518131819694805e-04
5.474471970453870110e-04
1.906643129842961436e-04
3.124965536443439097e-04
1.902678408682498528e-04
1.900346329787928109e-04
1.900341500892595466e-04
1.900341490902279057e-04
3.119019181177512122e-04
1.902666994146694072e-04
3.121213534380910251e-04
4.274599536767402681e-04
5.476490707760821395e-04
1.906646551674932041e-04
1.900354525905663622e-04
1.900341517849174022e-04
1.900341490937356521e-04
1.900341490881684637e-04
3.119019181158077798e-04
4.272518107696114068e-04
1.904757899670397620e-04
3.123186556282376951e-04
4.276471052265272193e-04
5.478305867272956729e-04
1.906649626403661587e-04
1.900354532253781183e-04
3.119031486901710005e-04
4.272529780092605266e-04
5.474483268027930186e-04
1.906643148997617325e-04
1.900354518880180183e-04
1.900341517834641376e-04
3.119019206590690086e-04
1.902666994195529790e-04
1.900346306226484785e-04
1.900341500843850549e-04
1.900341490902178227e-04
3.119019181177411833e-04
4.272518107714446301e-04
5.474471947074367566e-04
6.620683141349978850e-04
1.908457988525633163e-04
1.900358265878214839e-04
1.900341525586617250e-04
1.900341490953370730e-04
1.900341490881716621e-04
3.119019181158106530e-04
1.902666994146654498e-04
3.121213534380871762e-04
1.902671209361758546e-04
1.900346314927388281e-04
1.900341500861850474e-04
1.900341490902217258e-04
3.119019181177449780e-04
4.272518107714498884e-04
1.904757899670430417e-04
1.900350623369824650e-04
1.900341509775398271e-04
1.900341490920653574e-04
1.900341490881650214e-04
3.119019181158052319e-04
4.272518107696089132e-04
1.904757899670397078e-04
1.900350623369822481e-04
1.900341509775402607e-04
1.900341490920656284e-04
3.119019181194849057e-04
4.272518107730993394e-04
5.474471947090417010e-04
1.906643129803356344e-04
3.124965536406073153e-04
4.278158530365487968e-04
5.479942526052264482e-04
6.625978501320437669e-04
7.720630426843690846e-04
1.910142897008635700e-04
1.900361742254037790e-04
1.900341532778705429e-04
1.900341490968246796e-04
1.900341490881750773e-04
3.119019181158144477e-04
1.902666994146658293e-04
1.900346306226385852e-04
1.900341500843842689e-04
3.119019190558300369e-04
1.902666994164719746e-04
3.121213534397918130e-04
4.274599536783541031e-04
5.476490707776480527e-04
6.622637247648646176e-04
7.717400825680362101e-04
1.910137893062101224e-04
1.900361731934641356e-04
3.119038280468848967e-04
4.272536224011617479e-04
1.904757932537648750e-04
3.123186587297000329e-04
1.902674996427796371e-04
3.121221085417926508e-04
4.274606699277524904e-04
5.476497654600924339e-04
1.906646563445587022e-04
3.124968776562997387e-04
1.902678414894847956e-04
3.121224311119790871e-04
4.274609759006033332e-04
5.476500622198039649e-04
1.906646568473840768e-04
1.900354525940347792e-04
1.900341517849247477e-04
1.900341490937360316e-04
3.119019181210614441e-04
1.902666994146759395e-04
1.900346306226387478e-04
3.119023724882026864e-04
1.902667002877567626e-04
1.900346306244402852e-04
3.119023724899026070e-04
4.272522417581474993e-04
1.904757907489567465e-04
1.900350623385959475e-04
3.119027798522346789e-04
4.272526281545178028e-04
1.904757914499710528e-04
3.123186570275805762e-04
4.276471065538897556e-04
5.478305880146832956e-04
1.906649626425459471e-04
3.124971666944461831e-04
1.902678420436629996e-04
1.900346329812190656e-04
3.119023747137415043e-04
4.272522438675300464e-04
1.904757907527832755e-04
1.900350623386040791e-04
1.900341509775439741e-04
3.119019198986090627e-04
1.902666994180914203e-04
1.900346306226458493e-04
3.119023724882098421e-04
1.902667002877568439e-04
3.121213542619453562e-04
1.902671209377581934e-04
1.900346314927418639e-04
1.900341500861851558e-04
1.900341490902211837e-04
1.900341490881615248e-04
3.119019181158011120e-04
4.272518107696050642e-04
5.474471947056527019e-04
6.620683141332690163e-04
1.908457988525601179e-04
1.900358265878221615e-04
3.119035009922852398e-04
1.902667024562049636e-04
3.121213563081159351e-04
1.902671209416867187e-04
1.900346314927501851e-04
3.119023733092340261e-04
1.902667002893339786e-04
1.900346306244437818e-04
3.119023724899056970e-04
1.902667002877599881e-04
1.900346306244403666e-04
1.900341500843888225e-04
1.900341490902179853e-04
3.119019181177421049e-04
1.902666994146695156e-04
3.121213534380905372e-04
1.902671209361758546e-04
1.900346314927385842e-04
1.900341500861847763e-04
3.119019190575284396e-04
1.902666994164752543e-04
1.900346306226426238e-04
1.900341500843850549e-04
3.119019190558305248e-04
4.272518116612542319e-04
5.474471955704562649e-04
1.906643129817959192e-04
3.124965536419847941e-04
4.278158530378547725e-04
1.904768123173689932e-04
3.123196203518962383e-04
1.902675014875323135e-04
3.121221102825216852e-04
1.902671223893510270e-04
1.900346314957394932e-04
1.900341500861911460e-04
1.900341490902218884e-04
1.900341490881609285e-04
1.900341490881565375e-04
1.900341490881568085e-04
3.119019181157969378e-04
1.902666994146658022e-04
1.900346306226386936e-04
1.900341500843850278e-04
1.900341490902177142e-04
1.900341490881611453e-04
1.900341490881568356e-04
3.119019181157971004e-04
4.272518107696015948e-04
1.904757899670393554e-04
1.900350623369823566e-04
1.900341509775400981e-04
1.900341490920659537e-04
1.900341490881651298e-04
3.119019181158046898e-04
1.902666994146658022e-04
3.121213534380866883e-04
1.902671209361757733e-04
1.900346314927385842e-04
3.119023733092226962e-04
1.902667002893345207e-04
1.900346306244436734e-04
1.900341500843884973e-04
1.900341490902179311e-04
3.119019181177415086e-04
1.902666994146692445e-04
1.900346306226384768e-04
1.900341500843847568e-04
1.900341490902179853e-04
3.119019181177415086e-04
4.272518107714462564e-04
1.904757899670430959e-04
1.900350623369818687e-04
1.900341509775401523e-04
1.900341490920655742e-04
1.900341490881650214e-04
3.119019181158043646e-04
1.902666994146654498e-04
1.900346306226387478e-04
3.119023724882024695e-04
4.272522417565339896e-04
1.904757907489533042e-04
3.123186563660767384e-04
1.902674996382454494e-04
1.900346322744104848e-04
3.119023740468027778e-04
1.902667002907516272e-04
1.900346306244468176e-04
1.900341500843887141e-04
3.119019190558341569e-04
1.902666994164721914e-04
1.900346306226427051e-04
1.900341500843847026e-04
1.900341490902177142e-04
1.900341490881611725e-04
1.900341490881564020e-04
1.900341490881565917e-04
1.900341490881568356e-04
1.900341490881569712e-04
1.900341490881568356e-04
3.119019181157967210e-04
1.902666994146654227e-04
3.121213534380873388e-04
4.274599536767371782e-04
1.904761674801509742e-04
1.900350631161849325e-04
3.119027805859618855e-04
4.272526288504822477e-04
5.474479881562718201e-04
1.906643143255991346e-04
3.124965549100647819e-04
4.278158542407199455e-04
5.479942537731307631e-04
1.906652397283878754e-04
1.900354537974395595e-04
1.900341517874144554e-04
3.119019206627958994e-04
1.902666994195598366e-04
3.121213534427059858e-04
4.274599536811169755e-04
1.904761674801591599e-04
1.900350631161846072e-04
3.119027805859617229e-04
1.902667010719273427e-04
3.121213550018972385e-04
1.902671209391787151e-04
3.121217511930635385e-04
4.274603309658418131e-04
5.476494367046517032e-04
1.906646557875189905e-04
1.900354525918472386e-04
3.119031480923761834e-04
