1.426879599763971988e-02
1.427708195375109596e-02
1.427709779715250794e-02
1.427709782765148802e-02
1.427709782771012514e-02
1.427709782771023096e-02
1.655247596711829569e-02
1.428224184937943245e-02
1.427710776449211440e-02
1.427709784680367133e-02
1.427709782774696547e-02
1.427709782771030556e-02
1.427709782771023443e-02
1.427709782771023964e-02
1.427709782771023790e-02
1.427709782771023270e-02
1.427709782771023617e-02
1.427709782771022923e-02
1.427709782771022749e-02
1.427709782771023443e-02
1.427709782771023096e-02
1.427709782771023443e-02
1.427709782771023443e-02
1.427709782771023964e-02
1.427709782771023790e-02
1.427709782771023270e-02
1.427709782771023617e-02
1.427709782771022923e-02
1.427709782771022749e-02
1.427709782771023443e-02
1.427709782771023096e-02
1.427709782771023443e-02
1.427709782771023443e-02
1.427709782771023964e-02
1.427709782771023790e-02
1.427709782771023270e-02
1.427709782771023617e-02
1.427709782771022923e-02
1.427709782771022749e-02
1.427709782771023443e-02
1.427709782771023096e-02
1.427709782771023443e-02
1.427709782771023443e-02
1.427709782771023964e-02
1.427709782771023790e-02
1.427709782771023270e-02
1.655247596711828528e-02
1.428224184937943765e-02
1.427710776449211613e-02
1.427709784680366960e-02
1.655247598152153818e-02
1.428224184941172779e-02
1.427710776449218379e-02
1.427709784680367480e-02
1.427709782774695679e-02
1.427709782771030556e-02
1.427709782771022749e-02
1.427709782771023617e-02
1.427709782771023096e-02
1.427709782771023443e-02
1.427709782771023443e-02
1.655247596711827140e-02
1.428224184937943592e-02
1.427710776449211613e-02
1.427709784680366786e-02
1.427709782774695853e-02
1.427709782771030556e-02
1.427709782771023617e-02
1.427709782771023443e-02
1.427709782771023443e-02
1.427709782771023790e-02
1.427709782771023790e-02
1.427709782771023443e-02
1.427709782771023964e-02
1.427709782771023790e-02
1.427709782771023270e-02
1.427709782771023617e-02
1.427709782771022923e-02
1.427709782771022749e-02
1.427709782771023443e-02
1.427709782771023096e-02
1.427709782771023443e-02
1.427709782771023443e-02
1.655247596711827140e-02
1.428224184937943592e-02
1.427710776449211613e-02
1.427709784680366786e-02
1.427709782774695853e-02
1.427709782771030556e-02
1.427709782771023617e-02
1.427709782771023443e-02
1.427709782771023443e-02
1.427709782771023790e-02
1.427709782771023790e-02
1.427709782771023443e-02
1.427709782771023964e-02
1.427709782771023790e-02
1.427709782771023270e-02
1.655247596711828528e-02
1.428224184937943765e-02
1.427710776449211613e-02
1.427709784680366960e-02
1.427709782774694985e-02
1.427709782771030382e-02
1.427709782771023096e-02
1.427709782771023617e-02
1.427709782771022923e-02
1.427709782771022749e-02
1.427709782771023443e-02
1.427709782771023096e-02
1.427709782771023443e-02
1.427709782771023443e-02
1.427709782771023964e-02
1.427709782771023790e-02
1.427709782771023270e-02
1.427709782771023617e-02
1.427709782771022923e-02
1.427709782771022749e-02
1.427709782771023443e-02
1.427709782771023096e-02
1.427709782771023443e-02
1.427709782771023443e-02
1.655247596711827140e-02
1.826337231919534371e-02
1.428686375296493206e-02
1.427711669109588827e-02
1.655249019683601927e-02
1.428224188128184372e-02
1.427710776455350800e-02
1.427709784680379450e-02
1.427709782774696720e-02
1.427709782771030035e-02
1.427709782771023443e-02
1.427709782771023443e-02
1.427709782771023790e-02
1.427709782771023790e-02
1.427709782771023443e-02
1.427709782771023964e-02
1.427709782771023790e-02
1.655247596711824365e-02
1.428224184937943071e-02
1.655635645663872460e-02
1.428225054975438245e-02
1.427710778123459333e-02
1.427709784683586780e-02
1.427709782774702098e-02
1.427709782771030209e-02
1.427709782771023617e-02
1.427709782771022923e-02
1.427709782771022749e-02
1.427709782771023443e-02
1.427709782771023096e-02
1.427709782771023443e-02
1.655247596711828528e-02
1.428224184937943592e-02
1.427710776449212134e-02
1.427709784680367654e-02
1.427709782774695506e-02
1.427709782771029688e-02
1.427709782771023964e-02
1.427709782771023096e-02
1.427709782771023964e-02
1.427709782771023096e-02
1.427709782771024137e-02
1.427709782771022749e-02
1.427709782771023617e-02
1.655247596711828875e-02
1.826337231919541310e-02
1.428686375296493380e-02
1.427711669109589347e-02
1.427709786395710452e-02
1.427709782777995297e-02
1.427709782771036974e-02
1.427709782771023964e-02
1.427709782771022749e-02
1.427709782771023443e-02
1.427709782771023096e-02
1.427709782771023443e-02
1.427709782771023443e-02
1.427709782771023964e-02
1.427709782771023790e-02
1.427709782771023270e-02
1.427709782771023617e-02
1.427709782771022923e-02
1.427709782771022749e-02
1.427709782771023443e-02
1.427709782771023096e-02
1.655247596711829569e-02
1.428224184937943245e-02
1.655635645663869338e-02
1.428225054975438765e-02
1.655636301987784692e-02
1.826630586731663522e-02
1.428687143689446638e-02
1.427711670593724731e-02
1.655249020803169560e-02
1.428224188130694343e-02
1.427710776455355483e-02
1.427709784680379450e-02
1.427709782774696720e-02
1.427709782771030035e-02
1.655247596711832692e-02
1.826337231919538881e-02
1.428686375296493206e-02
1.427711669109589521e-02
1.427709786395710799e-02
1.427709782777994776e-02
1.427709782771036801e-02
1.427709782771023617e-02
1.427709782771022923e-02
1.427709782771022749e-02
1.427709782771023443e-02
1.427709782771023096e-02
1.427709782771023443e-02
1.427709782771023443e-02
1.427709782771023964e-02
1.427709782771023790e-02
1.427709782771023270e-02
1.427709782771023617e-02
1.427709782771022923e-02
1.427709782771022749e-02
1.427709782771023443e-02
1.655247596711828528e-02
1.428224184937943592e-02
1.427710776449212307e-02
1.427709784680367133e-02
1.427709782774695506e-02
1.427709782771029688e-02
1.427709782771024137e-02
1.655247596711831651e-02
1.428224184937943765e-02
1.427710776449211440e-02
1.427709784680367307e-02
1.427709782774696200e-02
1.427709782771029862e-02
1.427709782771023790e-02
1.427709782771023790e-02
1.427709782771023790e-02
1.427709782771023790e-02
1.427709782771023790e-02
1.427709782771023790e-02
1.427709782771023790e-02
1.427709782771023790e-02
1.427709782771023790e-02
1.427709782771023790e-02
1.427709782771023790e-02
1.427709782771023790e-02
1.427709782771023790e-02
1.427709782771023790e-02
1.427709782771023790e-02
1.427709782771023790e-02
1.427709782771023790e-02
1.655247596711827140e-02
1.428224184937943418e-02
1.427710776449212481e-02
1.427709784680367307e-02
1.427709782774695332e-02
1.427709782771029862e-02
1.427709782771023790e-02
1.427709782771023790e-02
1.427709782771023790e-02
1.427709782771023790e-02
1.427709782771023790e-02
1.427709782771023790e-02
1.427709782771023790e-02
1.655247596711827140e-02
1.826337231919535065e-02
1.428686375296493900e-02
1.427711669109589174e-02
1.427709786395710279e-02
1.427709782777995297e-02
1.427709782771037668e-02
1.427709782771023790e-02
1.427709782771023096e-02
1.427709782771023443e-02
1.427709782771023443e-02
1.427709782771023964e-02
1.427709782771023790e-02
1.427709782771023270e-02
1.655247596711828528e-02
1.428224184937943765e-02
1.427710776449211613e-02
1.427709784680366960e-02
1.427709782774694985e-02
1.427709782771030382e-02
1.427709782771023096e-02
1.427709782771023617e-02
1.655247596711826100e-02
1.428224184937943418e-02
1.427710776449211440e-02
1.427709784680368001e-02
1.427709782774695332e-02
1.427709782771030556e-02
1.427709782771024137e-02
1.427709782771023443e-02
1.427709782771023096e-02
1.427709782771023443e-02
1.427709782771023443e-02
1.427709782771023964e-02
1.655247596711826794e-02
1.428224184937943245e-02
1.427710776449211613e-02
1.427709784680366960e-02
1.427709782774694985e-02
1.427709782771030382e-02
1.427709782771023096e-02
1.427709782771023617e-02
1.427709782771022923e-02
1.655247596711826100e-02
1.428224184937943592e-02
1.655635645663870725e-02
1.428225054975437898e-02
1.427710778123459506e-02
1.427709784683586954e-02
1.427709782774702098e-02
1.427709782771030382e-02
1.427709782771023096e-02
1.427709782771023617e-02
1.427709782771022923e-02
1.427709782771022749e-02
1.655247596711826100e-02
1.428224184937943592e-02
1.427710776449211440e-02
1.427709784680367133e-02
1.427709782774696200e-02
1.427709782771030556e-02
1.655247596711834079e-02
1.428224184937943418e-02
1.655635645663870725e-02
1.428225054975438592e-02
1.427710778123459853e-02
1.427709784683586260e-02
1.427709782774702445e-02
1.427709782771029688e-02
1.427709782771023790e-02
1.427709782771022749e-02
1.655247596711825059e-02
1.428224184937943071e-02
1.427710776449212134e-02
1.427709784680367827e-02
1.427709782774696026e-02
1.427709782771030556e-02
1.427709782771024484e-02
1.427709782771023096e-02
1.655247596711829569e-02
1.428224184937943245e-02
1.655635645663869338e-02
1.428225054975438765e-02
1.427710778123458986e-02
1.655248347562365135e-02
1.428224186621317691e-02
1.427710776452451036e-02
1.427709784680372858e-02
1.427709782774695853e-02
1.427709782771030209e-02
1.427709782771022923e-02
1.655247596711827487e-02
1.428224184937943418e-02
1.427710776449211440e-02
1.427709784680367307e-02
1.427709782774696200e-02
1.427709782771029862e-02
1.427709782771023790e-02
1.427709782771023790e-02
1.427709782771023790e-02
1.427709782771023790e-02
1.427709782771023790e-02
1.427709782771023790e-02
1.427709782771023790e-02
1.427709782771023790e-02
1.427709782771023790e-02
1.427709782771023790e-02
1.655247596711827140e-02
1.428224184937943418e-02
1.655635645663871419e-02
1.428225054975437551e-02
1.427710778123460200e-02
1.427709784683586086e-02
1.427709782774702271e-02
1.427709782771030902e-02
1.427709782771022923e-02
1.427709782771023443e-02
1.427709782771023790e-02
1.427709782771023443e-02
1.655247596711827140e-02
1.428224184937943592e-02
1.427710776449211613e-02
1.427709784680366786e-02
1.427709782774695853e-02
1.427709782771030556e-02
1.427709782771023617e-02
1.655247596711826447e-02
1.428224184937944112e-02
1.427710776449211613e-02
1.427709784680367654e-02
1.655247598152156940e-02
1.428224184941172432e-02
1.427710776449217858e-02
1.427709784680367133e-02
1.655247598152156593e-02
1.428224184941172259e-02
1.427710776449217685e-02
1.427709784680367480e-02
1.427709782774696200e-02
1.427709782771030382e-02
1.427709782771023617e-02
1.427709782771023443e-02
1.427709782771023443e-02
1.655247596711830957e-02
1.428224184937942551e-02
1.427710776449212481e-02
1.427709784680366786e-02
1.427709782774695159e-02
1.427709782771030035e-02
1.427709782771023096e-02
1.427709782771023964e-02
1.655247596711828528e-02
1.428224184937942898e-02
1.655635645663869338e-02
1.428225054975438418e-02
1.427710778123459333e-02
1.427709784683587300e-02
1.427709782774701751e-02
1.427709782771029862e-02
1.427709782771023790e-02
1.427709782771022749e-02
1.427709782771023617e-02
1.427709782771023096e-02
1.427709782771023443e-02
1.427709782771023443e-02
1.427709782771023964e-02
1.427709782771023790e-02
1.427709782771023270e-02
1.427709782771023617e-02
1.427709782771022923e-02
1.427709782771022749e-02
1.427709782771023443e-02
1.427709782771023096e-02
1.427709782771023443e-02
1.427709782771023443e-02
1.427709782771023964e-02
1.427709782771023790e-02
1.427709782771023270e-02
1.427709782771023617e-02
1.427709782771022923e-02
1.427709782771022749e-02
1.427709782771023443e-02
1.427709782771023096e-02
1.427709782771023443e-02
1.427709782771023443e-02
1.427709782771023964e-02
1.427709782771023790e-02
1.427709782771023270e-02
1.427709782771023617e-02
1.427709782771022923e-02
1.427709782771022749e-02
1.427709782771023443e-02
1.655247596711828528e-02
1.428224184937943592e-02
1.427710776449212307e-02
1.427709784680367133e-02
1.427709782774695506e-02
1.427709782771029688e-02
1.427709782771024137e-02
1.427709782771024657e-02
1.427709782771023443e-02
1.427709782771023443e-02
1.427709782771023790e-02
1.427709782771023790e-02
1.427709782771023443e-02
1.427709782771023964e-02
1.427709782771023790e-02
1.655247596711824365e-02
1.428224184937943071e-02
1.427710776449211960e-02
1.427709784680366786e-02
1.427709782774695506e-02
1.655247596714595412e-02
1.428224184937949837e-02
1.427710776449211960e-02
1.427709784680367133e-02
1.655247598152157634e-02
1.428224184941172259e-02
1.427710776449217685e-02
1.427709784680367307e-02
1.427709782774695159e-02
1.427709782771030209e-02
1.427709782771023270e-02
1.427709782771023790e-02
1.427709782771023790e-02
1.427709782771023443e-02
1.427709782771023964e-02
1.427709782771023790e-02
1.427709782771023270e-02
1.427709782771023617e-02
1.427709782771022923e-02
1.427709782771022749e-02
1.427709782771023443e-02
1.427709782771023096e-02
1.427709782771023443e-02
1.655247596711828528e-02
1.428224184937943592e-02
1.427710776449212134e-02
1.427709784680367654e-02
1.655247598152156940e-02
1.826337233006543673e-02
1.980033399718448064e-02
2.099710344231469142e-02
1.434126392861438323e-02
1.433232153489813997e-02
1.433000177588635883e-02
1.432783898232928635e-02
1.432581556165321568e-02
1.432391982711711531e-02
1.432214549507960892e-02
1.432048036262168964e-02
1.431891813448680530e-02
1.431745082842295069e-02
1.431607267263676486e-02
1.431477893007005939e-02
1.666161232491612104e-02
1.431575233678843671e-02
1.431179324441848519e-02
1.431074855874432672e-02
1.430977101461205873e-02
1.664851123646689593e-02
1.843996383507971390e-02
1.431333291696004935e-02
1.430704587122338424e-02
1.430627461180507959e-02
1.430555405817201045e-02
1.430487003341589410e-02
1.430422906238242378e-02
1.430361740318822870e-02
1.430304558950073503e-02
1.663092634671471323e-02
1.430530192589025626e-02
1.430172578765438393e-02
1.430125556039345269e-02
1.430081199284119996e-02
1.430039155762026677e-02
1.429999827989813545e-02
1.662295394409824337e-02
1.839589696860823020e-02
1.430507998969623301e-02
1.429890853372143243e-02
1.662008575404250871e-02
1.839094751700095023e-02
1.430415237523148531e-02
1.429798844087031354e-02
1.661767860661302401e-02
1.430076885822888222e-02
1.429734277065160611e-02
1.429710871572982198e-02
1.429689276657987278e-02
1.661482590933782005e-02
1.838187452847146741e-02
1.973175709578159354e-02
2.076363033351375648e-02
1.430656278518828775e-02
1.429610382569741073e-02
1.429592880875326343e-02
1.429577521633135055e-02
1.429563018225359257e-02
1.429549497414101325e-02
1.429536175090332685e-02
1.429523944141088132e-02
1.661049690504998524e-02
1.429830679561706203e-02
1.429496436653662425e-02
1.429485781787428154e-02
1.429476393885182293e-02
1.429467096386625481e-02
1.429458379115576376e-02
1.429450298897413235e-02
1.429442421391151179e-02
1.429434920389807684e-02
1.429428338542827921e-02
1.429421326933534055e-02
1.429415400174199186e-02
1.660765124056692854e-02
1.429733468638487437e-02
1.429401822474233273e-02
1.429396514905850388e-02
1.429391338507960720e-02
1.429386795669777312e-02
1.429382448568729778e-02
1.429378056119401559e-02
1.429374118763845555e-02
1.660657485080269113e-02
1.429696408871116396e-02
1.429366346958947133e-02
1.660636117964031308e-02
1.836727181657956884e-02
1.429969116468993336e-02
1.429358071558829539e-02
1.429354493646711570e-02
1.429351929583408051e-02
1.429349168983798900e-02
1.429346687445531144e-02
1.660585666359011212e-02
1.429671851634042520e-02
1.429342602686823130e-02
1.429339843799717381e-02
1.660567803562211855e-02
1.429665605828491642e-02
1.429336546332581927e-02
1.429334294532132003e-02
1.429332537143099963e-02
1.660548727023261270e-02
1.429659016518478563e-02
1.429330360161521277e-02
1.429328462048738702e-02
1.429327025887194326e-02
1.429325816155528790e-02
1.429324464197670973e-02
1.429323345324988448e-02
1.429322243362279345e-02
1.429321156456309604e-02
1.429320374077037992e-02
1.429319537793970543e-02
1.429318194576058992e-02
1.429317618077259253e-02
1.429316911727698813e-02
1.429316095126220362e-02
1.429315407158350537e-02
1.429314872377543226e-02
1.660502024003037910e-02
1.836496004501093557e-02
1.429925819976391940e-02
1.429315079995579184e-02
1.429313937055974072e-02
1.429313024556540246e-02
1.660497520684805009e-02
1.429641278016951546e-02
1.429313012944928574e-02
1.429312080192690626e-02
1.429311696882434347e-02
1.429311240389065547e-02
1.429311082259944118e-02
1.429310427254593292e-02
1.429310255315636817e-02
1.429309716275885961e-02
1.429309190572528032e-02
1.429309000215803378e-02
1.429308495547051278e-02
1.429308196228755955e-02
1.660484821204873812e-02
1.429636975879461196e-02
1.429308855629013789e-02
1.429308146354268429e-02
1.429307863790214503e-02
1.429307605087560065e-02
1.429307316974186108e-02
1.429307081061243108e-02
1.429306854861765556e-02
1.429306638561178046e-02
1.429306432121996324e-02
1.429306235337468416e-02
1.429306003916972628e-02
1.429305825197806946e-02
1.429305699551885155e-02
1.429305537987398712e-02
1.660477829994467733e-02
1.429634569182962160e-02
1.429306560944938222e-02
1.429305913891715414e-02
1.429305738830257549e-02
1.660478433628274561e-02
1.429634845152711990e-02
1.429306770297134217e-02
1.429306114189029739e-02
1.429305929877862195e-02
1.429305754648787195e-02
1.429305632582154005e-02
1.429305474255950295e-02
1.429305323517507387e-02
1.429305180051595320e-02
1.429305043489928657e-02
1.429304913479834127e-02
1.429304789685396058e-02
1.429304671787884340e-02
1.429304559485703070e-02
1.429304452494052462e-02
1.660475050898021013e-02
1.429633455192223443e-02
1.429305637769892265e-02
1.429305077831802447e-02
1.429304945660280109e-02
1.429304820328755610e-02
1.429304700973590102e-02
1.429304587288195323e-02
1.429304478983579874e-02
1.660475117680828075e-02
1.836449705681650682e-02
1.970682312349110801e-02
1.430156517145217236e-02
1.429306539926432883e-02
1.429305343920502132e-02
1.429305198205768276e-02
1.429305060769937158e-02
1.429304929932054963e-02
1.429304805352298903e-02
1.429304686709709747e-02
1.429304573700489883e-02
1.429304466037692629e-02
1.429304363450690889e-02
1.429304311347316496e-02
1.660474616629896080e-02
1.429633279901089057e-02
1.429305481071255386e-02
1.429304928206868823e-02
1.429304803192161903e-02
1.429304684651656193e-02
1.429304571739972718e-02
1.429304464169758176e-02
1.429304361670669446e-02
1.429304309683552057e-02
1.429304218500035417e-02
1.429304131617862954e-02
1.429304048882707075e-02
1.429303970086725183e-02
1.429303895034284011e-02
1.429303823541201376e-02
1.429303755433953410e-02
1.429303690548928280e-02
1.429303640568513854e-02
1.429303583836466496e-02
1.429303529921958915e-02
1.429303478692055610e-02
1.429303430014423892e-02
1.429303383763439080e-02
1.429303339819799727e-02
1.429303298070185024e-02
1.429303258406909409e-02
1.429303180923378359e-02
1.429303196744481988e-02
1.429303208604382203e-02
1.429303177178740600e-02
1.429303147282036737e-02
1.429303118900749139e-02
1.429303091959448560e-02
1.429303066386348499e-02
1.429303042113191577e-02
1.429303019075071728e-02
1.429302997210272000e-02
1.429302976460099933e-02
1.429302956768738718e-02
1.660471113004798049e-02
1.836442788520887409e-02
1.429915471921571271e-02
1.429305078987949326e-02
1.429304241741816139e-02
1.429304152840447581e-02
1.660474215757478875e-02
1.429633224369309709e-02
1.429305346189722707e-02
1.429304799251783671e-02
1.429304680380612258e-02
1.429304567670653357e-02
1.429304460292589452e-02
1.429304357975962059e-02
1.429304306230255034e-02
1.429304215212381587e-02
1.429304128487343326e-02
1.429304045901408186e-02
1.429303967247204550e-02
1.429303892329531790e-02
1.429303820964619547e-02
1.429303752979324549e-02
1.429303688210384511e-02
1.429303638419287918e-02
1.429303581794313417e-02
1.429303527981471214e-02
1.660472636628683094e-02
1.429632604282141638e-02
1.429304807572630114e-02
1.429304283950749016e-02
1.429304236556589239e-02
1.429304148875976122e-02
1.429304065318015397e-02
1.660473995531793270e-02
1.836447754126721912e-02
1.429916505457630958e-02
1.429306036492906419e-02
1.429305113151969550e-02
1.429304978843968198e-02
1.660476388729566211e-02
1.429634016994514069e-02
1.429306038803872594e-02
1.429305502811645777e-02
1.660477737963129627e-02
1.429634534715060190e-02
1.660729652237652107e-02
1.429635744807711793e-02
1.429307212112627609e-02
1.429306580342066570e-02
1.429306376098851521e-02
1.429306137897135183e-02
1.429305953006909137e-02
1.660478991731553777e-02
1.429635083545091091e-02
1.429306953148169572e-02
1.429306332914647391e-02
1.429306096302508829e-02
1.429305913322504416e-02
1.429305738861861609e-02
1.660478433711813293e-02
1.429634845178473848e-02
1.429306770324728811e-02
1.429306114215363188e-02
1.660479412731956372e-02
1.429635010597925422e-02
1.429307090161586503e-02
1.429306464251455487e-02
1.429306265445626917e-02
1.429306032587038255e-02
1.429305852543642265e-02
1.429305680905491351e-02
1.429305562637278072e-02
1.429305407692643345e-02
1.660477492614588491e-02
1.836453781022969259e-02
1.970688244798021738e-02
2.073144232675144805e-02
1.430362721579693866e-02
1.429306907846890871e-02
1.429305442616064271e-02
1.660477579910195345e-02
1.429634483084378689e-02
1.429306433734812976e-02
1.429305834553524883e-02
1.429305663240391759e-02
1.429305545889919711e-02
1.429305391754769755e-02
1.429305244998678795e-02
1.660477072588080125e-02
1.429634311475370262e-02
1.429306266115159575e-02
1.429305674460746613e-02
1.429305556017437806e-02
1.429305401392128028e-02
1.429305254171065430e-02
1.429305114044895388e-02
1.429304980652631139e-02
1.429304853649511660e-02
1.429304732707799806e-02
1.429304617516970362e-02
1.660475467958624080e-02
1.429633796605958573e-02
1.429305777169557687e-02
1.429305210610998765e-02
1.429305072065203790e-02
1.429304940685370215e-02
1.429304815592124037e-02
1.429304696462360691e-02
1.660475668294774179e-02
1.429633660624457514e-02
1.429305843645012515e-02
1.429305274302054146e-02
1.660477147150591845e-02
1.429634198407101972e-02
1.429306290313907962e-02
1.429305697958830126e-02
1.429305578297800777e-02
1.429305422595482378e-02
1.429305274351202505e-02
1.429305133253601715e-02
1.429304998939514085e-02
1.429304871061830469e-02
1.660476113077701682e-02
1.429633982317757290e-02
1.429305992152444041e-02
1.429305415508645705e-02
1.660477511841738224e-02
1.429634458456937804e-02
1.429306411550376396e-02
1.429305813329320891e-02
1.429305687772217288e-02
1.429305526776676778e-02
1.429305373501090458e-02
1.429305227625423530e-02
1.429305088776509566e-02
1.429304956596217854e-02
1.429304830742911606e-02
1.429304710892055109e-02
1.429304596736300816e-02
1.429304487985238667e-02
1.429304384364899969e-02
1.429304285617102703e-02
1.429304238627381041e-02
1.429304150848348734e-02
1.429304067196317599e-02
1.429303987529178914e-02
1.429303911648685879e-02
1.429303839368141309e-02
1.429303770511687263e-02
1.429303704913541598e-02
1.429303642417273194e-02
1.429303596375624576e-02
1.429303541845574309e-02
1.660472671405448936e-02
1.429632776976357683e-02
1.429304819412368852e-02
1.429304295415897638e-02
1.429304247264526033e-02
1.429304159071414365e-02
1.429304075027122527e-02
1.429303994987347719e-02
1.660473819156465039e-02
1.429633196155316241e-02
1.429305212848864387e-02
1.429304671358607413e-02
1.429304558556140220e-02
1.429304451607694114e-02
1.429304349699701999e-02
1.429304298495262873e-02
1.429304207848340613e-02
1.429304121475210611e-02
1.429304039223468908e-02
1.429303960886794435e-02
1.429303886270970846e-02
1.429303815193132959e-02
1.429303747480989255e-02
1.660473203164508638e-02
1.429632765343767133e-02
1.429305003760850817e-02
1.429304472041652806e-02
1.429304368649687157e-02
1.429304316206276258e-02
1.429304224709831116e-02
1.429304137530813985e-02
1.429304054513770052e-02
1.429303975449972529e-02
1.429303900142955309e-02
1.429303828407767381e-02
1.429303760070167045e-02
1.429303694965878418e-02
1.660473073504166799e-02
1.836446182059843849e-02
1.429916290725691437e-02
1.429305739537200214e-02
1.429304828773073424e-02
1.429304708052368811e-02
1.660475697745906337e-02
1.429633638449310205e-02
1.429305853403622234e-02
1.429305283660056367e-02
1.429305141600016073e-02
1.429305006884589758e-02
1.429304878626800127e-02
1.429304756494774974e-02
1.429304640174540626e-02
1.429304529369194304e-02
1.429304423798487614e-02
1.429304323198224251e-02
1.660474725892924566e-02
1.429633515465241270e-02
1.429305529861425034e-02
1.429304974188710768e-02
1.429304846977085160e-02
1.429304726352537136e-02
1.429304611463312093e-02
1.429304502016095699e-02
1.660475175800457670e-02
1.429633519647832522e-02
1.429305679484298673e-02
1.429305117622806966e-02
1.429304983543234348e-02
1.429304856401236550e-02
1.429304735328432510e-02
1.429304620013216107e-02
1.429304510161691875e-02
1.429304405496521942e-02
1.429304305756302906e-02
1.660474682177302125e-02
1.429633499888852133e-02
1.429305515150512337e-02
1.429304960235931732e-02
1.429304833691134521e-02
1.429304713699251599e-02
1.429304599410344614e-02
1.429304490532903697e-02
1.429304386792569492e-02
1.429304287930793435e-02
1.660474637532756773e-02
1.429633556615786741e-02
1.429305500057327476e-02
1.429304945984018367e-02
1.429304820120104111e-02
1.429304700774201506e-02
1.429304587098260623e-02
1.429304478802618551e-02
1.429304375614701486e-02
1.429304322717733430e-02
1.429304230908833538e-02
1.429304143433426759e-02
1.429304060134938686e-02
1.429303980803753142e-02
1.429303905242578637e-02
