1.267077151958171007e-02
1.475906174304386469e-02
1.639514842634048203e-02
1.787159139718683815e-02
1.379002846068235616e-02
1.563750455373100548e-02
1.378445875950938711e-02
1.563313457332128620e-02
1.708189790854138662e-02
1.378819233289026343e-02
1.563606394101270738e-02
1.378445542887589761e-02
1.563313196007843839e-02
1.378444865518501511e-02
1.563312664538389976e-02
1.378444864291259939e-02
1.563312663575483832e-02
1.708189167748387638e-02
1.843011148466170562e-02
1.952285102797316971e-02
2.040984513634693659e-02
2.111874059597019376e-02
2.168712988331584351e-02
2.214452128495674951e-02
2.251154435977795187e-02
2.280488652071024566e-02
2.303808618880838835e-02
2.322215356548880394e-02
2.336605788500521405e-02
1.381761492803893279e-02
1.565914650972815431e-02
1.378450900101409887e-02
1.378027730702115379e-02
1.562985370123499626e-02
1.378444109017847204e-02
1.563312070981611596e-02
1.708188702557093819e-02
1.843010769852165831e-02
1.952284794169066931e-02
2.040984261793083940e-02
2.111873854668866110e-02
1.380063255715316059e-02
1.564582398047474274e-02
1.709185857713810264e-02
1.378821858304536685e-02
1.563608453656837455e-02
1.708421362182059242e-02
1.843200129470428522e-02
1.952439151490380914e-02
2.041110217989401329e-02
1.379779660285610290e-02
1.564359904102192306e-02
1.378447286821727659e-02
1.563314564313042498e-02
1.708190659843495177e-02
1.378819235573745805e-02
1.563606395893833712e-02
1.378445542891734016e-02
1.378027719623645987e-02
1.378026853809058254e-02
1.562984682087127306e-02
1.707931694352659777e-02
1.842801594435389961e-02
1.952114284626627408e-02
2.040845125631586890e-02
2.111760636681143249e-02
2.168620822729642669e-02
2.214377365113643845e-02
1.380603057844587665e-02
1.378032202075970755e-02
1.562988878495669837e-02
1.378444117110270636e-02
1.563312077330994768e-02
1.378444862935314548e-02
1.563312662511600476e-02
1.378444864286580002e-02
1.563312663571811770e-02
1.708189167745507303e-02
1.843011148463824522e-02
1.952285102795399060e-02
1.379480202420687272e-02
1.564124961061724717e-02
1.708826802513302087e-02
1.378820910641396363e-02
1.563607710131808062e-02
1.708420778530602216e-02
1.843199654440146398e-02
1.952438764266593504e-02
2.041109902012959443e-02
2.111976090223039934e-02
2.168795895950761249e-02
2.214519275290027789e-02
1.380603890507027184e-02
1.565006529142019820e-02
1.709518829387452268e-02
1.844093363206802255e-02
1.379159426672761819e-02
1.378029199159583329e-02
1.562986522318801988e-02
1.707933138996668709e-02
1.378818558996962318e-02
1.563605865059751812e-02
1.378445541664450810e-02
1.378027719621107566e-02
1.562985361429013176e-02
1.707932227659027594e-02
1.842802028484727753e-02
1.952114638441589806e-02
2.040845414344980013e-02
2.111760871613607704e-02
2.168621013632573286e-02
1.380339878670822432e-02
1.378031653217010391e-02
1.562988447844766357e-02
1.707934650599192070e-02
1.378818562966408444e-02
1.563605868174127583e-02
1.708419332632377802e-02
1.843198477632630727e-02
1.952437804984900535e-02
2.041109119234576011e-02
2.111975453265462627e-02
2.168795378377826738e-02
1.380340752451441125e-02
1.564800103209372170e-02
1.378448307771023770e-02
1.378027725341201236e-02
1.562985365917169550e-02
1.707932231182375180e-02
1.842802031352319680e-02
1.952114640779106791e-02
2.040845416252398334e-02
2.111760873165711636e-02
2.168621014893797397e-02
2.214377520995279569e-02
2.251094063867255246e-02
2.280439959891056648e-02
1.381093338998891883e-02
1.378033224639935335e-02
1.378026865198322091e-02
1.562984691023481046e-02
1.378444107451447936e-02
1.563312069752603728e-02
1.708188701592310357e-02
1.843010769066941168e-02
1.952284793528984153e-02
2.040984261270776742e-02
1.379779187397156895e-02
1.564359533098709856e-02
1.709010927128407423e-02
1.843679976092308520e-02
1.952830303310509885e-02
2.041429400708783676e-02
2.112236069772993260e-02
2.169007135464923533e-02
2.214690628228275712e-02
2.251347419553805657e-02
2.280644289618688481e-02
1.381095024656442058e-02
1.378033228159628552e-02
1.562989683591075804e-02
1.707935620701319865e-02
1.842804790026502867e-02
1.952116889510200140e-02
2.040847251219493966e-02
2.111762366318879758e-02
2.168622228209682312e-02
2.214378505224830901e-02
2.251094860308664944e-02
2.280440602255488086e-02
2.303770035009685899e-02
2.322184550874885692e-02
2.336581377436253507e-02
1.381761137983542748e-02
1.378034620745888575e-02
1.562990776255094444e-02
1.707936478478931305e-02
1.378818567766445201e-02
1.563605871940185535e-02
1.708419335588658161e-02
1.843198480038730006e-02
1.379156799422784005e-02
1.563871244711891734e-02
1.708627646817646034e-02
1.843368023633029304e-02
1.952576011664537356e-02
2.041221896678506453e-02
2.112067221807979733e-02
2.168869946700684170e-02
2.214579344330162847e-02
1.380604244091935585e-02
1.565006806532733344e-02
1.378448787725631945e-02
1.563315741934551140e-02
1.708191584286177997e-02
1.843013115259400231e-02
1.952286706034289318e-02
2.040985821881079534e-02
2.111875124141131266e-02
2.168713853357802021e-02
2.214452830186002322e-02
2.251155003775788185e-02
2.280489110011781062e-02
2.303808986597549041e-02
2.322215650127822800e-02
2.336606021129004201e-02
2.347712886521024361e-02
2.356134155463134039e-02
2.362359184516095445e-02
2.366788347214429655e-02
2.369750223394696473e-02
2.371513776335403695e-02
2.372299689665424011e-02
2.372288852890480290e-02
2.371630359264710608e-02
2.370446012886074511e-02
2.368836242095336692e-02
1.383782060188212815e-02
1.567499586414178650e-02
1.711475285746929045e-02
1.845685793989607776e-02
1.954465408819464414e-02
1.379487907624333404e-02
1.378029881280767865e-02
1.562987057531275981e-02
1.707933559156467329e-02
1.842803112168744928e-02
1.952115521805751833e-02
2.040846135171127743e-02
2.111761458165741651e-02
2.168621490256855341e-02
1.380339881056010659e-02
1.564799419578934495e-02
1.709356272883890901e-02
1.843961056148954447e-02
1.953059430388783685e-02
2.041616370895537810e-02
2.112388208138217191e-02
2.169130755623238996e-02
2.214790888393769822e-02
2.251428543132562646e-02
1.380855929507178274e-02
1.565204255104088102e-02
1.378449246566967878e-02
1.563316101945201250e-02
1.708191866897498454e-02
1.843013345273610687e-02
1.379156257718122322e-02
1.563870819702767659e-02
1.708627313201884629e-02
1.843367752103874935e-02
1.379157295253381245e-02
1.563871633729242011e-02
1.708627952181231840e-02
1.843368272167801580e-02
1.952576214259859472e-02
2.041222061997586060e-02
2.112067356329981604e-02
1.380064090535420250e-02
1.564583052996375637e-02
1.709186371787944220e-02
1.378821859662668174e-02
1.563608454722410432e-02
1.708421363018513064e-02
1.843200130151214158e-02
1.952439152045333179e-02
2.041110218442240137e-02
1.379779660287311707e-02
1.564359904103524573e-02
1.709011218337784868e-02
1.843680213109284705e-02
1.952830496518275991e-02
2.041429558368124120e-02
1.379780861936849568e-02
1.378030489940573582e-02
1.562987535103750256e-02
1.707933934066906134e-02
1.378818561084801074e-02
1.563605866697845639e-02
1.708419331473524233e-02
1.843198476689441798e-02
1.952437804216055131e-02
2.041109118607186204e-02
2.111975452754950161e-02
2.168795377963000925e-02
1.380340752449359283e-02
1.378031655153597913e-02
1.562988449364269630e-02
1.378444116120427707e-02
1.378027716673155961e-02
1.562985359115963077e-02
1.707932225843202326e-02
1.842802027006848475e-02
1.952114637236898598e-02
2.040845413361950383e-02
2.111760870813688198e-02
2.168621012982569971e-02
1.380339878667569478e-02
1.378031653217033116e-02
1.562988447844786827e-02
1.707934650599207682e-02
1.378818562966409485e-02
1.563605868174130706e-02
1.378445541671651300e-02
1.563313195053808377e-02
1.708189584963425850e-02
1.843011488032840831e-02
1.952285379596023149e-02
1.379480203334250595e-02
1.564124961778470477e-02
1.378446742624889199e-02
1.378027722104708565e-02
1.378026853814191301e-02
1.562984682091154987e-02
1.707931694355826341e-02
1.842801594437967413e-02
1.952114284628733015e-02
1.379479639099680417e-02
1.564124519102907951e-02
1.708826455602957539e-02
1.843529834060745817e-02
1.952707913093970973e-02
1.379481600241566630e-02
1.564126057735190645e-02
1.708827663334059471e-02
1.843530817035518229e-02
1.952708714377319674e-02
2.041330183058763167e-02
2.112155335556414187e-02
1.380064470837178044e-02
1.564583351357914237e-02
1.709186605974054307e-02
1.843822962390263831e-02
1.952946860798093071e-02
2.041524512806310379e-02
2.112313462961644406e-02
2.169070021542547286e-02
2.214741638927376216e-02
1.380605201776387639e-02
1.565007557845228200e-02
1.378448789471039063e-02
1.563315743304014016e-02
1.708191585361213544e-02
1.843013116134361445e-02
1.379156257048031256e-02
1.563870819177030219e-02
1.708627312789204322e-02
1.843367751767992571e-02
1.952575790051335955e-02
2.041221715840699225e-02
2.112067074658199872e-02
2.168869827131869946e-02
2.214579247338217122e-02
1.380604243520514203e-02
1.378032204545907337e-02
1.562988880433657801e-02
1.707934990195944872e-02
1.842804276868445501e-02
1.379155646790630046e-02
1.563870340382960550e-02
1.708626936954297723e-02
1.843367445876778823e-02
1.952575540701404974e-02
1.379481162087896166e-02
1.564125713977642176e-02
1.708827393505693223e-02
1.843530597421665779e-02
1.952708535356528774e-02
2.041330036976389192e-02
2.112155216688053200e-02
2.168941448100022984e-02
1.380341486495767836e-02
1.564800679084548882e-02
1.709357261452500859e-02
1.843961860757541843e-02
1.953060086280795568e-02
2.041616906111308818e-02
1.379781568768161104e-02
1.564361401397342671e-02
1.709012393594574672e-02
1.843681169657523239e-02
1.379158214683130247e-02
1.563872355092748440e-02
1.708628518423653542e-02
1.378820387961592064e-02
1.563607300043528409e-02
1.708420456619928057e-02
1.843199392439060641e-02
1.379156802094764003e-02
1.563871246808262380e-02
1.708627648463215826e-02
1.843368024972352401e-02
1.952576012756293555e-02
2.041221897569380286e-02
2.112067222532899163e-02
1.380064089957331111e-02
1.564583052542841204e-02
1.709186371431962656e-02
1.843822771494303334e-02
1.379158630687269196e-02
1.378029197507454895e-02
1.562986521022493441e-02
1.707933137979026489e-02
1.842802769379295325e-02
1.952115242381206872e-02
2.040845907160379266e-02
2.111761272628365216e-02
2.168621339491708447e-02
2.214377784305841812e-02
2.251094276938957195e-02
2.280440131742627469e-02
2.303769657183379199e-02
2.322184249209139836e-02
2.336581138383375666e-02
1.381761134511629192e-02
1.565914369909552836e-02
1.710231332757731690e-02
1.844673286318049971e-02
1.953640022717508667e-02
2.042090143188812768e-02
2.112773713628784619e-02
2.169443990809579587e-02
2.215044951293545714e-02
2.251634023271200172e-02
2.280875400587445076e-02
2.304118874731943614e-02
2.322462999028555158e-02
2.336801954951096827e-02
2.347866537406697110e-02
2.356253027336127973e-02
2.362449448623299766e-02
2.366855336446462010e-02
2.369797817679163837e-02
2.371545426677629936e-02
2.372318240796535832e-02
2.372296784458052463e-02
1.383283410499063643e-02
1.567108462666349372e-02
1.711168383230570605e-02
1.378827187711039078e-02
1.563612635182106206e-02
1.708424644687503782e-02
1.378819851090149796e-02
1.563606878820643711e-02
1.708420125968792419e-02
1.843199123324167771e-02
1.379156801306654669e-02
1.378029193710812901e-02
1.562986518043534001e-02
1.707933135640439526e-02
1.842802767475962625e-02
1.952115240829704543e-02
2.040845905894355522e-02
2.111761271598179557e-02
2.168621338654599939e-02
2.214377783626785001e-02
2.251094276389465146e-02
2.280440131299437193e-02
2.303769656827488882e-02
2.322184248924991437e-02
2.336581138158206825e-02
2.347693363788285609e-02
1.381969087396443113e-02
1.566077498078482719e-02
1.710359353171023861e-02
1.844777486240289921e-02
1.953724964635073641e-02
2.042159457416330148e-02
2.112830113563218121e-02
1.380067402956723817e-02
1.378031086223106480e-02
1.562988002964631543e-02
1.707934301353384449e-02
1.842803716230705796e-02
1.952116014206381825e-02
2.040846536970585684e-02
2.111761785118817375e-02
2.168621755934461992e-02
2.214378122119991035e-02
2.251094550299151051e-02
2.280440352219443786e-02
1.381093342222986832e-02
1.565390503877758105e-02
1.709820193582985495e-02
1.844338649288274068e-02
1.953367233845154649e-02
2.041867542780431699e-02
2.112592585916151997e-02
2.169296820217019375e-02
2.214925583878198101e-02
2.251537446661566397e-02
1.380856622281759899e-02
1.565204798449247592e-02
1.378449247839019440e-02
1.378027727285385112e-02
1.562985367442631945e-02
1.707932232379917592e-02
1.842802032326973025e-02
1.952114641573591755e-02
2.040845416900696416e-02
2.111760873693245208e-02
2.168621015322456588e-02
2.214377521343004196e-02
2.251094064148643353e-02
2.280439960118011214e-02
2.303769519367126345e-02
1.381323884092109516e-02
1.565571360406915746e-02
1.709962135509618397e-02
1.844454179178022651e-02
1.379160606741974653e-02
1.378029201814553323e-02
1.562986524401965144e-02
1.707933140632021327e-02
1.842802771538528533e-02
1.952115244141300332e-02
2.040845908596618241e-02
2.111761273797064728e-02
2.168621340441383508e-02
2.214377785076208915e-02
2.251094277562341178e-02
2.280440132245412435e-02
2.303769657587117700e-02
2.322184249531496214e-02
2.336581138638823760e-02
2.347693364165387431e-02
1.381969087403211310e-02
1.566077498083792360e-02
1.378451279795727021e-02
1.378027731487294766e-02
1.562985370739576607e-02
1.707932234968128141e-02
1.842802034433479313e-02
1.379155640241356943e-02
1.563870335244549326e-02
1.378446153241786633e-02
1.563313674896831679e-02
1.708189961644275209e-02
1.843011794609188125e-02
1.952285629502581443e-02
2.040984943427834666e-02
2.111874409327598595e-02
2.168713272515325474e-02
2.214452359019313671e-02
2.251154622514316139e-02
2.280488802516586824e-02
2.303808739685451676e-02
2.322215452997306029e-02
2.336605864925139775e-02
1.381761493916056939e-02
1.565914651845255398e-02
1.378450900103443677e-02
1.563317399323278789e-02
1.708192885349852849e-02
1.843014174180697407e-02
1.952287569216952165e-02
2.040986526240840329e-02
1.379779195895437793e-02
1.564359539766017534e-02
1.709010932361718083e-02
1.378821396388526209e-02
1.563608091243138404e-02
1.378445546811388374e-02
1.563313199086490204e-02
1.708189588129113354e-02
1.843011490609359343e-02
1.952285381696285127e-02
2.040984741217123297e-02
2.111874244785030830e-02
2.168713138811493787e-02
2.214452250561692315e-02
2.251154534751921565e-02
2.280488731734405319e-02
2.303808682848857911e-02
2.322215407619905234e-02
2.336605828968610701e-02
2.347712735763895706e-02
2.356134038760104507e-02
2.362359095823505020e-02
2.366788281552247714e-02
2.369750176677780373e-02
2.371513745191226180e-02
2.372299671315309874e-02
2.372288845045741543e-02
2.371630360031963883e-02
1.383451378545043527e-02
1.567240211923407942e-02
1.378453997568624377e-02
1.563319829619033360e-02
1.708194793151322430e-02
1.378819246441075931e-02
1.563606404420212620e-02
1.378445542911446893e-02
1.378027719623687274e-02
1.562985361431036210e-02
1.378444108997797790e-02
1.563312070965880776e-02
1.708188702544747445e-02
1.843010769842118313e-02
1.952284794160873832e-02
2.040984261786395193e-02
2.111873854663423589e-02
1.380063255715291773e-02
1.564582398047450681e-02
1.709185857713787712e-02
1.843822353374393111e-02
1.952946364348663588e-02
2.041524107698201168e-02
2.112313133323779485e-02
2.169069753695243921e-02
2.214741421661481358e-02
2.251388440769519841e-02
2.280677369866795923e-02
2.303960142425432595e-02
2.322336316660386299e-02
2.336701621126117262e-02
2.347787872637339610e-02
2.356192186370190469e-02
2.362403269037680401e-02
2.366821214865584208e-02
2.369773612999603180e-02
2.371529373904349841e-02
2.372308885598722536e-02
2.372292928397469816e-02
2.371630096012283459e-02
1.383452491432752944e-02
1.567241084837570075e-02
1.378453999613554748e-02
1.378027737111682700e-02
1.562985375152638537e-02
1.707932238432533986e-02
1.842802037253105443e-02
1.952114645589130698e-02
2.040845420177384711e-02
2.111760876359557171e-02
2.168621017489070005e-02
2.214377523100544837e-02
2.251094065570849803e-02
2.280439961265079418e-02
2.303769520288235367e-02
1.381323884101170324e-02
1.565571360414026031e-02
1.378450100535963396e-02
1.563316771976192704e-02
1.378444873776015281e-02
1.563312671017303562e-02
1.708189173590281273e-02
1.843011153220815851e-02
1.952285106673080223e-02
2.040984516797331866e-02
2.111874062170510796e-02
2.168712990422749440e-02
2.214452130191979853e-02
1.380603496608014298e-02
1.565006220124498526e-02
1.378448786363326191e-02
1.378027726331033584e-02
1.562985366693824332e-02
1.707932231792080174e-02
1.378818556614673507e-02
1.563605863190636880e-02
1.708419328720440361e-02
1.843198474448729668e-02
1.379156799406414113e-02
1.563871244699041596e-02
1.708627646807565903e-02
1.843368023624824062e-02
1.952576011657848956e-02
2.041221896673040687e-02
2.112067221803529474e-02
2.168869946697066925e-02
1.380341126938842630e-02
1.564800397003624291e-02
1.709357040051090806e-02
1.843961680556111329e-02
1.379159039113709434e-02
1.563873001922028508e-02
1.708629026159527026e-02
1.843369146276448850e-02
1.952576926797293042e-02
2.041222643432717351e-02
2.112067829450326936e-02
1.380064092579616312e-02
1.378031079333763044e-02
1.562987997559046188e-02
1.707934297109822697e-02
1.842803712776940744e-02
1.379155645143128987e-02
1.563870339090372291e-02
1.708626935939669758e-02
1.843367445050974815e-02
1.952575540028239631e-02
2.041221511820248691e-02
2.112066908644441576e-02
2.168869692234845145e-02
2.214579137912311632e-02
2.251257207761067636e-02
1.380854735054688059e-02
1.565203318056047205e-02
1.709673281621626462e-02
1.378823210782563827e-02
1.563609514930979980e-02
1.708422195355087381e-02
1.843200807582342365e-02
1.952439704257271161e-02
2.041110669051307558e-02
2.111976714380247103e-02
2.168796403131940942e-02
2.214519686720980290e-02
2.251209100984491104e-02
2.280532739307969056e-02
2.303844018635877941e-02
1.381324618528549132e-02
1.565571936553512150e-02
1.378450101877260262e-02
1.563316773028586987e-02
1.708192393703446277e-02
1.843013774035130725e-02
1.952287243037165165e-02
2.040986260077108649e-02
2.111875480709275721e-02
2.168714143097574126e-02
1.380340345016514703e-02
1.564799783566993979e-02
1.709356558573132956e-02
1.378822309446611077e-02
1.563608807617427460e-02
1.708421640033628772e-02
1.843200355612088087e-02
1.952439335831110748e-02
2.041110368412312262e-02
2.111976469738612028e-02
2.168796204333895902e-02
2.214519525447106868e-02
2.251208970474634710e-02
2.280532634038955411e-02
2.303843934096264090e-02
2.322243550137575649e-02
2.336628127152344525e-02
2.347730227802933764e-02
2.356147577707793511e-02
2.362369383207634302e-02
2.366795895444952572e-02
2.369755591282914076e-02
2.371517351996393561e-02
2.372301792878034679e-02
2.372289747046420205e-02
1.383281339442085124e-02
1.567106838176565362e-02
1.711167108518058672e-02
1.845434952088995800e-02
1.954260923372739753e-02
2.042596811846624991e-02
2.113185839302950814e-02
2.169778843641357452e-02
2.215316543902655366e-02
1.380608624079032558e-02
1.565010242673342197e-02
1.378448795708339669e-02
1.563315748197848312e-02
1.708191589202919317e-02
1.843013119261078039e-02
1.952286709296262648e-02
2.040985824542860746e-02
2.111875126307071263e-02
2.168713855117797643e-02
2.214452831613664477e-02
2.251155004931032835e-02
2.280489110943510409e-02
2.303808987345707521e-02
2.322215650725139094e-02
2.336606021602310665e-02
2.347712886892353371e-02
2.356134155750583270e-02
2.362359184734552295e-02
2.366788347376157231e-02
2.369750223509759987e-02
2.371513776412108657e-02
1.382928836392549599e-02
1.566830344296959304e-02
1.378453038159826657e-02
1.563319076859340587e-02
1.708194202229046388e-02
1.843015245974114619e-02
1.952288442892385553e-02
1.379480213444654602e-02
1.564124969710685778e-02
1.708826809302207289e-02
1.378820910659304608e-02
1.563607710145857935e-02
1.378445545930286238e-02
1.563313198395174103e-02
1.708189587586423849e-02
1.843011490167667868e-02
1.952285381336239106e-02
2.040984740923324978e-02
1.379779189196814713e-02
1.564359534510626967e-02
1.378447285965046266e-02
1.563314563640883295e-02
1.708190659315850582e-02
1.843012362436318233e-02
1.379156254843940527e-02
1.563870817447751693e-02
1.708627311431787019e-02
1.843367750663202354e-02
1.952575789150760160e-02
2.041221715105831502e-02
2.112067074060239302e-02
1.380064089315837829e-02
1.378031079326970734e-02
1.562987997553716077e-02
1.707934297105631605e-02
1.842803712773531319e-02
1.952116011388265945e-02
2.040846534671002244e-02
2.111761783247599264e-02
2.168621754413939742e-02
2.214378120886556847e-02
2.251094549301051184e-02
2.280440351414441888e-02
2.303769833581955848e-02
2.322184390050093666e-02
1.381546197047956240e-02
1.565745760016972257e-02
1.710099007390437215e-02
1.844565582826083669e-02
1.953552224949263449e-02
1.379484406145808396e-02
1.564128259133167054e-02
1.708829391294650404e-02
1.843532223426175634e-02
1.952709860813094458e-02
2.041331118559397764e-02
2.112156096780522241e-02
1.380064474130553338e-02
1.564583353941693608e-02
1.709186608002086216e-02
1.843822964040897627e-02
1.952946862143634457e-02
2.041524513904288338e-02
2.112313463855078344e-02
1.380065155418333869e-02
1.564583888438461634e-02
1.709187027532419259e-02
1.843823305500475948e-02
1.952947140490100819e-02
2.041524741038020646e-02
2.112313648674570693e-02
1.380065156219424313e-02
1.564583889066947439e-02
1.709187028025722227e-02
1.843823305901986023e-02
1.952947140817402200e-02
1.379482393198824125e-02
1.564126679857164720e-02
1.708828151661212144e-02
1.843531214485977579e-02
1.952709038363702534e-02
2.041330447434206927e-02
2.112155550680770016e-02
2.168941719488648792e-02
2.214637564793932312e-02
1.380604587266789050e-02
1.378032205261985575e-02
1.562988880995511143e-02
1.707934990637013234e-02
1.842804277227423279e-02
1.952116471502420361e-02
2.040846910124668317e-02
2.111762088762512979e-02
2.168622002671180202e-02
2.214378322270304719e-02
2.251094712261352687e-02
2.280440482848949957e-02
2.303769939125115129e-02
2.322184474318323907e-02
2.336581316769570718e-02
1.381761137102434540e-02
1.565914371941914268e-02
1.710231334352718333e-02
1.844673287616264284e-02
1.953640023775788867e-02
2.042090144052390380e-02
2.112773714331459690e-02
1.380067156770169862e-02
1.564585458576669974e-02
1.378447809741819435e-02
1.563314974600448631e-02
1.708190981922540208e-02
1.843012625002317731e-02
1.952286306399857174e-02
2.040985495778120315e-02
2.111874858785173226e-02
2.168713637735129179e-02
2.214452655277618365e-02
2.251154862242384438e-02
2.280488995862200649e-02
2.303808894937875093e-02
2.322215576948275309e-02
2.336605963142416448e-02
1.381761495345370377e-02
1.565914652966485243e-02
1.710231554898456602e-02
1.844673467125219901e-02
1.953640170108130944e-02
2.042090263462309832e-02
1.379783226292978851e-02
1.564362701576776232e-02
1.709013413929396860e-02
1.843682000119058195e-02
1.952831953224987149e-02
2.041430747051198660e-02
2.112237165282820905e-02
1.380064824912000283e-02
1.564583629143387680e-02
1.709186824009863506e-02
1.843823139851604939e-02
1.952947005458662705e-02
2.041524630850905311e-02
2.112313559014937850e-02
1.380065155830799070e-02
1.564583888762055910e-02
1.709187027786411572e-02
1.843823305707200863e-02
1.952947140658614980e-02
2.041524741175533564e-02
2.112313648786463827e-02
2.169070172534524887e-02
2.214741761405391099e-02
2.251388715661661183e-02
2.280677591548042199e-02
2.303960320403469764e-02
2.322336458725926880e-02
2.336701733666049496e-02
2.347787960896056958e-02
1.381970794952524020e-02
1.566078837562165371e-02
1.710360404368639273e-02
1.844778341845126554e-02
1.953725662109647224e-02
2.042160026569267775e-02
1.379783491150657349e-02
1.564362909369903729e-02
1.709013577030223802e-02
1.378821403386926853e-02
1.378028497737522791e-02
1.562985971962256582e-02
1.707932706948231405e-02
1.842802418570378339e-02
1.952114956419596578e-02
1.379479641313887880e-02
1.378029864110626689e-02
1.562987044059070685e-02
1.378444112878936430e-02
1.378027716666454378e-02
1.562985359110705477e-02
1.707932225839076112e-02
1.842802027003489010e-02
1.379155640219656073e-02
1.563870335227523015e-02
1.708626932907482063e-02
1.378820383783717352e-02
1.563607296765619215e-02
1.708420454046831807e-02
1.843199390344829255e-02
1.952438548987713018e-02
2.041109726344378025e-02
2.111975947279088814e-02
2.168795779798728465e-02
2.214519181068748399e-02
2.251208691815053536e-02
2.280532409301366456e-02
2.303843753644490774e-02
2.322243406076129890e-02
2.336628013008561905e-02
2.347730138262160010e-02
2.356147508403122481e-02
2.362369330547855334e-02
2.366795856470861603e-02
2.369755563567003953e-02
2.371517333534597233e-02
2.372301782019158034e-02
2.372289742430435180e-02
2.371630262769013758e-02
1.383451635532351176e-02
1.567240413496186896e-02
1.378453998040837618e-02
1.563319829989531784e-02
1.708194793442161311e-02
1.843015727155944070e-02
1.379156264683725590e-02
1.563870825167820722e-02
1.708627317491743375e-02
1.378820384797101346e-02
1.563607297560705434e-02
1.378445544976387473e-02
1.563313197646733210e-02
1.708189586998890008e-02
1.843011489689485097e-02
