1.898179818994906454e-01
1.896190023587633611e-01
1.893957100705900287e-01
1.891738390794753255e-01
1.889203032217507683e-01
1.886107169361712355e-01
1.882683850629979228e-01
1.878916364722912902e-01
1.874791872177209995e-01
1.870348877018053468e-01
1.865527575758630374e-01
1.860089859763439657e-01
1.854113927319096800e-01
1.847343684563404198e-01
1.839975406657685109e-01
1.832007634616831526e-01
1.823789366847519966e-01
1.814514722766793486e-01
1.805035325955871295e-01
1.794288525810915358e-01
1.783347871860791745e-01
1.771994505234023853e-01
1.759716618324307924e-01
1.747085616371070182e-01
1.734233528584253337e-01
1.721040837066512286e-01
1.707962646141831242e-01
1.694892020380894260e-01
1.681862593181749632e-01
1.669082811877167227e-01
1.656643291306085508e-01
1.644473198919898516e-01
1.632005659883857540e-01
1.619834122388521536e-01
1.607359243566684470e-01
1.595843767095821431e-01
1.584678998949231310e-01
1.573605132400369699e-01
1.562183236833140088e-01
1.551091814557177817e-01
1.540208080599088092e-01
1.529906917644067166e-01
1.519710784314644847e-01
1.508612752524731149e-01
1.498160761748781600e-01
1.487919278263364620e-01
1.476700342255846121e-01
1.465788030729281433e-01
1.455403372706929876e-01
1.445178012459389372e-01
1.434271707565386578e-01
1.423769105338424656e-01
1.413497964829958653e-01
1.403101675025668627e-01
1.392472948844558911e-01
1.382466908476912282e-01
1.371605998214937006e-01
1.361361691497605941e-01
1.351262985342180645e-01
1.341015058919419189e-01
1.330820628850398479e-01
1.320692015581623469e-01
1.310341656721272230e-01
1.300345881028855399e-01
1.290145186815605804e-01
1.280507798938657349e-01
1.270678139468045531e-01
1.260570903974193024e-01
1.250215553333376417e-01
1.240309281568375555e-01
1.229561568515056408e-01
1.218945512817450616e-01
1.208363066398661922e-01
1.197908243830238112e-01
1.187181339140521708e-01
1.176638130062214183e-01
1.165513048155700920e-01
1.154842415779238074e-01
1.144287949264013032e-01
1.132799974545748850e-01
1.122311914254787713e-01
1.111017374831368698e-01
1.100098662694301010e-01
1.088941806796770856e-01
1.078553444700715985e-01
1.067993393698150606e-01
1.057030885192035002e-01
1.046651893332867372e-01
1.035978807229068488e-01
1.025090273646298705e-01
1.014725288057403696e-01
1.004162669077740544e-01
9.940413028377560745e-02
9.837566469455547025e-02
9.734394837190818439e-02
9.635640514886653629e-02
9.537932184270477010e-02
9.436980810935638453e-02
9.336749418832120118e-02
9.236784955762880611e-02
9.137282484843790853e-02
9.036340546676754903e-02
8.939409168280239293e-02
8.835702473047128691e-02
8.732380786697183095e-02
8.630741499044909670e-02
8.532364214192067475e-02
8.431837573461040125e-02
8.331171622063109072e-02
8.230037507031549848e-02
8.127435553641987331e-02
8.028564154063216884e-02
7.922511184629424386e-02
7.821207307244480711e-02
7.716992831762116423e-02
7.615032552851944136e-02
7.512897518075038750e-02
7.415593049980480356e-02
7.318719345076313276e-02
7.217958405870859850e-02
7.114444592537082224e-02
7.014954073913273747e-02
6.913186818259715871e-02
6.817192921861542354e-02
6.712209310589768718e-02
6.614457252318703406e-02
6.514194723900773587e-02
6.418451084830431586e-02
6.319022256945122651e-02
6.220062324996457337e-02
6.121799639408057048e-02
6.016816440982554470e-02
5.920917747632732653e-02
5.821837130897684898e-02
5.729747612323521366e-02
5.630628345249334699e-02
5.531575111142079948e-02
5.438102667198025514e-02
5.346505548973342486e-02
5.251203706600738458e-02
5.156561665207941292e-02
5.055244147004828853e-02
4.963936664771273488e-02
4.863558045504882965e-02
4.769039683197152935e-02
4.679496146519852851e-02
4.579247585176429713e-02
4.487061433776527719e-02
4.396383490231540320e-02
4.307649080171065126e-02
4.215276991520411354e-02
4.126795349481566372e-02
4.029519038618974147e-02
3.940123208033682184e-02
3.847830706756606017e-02
3.761710551776278194e-02
3.672650848604983725e-02
3.584822309615782326e-02
3.496756727626029737e-02
3.400873969290636040e-02
3.312741773497130532e-02
3.224533470002058366e-02
3.131482159192455761e-02
3.039965760447057089e-02
2.943204210660018902e-02
2.846743544799051201e-02
2.752710407733180778e-02
2.657063415485255015e-02
2.561342486455039924e-02
2.465558115170027320e-02
2.360134156470694924e-02
2.257533357757608022e-02
2.160052805377675814e-02
2.054641823024633274e-02
1.947125667281633318e-02
1.839044379503746232e-02
1.738479917374564573e-02
1.634773928737815255e-02
1.536482569617606854e-02
1.429780630219019966e-02
1.329593647114784422e-02
1.231876298485530714e-02
1.137279882399624444e-02
1.051116851481920071e-02
9.688337916864598123e-03
8.897859079123719012e-03
8.055110040974585578e-03
7.346039231363902383e-03
6.688584505144908564e-03
6.048372953999634274e-03
5.500719774970110054e-03
5.002881396433726813e-03
4.542057665428491341e-03
4.127796260709759753e-03
3.776151790792012328e-03
3.409422465704438181e-03
3.120471651636627132e-03
2.824759234769096128e-03
2.605537129600063537e-03
2.412265176364528693e-03
2.208593294307169795e-03
2.062490823294082370e-03
1.934593151694970897e-03
1.822811754063661475e-03
1.725249110043403089e-03
1.640194717444647295e-03
1.566116678568644626e-03
1.501650487519240029e-03
1.447290527783412408e-03
1.399677820583340639e-03
1.356908072561079743e-03
1.319219620171486595e-03
1.285943312435409037e-03
1.256513414993993280e-03
1.230470958869930072e-03
1.207685468288152621e-03
1.187723725712237386e-03
1.169530829306474626e-03
1.154079589244629131e-03
1.140469045507768201e-03
1.128452243666140491e-03
1.117815113042970902e-03
1.106898362454526285e-03
1.059030140759353693e-03
1.051362036632596392e-03
1.042426067992577006e-03
1.036325058970804852e-03
1.030832439723832839e-03
1.023416299136372222e-03
1.016318795118948326e-03
1.012233902646066368e-03
1.008474442806469315e-03
1.004995711378894440e-03
1.001759598243870961e-03
9.987336630273599240e-04
9.958901404899169352e-04
9.899768732397086751e-04
9.874705503070421806e-04
9.850813911027813015e-04
9.827948837129263458e-04
9.805983612435219179e-04
9.784814029140658388e-04
9.727051432410247596e-04
9.760021466082302328e-04
9.746674304414546398e-04
9.777530108789637877e-04
9.679498912489304090e-04
9.664535001352390345e-04
9.649872210601899512e-04
9.625832212712138449e-04
9.611520047628982488e-04
9.597441892485305886e-04
9.629851654493513458e-04
9.715882120805535401e-04
9.780828952009948396e-04
9.450391526722592235e-04
9.498046769629937477e-04
9.539031115272057423e-04
9.574289894381986590e-04
9.604631685762633504e-04
9.605945619253728222e-04
9.617846400593903959e-04
9.626337445295746675e-04
9.631915457721650520e-04
9.635005988469289148e-04
9.635973872227053538e-04
9.621456320617585885e-04
9.605070016658066910e-04
9.602407979307893762e-04
9.598385509890765971e-04
9.593210636206912474e-04
9.587061621590271246e-04
9.580091429141668379e-04
9.572431307661741304e-04
9.564193864704742401e-04
9.555475701270079456e-04
9.546359671541767428e-04
9.515662441072037870e-04
9.506313258912787653e-04
9.496652592618053113e-04
9.486756746925425641e-04
9.476674575533772585e-04
9.466447908595621496e-04
9.456112538055042385e-04
9.445699062994916467e-04
9.435233616844482729e-04
9.424738493033083322e-04
9.414232683326918295e-04
9.403732341074425146e-04
9.393251179861926165e-04
9.382798563023953984e-04
9.372386757340932066e-04
9.362024006671143062e-04
9.351717229362319778e-04
9.308152796548757385e-04
9.263006737642041693e-04
9.253778266652457106e-04
9.206366870305572950e-04
9.292704045505496878e-04
9.285190877985890828e-04
9.277617360609609169e-04
9.270004623513547742e-04
9.312898395466384475e-04
9.343422839272881543e-04
9.409173095506032395e-04
9.466048825393567857e-04
9.514999156263240741e-04
9.557143019978378475e-04
9.593438727698556066e-04
9.624707563610464863e-04
9.625714723960378250e-04
9.639522131906427815e-04
9.649838889075766559e-04
9.642316256201549293e-04
9.648146639835635885e-04
9.651591237093924951e-04
9.636971877557810959e-04
9.637418349912506765e-04
9.636227162056599073e-04
9.633647624543845416e-04
9.629893407402433450e-04
9.625147826261727787e-04
9.599604069182178078e-04
9.593828365001565205e-04
9.587334834960831468e-04
9.580259329333024867e-04
9.548899701829866807e-04
9.541407255913298812e-04
9.533491063247826738e-04
9.497935302380398816e-04
9.460367895994982327e-04
9.452472430469018028e-04
9.444234552605879161e-04
9.435723258050175656e-04
9.426997203348558589e-04
9.383421273594228082e-04
9.374942912404875435e-04
9.366291317897741013e-04
9.357513654834854555e-04
9.348647228336821099e-04
9.339723794595921474e-04
9.330770331919882588e-04
9.321809705559490952e-04
9.312861241351414300e-04
9.261546739102659125e-04
9.302486802730182023e-04
9.299446652569849561e-04
9.292959001096996784e-04
9.286399445268633899e-04
9.279793403920235956e-04
9.320520712538857668e-04
9.215427007363522112e-04
9.250587935203179006e-04
9.343484354561761018e-04
9.414753353812560727e-04
9.433941413844498976e-04
9.479677227437210713e-04
9.489593169731943070e-04
9.496187111225104331e-04
9.526398332050319039e-04
9.550736603675998720e-04
9.570062471365923780e-04
9.585111974698788803e-04
9.596515062133803000e-04
9.604811092490929620e-04
9.610462010199642517e-04
9.613863557903476508e-04
9.590694124864150355e-04
9.591561549005034109e-04
9.590869044102908521e-04
9.561552587015749016e-04
9.559277806158051477e-04
9.555912299820285309e-04
9.551632583965522861e-04
9.546589578792152300e-04
9.509039109653014696e-04
9.469215935098123510e-04
9.427009008949523714e-04
9.421957010603728951e-04
9.416308233561424294e-04
9.410170309149785235e-04
9.403634973705009541e-04
9.354467706786275113e-04
9.348171805446546436e-04
9.341572566080745457e-04
9.334735059639382663e-04
9.327714383342419410e-04
9.320557510759123945e-04
9.356566229909496143e-04
9.354664673380341886e-04
9.349178513990175380e-04
9.343573520096384779e-04
9.337883784710449345e-04
9.332137772564602684e-04
9.326359640536170106e-04
9.320569835511410394e-04
9.314785610615235363e-04
9.309021471013675985e-04
9.303289558865868039e-04
9.332313664657692666e-04
9.234988848385304898e-04
9.267955594916081055e-04
9.297223749975114639e-04
9.322581392146812775e-04
9.386464046711722343e-04
9.400501164390623852e-04
9.448882297773857682e-04
9.452902352823105590e-04
9.489022420676793265e-04
9.518489653580192557e-04
9.542289578687234656e-04
9.561263554589117218e-04
9.576130336903744458e-04
9.587504203849983716e-04
9.564349672227401983e-04
9.571819419674088957e-04
9.543420094237840779e-04
9.547866122147334470e-04
9.514473680009333419e-04
9.516622128514733549e-04
9.517182780857413350e-04
9.477216706619837408e-04
9.476508736958248573e-04
9.474691289402328853e-04
9.471948855395305369e-04
9.424864480813258160e-04
9.421854533344158024e-04
9.418173935532819351e-04
9.413939954938890407e-04
9.409258835751372176e-04
9.404218134081192759e-04
9.398892516209295632e-04
9.393345576272049387e-04
9.387631398112434309e-04
9.381795898040427677e-04
9.375877979448105212e-04
9.317604686378811157e-04
9.407282837399601801e-04
9.403182684180326923e-04
9.398970132556775650e-04
9.430693854328578776e-04
9.166139849109680368e-04
9.160186004780234217e-04
9.154440008366478750e-04
9.139706941302301341e-04
9.134234608528177257e-04
9.128913856934558905e-04
9.123734578528502111e-04
9.118688225469780443e-04
9.113767513736146771e-04
9.108966182840889806e-04
9.155251092636044986e-04
9.064291325683912059e-04
9.060831173841862657e-04
9.057398215173748752e-04
9.053986839000267460e-04
9.050603301905766609e-04
9.047252894008944116e-04
9.098296405652777068e-04
9.144302404411219125e-04
9.221801976402964731e-04
9.286550709487615329e-04
9.340457429211071125e-04
9.385143568983216533e-04
9.421987757244698961e-04
9.452163154175888824e-04
9.457572751273328948e-04
9.480128543078250331e-04
9.498120319971872002e-04
9.512237813055125389e-04
9.523069219832421255e-04
9.512249827250237244e-04
9.519805441658927420e-04
9.525068024186474688e-04
9.528395037175849255e-04
9.507700220197033139e-04
9.509557693207743674e-04
9.510030053513445457e-04
9.509342201013159298e-04
9.507686026192480695e-04
9.505225256664339697e-04
9.473999965448063384e-04
9.471687588163288591e-04
9.468741667163423385e-04
9.465276114650729780e-04
9.461387674431597080e-04
9.457158823565331831e-04
9.452659799308415871e-04
9.447950338516258309e-04
9.443081170757042057e-04
9.438095300310089808e-04
9.433029107118223906e-04
9.427913292418753062e-04
9.422773691074391028e-04
9.417631969465771859e-04
9.412506225109449481e-04
9.407411501859424966e-04
9.402360232578873709e-04
9.397362619481579782e-04
9.352639654771507894e-04
9.349218440644847718e-04
9.345711871395281922e-04
9.342145784590416774e-04
9.338541570146548796e-04
9.334917331813589927e-04
9.331288343067649241e-04
9.281216545378417459e-04
9.185446911924508018e-04
9.180959461079235160e-04
9.234173033184945060e-04
9.150242640353335949e-04
9.147569314394217617e-04
9.144903457688738271e-04
9.142244375224772802e-04
9.139595709514640540e-04
9.136960871703201986e-04
9.134343001934686849e-04
9.131744948306688399e-04
9.180610546409434265e-04
9.089156325732415578e-04
9.087947007669948743e-04
9.086657234000790036e-04
9.085297087113697974e-04
9.083879682883338200e-04
9.082416400572757963e-04
9.080917094389282613e-04
9.131566434770186681e-04
9.043664527225059487e-04
9.043490085651103563e-04
9.043211984816432614e-04
9.042834208371717261e-04
9.042371571613501326e-04
9.041836954957816527e-04
9.041241545079696431e-04
9.040595049090375656e-04
9.039905882328986121e-04
9.039181332923849161e-04
9.038427705917383929e-04
9.037650449425696899e-04
9.036854265016165677e-04
9.036043204229699671e-04
9.035220752946932507e-04
9.088792659577172445e-04
9.195467708196609566e-04
9.277223246627562796e-04
9.346986363092160124e-04
9.406515671997497637e-04
9.434867537997890805e-04
9.495695098007003948e-04
9.537244028893286478e-04
9.572676411852474015e-04
9.602874383523982062e-04
9.628590201011740261e-04
9.650466479150151536e-04
9.669052490808779932e-04
9.684817976042063006e-04
9.698164856154244725e-04
9.709437182092980683e-04
9.718929592113730075e-04
9.726894508827541985e-04
9.733548268700629308e-04
9.739076346349531893e-04
9.743637810409633586e-04
9.747369126415981718e-04
9.750387404279118111e-04
9.752793172959449549e-04
9.754672752351986088e-04
9.756100281787925431e-04
9.759095427571509197e-04
9.748520277783382336e-04
9.737809376778207423e-04
9.727038866038410173e-04
9.722544161915803096e-04
9.712661180150824417e-04
9.702682588696146969e-04
9.692673152017041490e-04
9.682686067966962164e-04
9.672765092669073856e-04
9.662945954802100923e-04
9.648362548343648220e-04
9.639880618516047167e-04
9.631385560960265338e-04
9.622919755675295303e-04
9.614517677340212072e-04
9.606207511022346905e-04
9.583642004654014009e-04
9.576837415439376630e-04
9.569995292613696922e-04
9.563153953205626428e-04
9.556344730724484213e-04
9.527043150866574672e-04
9.521802100406306750e-04
9.516471359813129249e-04
9.511091080304560040e-04
9.505694364147940180e-04
9.500308786324591437e-04
9.464213415089503751e-04
9.460523847643788472e-04
9.456715633686327022e-04
9.452826946027379374e-04
9.448889406696428300e-04
9.444929553334547147e-04
9.440969555232842569e-04
9.398455777549597845e-04
9.396324931137369418e-04
9.349372154744850939e-04
9.153347724720130741e-04
9.149234930300453872e-04
9.145215266917048518e-04
9.141284541520464275e-04
9.199556703480477656e-04
9.201799716705589280e-04
9.200043130577345574e-04
9.256070789958455126e-04
9.171486134774939651e-04
9.171149652340981765e-04
9.170614641763161386e-04
9.169907595961323188e-04
9.218937142700505674e-04
9.146463531511090208e-04
9.147658785184047256e-04
9.148645373439728530e-04
9.149438503055824399e-04
9.196528233333934026e-04
9.110266460392515021e-04
9.112395040652985015e-04
9.161864437457915627e-04
9.070143409599935695e-04
9.073486402645941510e-04
9.076556259840930620e-04
9.079371361691637721e-04
9.081961106751546995e-04
9.084351183104459387e-04
9.086564029422377177e-04
9.088619242804702597e-04
9.090533936516844360e-04
9.092323053616178799e-04
9.093999641765612620e-04
9.095575093920558454e-04
9.097059359028378863e-04
9.098461126392717868e-04
9.147756605734704309e-04
9.192409969455529002e-04
9.276336392874687470e-04
9.346273645769790066e-04
9.404384742974081354e-04
9.423244264416260696e-04
9.468335808297005315e-04
9.505434005167419332e-04
9.510016912033491523e-04
9.510073438546026931e-04
9.537134562804282841e-04
9.559028012321126771e-04
9.576558051313049068e-04
9.590407405472275775e-04
9.572996119956046898e-04
9.583858221582319771e-04
9.592149998999821570e-04
9.566208020923508025e-04
9.593137288148302589e-04
9.598703190756739060e-04
9.602730301088517042e-04
9.605472267871627973e-04
9.607144829795077239e-04
9.607931370812951418e-04
9.567061499271450106e-04
9.365305464302099790e-04
9.361893044783364554e-04
9.358169085587060392e-04
9.354199416004851334e-04
9.326978848462597581e-04
9.294830426885800382e-04
9.294973282740101291e-04
9.257446054897751180e-04
9.259116315591917360e-04
9.260166109866454923e-04
9.260692838551531003e-04
9.260779363808968427e-04
9.260496693269886599e-04
9.259905605508625794e-04
9.259058055337193510e-04
9.257998388903011279e-04
9.307976521249970410e-04
9.313090770338226364e-04
9.313681803069595935e-04
9.361479024907023083e-04
9.277879827943162107e-04
9.279860878874598984e-04
9.281485269285921812e-04
9.282796270180909389e-04
9.283835570406479476e-04
9.284639179512181074e-04
9.285238178550660063e-04
9.285659374175992851e-04
9.285925867576231771e-04
9.286057549218689313e-04
9.286071528979770702e-04
9.285982510003375819e-04
9.334845526658757872e-04
9.238462270039443733e-04
9.240434360829832437e-04
9.242176962014719789e-04
9.243711205716848012e-04
9.245059690147835064e-04
9.255482876717615161e-04
9.296925673898891705e-04
9.206137899269976497e-04
9.209239285118166196e-04
9.212066930354925352e-04
9.214643802902780945e-04
9.216994712816407734e-04
9.259030069379803026e-04
9.175158575267984172e-04
9.179328410130935777e-04
9.183191217235471635e-04
9.186764499103360895e-04
9.190075156963657156e-04
9.193146897522057239e-04
9.196000621693512823e-04
9.198654769045972639e-04
9.201125620518311315e-04
9.203427564332270286e-04
9.205573329462669267e-04
9.207574190532050260e-04
9.209440147551812726e-04
9.211180083535320173e-04
9.212801902655809753e-04
9.214312651308588986e-04
9.215718624158169723e-04
9.217025457004516696e-04
9.258940053969548240e-04
9.177909495149691801e-04
9.222524025681876937e-04
9.136834317121336931e-04
9.184306623654064743e-04
9.093574705027631213e-04
9.144128414275804698e-04
9.271444534398313357e-04
9.368830570721284985e-04
9.451294997474633114e-04
9.521086614288625394e-04
9.580106027750284834e-04
9.629962177042550482e-04
9.672018510913625317e-04
9.707431520977602077e-04
9.737182978235163272e-04
9.762106962044777821e-04
9.769057149859813622e-04
9.803492991597982133e-04
9.821379896240041690e-04
9.836220578192539105e-04
9.848455182492009668e-04
9.858458473439878945e-04
9.858427159783506206e-04
9.881615050710557124e-04
9.889383761531292307e-04
9.895595131670653632e-04
9.900468515459811495e-04
9.904190991621500406e-04
9.900357764827537495e-04
9.891189243418038214e-04
9.881615381246240584e-04
9.871770670515558205e-04
9.861765564723164266e-04
9.851690636598559644e-04
9.838131738684943034e-04
9.829784546423433241e-04
9.821292814178677298e-04
9.802114834221527153e-04
9.779173845141061246e-04
9.774114975316032343e-04
9.768671230140212481e-04
9.739656786586565378e-04
9.706693408666292608e-04
9.669677281568847234e-04
9.501269445928607746e-04
9.495831409099749236e-04
9.490094543562617143e-04
9.484134692527698349e-04
9.456170510853544216e-04
9.423112137532851842e-04
9.421980471867000707e-04
9.383288161961290128e-04
9.384065333009532304e-04
9.384212416293306316e-04
9.383834825442215850e-04
9.383021629204234791e-04
9.338024357192880849e-04
9.432605259939744148e-04
9.474919413724413285e-04
9.395822041403864566e-04
9.398335861021027762e-04
9.400324783577401798e-04
9.401858309167926853e-04
9.402999968789344529e-04
9.403804216578301716e-04
9.404317657999582050e-04
9.404580117086926367e-04
9.404625562924230240e-04
9.404482913723007228e-04
9.404176734460678241e-04
9.446577650044042304e-04
9.364240957223685536e-04
9.400493560400739268e-04
9.313020234577242158e-04
9.350784339962013841e-04
9.268847995642709101e-04
9.275331843116095109e-04
9.281279570895923118e-04
9.286733705040605682e-04
9.291742896599415992e-04
9.296349722549106243e-04
9.300591443210939283e-04
9.304500669899537155e-04
9.308105950860333074e-04
9.311432285223383669e-04
9.314501573582351741e-04
9.317333012810168633e-04
9.353493075175539889e-04
9.272819038668035207e-04
9.278012291178488417e-04
9.282833739915910759e-04
9.321186109484215282e-04
9.356070466728356018e-04
9.439182675468281956e-04
9.507981537329325116e-04
9.564753533851210040e-04
9.577097971043665092e-04
9.622031221813352698e-04
9.658831880678752464e-04
9.688792145459071544e-04
9.713000188464796349e-04
9.732373003219803439e-04
9.747683624753931140e-04
9.759583897997804215e-04
9.768623555528662284e-04
9.775266227347258110e-04
9.779902894141393344e-04
9.782863205676924859e-04
9.784425013048907681e-04
9.784822404061042315e-04
9.784252482294272454e-04
9.782881090376097880e-04
9.764999932049489790e-04
9.765511833213920108e-04
9.765229719520540641e-04
9.764283109665414673e-04
9.741631175678414252e-04
9.742782876619206223e-04
9.743220077428535724e-04
9.715907369108492224e-04
9.718432793303151841e-04
9.720201367870370812e-04
9.721321802394464239e-04
9.721886590649052133e-04
9.721974862077673550e-04
9.721654260773338833e-04
9.720982562372260062e-04
9.689505366130004519e-04
9.691575154767033190e-04
9.655731851055922646e-04
9.660233399645580142e-04
9.664011627078000115e-04
9.667156801229484552e-04
9.669746397511954890e-04
9.671847430785850477e-04
9.632285848886871799e-04
9.637127580006463320e-04
9.641317396220131734e-04
9.644930952818095383e-04
9.648033320457956698e-04
9.650681021529996248e-04
9.608187244308832300e-04
9.613724888113413898e-04
9.566893629828934591e-04
9.575006189356116562e-04
9.582292390131362178e-04
9.588846425782043131e-04
9.594740810903998936e-04
9.544515999839437532e-04
9.553169037958226866e-04
9.561026022219159051e-04
9.568169057641935562e-04
9.514467962342424909e-04
9.456114232073651584e-04
9.281630906699131706e-04
9.287932829505629595e-04
9.293521827863059906e-04
9.298455743033672309e-04
9.302786149849755822e-04
9.306559070489439428e-04
9.309815612143733637e-04
9.312592533019942165e-04
9.314922744297981323e-04
9.316835754928795782e-04
9.282115973815544549e-04
9.287567293827693341e-04
9.292338629323217483e-04
9.296486973565618603e-04
9.258529649300652241e-04
9.265946391682847996e-04
9.318184388764258171e-04
9.331502365003187813e-04
9.339178709948717499e-04
9.345971876304259634e-04
9.351960998635899542e-04
9.357215249039197357e-04
9.271066039782432022e-04
9.276499982948775442e-04
9.281329851435859805e-04
9.285599636787887027e-04
9.289348609517398799e-04
9.292611890831328509e-04
9.295420953713198894e-04
9.297804062082677115e-04
9.299786655684896776e-04
9.301391687422410660e-04
9.267950244453985109e-04
9.273150620060698285e-04
9.277699412114984428e-04
9.281649031182494410e-04
9.285045244208325237e-04
9.287928823218532821e-04
9.290336153680708517e-04
9.257156252764196401e-04
9.263016692505249327e-04
9.268158160421504071e-04
9.272640814493955316e-04
9.276517230324485145e-04
9.241014307066811300e-04
9.295117562574392112e-04
9.338640448399986461e-04
9.265208440792831526e-04
9.276468230176882499e-04
9.318550259425070282e-04
9.246882737116385396e-04
9.259100208032274709e-04
9.270243993576840003e-04
9.280392969145804562e-04
9.321254799568471716e-04
9.247229915044874547e-04
9.258846761226379937e-04
9.269511410052760003e-04
9.279285761275418969e-04
9.288236328437196555e-04
9.328054137134133379e-04
9.253083960575958023e-04
9.263903655307621516e-04
9.273870453722331004e-04
9.283033949337747082e-04
9.291449881742691033e-04
9.299168443558321383e-04
9.306234896924646350e-04
9.344911165165414998e-04
9.271201131448439988e-04
9.280514641647254767e-04
9.289079475156603082e-04
9.328680772084077446e-04
9.364911848163609076e-04
9.448914280424316895e-04
9.518008430928290992e-04
9.574623187127277203e-04
9.620787739724378975e-04
9.632727271149797059e-04
9.669935730472317128e-04
9.700004354471645964e-04
9.724082296017652442e-04
9.743133698402529127e-04
9.757968008160035909e-04
9.769264960082406964e-04
9.777595434126127878e-04
9.783438893260485748e-04
9.787197982454034443e-04
9.779857328792418945e-04
9.767872023068130231e-04
9.775031885062609571e-04
9.780309716371903689e-04
9.783990413759220250e-04
9.786314645758486998e-04
9.787486096014695516e-04
9.787677076594494471e-04
9.787033286892783072e-04
9.785677850480522383e-04
9.783714741077821284e-04
9.781231691261182883e-04
9.764233833658763967e-04
9.764783453169767523e-04
9.764630690478737609e-04
9.763866670774037177e-04
9.762568637562049059e-04
9.760802557325028205e-04
9.741191444098434198e-04
9.742618083839620123e-04
9.718204792837395163e-04
9.722465213222161512e-04
9.725818071650653950e-04
9.728367024147747087e-04
9.730201326947576388e-04
9.731398402683950465e-04
9.732025425830073294e-04
9.705620077781541063e-04
9.709499612587722643e-04
9.712593851547568621e-04
9.714984817515210551e-04
9.716743384784640690e-04
9.687722737185127135e-04
9.692737672388837414e-04
9.658830214532511307e-04
9.666759816409269210e-04
9.673635689679139626e-04
9.679564994728762127e-04
9.684641004434182748e-04
9.688945550680176828e-04
9.692550478902168870e-04
9.695518917666674829e-04
9.697906386861638488e-04
9.664877687484405878e-04
9.626261620908954566e-04
9.636016721680317572e-04
9.592330209544964754e-04
9.542902843995562049e-04
9.559107457408716436e-04
9.573769428088174703e-04
9.519546802019404272e-04
9.459706167017636284e-04
9.371784058628238089e-04
9.381393871385454485e-04
9.300594968702877597e-04
9.352543221530515774e-04
9.368914640273530263e-04
9.379068160312094716e-04
9.387943004614013754e-04
9.305667739188921549e-04
9.357255160925356677e-04
9.373156409440580074e-04
9.382879829429611801e-04
9.391398688269141353e-04
9.308049075940192816e-04
9.316520446797133155e-04
9.323979209455469930e-04
9.330494227923275463e-04
9.336127496826337937e-04
9.340934935603148947e-04
9.344967088413073117e-04
9.348269740914285416e-04
9.350884463767124375e-04
9.352849091565293427e-04
9.354198144877332770e-04
9.354963202177070218e-04
9.355173227642740426e-04
9.354854860097645570e-04
9.333249390712809387e-04
9.337158069070367397e-04
9.309682641293978321e-04
9.274721995045264377e-04
9.286810418050107279e-04
9.340617229616358973e-04
9.358168481600985912e-04
9.369330727973944513e-04
9.379105839274049341e-04
9.428750118454566100e-04
9.358055406074308399e-04
9.369195733158559771e-04
9.379037002113062771e-04
9.387676030778012047e-04
9.395203458763588074e-04
9.443154069095448374e-04
9.372074125852449542e-04
9.421426291622475623e-04
9.459501111358050753e-04
9.547930341987570036e-04
9.621370317889631251e-04
9.681709908699138653e-04
9.731011121897428263e-04
9.771001962116658991e-04
9.812765794406158246e-04
9.838035679288221341e-04
9.857689743838441571e-04
9.872585113560104590e-04
9.883446211621672167e-04
9.890883082818810890e-04
9.895409782659388663e-04
9.897459750726914172e-04
9.897398676601202976e-04
9.925753871558129320e-04
9.952327395635635759e-04
9.956360075759815558e-04
9.958230747664090568e-04
9.958235558040168071e-04
9.982843400338379993e-04
9.974028823455797273e-04
9.983785282500206183e-04
9.981913381410401770e-04
9.978746040222212857e-04
1.000201918360026304e-03
9.990599454903434113e-04
9.998310268277020227e-04
9.994628243007413863e-04
9.989925564997210669e-04
9.984329972169091443e-04
9.977942470357601019e-04
9.970855072204906373e-04
9.994975699435112385e-04
1.000700699319740337e-03
1.000540078746405079e-03
1.001349108833531282e-03
1.002544183837750973e-03
1.002467613479932594e-03
1.002264701823721857e-03
1.001950462958234832e-03
1.001537876596310557e-03
1.001038222893058929e-03
1.001449905587412093e-03
1.000779126682274731e-03
1.000047741176672122e-03
9.992626754290990457e-04
9.984289992684882570e-04
9.975516126465508449e-04
9.999209861435572836e-04
9.993509648881940613e-04
9.987060364881974756e-04
9.979950641477066797e-04
9.972247437130940442e-04
9.964013823091093409e-04
9.988871930559084511e-04
1.000180857043752626e-03
9.999315108665143663e-04
9.996225404225393251e-04
1.000202720369030218e-03
9.996755194776091487e-04
9.990686634042894934e-04
9.983915417357154803e-04
9.976513802152698653e-04
9.968549511137913838e-04
9.960081586744644593e-04
9.985287691689776878e-04
9.979779566643555248e-04
1.000358957320762396e-03
9.990367702973749521e-04
9.996309888057578093e-04
9.991208486274576282e-04
1.000386134066108719e-03
1.001237643478931471e-03
1.002354170645620253e-03
1.002260726704686271e-03
1.002043035769322171e-03
1.002676876481979314e-03
1.003817216881102000e-03
1.003666829842312118e-03
1.003401438519435944e-03
1.003034459527922095e-03
1.002577497078250461e-03
1.002040649653191100e-03
1.002704229334018884e-03
1.003532424460674847e-03
1.003158789529183439e-03
1.002696107360802726e-03
1.003271610798465866e-03
1.003441891852128055e-03
1.002453867262762411e-03
1.001429819103529439e-03
1.000379860974249602e-03
9.993120161745528297e-04
9.982326189593587491e-04
9.976465029820035229e-04
9.968971071740268756e-04
9.961127137803034784e-04
9.953003749376136862e-04
9.944657251441345585e-04
9.936132691533887742e-04
9.927465684148577968e-04
9.918683993071276440e-04
9.909808873291580961e-04
9.900856207894857125e-04
9.891837470102093650e-04
9.882760536190230219e-04
9.873630371256510770e-04
9.864449606584323096e-04
9.859609377518877785e-04
9.854516476698544150e-04
9.848980584640321199e-04
9.843048479601865242e-04
9.836759206517371821e-04
9.830145852808625569e-04
9.823236436010704484e-04
9.816054666767555937e-04
9.812560439478746482e-04
9.803472667901950901e-04
9.788543126818631795e-04
9.793269150823189287e-04
9.796698988935907074e-04
9.798970932775976413e-04
9.800204871583081175e-04
9.781914509875610977e-04
9.786408132324061343e-04
9.789713977594106161e-04
9.767038538154562601e-04
9.773521897825077596e-04
9.778700785565157174e-04
9.782703756279680172e-04
9.785642881888431416e-04
9.787616539264393407e-04
9.788711158532556727e-04
9.789002748901585917e-04
9.788558230319464610e-04
9.787436595545019602e-04
9.785689924109218594e-04
9.783364266922360206e-04
9.767677865418400353e-04
9.769419738371134306e-04
9.748966598059822554e-04
9.754294966762186957e-04
9.758429786844649437e-04
9.761480831952843535e-04
9.763544293869924574e-04
9.764705168197498723e-04
9.765038645474795982e-04
9.764611328886822371e-04
9.747044868890596256e-04
9.750540741219849636e-04
9.752994878802938913e-04
9.754498384973361034e-04
9.755131222473885453e-04
9.754964288838112365e-04
9.738099277790696756e-04
9.741820984713514932e-04
9.744470427721723359e-04
9.746141552819669214e-04
9.746916907173809380e-04
9.729256959626683817e-04
9.733825626552653279e-04
9.737251282681695696e-04
9.715823076195833664e-04
9.722780884206066966e-04
9.728417479863910380e-04
9.732852000586549208e-04
9.736189442272250418e-04
9.713542413419332111e-04
9.684401639379978249e-04
9.695911760917276870e-04
9.661196760010117707e-04
9.675597116316208158e-04
9.688193621924216662e-04
9.699150056303143703e-04
9.661206796212519618e-04
9.675366175198540052e-04
9.687825819081497675e-04
9.698729313340883956e-04
9.708208424513121125e-04
9.669029021644910682e-04
9.682066791138158480e-04
9.693548065687185690e-04
9.703598215811186324e-04
9.712333138910758407e-04
9.719856359401320145e-04
9.726260469371855646e-04
9.731628399566981261e-04
9.736034540012017272e-04
9.739545728025279228e-04
9.708227150922234825e-04
9.715919226284386572e-04
9.722428158486438573e-04
9.727846697383115511e-04
9.732257058223255878e-04
9.735732905987645996e-04
9.706277815743388337e-04
9.713842273167014275e-04
9.720199826767464716e-04
9.725447236581957495e-04
9.694287076226354438e-04
9.703409353637303548e-04
9.711200162724242845e-04
9.717769339996809152e-04
9.684648037107966350e-04
9.694977602889395980e-04
9.656753831960902422e-04
9.670477905720801983e-04
9.682557582244786512e-04
9.640427358991224792e-04
9.655844806865831109e-04
9.669538578021840986e-04
9.681653874031105654e-04
9.637116370289084809e-04
9.652720512171236245e-04
9.666639319249965747e-04
9.618446510775767282e-04
9.635773460995205372e-04
9.651333365822711320e-04
9.665270267077670854e-04
9.677712280254670806e-04
9.688774208568432314e-04
9.698559057479473914e-04
9.707164157251890226e-04
9.663561656747685297e-04
9.676214248423044544e-04
9.687454052333253256e-04
9.697389102066580283e-04
9.706120326327534161e-04
9.713728729531988454e-04
9.720292216188696453e-04
9.725881032806247542e-04
9.730558628575037769e-04
9.734382417131557568e-04
9.737404450044437332e-04
9.739672012273155799e-04
9.741228148675987533e-04
9.712697402187760046e-04
9.677823892910588461e-04
9.688717272087498701e-04
9.698181880631239968e-04
9.706335278449886809e-04
9.713281692518300342e-04
9.678003100059278264e-04
9.636225376150343294e-04
9.651831138807491148e-04
9.665689674045384273e-04
9.619929609906725104e-04
9.637059921668814522e-04
9.652386288597063777e-04
9.666059150192956228e-04
9.678212161373102003e-04
9.631596993402010906e-04
9.647379704887198938e-04
9.661511455545791858e-04
9.674124394818579831e-04
9.685336088010685230e-04
9.695251976876976445e-04
9.703971546233308623e-04
9.711574498573414269e-04
9.718137637901225938e-04
9.723730261127142135e-04
9.728415000205619615e-04
9.732248567489522372e-04
9.698016466771974212e-04
9.706196331858090538e-04
9.713212714782872579e-04
9.719152594039572523e-04
9.724093281451336038e-04
9.728104302367889629e-04
9.696144089407835159e-04
9.657754432300834834e-04
9.670839567978959956e-04
9.627237277497530023e-04
9.643596043500368394e-04
9.594656434809979272e-04
9.614060473378432167e-04
9.631517288038830013e-04
9.578518754603776008e-04
9.599100826251849225e-04
9.540896008400201857e-04
9.564415056875145808e-04
9.585830184640339521e-04
9.605311961664165891e-04
9.623012492424721891e-04
9.639068308861298067e-04
9.653602109667769934e-04
9.666724302091051196e-04
9.678534368615573100e-04
9.689122078289845409e-04
9.698568560267241748e-04
9.649921223948079588e-04
9.595161060818389442e-04
9.613963668308670016e-04
9.631021559315100771e-04
9.573003594888717348e-04
9.593574459814988931e-04
9.612314422148881881e-04
9.629364482516063629e-04
9.644850550455222370e-04
9.658885957061205327e-04
9.671572846428972076e-04
9.683003409982286324e-04
9.693260981415167867e-04
9.702421007884094771e-04
9.710551911376502686e-04
9.717720752668281220e-04
9.723978503942467275e-04
9.680668774645482437e-04
9.691361072527950775e-04
9.700831673905066770e-04
9.654822949446405797e-04
9.668329675408136783e-04
9.680395715073483558e-04
9.691130567034520089e-04
9.643720539511159429e-04
9.658357455803099050e-04
9.671474638684070257e-04
9.683189320085440390e-04
9.634239363189710682e-04
9.649782639933201676e-04
9.663753541353591698e-04
9.676273824912584847e-04
9.687451927234583086e-04
9.697385281567231542e-04
9.706161558397092930e-04
9.713864555047265750e-04
9.670320967252024396e-04
9.682214525260437760e-04
9.692771009661808879e-04
9.702090311359610857e-04
9.710266128973248480e-04
9.717373057077207180e-04
9.723483307531779335e-04
9.728662070360233815e-04
9.732968301008346548e-04
9.736455417285183600e-04
9.739171915616604480e-04
9.741161915970490128e-04
9.742465643741927885e-04
9.743119855936282526e-04
9.743158218143171305e-04
9.742611638044528866e-04
9.720021891458394212e-04
9.723937529263323911e-04
9.726898920985340390e-04
9.728977652220745275e-04
9.730237131802810507e-04
9.730734295178660159e-04
9.710196846865659561e-04
9.714861226047052803e-04
9.718453471952766959e-04
9.721060426927600594e-04
9.722758853150194119e-04
9.723617405930906881e-04
9.723697653330124055e-04
9.723054636909052480e-04
9.707416482440609775e-04
9.710900079182749507e-04
9.713346695743511720e-04
9.714842142219129928e-04
9.715462245134746499e-04
9.715274540152575968e-04
9.700929829639441627e-04
9.704727794659003546e-04
9.685113605180958700e-04
9.658619427626864273e-04
9.670486723250633267e-04
9.638097430666014553e-04
9.652799247413735217e-04
9.614464851123304297e-04
9.631863858691935756e-04
9.647262041176592499e-04
9.660838449535815624e-04
9.672756319651344909e-04
9.683151695428025146e-04
9.644344387721811478e-04
9.658240177893457354e-04
9.670497130193501500e-04
9.681256764149914198e-04
9.690635198439345429e-04
9.698741134197947332e-04
9.705671917464462825e-04
9.711514847050951383e-04
9.716348329531477278e-04
9.720242898459594515e-04
9.723262113757924398e-04
9.725463355371381357e-04
9.726898523636090532e-04
9.727614657364036998e-04
9.727654479358261276e-04
9.727056877935639969e-04
9.725857449303233586e-04
9.708173279436712547e-04
9.711349353447056758e-04
9.713563804026541888e-04
9.692578409089024679e-04
9.698724388967180010e-04
9.703656418966334456e-04
9.707476552686569293e-04
9.684334473066085174e-04
9.691919359701667118e-04
9.698181756985575948e-04
9.671145950671789469e-04
9.680956923162772031e-04
9.689292846429377933e-04
9.658194461491402321e-04
9.669947937206155916e-04
9.680112239834262741e-04
9.688825007707552780e-04
9.696208120605773412e-04
9.702370295615401607e-04
9.707408629948349830e-04
9.678559131671118010e-04
9.642992041821159353e-04
9.656700024456670028e-04
9.615586778622522762e-04
9.632372604730149359e-04
9.647287221555450902e-04
9.660491361454313745e-04
9.672127684902387390e-04
9.682328330986711808e-04
9.641550650083783062e-04
9.594152602719305560e-04
9.612903656627697644e-04
9.629740106882546564e-04
9.644821308399811150e-04
9.658289014368937270e-04
9.670270176063774795e-04
9.680878625955260030e-04
9.635888876573795976e-04
9.650360209813096338e-04
9.663279611258549081e-04
9.674767877407301677e-04
9.628151732177655468e-04
9.575099072911072038e-04
9.595377185648577877e-04
9.537153209870850553e-04
9.560468756688019019e-04
9.581705702760820497e-04
9.601030393528974796e-04
9.618591310908813355e-04
9.634521890344753059e-04
9.577218013106491559e-04
9.596862501691481601e-04
9.614750503096242433e-04
9.631014065413866622e-04
9.645771251180215115e-04
9.659128520929234326e-04
9.671182007186093690e-04
9.682018645051380717e-04
9.691717175551974517e-04
9.700349036014390509e-04
9.707979150156618954e-04
9.714671483731440130e-04
9.720474404662582738e-04
9.725437286271424288e-04
9.729605343812102163e-04
9.691727552452490679e-04
9.700417153333367728e-04
9.707973027058657131e-04
9.714475408754722971e-04
9.719995810635710404e-04
9.724598793078229053e-04
9.728342744481431430e-04
9.731280570849953383e-04
9.733460305645308744e-04
9.734925649125449748e-04
9.707251335956630428e-04
9.713127826506074087e-04
9.717948343721140433e-04
9.721792135732391623e-04
9.692728522742358578e-04
9.700634014568552390e-04
9.707300759855773658e-04
9.674768085453171705e-04
9.685193257616066427e-04
9.694192838502848665e-04
9.701885367234646925e-04
9.708375879675904159e-04
9.713758242425979102e-04
9.718116455853670083e-04
9.721525802678631636e-04
9.724053860428931526e-04
9.725761393845969160e-04
9.726703141433992511e-04
9.726928508693989629e-04
9.726482189886387483e-04
9.725404855249172907e-04
9.723733247461831871e-04
9.708432114086951170e-04
9.711083318190700912e-04
9.712784539640033311e-04
9.713610924101961528e-04
9.713629012494178969e-04
9.712898204130657881e-04
9.711471772574696657e-04
9.709397587491615722e-04
9.706718749348165363e-04
9.698249804127303739e-04
9.699734940314462366e-04
9.700275845434866819e-04
9.699951217043568507e-04
9.689406807699724612e-04
9.692923556049178697e-04
9.676907543877171164e-04
9.683854043806138390e-04
9.662085046070010164e-04
9.633199999197099902e-04
9.597081667429332432e-04
9.615959800455829752e-04
9.632642444524556992e-04
9.591222780901554733e-04
9.542741203962780893e-04
9.566521701241267016e-04
9.587928441823226561e-04
9.607170836275321290e-04
9.624434917010604024e-04
9.573536977656632628e-04
9.515994579611352895e-04
9.541170231151749077e-04
9.570915100801182006e-04
9.600417901603460272e-04
9.622685000345767431e-04
9.554473373903417952e-04
9.575693429610712378e-04
9.595067645869415551e-04
9.612733699495022493e-04
9.628815657924650294e-04
9.569560288271356831e-04
9.589483972473586458e-04
9.607675575968005043e-04
9.624261741649888045e-04
9.639355896420829552e-04
9.653060544979930090e-04
9.665468455027948240e-04
9.676663710058203052e-04
9.686722644594335848e-04
9.695714674967118247e-04
9.646597643206809456e-04
9.659969356534643193e-04
9.671992736393588601e-04
9.620237234929595541e-04
9.636270833705364892e-04
9.650758068028942671e-04
9.663813547703371202e-04
9.675539638137939770e-04
9.686028647477383079e-04
9.695363938399091533e-04
9.703620913839845850e-04
9.710872743286222452e-04
9.667079210690527604e-04
9.678658346367122189e-04
9.688943048448731780e-04
9.698027082389172430e-04
9.653162178179722349e-04
9.666316218983400307e-04
9.678042933305932736e-04
9.688450458616137398e-04
9.697635118011094192e-04
9.705688340628944831e-04
9.712682735355210144e-04
9.718688834829722996e-04
9.723770395953775045e-04
9.727985154791692025e-04
9.731385495227009089e-04
9.734019040497694395e-04
9.735929176529161235e-04
9.737155514967571132e-04
9.709427786726257566e-04
9.715107360617192527e-04
9.719752275587208125e-04
9.723439355751031452e-04
9.726236785530292372e-04
9.728205869205312729e-04
9.729401824158953691e-04
9.729874480266870662e-04
9.729668896615356524e-04
9.728826052056048154e-04
9.727383035463239369e-04
9.725373562861485766e-04
9.710734838748413767e-04
9.713064077969382672e-04
9.714464946551406828e-04
9.715010838320972371e-04
9.714766478831665837e-04
9.713789764447597471e-04
9.712132615637985742e-04
9.709841682541878573e-04
9.706958965242046353e-04
9.699113070211380638e-04
9.700392412659869122e-04
9.700738387050497537e-04
9.700228979973522228e-04
9.698932933358143981e-04
9.696911570381836279e-04
9.694219686777254220e-04
9.690906333140979212e-04
9.687015501632622585e-04
9.682586728725766116e-04
9.677655624262562718e-04
9.672254335822617248e-04
9.666411956323616187e-04
9.660154881809682789e-04
9.653507125536555300e-04
9.646490593718179407e-04
9.639125327644108582e-04
9.650919166872538348e-04
9.647644420652231939e-04
9.643636230991999318e-04
9.638959406650816214e-04
9.633670794050746590e-04
9.627820953849938745e-04
9.640240727533599344e-04
9.645693388658097348e-04
9.647809970635621820e-04
9.648685415896770959e-04
9.648442475901726142e-04
9.647188855438241844e-04
9.645019752178335577e-04
9.642019401734957303e-04
9.638262430080939917e-04
9.633815037405710907e-04
9.628736034389085915e-04
9.623077860158661375e-04
9.616887165539035999e-04
9.610205597568233964e-04
9.625549486960570562e-04
9.622711088680548737e-04
9.619044784331254446e-04
9.614628207563053180e-04
9.627185783236297560e-04
9.626313819078003396e-04
9.624431571856200979e-04
9.621637220976688061e-04
9.618016954331959226e-04
9.613646975914475314e-04
9.608594810992033327e-04
9.602920378619563685e-04
9.596676928759306606e-04
9.589911862195662096e-04
9.608226375546083473e-04
9.605211639574051490e-04
9.601351494982016685e-04
9.596726891248126166e-04
9.591408757524124643e-04
9.585459941199054191e-04
9.603749468516238575e-04
9.614882404164102302e-04
9.616609621201292583e-04
9.621405683692177933e-04
9.625924815860201558e-04
9.628957071233665505e-04
9.630652921755795568e-04
9.631144493687259812e-04
9.630548509276607707e-04
9.628968184512201860e-04
9.626494890847152102e-04
9.632778403047499499e-04
9.633832441934449264e-04
9.633761942478923481e-04
9.632674135672475782e-04
9.630663267359610390e-04
9.627812887030340371e-04
9.624197156459768886e-04
9.619881996008818222e-04
9.614926088811855858e-04
9.625800767341985203e-04
9.624627174367663286e-04
9.622509755483481557e-04
9.619536499492414372e-04
9.615784707998672326e-04
9.611323007187756859e-04
9.606212408812372016e-04
9.600507239326353534e-04
9.594255953638999683e-04
9.587501847815670759e-04
9.580283683280244218e-04
9.572636233522421921e-04
9.564590762951123704e-04
9.556175446341226001e-04
9.547415736273285247e-04
9.572838308590762716e-04
9.567943441309730273e-04
9.562333693082062129e-04
9.583463837220745169e-04
9.597293201731108827e-04
9.599124373897719104e-04
9.599631153647770684e-04
9.598949682276162283e-04
9.597199329176924702e-04
9.594485453353918678e-04
9.606895811720802180e-04
9.607488175059101729e-04
9.606918153439908447e-04
9.614422605233170728e-04
9.616994357882898900e-04
9.618258424116892620e-04
9.618344432170917785e-04
9.617366253417447856e-04
9.615424629788449492e-04
9.612608786614488523e-04
9.608997845021937604e-04
9.604662058889905244e-04
9.599663898156622025e-04
9.594058997564481467e-04
9.587896987567340453e-04
9.581222222052166284e-04
9.574074415711009362e-04
9.566489202308304943e-04
9.558498623693448141e-04
9.550131558186359879e-04
9.541414095891951729e-04
9.532369867560149977e-04
9.523020332785057419e-04
9.513385032615582181e-04
9.503481811017449850e-04
9.493327009073290268e-04
9.482935635321907558e-04
9.472321515213500461e-04
9.461497422285250307e-04
9.450475193336193690e-04
9.439265829595060685e-04
9.427879585625244382e-04
9.470629748176371274e-04
9.506391171772498672e-04
9.502474582114147587e-04
9.497610787855924460e-04
9.491901782453250050e-04
9.485436601778824556e-04
9.478293648292605194e-04
9.512605243303028047e-04
9.539553383401807793e-04
9.539365913049317313e-04
9.537905443793286576e-04
9.535309207944685185e-04
9.531697237815771198e-04
9.527175201383213630e-04
9.521836206175037865e-04
9.515762374591387081e-04
9.509026219749994960e-04
9.501691847138321774e-04
9.493816004144735744e-04
9.525603804087088471e-04
9.521209474503985028e-04
9.515973203801215106e-04
9.509981290106411366e-04
9.503309187749875040e-04
9.496023562160936429e-04
9.488183388084684040e-04
9.479840908700608477e-04
9.471042473368347604e-04
9.506396255299189631e-04
9.501118069541623565e-04
9.530454063835015234e-04
9.528259757254790635e-04
9.524997674008826290e-04
9.520780642157895607e-04
9.546113452162994064e-04
9.544957092636726162e-04
9.542664772843096775e-04
9.539355316401832048e-04
9.535132755538374685e-04
9.557769356936130639e-04
9.556735439740177227e-04
9.554588147816111708e-04
9.551441809994979434e-04
9.547396604527689937e-04
9.542541008852676709e-04
9.536953253361839461e-04
9.559982868498963790e-04
9.575537638081038812e-04
9.577399181977744183e-04
9.577919348692807760e-04
9.577235859904748450e-04
9.588634659411399575e-04
9.590998978483641652e-04
9.592028770313283485e-04
9.591858090836655019e-04
9.590604692255333972e-04
9.588372719015627156e-04
9.585254380275476122e-04
9.581331414308369952e-04
9.576676370834669725e-04
9.571353733928094189e-04
9.565420905331799154e-04
9.558929065556082127e-04
9.551923927973258056e-04
9.544446399236689981e-04
9.536533157695644119e-04
9.528217160027929343e-04
9.554372098933891890e-04
9.549877689929603701e-04
9.570157925195056127e-04
9.569005779886883807e-04
9.582987012585201169e-04
9.589217654366378497e-04
9.595071570583839447e-04
9.594330721507853335e-04
9.602617322006905005e-04
9.609118332711137330e-04
9.614013489421366528e-04
9.608644010874838309e-04
9.616402798933552801e-04
9.604373340694608626e-04
9.614833595213564347e-04
9.596069524024521515e-04
9.569401277670305534e-04
9.586807502101635800e-04
9.601984699158369260e-04
9.615146082455782632e-04
9.626471577763391543e-04
9.636125747598856027e-04
9.644255149946967184e-04
9.617794907877449256e-04
9.583895064794731907e-04
9.600218577200404215e-04
9.614581956164368901e-04
9.627156449551701632e-04
9.638098784696622892e-04
9.602663253467177583e-04
9.617065867664562756e-04
9.629734720221580111e-04
9.640814102237349600e-04
9.650437051308421261e-04
9.658713353690282118e-04
9.624393855157937052e-04
9.636512458296777337e-04
9.647102252260361969e-04
9.609034906741146598e-04
9.623274698513891497e-04
9.635853198151983967e-04
9.646904852867476711e-04
9.656549415057275824e-04
9.664899054073933281e-04
9.672045117582440087e-04
9.637317309304650314e-04
9.595632252507718934e-04
9.611818720407410213e-04
9.626229541567569688e-04
9.580565483319567616e-04
9.598384971746430020e-04
9.614359900241495338e-04
9.628639223491462784e-04
9.580716091209624460e-04
9.598558032335487026e-04
9.614605679884982757e-04
9.629000433833592287e-04
9.641868505982386685e-04
9.593737171952575193e-04
9.538907290056196408e-04
9.560654701423323748e-04
9.500517516711699025e-04
9.525314426415321025e-04
9.547959928714157621e-04
9.568622475743488809e-04
9.587452797226070529e-04
9.604586684834671203e-04
9.620146622587778416e-04
9.634243235790234360e-04
9.578947524537016018e-04
9.597053525978200151e-04
9.613513669832294412e-04
9.628446958518272489e-04
9.641960020558155422e-04
9.587390639618569802e-04
9.604945143589709933e-04
9.620887510733670692e-04
9.635334296639966887e-04
9.648389890270624852e-04
9.660148687191111435e-04
9.608190468124444550e-04
9.624104113749196122e-04
9.638499113758348469e-04
9.651484764466186856e-04
9.663158877059757103e-04
9.673609875961769380e-04
9.682917823626529912e-04
9.691155330013695966e-04
9.698388359781615802e-04
9.704681759061733548e-04
9.710084770847123231e-04
9.714647498531185166e-04
9.677145823186084246e-04
9.686201310904063314e-04
9.694093481692707187e-04
9.700900082786484413e-04
9.706695337618774294e-04
9.669957135923445100e-04
9.679971610953059949e-04
9.688707828243239579e-04
9.696257699441837141e-04
9.702707834920278399e-04
9.666268039191084184e-04
9.676798660164130303e-04
9.635337040594654920e-04
9.649528991101968172e-04
9.602829913240365500e-04
9.620366660543844869e-04
9.636095190844152451e-04
9.650163926052014599e-04
9.662704882576081487e-04
9.615246760619210230e-04
9.561266525476409903e-04
9.582444139423900451e-04
9.601640369883245171e-04
9.619015595455997734e-04
9.634712754344791847e-04
9.648860125121506894e-04
9.661572971399041932e-04
9.672954998876686543e-04
9.623345940889557835e-04
9.638739364112948243e-04
9.652601496930390086e-04
9.665046916977689147e-04
9.676177879525961175e-04
9.686086517654789695e-04
9.694855969169770748e-04
9.702566254917410456e-04
9.709279826132728762e-04
9.715058470022601075e-04
9.719958328031489455e-04
9.724030510621553113e-04
9.727321642728840563e-04
9.729874347009562479e-04
9.731727672037535559e-04
9.732917471798066761e-04
9.733476742098976040e-04
9.733435918875028717e-04
9.732823142790297853e-04
9.731664494034660733e-04
