1.575622180595590649e+01
1.575259102136867106e+01
1.574895141603802706e+01
1.574590533170991158e+01
1.574244495923508147e+01
1.573856722628245741e+01
1.573472677279319143e+01
1.573092190923527767e+01
1.572769980653457722e+01
1.572396445616067062e+01
1.572114946591125850e+01
1.571871738859997336e+01
1.571504712798008718e+01
1.571139048436208796e+01
1.570942882792654771e+01
1.570563391212651361e+01
1.570190637861592364e+01
1.569823627502846541e+01
1.569629556017998162e+01
1.569222138153530288e+01
1.569034140522123622e+01
1.568633526652775956e+01
1.568457046350696160e+01
1.568063645535031370e+01
1.567899413139042331e+01
1.567513004717982028e+01
1.567371660433533620e+01
1.566997165929289260e+01
1.566625514961488186e+01
1.566516098736595630e+01
1.566144919579493155e+01
1.565778091397286076e+01
1.565416465785098410e+01
1.565060637760159779e+01
1.564985711513832989e+01
1.564628503570584606e+01
1.564543456251498021e+01
1.564154915748124886e+01
1.564064517035434143e+01
1.563980156783572539e+01
1.563587419070173468e+01
1.563211897804852768e+01
1.562852228429893486e+01
1.562507013508173692e+01
1.562174865781012478e+01
1.561792003002654994e+01
1.561409471392651938e+01
1.561026489063131706e+01
1.560642543849496811e+01
1.560526504117743762e+01
1.560143577913771651e+01
1.560059825442944437e+01
1.559677511620502699e+01
1.559559164783054186e+01
1.559517083994490427e+01
1.559070023466833099e+01
1.558625205704496075e+01
1.558182672876704977e+01
1.557742546514796089e+01
1.557304960493617862e+01
1.557210305982847309e+01
1.557121899463940551e+01
1.556678049708945188e+01
1.556237601510018109e+01
1.555800482229417447e+01
1.555730248316250020e+01
1.555669368156742038e+01
1.555625307038653204e+01
1.555160247344945823e+01
1.555081595071056988e+01
1.554997964627148832e+01
1.554466068827762371e+01
1.553953536564371518e+01
1.553863793099068680e+01
1.553353345479384551e+01
1.552860267642675041e+01
1.552766164634030943e+01
1.552273628833157737e+01
1.552154567476501157e+01
1.551644645232944875e+01
1.551512815061323280e+01
1.551382246611897031e+01
1.550872845004043832e+01
1.550385909969548592e+01
1.549918976082716604e+01
1.549469759239763356e+01
1.549329233498221292e+01
1.549188645216566229e+01
1.549053314762993772e+01
1.548926575435470632e+01
1.548452731211316724e+01
1.547994829300023945e+01
1.547875075841575843e+01
1.547421594847574156e+01
1.546982856831504982e+01
1.546558143891083148e+01
1.546373582533036917e+01
1.546335412407164256e+01
1.546189827882138879e+01
1.545711106128164936e+01
1.545186511975996169e+01
1.544680133702762426e+01
1.544439667546146389e+01
1.543943638339670343e+01
1.543464081081693529e+01
1.543220188769297252e+01
1.542983282550038027e+01
1.542502492604699427e+01
1.542204063179972096e+01
1.541667438668415713e+01
1.541153189629124931e+01
1.540820855228551345e+01
1.540490785033249743e+01
1.539973633146310661e+01
1.539479162148671421e+01
1.539010430753107350e+01
1.538640747375787043e+01
1.538284476482312435e+01
1.537803337069191478e+01
1.537349096600874532e+01
1.536967861266024116e+01
1.536518577480076075e+01
1.536136185904980778e+01
1.535691102145323228e+01
1.535310022131731422e+01
1.534868565412865848e+01
1.534460163982199710e+01
1.534024494241897685e+01
1.533606008791248776e+01
1.533203613618017336e+01
1.532815511487921256e+01
1.532439390987050842e+01
1.532072571293520014e+01
1.531712170829572095e+01
1.531355282552764940e+01
1.530806312730089580e+01
1.530273014641924689e+01
1.529780046718318687e+01
1.529340495545068279e+01
1.528957139900269269e+01
1.528626187752669097e+01
1.528280866530454674e+01
1.527723634487866988e+01
1.527195664094614358e+01
1.526694155827418165e+01
1.526141623287302451e+01
1.525847261134251553e+01
1.525303068123862715e+01
1.524772159919185022e+01
1.524254551042028538e+01
1.523750403131380438e+01
1.523259905193986263e+01
1.522806503459278460e+01
1.522320329498011837e+01
1.521864750434516367e+01
1.521425174331131736e+01
1.520924392203543540e+01
1.520437745035015276e+01
1.519966990873229662e+01
1.519527074939780675e+01
1.519041098485620900e+01
1.518558658840110454e+01
1.517980181936743023e+01
1.517426548139622611e+01
1.516926157316750334e+01
1.516377012379875566e+01
1.515856955951277563e+01
1.515368944205923185e+01
1.514815539002231759e+01
1.514330236170000354e+01
1.513809242296887270e+01
1.513303352206228070e+01
1.512811009463374390e+01
1.512330075399735030e+01
1.511670375899931962e+01
1.511178023734930420e+01
1.510554129662100209e+01
1.510049352268321421e+01
1.509556240407606431e+01
1.508966296324169853e+01
1.508463269373096338e+01
1.507971275170370262e+01
1.507488214813540317e+01
1.507011777981756318e+01
1.506483620781582644e+01
1.505914475815898612e+01
1.505461839891379938e+01
1.505010788490753448e+01
1.504559526019146176e+01
1.504034298367907851e+01
1.503593369978343652e+01
1.503152506109475084e+01
1.502562613818465742e+01
1.502055617021776435e+01
1.501437465844977837e+01
1.500932774821672311e+01
1.500437115473980043e+01
1.499825474576127426e+01
1.499226282608421279e+01
1.498709370109852657e+01
1.498145176524343114e+01
1.497615606687632450e+01
1.497102959543241418e+01
1.496608370181138703e+01
1.496060538881300772e+01
1.495568847364030240e+01
1.495014974959985210e+01
1.494463753593130839e+01
1.493913623391448198e+01
1.493314736208390592e+01
1.492770128460776746e+01
1.492219920504085273e+01
1.491630535353941411e+01
1.491087176583489082e+01
1.490538964169989811e+01
1.489983987451804381e+01
1.489421538647315657e+01
1.488851114467968273e+01
1.488260291216696629e+01
1.487861388192519385e+01
1.487294638052742890e+01
1.486886086938084794e+01
1.486389493952965957e+01
1.485776663336569037e+01
1.485253459277973143e+01
1.484648986186428843e+01
1.484056039208247313e+01
1.483537450143995962e+01
1.482953819834698628e+01
1.482380347141847565e+01
1.481815202549558563e+01
1.481256407244469386e+01
1.480702017286797911e+01
1.480150268776887046e+01
1.479599680008081997e+01
1.478882690015528922e+01
1.478569449074468523e+01
1.478062970965180334e+01
1.477471033494298247e+01
1.476861758213355991e+01
1.476235587392789306e+01
1.475592254961509653e+01
1.475294557499174886e+01
1.474676262327886356e+01
1.474271971333932285e+01
1.473605899218328297e+01
1.472927326901688438e+01
1.472237212238585435e+01
1.471536663676215007e+01
1.470826896680976681e+01
1.470037140624256367e+01
1.469322059396852787e+01
1.469069371805586499e+01
1.468697126760987004e+01
1.468046561968427710e+01
1.467383036730370449e+01
1.466708116883543056e+01
1.466378284839545643e+01
1.465728865661078473e+01
1.465068203107923139e+01
1.464735705448700642e+01
1.464316647322613285e+01
1.463708516771316681e+01
1.463212893832515071e+01
1.462569494629564204e+01
1.461928327529355265e+01
1.461288368878513388e+01
1.460797471624319677e+01
1.460231116627831938e+01
1.459615683240213180e+01
1.459026031175385185e+01
1.458442829092961546e+01
1.457864135689385776e+01
1.457288241506505599e+01
1.456713667304394910e+01
1.456192727498044270e+01
1.455643268649206057e+01
1.455093956951136569e+01
1.454574888787935372e+01
1.454048965693821494e+01
1.453210801754660508e+01
1.452658580923643328e+01
1.452036786325225748e+01
1.451425799572417930e+01
1.450825348994687758e+01
1.450235460712477042e+01
1.449656278731642089e+01
1.449014161502049269e+01
1.448364937723482448e+01
1.447795966231595877e+01
1.447202220228470004e+01
1.446600608769261598e+01
1.446098196667041336e+01
1.445520270372665728e+01
1.444934767303750967e+01
1.444341181707496702e+01
1.443739072320579986e+01
1.443179483274813357e+01
1.442594943829833909e+01
1.442006889258376567e+01
1.441412518510423801e+01
1.440887726357723331e+01
1.440289965484339341e+01
1.439687215546184262e+01
1.439158045211097381e+01
1.438497869873725321e+01
1.437846452771639782e+01
1.437202694717795026e+01
1.436685347214787534e+01
1.436051855012194167e+01
1.435425515518373629e+01
1.434691386663360291e+01
1.434050705473665133e+01
1.433418261439509500e+01
1.432972181856589877e+01
1.432350707090211372e+01
1.431899365066783503e+01
1.431285501361361412e+01
1.430841428826091821e+01
1.430370039891838196e+01
1.429651998847858252e+01
1.429183442773537216e+01
1.428480036369666628e+01
1.427762315643680324e+01
1.427029947299327617e+01
1.426306163785970504e+01
1.425593014837483885e+01
1.424892716720483143e+01
1.424309071711661545e+01
1.423626903283810030e+01
1.422960074067073677e+01
1.422310988197041226e+01
1.421681593394850474e+01
1.420997872531691897e+01
1.420221355282128606e+01
1.419556205666712501e+01
1.418891253068752967e+01
1.418225988465657750e+01
1.417530485956398678e+01
1.416867959035676705e+01
1.416193388380183471e+01
1.415462207129448657e+01
1.414916343254719422e+01
1.414300357659210405e+01
1.413678390960038556e+01
1.413050593647932018e+01
1.412417301837217209e+01
1.411779015643744550e+01
1.411136369308436045e+01
1.410490098168348183e+01
1.409841005806370795e+01
1.409126167152124687e+01
1.408480907959684458e+01
1.407834415502393277e+01
1.407106113110614842e+01
1.406370510194925671e+01
1.405628586448418282e+01
1.404881262167078759e+01
1.404083044641244982e+01
1.403330296283249901e+01
1.403087762493715296e+01
1.402362403430740478e+01
1.401628805955080281e+01
1.400888355767554749e+01
1.400142331401575468e+01
1.400118986125895049e+01
1.399391284036020622e+01
1.398655095383785252e+01
1.397912072530509420e+01
1.397163731954718457e+01
1.396411453007019787e+01
1.395656481004713179e+01
1.394899933805342229e+01
1.395071404742216359e+01
1.395145841735897818e+01
1.394347556507750063e+01
1.393547234203601271e+01
1.393544089908163208e+01
1.392732531584402267e+01
1.392625331318074977e+01
1.391848801630465360e+01
1.391074264970018604e+01
1.390301606794611722e+01
1.389530891335721385e+01
1.389420931753696387e+01
1.388683804720201387e+01
1.387944770321333721e+01
1.387204624134253450e+01
1.386464207742096022e+01
1.386375158747513581e+01
1.386161276824873489e+01
1.385489790131641641e+01
1.384811733155011026e+01
1.384128355727083282e+01
1.383440930126720403e+01
1.382668304761275380e+01
1.381882600978467757e+01
1.381085364281130623e+01
1.381015664168835677e+01
1.380239403900108996e+01
1.379892380536791130e+01
1.379129581198390575e+01
1.378352050086503056e+01
1.377561511432190677e+01
1.376759770310524900e+01
1.376853478518392393e+01
1.376065497236990787e+01
1.375265388211322559e+01
1.374455086958009531e+01
1.374516581163541673e+01
1.374559342031876596e+01
1.373669177062322255e+01
1.373528306535586552e+01
1.373278913278400637e+01
1.372931350497016645e+01
1.372119699624157008e+01
1.371310903830673489e+01
1.370503333368943721e+01
1.369695928466105350e+01
1.368888080324183143e+01
1.368636914368801349e+01
1.367858871198511572e+01
1.367077393989138834e+01
1.366293031994514529e+01
1.365506432234304945e+01
1.364718301588945870e+01
1.363929405483698254e+01
1.363140567721774410e+01
1.363070557957563089e+01
1.362911059249098500e+01
1.362416449342364011e+01
1.361614656118524636e+01
1.360820777363753997e+01
1.360035725646587501e+01
1.359259998327806152e+01
1.358493779113952193e+01
1.357737033624188605e+01
1.356989593774508229e+01
1.356251227477540944e+01
1.355965269777197335e+01
1.355705807088929582e+01
1.355367877176855806e+01
1.354706268650903844e+01
1.354052542805294124e+01
1.353627181200505269e+01
1.352910880629170620e+01
1.352205239030053363e+01
1.351511726652114653e+01
1.350831393185831608e+01
1.350164891039009873e+01
1.349740216803822435e+01
1.349087601137780545e+01
1.348375020594177975e+01
1.347660203353717101e+01
1.347295506468035420e+01
1.346871072013507842e+01
1.346170975654755253e+01
1.345462753340444451e+01
1.344993112005285596e+01
1.344531517330771031e+01
1.344050451901216370e+01
1.343207581190324973e+01
1.342542735940886267e+01
1.342094174161549169e+01
1.341239590354933675e+01
1.340414512810688130e+01
1.339621006516524204e+01
1.338861363037874064e+01
1.338073986213508526e+01
1.337663821467732816e+01
1.336903670117861509e+01
1.336158971450743671e+01
1.335728468067833141e+01
1.335005362031702347e+01
1.334295931121396173e+01
1.333600688233397236e+01
1.332919873927194132e+01
1.332417053955992614e+01
1.331739094348390573e+01
1.331073350311979198e+01
1.330420003681391528e+01
1.329778927443513403e+01
1.329153230833178334e+01
1.328528750628579580e+01
1.327840126555586586e+01
1.327406972394986617e+01
1.326717095836519356e+01
1.326207743281890927e+01
1.325728473055910683e+01
1.325246396225547407e+01
1.324480437704238511e+01
1.323732875175814172e+01
1.323004685731724450e+01
1.322297048226023719e+01
1.321611199932353031e+01
1.320948279284222515e+01
1.320309176122245098e+01
1.319519362641924332e+01
1.318852529289181419e+01
1.318142150971874749e+01
1.317487219343139770e+01
1.316831148985383138e+01
1.316333353191635958e+01
1.315685474054589399e+01
1.315035778345387918e+01
1.314383849767336976e+01
1.313696386884352130e+01
1.313044377590161460e+01
1.312342984373698052e+01
1.311798942001503221e+01
1.311183784807283459e+01
1.310563062901504594e+01
1.309936781172783604e+01
1.309290226164239179e+01
1.308663115530807808e+01
1.308021783564942631e+01
1.307376569364662089e+01
1.306728173633792878e+01
1.306599334759841824e+01
1.306374729454677741e+01
1.305761697539223576e+01
1.305146580285972924e+01
1.304529414006842636e+01
1.303910393918872757e+01
1.303206591043655216e+01
1.302489941966417497e+01
1.301688294621789943e+01
1.300957941987972433e+01
1.300216620564666314e+01
1.299465762481428044e+01
1.298706791460881327e+01
1.297941094256137617e+01
1.297169996391778213e+01
1.296341214864386515e+01
1.295567499685244961e+01
1.294692656939385778e+01
1.293920132189224503e+01
1.293146713592419950e+01
1.292373315423224156e+01
1.292631097206702506e+01
1.291864249637168705e+01
1.292066361486722670e+01
1.292255777972615860e+01
1.292338828572760612e+01
1.291514583759235535e+01
1.291362458333186858e+01
1.290839875226480871e+01
1.290088378548829340e+01
1.289783183950400414e+01
1.289068922564181818e+01
1.288349204579323271e+01
1.288020564516529554e+01
1.287326545986449666e+01
1.286630017029803419e+01
1.285930503431742977e+01
1.285637513918139874e+01
1.284971023307340232e+01
1.284298763689287526e+01
1.283949474127468271e+01
1.283251709204480662e+01
1.282557612635536515e+01
1.281867498398688632e+01
1.281181500034392151e+01
1.280499630443243220e+01
1.279821836692536863e+01
1.279148050810450243e+01
1.278900326738694737e+01
1.278264903214071779e+01
1.277911392637163779e+01
1.277311462881439041e+01
1.276712401775128214e+01
1.276114296560712980e+01
1.275517207623422244e+01
1.274846777002542275e+01
1.274561634826620526e+01
1.274137533111258946e+01
1.273527196667886052e+01
1.272920855465399192e+01
1.272362490887746134e+01
1.271550912612094208e+01
1.270985938114472269e+01
1.270387089638062150e+01
1.269863366273648353e+01
1.269093019263191024e+01
1.268354617883938928e+01
1.267628403221211819e+01
1.266916683879244410e+01
1.266222013368419219e+01
1.265547048932996255e+01
1.265012339640830419e+01
1.264437307177045255e+01
1.263788048080573567e+01
1.263155236950546012e+01
1.262542357275672877e+01
1.261885613084936608e+01
1.261234600829059183e+01
1.260589744426392578e+01
1.259979576780293442e+01
1.259337224108052489e+01
1.258743902786656044e+01
1.258103121361942556e+01
1.257465495607355699e+01
1.256831746470120592e+01
1.256202375118438574e+01
1.255577663369955665e+01
1.254957689326937675e+01
1.254346844533995764e+01
1.253837023193721834e+01
1.253236166506672333e+01
1.252640837088560133e+01
1.252051113350309031e+01
1.251391730516906264e+01
1.250945667776772297e+01
1.250287595741557389e+01
1.249636697871815905e+01
1.248994892593253070e+01
1.248363643308271698e+01
1.247697798847649153e+01
1.247027283416746180e+01
1.246351318964312149e+01
1.245669695306867553e+01
1.245182051563144832e+01
1.244508274124262570e+01
1.243829215372151431e+01
1.243144724199168039e+01
1.242698549876023506e+01
1.242019487316513349e+01
1.241336083037080051e+01
1.240908746433868792e+01
1.240224745145326857e+01
1.239538084926398831e+01
1.238848634694480033e+01
1.238118879308011167e+01
1.237429482128735181e+01
1.236779567958299353e+01
1.236133575617909841e+01
1.235482189856968915e+01
1.234825406982260887e+01
1.234414674293064529e+01
1.233724143292814723e+01
1.233041166821414336e+01
1.232364136776797459e+01
1.231691552028652303e+01
1.231284912309345181e+01
1.230635329465138028e+01
1.230153088808174644e+01
1.229519129252765808e+01
1.228891786928962482e+01
1.228318382046301949e+01
1.227768799222008234e+01
1.227046152161333303e+01
1.226342560681103500e+01
1.225656647635159580e+01
1.224987420118461934e+01
1.224333895665730942e+01
1.223698825469384843e+01
1.222842027125134656e+01
1.222143199929312196e+01
1.221460897618183061e+01
1.220796822571668550e+01
1.220152135643676061e+01
1.219451535039127243e+01
1.218752340908303822e+01
1.218296354591036668e+01
1.217603943897705321e+01
1.216914177737639591e+01
1.216226255247388366e+01
1.215539230763752521e+01
1.214852106281093214e+01
1.214367844477133751e+01
1.213675673010879663e+01
1.212985191116447403e+01
1.212495390176932730e+01
1.211744481782587890e+01
1.211008189348335229e+01
1.210284666278210430e+01
1.209531039338375535e+01
1.208833649888177497e+01
1.208064278934247504e+01
1.207400258076433808e+01
1.206756749897556524e+01
1.206143484914445985e+01
1.205512997008238507e+01
1.204888962167373201e+01
1.204269738645111509e+01
1.203653735686423687e+01
1.203039522475535072e+01
1.202522790731491575e+01
1.201843023418219936e+01
1.201172600153980774e+01
1.200457901971861929e+01
1.199762962776108033e+01
1.199088215461009455e+01
1.198168095008279899e+01
1.197457375276594682e+01
1.196765410620625225e+01
1.196092898542170957e+01
1.195440316437260542e+01
1.194736254659669150e+01
1.194216696662670785e+01
1.193658299770767428e+01
1.192989905676495965e+01
1.192427326439075408e+01
1.191872964953958736e+01
1.191217624618463233e+01
1.190348566778155615e+01
1.189892307917936520e+01
1.189431760574811392e+01
1.188593309329895042e+01
1.187774226167433334e+01
1.186978495917359844e+01
1.186210190297196831e+01
1.185412728267551863e+01
1.184991845233256136e+01
1.184522054706257599e+01
1.183771393184287568e+01
1.182979294319665620e+01
1.182200759734132056e+01
1.181385142899275387e+01
1.181097349096803661e+01
1.180356587795434464e+01
1.180011613575712204e+01
1.179287509902053799e+01
1.178891465052378429e+01
1.178138771613386204e+01
1.177363067904027361e+01
1.176605002180951054e+01
1.175864940223611832e+01
1.175066872607849255e+01
1.174281232403311037e+01
1.173510438944898659e+01
1.172757004126022373e+01
1.172023312085281432e+01
1.171555576217724237e+01
1.170819814833572359e+01
1.170360330286895412e+01
1.169849339017972412e+01
1.169035550456022854e+01
1.168236706879924114e+01
1.167724486031665521e+01
1.166929074994346038e+01
1.166150711427197528e+01
1.165642887838844999e+01
1.164868178003444044e+01
1.164113296105133166e+01
1.163605415854269154e+01
1.162853303462609844e+01
1.162124250404476555e+01
1.161314290045051933e+01
1.160590660882819414e+01
1.159880644113151682e+01
1.159184727779745749e+01
1.158440673449364766e+01
1.157593586305514677e+01
1.156926223551717214e+01
1.156270452626393030e+01
1.155626077465114498e+01
1.155014211683802294e+01
1.154362766447784239e+01
1.153722289524993982e+01
1.153092429036911426e+01
1.152461625381056010e+01
1.151751037254680021e+01
1.151050518966895631e+01
1.150361732705652074e+01
1.149586473171109091e+01
1.148928567656814259e+01
1.148306091608933599e+01
1.147605155093379281e+01
1.147064372789596476e+01
1.146341542558073456e+01
1.145778231691382310e+01
1.144940724094618467e+01
1.144134026679231120e+01
1.143359347585696639e+01
1.142742234353111819e+01
1.141963839592421515e+01
1.141216660864603405e+01
1.140502533755871184e+01
1.139758562872234293e+01
1.139030571749143661e+01
1.138434384160253998e+01
1.137757981517566108e+01
1.137058721543103879e+01
1.136278655477587485e+01
1.135776731281528740e+01
1.135012188833611191e+01
1.134273247165881315e+01
1.133504443110147974e+01
1.132749264170720238e+01
1.132008738224186750e+01
1.131289568239046694e+01
1.130979613538538509e+01
1.130232483058215820e+01
1.129501964006569281e+01
1.129088711115831778e+01
1.128553164410151766e+01
1.127713259319301287e+01
1.126895049231547397e+01
1.126540592543524077e+01
1.125745266742672257e+01
1.124895397932838392e+01
1.124054885326954434e+01
1.123591300417401762e+01
1.123077775880897100e+01
1.122548847206711820e+01
1.121607236398827290e+01
1.120663336909617058e+01
1.120228501958159129e+01
1.119300005046688185e+01
1.118372393445512536e+01
1.117448794688545810e+01
1.116532985567409675e+01
1.115629241610344380e+01
1.114657950531897157e+01
1.113806888605494194e+01
1.112868200596455637e+01
1.112460323591672662e+01
1.111658343468684862e+01
1.111212246815692595e+01
1.110748848470341343e+01
1.110288132161905672e+01
1.109634615504876898e+01
1.108774458305742705e+01
1.107935845367725847e+01
1.107122160472875727e+01
1.106336991704997175e+01
1.105847683430291717e+01
1.105081762747715146e+01
1.104292948649443318e+01
1.103831406274200688e+01
1.103113271473528023e+01
1.102369811760823026e+01
1.101888402943210288e+01
1.101163151774281523e+01
1.100452111803967448e+01
1.099967724087161081e+01
1.099410114270324001e+01
1.098652303413452458e+01
1.098063317696789554e+01
1.097369991021789559e+01
1.096662723962808883e+01
1.095903917304141473e+01
1.095270242811018768e+01
1.094514676124890507e+01
1.093770686691380689e+01
1.093015399084776362e+01
1.092277775260184747e+01
1.091460367808370435e+01
1.090643885999384288e+01
1.089830845612551435e+01
1.089024255554182830e+01
1.088227722311101253e+01
1.087361750871429855e+01
1.086805287390238206e+01
1.086241568841694871e+01
1.085469758150814279e+01
1.084707585869407254e+01
1.084021751780910137e+01
1.083256099849314502e+01
1.082506844815409153e+01
1.081675409069988270e+01
1.081190357418948267e+01
1.080475996491716018e+01
1.079959178997744118e+01
1.079198646844371723e+01
1.078667763957452408e+01
1.077923275365038336e+01
1.077214306787616671e+01
1.076487067910009898e+01
1.075779909659937417e+01
1.075259164491424713e+01
1.074563402862482064e+01
1.073885351126366672e+01
1.073323167295343517e+01
1.072644684592120257e+01
1.071905901756002066e+01
1.071171094174336424e+01
1.070441853720371483e+01
1.069840461437347479e+01
1.069324401132450753e+01
1.068512498263453381e+01
1.067708212777244370e+01
1.067136665000571583e+01
1.066333083405386972e+01
1.065776897503431542e+01
1.064974705155483825e+01
1.064182340616340561e+01
1.063403701243924537e+01
1.062875273253199460e+01
1.062097258603092342e+01
1.061408473276655329e+01
1.060624248700827366e+01
1.059859931255278553e+01
1.058933756713789087e+01
1.058250215571445629e+01
1.057535890804745726e+01
1.056834015639319091e+01
1.056144962169977397e+01
1.055468695633069132e+01
1.054745001849559394e+01
1.054103209714967626e+01
1.053469899293995660e+01
1.052747357665929329e+01
1.052142430016902530e+01
1.051500462996849095e+01
1.050837327017653955e+01
1.050264907195942676e+01
1.049694877639077362e+01
1.048926441355394346e+01
1.048290223875060612e+01
1.047495319221449606e+01
1.046767034123678464e+01
1.046094435119879762e+01
1.045422975714841662e+01
1.044761875197316314e+01
1.043958987272864114e+01
1.043118564908342627e+01
1.042526279620043184e+01
1.041804756904198470e+01
1.040933843192352981e+01
1.040057459891681724e+01
1.039179036218489927e+01
1.038742403787095903e+01
1.038085449260501925e+01
1.037251149662956351e+01
1.036776673026491657e+01
1.036293592895698623e+01
1.035469115425650699e+01
1.034631232562300163e+01
1.034217776659112964e+01
1.033717766447975883e+01
1.032862082551113936e+01
1.032010120357548821e+01
1.031163277776304454e+01
1.030323711176056278e+01
1.029494298181763412e+01
1.028726757808773939e+01
1.028247493272675328e+01
1.027770112066646213e+01
1.026991439866933398e+01
1.026222217783612756e+01
1.025767349780893412e+01
1.025023552097453461e+01
1.024292237803168959e+01
1.023774528304677567e+01
1.022998253224304577e+01
1.022437291746878429e+01
1.021680374501549338e+01
1.020896929723011404e+01
1.020051534781706870e+01
1.019202201388648810e+01
1.018352249819078992e+01
1.017505511867807400e+01
1.016666262504158169e+01
1.015839071089976819e+01
1.015202993381884866e+01
1.014643373930820580e+01
1.013821178326597838e+01
1.013005022286162671e+01
1.012321919722987751e+01
1.011504275449748569e+01
1.010697618401571418e+01
1.009906104245972891e+01
1.009134087336834007e+01
1.008679313250172349e+01
1.007903400604461730e+01
1.007149838356481553e+01
1.006698404551796777e+01
1.005937817922488797e+01
1.005148837564715336e+01
1.004349741933414464e+01
1.003585505277193057e+01
1.003242388095839921e+01
1.002482804765047497e+01
1.002050515635889205e+01
1.001245663137627417e+01
1.000463605110638277e+01
9.997033917719811313e+00
9.988901476014268255e+00
9.984142865051373050e+00
9.980328277231970802e+00
9.972095509544253389e+00
9.963904605207506648e+00
9.955763358326853663e+00
9.946894362077202345e+00
9.939032196117668860e+00
9.930194264449584196e+00
9.922670638331970494e+00
9.915281394226976630e+00
9.910386096129004230e+00
9.902457014123470458e+00
9.894742406397742940e+00
9.887274835448412347e+00
9.879403647642684305e+00
9.872164814130968580e+00
9.866187337287362524e+00
9.858586252810146888e+00
9.851226645817344973e+00
9.843550236946615684e+00
