1.267077151958171007e-02
1.475906174304386469e-02
1.639514842634048203e-02
1.787159139718683815e-02
1.906782999646223706e-02
2.003870328084421046e-02
2.081673795593716111e-02
1.379942183580852924e-02
1.564487411536543207e-02
1.709111301475182282e-02
1.378821661392285944e-02
1.563608299161875145e-02
1.708421240906779145e-02
1.843200030765225830e-02
1.379156803964127521e-02
1.563871248274921466e-02
1.708627649614488306e-02
1.843368025909377164e-02
1.952576013520124221e-02
1.379481163652276389e-02
1.564125715204991995e-02
1.708827394469082661e-02
1.843530598205771892e-02
1.379157772782304246e-02
1.563872008387500942e-02
1.708628246273471291e-02
1.843368511528848189e-02
1.952576409377141525e-02
2.041222221214542346e-02
2.112067485886624449e-02
2.168870161281829037e-02
1.380341128017406951e-02
1.564800397849783198e-02
1.378448308455014655e-02
1.563315365894909700e-02
1.708191289091948173e-02
1.843012875004091874e-02
1.952286510189496505e-02
1.379480207065734466e-02
1.564124964706043938e-02
1.708826805373867344e-02
1.843530118739988496e-02
1.952708145153573410e-02
2.041329718567701929e-02
2.112154957596434554e-02
1.380064469201984327e-02
1.564583350075039736e-02
1.709186604967119841e-02
1.378821860278704563e-02
1.563608455205746373e-02
1.708421363397920334e-02
1.378819842459043203e-02
1.563606872048778698e-02
1.708420120653022373e-02
1.843199118997697686e-02
1.952438327797476406e-02
1.379480708432424818e-02
1.564125358057994603e-02
1.708827114130813743e-02
1.378820911463404970e-02
1.563607710776747373e-02
1.708420779036861487e-02
1.843199654852187980e-02
1.952438764602478644e-02
1.379480709876252341e-02
1.378029866329595968e-02
1.562987045800142555e-02
1.707933549947137156e-02
1.378818560076109506e-02
1.563605865906436340e-02
1.708419330852285756e-02
1.843198476183820558e-02
1.952437803803894201e-02
1.379480706700411848e-02
1.378029866323000202e-02
1.562987045794966140e-02
1.378444112882941386e-02
1.563312074014195849e-02
1.708188704937697519e-02
1.843010771789714564e-02
1.952284795748461879e-02
2.040984263081880093e-02
2.111873855717583473e-02
2.168712822663418013e-02
2.214451994109272598e-02
2.251154327234185237e-02
2.280488564367051316e-02
2.303808548456389230e-02
2.322215300323149031e-02
2.336605743947887601e-02
2.347712669061856675e-02
2.356133987125151596e-02
2.362359056581645952e-02
2.366788252500088771e-02
1.382559505989390362e-02
1.566540639898933440e-02
1.710722806686126168e-02
1.845073314573839399e-02
1.953966119632378345e-02
1.379485789278640448e-02
1.564129344282511741e-02
1.708830243069183602e-02
1.843532916687229406e-02
1.952710425932948843e-02
2.041331579701654089e-02
2.112156472015528155e-02
2.168942468126987266e-02
1.380341491629849190e-02
1.564800683112355095e-02
1.709357264613872718e-02
1.843961863330619011e-02
1.953060088378288581e-02
2.041616907822882757e-02
2.112388645036065646e-02
2.169131110621940611e-02
2.214791176337879003e-02
2.251428776109632920e-02
2.280709898047035555e-02
2.303986016869815495e-02
2.322356964230770648e-02
2.336717973450800137e-02
2.347800692493771935e-02
2.356202100562553373e-02
1.382173124025743056e-02
1.566237552807371591e-02
1.378451653173865497e-02
1.378027732259413767e-02
1.378026853835199149e-02
1.562984682107639717e-02
1.707931694368760786e-02
1.378818555203424785e-02
1.563605862083387865e-02
1.708419327851274164e-02
1.378819837100016439e-02
1.563606867844150733e-02
1.708420117352480241e-02
1.843199116311407260e-02
1.952438325607723860e-02
2.041109544065248735e-02
2.111975798956044342e-02
2.168795659275800716e-02
2.214519083301838900e-02
2.251208612705293474e-02
2.280532345499722974e-02
2.303843702415312236e-02
1.381324615412606212e-02
1.565571934109134117e-02
1.709962585762222001e-02
1.844454545649992783e-02
1.379160607826415003e-02
1.563874233116389206e-02
1.708629992796852071e-02
1.843369933015501227e-02
1.379157301631077533e-02
1.563871638733038000e-02
1.708627956109019796e-02
1.378820386479872630e-02
1.563607298880989246e-02
1.708420455707358038e-02
1.843199391696325254e-02
1.952438550089392530e-02
1.379480709167194008e-02
1.378029866328122667e-02
1.562987045798985494e-02
1.378444112882950059e-02
1.563312074014205216e-02
1.708188704937704458e-02
1.378819230433987048e-02
1.563606391861240355e-02
1.708419743715848885e-02
1.843198812210888535e-02
1.952438077718365167e-02
2.041109341786365508e-02
2.111975634358920564e-02
2.168795525529034970e-02
2.214518974807893129e-02
2.251208524915564863e-02
2.280532274697725376e-02
2.303843645565235854e-02
2.322243319792365035e-02
2.336627944643572194e-02
2.347730084632803499e-02
2.356147466893903850e-02
2.362369299007865617e-02
2.366795833127727927e-02
2.369755546966796286e-02
2.371517322477012524e-02
2.372301775515237368e-02
2.372289739665600639e-02
2.371630263069379047e-02
2.370445111359207463e-02
2.368834682073704678e-02
2.366881146333595781e-02
2.364652580344325100e-02
1.384098958185087623e-02
1.567748142303782011e-02
1.711670311215737067e-02
1.845844536689649970e-02
1.954594815879688932e-02
2.042869277279608931e-02
1.379786195800884914e-02
1.564365031293078745e-02
1.709015242568259069e-02
1.843683488458873129e-02
1.952833166466425366e-02
2.041431737067532504e-02
2.112237970864048325e-02
2.169008680183681995e-02
2.214691881221837397e-02
1.380604907813357853e-02
1.565007327228462933e-02
1.709519455780976818e-02
1.378822740335367524e-02
1.563609145687488988e-02
1.708421905411452654e-02
1.843200571601448859e-02
1.952439511896143440e-02
2.041110512082204564e-02
2.111976586644780107e-02
2.168796299328387342e-02
2.214519602505606380e-02
1.380603892432584121e-02
1.378032203814538031e-02
1.562988879859801214e-02
1.707934989745442389e-02
1.378818563857008364e-02
1.563605868872885649e-02
1.708419333180885916e-02
1.843198478079056610e-02
1.952437805348802152e-02
2.041109119531518343e-02
2.111975453507080810e-02
2.168795378574162394e-02
1.380340752452427835e-02
1.564800103210145163e-02
1.709356809456644838e-02
1.843961492872349395e-02
1.953059786392178851e-02
2.041616661398589286e-02
2.112388444520584344e-02
1.380065480536178495e-02
1.378031082222280247e-02
1.562987999825463450e-02
1.707934298889031074e-02
1.842803714225008105e-02
1.379155645147358070e-02
1.563870339093690817e-02
1.708626935942270109e-02
1.378820383791713733e-02
1.563607296771892669e-02
1.708420454051756340e-02
1.843199390348836814e-02
1.952438548990980544e-02
1.379480709163562364e-02
1.564125358631616308e-02
1.708827114581067466e-02
1.843530370404352151e-02
1.952708350300716433e-02
2.041329885969383334e-02
2.112155093812480636e-02
2.168941348256428481e-02
2.214637263661375574e-02
2.251304240222983324e-02
2.280609467372722229e-02
2.303905625601279303e-02
1.381325227520731336e-02
1.565572414292265915e-02
1.378450102989477004e-02
1.563316773901239284e-02
1.708192394388478863e-02
1.843013774592672238e-02
1.952287243491644675e-02
2.040986260447965120e-02
1.379779194898156196e-02
1.564359538983600348e-02
1.709010931747579481e-02
1.843679979851877912e-02
1.952830306375183400e-02
2.041429403209587407e-02
2.112236071807918267e-02
2.169007137118406439e-02
1.380341817165482016e-02
1.564800938502761141e-02
1.378448309710112764e-02
1.563315366879672319e-02
1.378444870531394563e-02
1.563312668471544126e-02
1.378444864300341736e-02
1.563312663582612505e-02
1.708189167753988366e-02
1.843011148470727681e-02
1.952285102801032748e-02
2.040984513637723180e-02
2.111874059599486500e-02
2.168712988333582406e-02
1.380340339228717378e-02
1.564799779026326484e-02
1.709356555009221984e-02
1.843961285774352310e-02
1.953059617572300288e-02
2.041616523639543795e-02
2.112388332426032994e-02
2.169130856612548619e-02
1.380342440999173144e-02
1.378031658672065202e-02
1.562988452124963387e-02
1.378444116126795703e-02
1.563312076559352296e-02
1.708188706935669099e-02
1.843010773415839493e-02
1.952284797074008149e-02
2.040984264163523548e-02
2.111873856597735674e-02
2.168712823378614318e-02
2.214451994689427966e-02
2.251154327703641655e-02
2.280488564745677613e-02
2.303808548760416866e-02
2.322215300565876397e-02
2.336605744140226107e-02
1.381761492158347857e-02
1.565914650466418770e-02
1.710231552936420513e-02
1.378824692049522224e-02
1.378028504582342641e-02
1.562985977332906340e-02
1.707932711164375159e-02
1.842802422001826521e-02
1.379155641373283961e-02
1.563870336132636846e-02
1.708626933617962002e-02
1.843367443161339492e-02
1.952575538487887064e-02
2.041221510563320102e-02
2.112066907621672901e-02
2.168869691403771741e-02
2.214579137238160619e-02
2.251257207215572390e-02
2.280571536568500729e-02
2.303875170471807871e-02
2.322268487107520887e-02
1.381547200237610851e-02
1.565746546978887335e-02
1.710099625002146906e-02
1.844566085517583207e-02
1.379160937933894202e-02
1.563874492111894804e-02
1.708630196099298476e-02
1.843370098482915304e-02
1.952577702996628056e-02
2.041223276819529101e-02
1.379780085253171605e-02
1.564360237509438561e-02
1.709011480034985930e-02
1.378821397834437308e-02
1.563608092377579209e-02
1.378445546814010755e-02
1.378027719631757901e-02
1.378026853809074907e-02
1.378026852017803956e-02
1.562984680681658856e-02
1.707931693249321869e-02
1.842801593537404109e-02
1.952114283894635857e-02
2.040845125034273372e-02
2.111760636195095589e-02
2.168620822334688461e-02
2.214377364793259848e-02
1.380603057842708613e-02
1.565005875908923386e-02
1.709518316684801101e-02
1.844092945909885789e-02
1.953166942986084634e-02
1.379483123167513613e-02
1.378029871341106966e-02
1.562987049732324565e-02
1.707933553034027968e-02
1.842803107185784356e-02
1.379155643374429738e-02
1.563870337702688573e-02
1.378446153247475138e-02
1.563313674901296163e-02
1.708189961647779351e-02
1.843011794612041745e-02
1.952285629504916034e-02
2.040984943429744250e-02
2.111874409329153948e-02
2.168713272516595639e-02
2.214452359020346872e-02
2.251154622515150541e-02
2.280488802517259550e-02
2.303808739685990481e-02
2.322215452997740057e-02
2.336605864925475270e-02
2.347712763973428679e-02
2.356134060597480165e-02
2.362359112419602780e-02
2.366788293838923210e-02
2.369750185419441935e-02
2.371513751018936716e-02
2.372299674749009379e-02
2.372288846513688834e-02
2.371630359888446046e-02
2.370446019245210645e-02
2.368836253144132251e-02
1.383782058458115326e-02
1.567499585057174558e-02
1.711475284682155429e-02
1.845685793122929519e-02
1.954465408112954217e-02
2.042763676862530131e-02
2.113321612038203401e-02
2.169889146752265741e-02
2.215406001416317730e-02
2.251926113559589784e-02
2.281110725697298169e-02
2.304308058403528939e-02
2.322613958207755958e-02
2.336921482427474148e-02
2.347960214626607783e-02
2.356325440895088233e-02
2.362504370788067257e-02
2.366895872681343618e-02
2.369826522244992614e-02
2.371564405169068052e-02
2.372329228257777020e-02
1.383110732651190132e-02
1.566973022211475691e-02
1.711062104202452222e-02
1.845349483921213812e-02
1.954191250266563984e-02
2.042539956836028625e-02
2.113139577994858562e-02
2.169741256913612290e-02
2.215286060080388919e-02
2.251829083594905287e-02
1.380858676627550428e-02
1.565206410082874491e-02
1.709675708299906657e-02
1.844221049721480807e-02
1.379159802833081899e-02
1.563873601118627443e-02
1.708629496505540205e-02
1.843369529090076175e-02
1.379157300462170548e-02
1.563871637815936189e-02
1.708627955389132799e-02
1.843368274778703700e-02
1.952576216388159439e-02
2.041222063734288508e-02
1.379780080704072834e-02
1.564360233940454564e-02
1.378447287586267479e-02
1.563314564912906407e-02
1.708190660314398007e-02
1.843012363249030630e-02
1.952286093030928746e-02
2.040985321668410332e-02
2.111874717108906674e-02
2.168713522611969563e-02
2.214452561892239074e-02
2.251154786676249839e-02
1.380854023404102897e-02
1.565202759766086069e-02
1.378449243090788812e-02
1.563316099217760408e-02
1.708191864756434739e-02
1.843013343531029954e-02
1.952286892110542682e-02
2.040985973719881136e-02
2.111875247695146549e-02
2.168713953755193463e-02
1.380340344067501092e-02
1.564799782822469051e-02
1.709356557988764638e-02
1.378822309445067867e-02
1.563608807616213153e-02
1.708421640032674327e-02
1.843200355611311972e-02
1.952439335830478961e-02
2.041110368411788376e-02
1.379779660850896650e-02
1.378030487443421097e-02
1.562987533144410274e-02
1.707933932528755624e-02
1.378818561080761597e-02
1.563605866694675953e-02
1.708419331471039068e-02
1.843198476687425008e-02
1.952437804214409225e-02
2.041109118605844569e-02
2.111975452753849306e-02
2.168795377962107890e-02
2.214518855103174075e-02
2.251208428054445737e-02
1.380854396074944826e-02
1.565203052126404315e-02
1.709673072905627117e-02
1.378823210229542830e-02
1.563609514497085393e-02
1.708422195014485528e-02
1.843200807305135983e-02
1.952439704031303652e-02
1.379480712974430305e-02
1.564125361621467036e-02
1.378446743550980520e-02
1.378027722106623353e-02
1.562985363379223655e-02
1.707932229190009532e-02
1.842802029730760544e-02
1.379155640227622617e-02
1.563870335233778427e-02
1.708626932912394106e-02
1.843367442587086000e-02
1.952575538019780954e-02
2.041221510181333992e-02
2.112066907310847577e-02
1.380064088595377679e-02
1.564583051474336198e-02
1.709186370593281795e-02
1.843822770811699013e-02
1.952946704629637473e-02
2.041524385371163569e-02
2.112313359267230933e-02
2.169069937285630564e-02
2.214741570581891389e-02
2.251388561263376401e-02
2.280677467036648989e-02
2.303960220438799195e-02
2.322336378932178882e-02
2.336701670455908902e-02
2.347787911323918203e-02
2.356192216302461021e-02
2.362403291769069741e-02
2.366821231674872197e-02
2.369773624938458292e-02
2.371529381839679318e-02
2.372308890244821319e-02
1.383108024934492052e-02
1.566970898314848024e-02
1.711060437585002966e-02
1.845348127381296957e-02
1.954190144424873890e-02
2.042539054441786309e-02
2.113138843741463324e-02
2.169740660340731264e-02
2.215285576242518803e-02
2.251828692182028871e-02
1.380858673858234402e-02
1.565206407910343933e-02
1.709675706594787972e-02
1.844221048333651719e-02
1.379159802828993156e-02
1.563873601115423756e-02
1.378446160798556253e-02
1.563313680825939231e-02
1.708189966298676032e-02
1.843011798397355822e-02
1.952285632590524886e-02
2.040984945947605170e-02
2.111874411377987273e-02
2.168713274181423636e-02
2.214452360370822159e-02
2.251154623607935085e-02
2.280488803398609057e-02
2.303808740393696944e-02
2.322215453562762391e-02
2.336605865373195604e-02
2.347712764324685897e-02
1.381969435918734695e-02
1.566077771475034991e-02
1.378451280433333481e-02
1.378027731488613503e-02
1.562985370740611543e-02
1.707932234968946583e-02
1.842802034434142672e-02
1.952114643291247634e-02
1.379479640281821434e-02
1.564124520030368837e-02
1.378446741601743741e-02
1.563314136528937831e-02
1.708190324029384977e-02
1.843012089550394653e-02
1.952285869924732381e-02
2.040985139613059329e-02
2.111874568967120683e-02
2.168713402235058693e-02
2.214452464245124028e-02
2.251154707661568583e-02
2.280488871189595076e-02
2.303808794828425544e-02
2.322215497022546080e-02
1.381546567328702756e-02
1.378034172545859921e-02
1.562990424584221813e-02
1.707936202405609463e-02
1.842805263466157362e-02
1.952117275434166535e-02
2.040847566133884017e-02
2.111762622571647027e-02
2.168622436437159587e-02
2.214378674136828484e-02
1.380603065521764095e-02
1.378032202091962997e-02
1.562988878508218132e-02
1.707934988684402244e-02
1.842804275638224715e-02
1.952116470206988197e-02
2.040846909067594098e-02
1.379778672482314360e-02
1.378030485388544342e-02
1.562987531532093050e-02
1.707933931263031987e-02
1.378818561077438040e-02
1.563605866692067969e-02
1.708419331468989319e-02
1.843198476685756898e-02
1.952437804213051978e-02
2.041109118604740938e-02
2.111975452752952800e-02
2.168795377961383816e-02
2.214518855102582881e-02
2.251208428053967647e-02
2.280532196579297677e-02
2.303843582840461868e-02
2.322243269716792874e-02
2.336627904967317204e-02
2.347730053508504180e-02
2.356147442803626854e-02
2.362369280703316074e-02
2.366795819580288368e-02
2.369755537332673273e-02
2.371517316059602518e-02
2.372301771740589760e-02
2.372289738060968239e-02
2.371630263243662551e-02
2.370445112990919936e-02
2.368834684897106260e-02
2.366881150132039285e-02
2.364652584929054918e-02
2.362204768362457033e-02
2.359583641780462621e-02
2.356826849409216981e-02
2.353965639152568942e-02
2.351025545017958185e-02
2.348027777801779681e-02
2.344989864585796807e-02
1.385114274553620600e-02
1.568544458382601509e-02
1.378457060978263878e-02
1.563322233193965849e-02
1.708196679976081364e-02
1.843017262585127866e-02
1.952290086738601646e-02
2.040988580546445469e-02
1.379779203603519362e-02
1.564359545813372512e-02
1.378447285991244928e-02
1.563314563661437687e-02
1.708190659331984204e-02
1.378819235572400353e-02
1.378028493245587842e-02
1.562985968437750894e-02
1.707932704181377298e-02
1.842802416318473774e-02
1.952114954583954870e-02
2.040845672317501483e-02
2.111761081531534495e-02
2.168621184209029371e-02
2.214377658342097863e-02
2.251094175008720027e-02
1.380853603527113990e-02
1.565202430372528500e-02
1.709672584919469732e-02
1.844218507539311172e-02
1.379159795332468574e-02
1.563873595233822300e-02
1.708629491886192939e-02
1.843369525330399925e-02
1.952577235786494628e-02
1.379481167696349625e-02
1.564125718377806090e-02
1.708827396959548481e-02
1.843530600232761926e-02
1.952708537648026321e-02
2.041330038846268444e-02
1.379780487061445411e-02
1.564360552747110639e-02
1.709011727471550571e-02
1.378821398487695832e-02
1.563608092890116097e-02
1.378445546815195398e-02
1.378027719631760677e-02
1.562985361437370033e-02
1.378444108997812188e-02
1.563312070965892572e-02
1.708188702544757853e-02
1.843010769842127680e-02
1.952284794160882159e-02
2.040984261786404561e-02
2.111873854663431568e-02
2.168712821806832378e-02
2.214451993414430844e-02
2.251154326671932909e-02
2.280488563913581415e-02
2.303808548092259670e-02
1.381324268280106037e-02
1.565571661792571068e-02
1.378450101237595378e-02
1.563316772526697832e-02
1.708192393309460044e-02
1.378819240131355650e-02
1.563606399469682703e-02
1.708419749688310299e-02
1.378819838210588143e-02
1.563606868715490192e-02
1.708420118036462626e-02
1.378819839180344363e-02
1.563606869476351705e-02
1.708420118633720633e-02
1.378819839181915849e-02
1.563606869477585440e-02
1.708420118634691037e-02
1.843199117354986719e-02
1.952438326458403803e-02
1.379480708427997630e-02
1.564125358054520645e-02
1.708827114128082594e-02
1.843530370035663737e-02
1.952708350000172816e-02
2.041329885724140272e-02
2.112155093612924986e-02
2.168941348094272081e-02
1.380341485992418911e-02
1.564800678689659205e-02
1.709357261142561285e-02
1.843961860505275233e-02
1.953060086075158325e-02
2.041616905943497914e-02
2.112388643506811839e-02
2.169131109379358879e-02
2.214791175330008827e-02
2.251428775294164394e-02
2.280709897389433805e-02
2.303986016341887100e-02
1.381326024311558924e-02
1.565573039354193827e-02
1.709963453179826759e-02
1.844455251663105338e-02
1.953462285362143891e-02
2.041945106354682224e-02
1.379782675948733328e-02
1.564362269806188546e-02
1.709013075024332431e-02
1.843681724282262430e-02
1.952831728372689604e-02
2.041430563569633649e-02
1.379780865741285327e-02
1.564360849839420420e-02
1.709011960665426239e-02
1.843680817293999810e-02
1.952830989028040559e-02
2.041429960260690221e-02
2.112236525083333386e-02
2.169007505429212945e-02
2.214690928329333952e-02
2.251347662374055328e-02
2.280644485439290228e-02
2.303933741302518351e-02
1.381325506023631071e-02
1.378033709621466658e-02
1.562990061360168201e-02
1.707935917262639117e-02
1.842805031392943590e-02
1.952117086259869821e-02
2.040847411767436267e-02
2.111762496960269825e-02
2.168622334367083238e-02
2.214378591338631366e-02
2.251094929992186744e-02
2.280440658458245465e-02
2.303770080141025883e-02
1.381323889608237175e-02
1.565571364734174784e-02
1.709962138905728873e-02
1.844454181942209101e-02
1.953461413349720163e-02
2.041944394778105742e-02
2.112655119776747289e-02
1.380066639834039502e-02
1.564585053020230501e-02
1.709187941620865514e-02
1.843824049485440902e-02
1.952947746961844477e-02
2.041525235925532519e-02
2.112314051366226408e-02
2.169070499650761416e-02
2.214742026747608741e-02
2.251388930354200971e-02
2.280677764682501399e-02
1.381095302342934261e-02
1.565392041566576395e-02
1.378449683270647173e-02
1.563316444586452039e-02
1.708192135873694284e-02
1.378819239454504540e-02
1.378028493253632275e-02
1.562985968444062165e-02
1.707932704186331668e-02
1.842802416322508047e-02
1.952114954587244600e-02
2.040845672320188223e-02
2.111761081533722328e-02
2.168621184210804687e-02
2.214377658343533173e-02
2.251094175009882292e-02
2.280440049532408975e-02
2.303769591167767472e-02
1.381323884798375812e-02
1.378033706234501991e-02
1.562990058702654061e-02
1.707935915176402031e-02
1.842805029694978558e-02
1.952117084875770042e-02
2.040847410638015405e-02
2.111762496041238307e-02
2.168622333620287557e-02
1.380339885276546906e-02
1.564799422890040745e-02
1.709356275482732182e-02
1.378822308697984222e-02
1.563608807030062234e-02
1.708421639572554537e-02
1.843200355236821256e-02
1.379156804914360643e-02
1.563871249020452880e-02
1.708627650199704209e-02
1.843368026385677066e-02
1.379157296057362259e-02
1.563871634360025284e-02
1.708627952676370146e-02
1.378820386470827608e-02
1.378028495630360777e-02
1.562985970308915923e-02
1.378444110402228528e-02
1.378027716661333821e-02
1.562985359106685776e-02
1.707932225835922038e-02
1.842802027000917803e-02
1.952114637232064617e-02
1.379479640261850430e-02
1.564124520014701161e-02
1.708826456318654485e-02
1.843529834643254164e-02
1.379157770541566616e-02
1.563872006629469721e-02
1.708628244893485928e-02
1.843368510405675453e-02
1.952576408461578067e-02
2.041222220467440313e-02
2.112067485278696505e-02
2.168870160787849180e-02
2.214579517993592317e-02
2.251257515305880863e-02
2.280571785036844892e-02
2.303875369972582451e-02
2.322268646370643022e-02
2.336648011350074550e-02
2.347745825838309930e-02
1.381970032106955883e-02
1.566078239151858301e-02
1.710359934749294125e-02
1.844777959606258566e-02
1.953725350515000958e-02
2.042159772301917198e-02
2.112830369780577255e-02
2.169490024738560119e-02
2.215082287900947342e-02
2.251664229827272240e-02
2.280899756750675439e-02
2.304138425158208658e-02
2.322478600679350746e-02
2.336814309951691648e-02
1.381764556891141790e-02
1.565917054603299316e-02
1.710233439682502452e-02
1.844675001208961884e-02
1.379161260522295679e-02
1.563874745208083256e-02
1.708630394770977931e-02
1.843370260181353970e-02
1.952577834806548673e-02
2.041223384377285552e-02
2.112068432381099953e-02
2.168870930390252513e-02
2.214580142303480478e-02
2.251258020495433207e-02
2.280572192489696906e-02
2.303875697155759530e-02
2.322268907595800846e-02
2.336648218349626771e-02
1.381762111721993036e-02
1.378034622780714528e-02
1.562990777851677032e-02
1.707936479732306487e-02
1.842805489177851141e-02
1.952117459422886975e-02
1.379479649563864450e-02
1.564124527312683519e-02
1.708826462047122879e-02
1.843529839305662471e-02
1.952707917369428392e-02
2.041329532694045878e-02
1.379780485155008250e-02
1.564360551251420955e-02
1.709011726297543152e-02
1.843680626540633929e-02
1.952830833532716651e-02
2.041429833375056624e-02
2.112236421835827008e-02
2.169007421535021005e-02
2.214690860277536769e-02
1.380604901768830474e-02
1.565007322486471758e-02
1.709519452059139397e-02
1.844093870009292160e-02
1.379159428165217458e-02
1.563873307162872914e-02
1.708629265761715116e-02
1.843369341288157021e-02
1.952577085762819201e-02
2.041222773149606665e-02
2.112067935002421085e-02
2.168870526217726510e-02
1.380341129851694187e-02
1.564800399288825833e-02
1.709357041844714042e-02
1.843961682015964748e-02
1.953059940576192671e-02
1.379482767621890808e-02
1.564126973614238941e-02
1.708828382242269864e-02
1.843531402156371041e-02
1.952709191345412126e-02
1.379481604475953430e-02
1.378029868187330940e-02
1.562987047257775874e-02
1.707933551091429802e-02
1.842803105604736910e-02
1.952115516455104477e-02
2.040846130804984879e-02
2.111761454612910011e-02
2.168621487369879267e-02
2.214377904263125849e-02
2.251094374008745860e-02
2.280440210033615397e-02
2.303769720051800085e-02
2.322184299404836741e-02
2.336581178160611685e-02
1.381761135089331488e-02
1.565914370362735467e-02
1.710231333113386085e-02
1.844673286607525359e-02
1.953640022953487612e-02
2.042090143381379910e-02
2.112773713785476640e-02
2.169443990936898575e-02
2.215044951396811027e-02
2.251634023354750699e-02
2.280875400654816185e-02
1.381096947442338012e-02
1.565393332126370149e-02
1.709822413295186000e-02
1.844340455961524308e-02
1.953368706600982010e-02
2.041868744572075678e-02
2.112593563805180777e-02
2.169297614780607217e-02
2.214926228341278225e-02
1.380606295417001819e-02
1.565008415816517701e-02
1.709520310180159125e-02
1.844094568447789129e-02
1.953168265632430553e-02
1.379483127565094870e-02
1.564127256010992492e-02
1.708828603906168211e-02
1.378820915393276156e-02
1.563607713860074716e-02
1.708420781457213600e-02
1.843199656822094162e-02
1.952438766208248327e-02
2.041109903597359068e-02
2.111976091512283646e-02
2.168795896998361450e-02
2.214519276139832737e-02
2.251208768743436991e-02
2.280532471343735268e-02
2.303843803461062129e-02
2.322243445846581059e-02
