1.575622180595590649e+01
1.575264763135912816e+01
1.574905169241692349e+01
1.574552305843992173e+01
1.574211061268744594e+01
1.573841860320885289e+01
1.573463649665733222e+01
1.573230011124424621e+01
1.572966167715637376e+01
1.572727193716438698e+01
1.572370490735595894e+01
1.572093938227024879e+01
1.571724252497359764e+01
1.571434851009349920e+01
1.571032784999577991e+01
1.570749105377607613e+01
1.570478323042400959e+01
1.570090112787646852e+01
1.569706135291083449e+01
1.569465605721669910e+01
1.569243883683480512e+01
1.569045308714440168e+01
1.568661797878286990e+01
1.568281527048460688e+01
1.568121026885678049e+01
1.567921383486688036e+01
1.567481703129758763e+01
1.567060920882306441e+01
1.566656904634618819e+01
1.566446220524632693e+01
1.566236798726070312e+01
1.565841558364928865e+01
1.565459841585968448e+01
1.565090656944879477e+01
1.564890145106548403e+01
1.564692855542341476e+01
1.564501835934149732e+01
1.564135829912040343e+01
1.563780805554391229e+01
1.563602857993884143e+01
1.563254786473368618e+01
1.563087594115871148e+01
1.562745560973237602e+01
1.562590112590280889e+01
1.562253293923968300e+01
1.562110326992300280e+01
1.561716687946988813e+01
1.561330427817656030e+01
1.560953343783444858e+01
1.560754983384597594e+01
1.560577094556739652e+01
1.560385777568005672e+01
1.559955526869697984e+01
1.559765314072520681e+01
1.559347071422029885e+01
1.559106901792484301e+01
1.558858960682720429e+01
1.558613075355057909e+01
1.558140957834806173e+01
1.557689485728738887e+01
1.557261033418987495e+01
1.556857789945290449e+01
1.556481614932747881e+01
1.556183385686518506e+01
1.555898904959507334e+01
1.555629155226269766e+01
1.555230569680268005e+01
1.554856865181708159e+01
1.554510761739982527e+01
1.554194443178781881e+01
1.553858054023804769e+01
1.553546204970803934e+01
1.553208511498098687e+01
1.552900438427542973e+01
1.552572431948864384e+01
1.552280511105654170e+01
1.552020507871957022e+01
1.551787601981011200e+01
1.551522765580421925e+01
1.551277372220997997e+01
1.550849332690277471e+01
1.550602097741561991e+01
1.550366912301270794e+01
1.550141667314611560e+01
1.549697719433017618e+01
1.549468369751784280e+01
1.549037443172319151e+01
1.548639671163249609e+01
1.548279561285616701e+01
1.547995531857042373e+01
1.547739702141622864e+01
1.547505950725271973e+01
1.547107470056918288e+01
1.546748948397851109e+01
1.546482599514359890e+01
1.546172544640011992e+01
1.545848621252332045e+01
1.545533275117313643e+01
1.545230112692184221e+01
1.544979337951926546e+01
1.544693243242730141e+01
1.544166050091576281e+01
1.543870572303957189e+01
1.543371412297248568e+01
1.543067079502211669e+01
1.542788981980120333e+01
1.542286784837462577e+01
1.541842339348868940e+01
1.541446465720306414e+01
1.541117983374209111e+01
1.540667535340251959e+01
1.540293851094554611e+01
1.539941593730471681e+01
1.539569709730678682e+01
1.539077973804850963e+01
1.538587500375115624e+01
1.538212219284602611e+01
1.537801304660419710e+01
1.537299404151079329e+01
1.536860459189868244e+01
1.536323871340040270e+01
1.535847727236109428e+01
1.535363836774789448e+01
1.534945076836104327e+01
1.534563384778942208e+01
1.534243273679907205e+01
1.533986776686442965e+01
1.533795031767765593e+01
1.533668075917043794e+01
1.533604105404421958e+01
1.533600619186283254e+01
1.532447100421588004e+01
1.532396248874562694e+01
1.531354251171489977e+01
1.531264036150204255e+01
1.530316509634460687e+01
1.530194319167177497e+01
1.530069873732085384e+01
1.529180002940336713e+01
1.529026139344167490e+01
1.528210577301388362e+01
1.527470564366302597e+01
1.526836328861235437e+01
1.526208044164181743e+01
1.525841934828605595e+01
1.525210907919376702e+01
1.524636871644073643e+01
1.524228906318662524e+01
1.523880629946664733e+01
1.523544353523237405e+01
1.522908021923480604e+01
1.522292537115433042e+01
1.521954626262488297e+01
1.521560164390983694e+01
1.520892077838573009e+01
1.520402242880891208e+01
1.519861732970819546e+01
1.519412118490232544e+01
1.518938196423159859e+01
1.518498724749990991e+01
1.517955719211044929e+01
1.517388904812284522e+01
1.516830993070143663e+01
1.516311355911840053e+01
1.515854437394574461e+01
1.515457710348268527e+01
1.515118425944460867e+01
1.514195219190810526e+01
1.513838330709847568e+01
1.513481138920330693e+01
1.513236145354972528e+01
1.512236323611655386e+01
1.511974477303941988e+01
1.511721289288244030e+01
1.511550734227975212e+01
1.510487497319280692e+01
1.510302355388808770e+01
1.509287837524638043e+01
1.509089301894699275e+01
1.508867968775301627e+01
1.507912673805290282e+01
1.507679002798484724e+01
1.507444424624035051e+01
1.507249443479056517e+01
1.507053232993139780e+01
1.505978632290529440e+01
1.505758048860984921e+01
1.504762088544153897e+01
1.503855108830794940e+01
1.503033407202076077e+01
1.502284272954355160e+01
1.501515533973511118e+01
1.501101194009917528e+01
1.500704713554289071e+01
1.500325842090009587e+01
1.499888057386769802e+01
1.499113957375134731e+01
1.498364194964140061e+01
1.497707923542326114e+01
1.497246981486310347e+01
1.496793742818140949e+01
1.496349016517862296e+01
1.495913576524132971e+01
1.495488104446613242e+01
1.495073125527861002e+01
1.494259975809065821e+01
1.493462645659542076e+01
1.492699733296863762e+01
1.492242535593484654e+01
1.491803440343745457e+01
1.491383978273147015e+01
1.490985285750684497e+01
1.490607999592389987e+01
1.490102960521601361e+01
1.489690096633250782e+01
1.488914515512032644e+01
1.488127985665985165e+01
1.487725034474446062e+01
1.487325838515873855e+01
1.486928350076680339e+01
1.486530244083792773e+01
1.485660960895864413e+01
1.484840504184913357e+01
1.484410576708183171e+01
1.483984327953842097e+01
1.483224784881872793e+01
1.482784322415505507e+01
1.482347635064487967e+01
1.481645407652547952e+01
1.480994300510873707e+01
1.480526585587519861e+01
1.479931014514648879e+01
1.479450479120779249e+01
1.478977673161377382e+01
1.478433361119632039e+01
1.477951097611901510e+01
1.477401423528872471e+01
1.476797591033865054e+01
1.476259140622866362e+01
1.475663753418310087e+01
1.475082383824252119e+01
1.474483932093341743e+01
1.473687386213266848e+01
1.472995200369449265e+01
1.472398763218552453e+01
1.471718683161465435e+01
1.471127132948763716e+01
1.470398978474350393e+01
1.469677588037484028e+01
1.469152502508064195e+01
1.468442769134401793e+01
1.467927498642817596e+01
1.467409439855756048e+01
1.466712703469959322e+01
1.466210418263539594e+01
1.465602448213611098e+01
1.465143483686030201e+01
1.464407915560529005e+01
1.463911162853906767e+01
1.463127430267826590e+01
1.462621995804519948e+01
1.461861079964708843e+01
1.461357020415144703e+01
1.460619764993213288e+01
1.459897974272492860e+01
1.459409871983403839e+01
1.458902450374181292e+01
1.458376625392168080e+01
1.457771182272790789e+01
1.457145672116626223e+01
1.456563602593321072e+01
1.456032317119821506e+01
1.455364048139528244e+01
1.454704034999472029e+01
1.454196622550549378e+01
1.453686856616500833e+01
1.453176892305142331e+01
1.452668643355597133e+01
1.451999393572779695e+01
1.451324988153880469e+01
1.450764818881704343e+01
1.450097979938361270e+01
1.449431502078806666e+01
1.448747593909723008e+01
1.448249119171725852e+01
1.447731335669789487e+01
1.447220264835959291e+01
1.446719564577226258e+01
1.446075852339674306e+01
1.445438420887427355e+01
1.444959992483392064e+01
1.444238850962362086e+01
1.443505997407306829e+01
1.442910252424881712e+01
1.442180745560388111e+01
1.441586231585268330e+01
1.440895054164943190e+01
1.440301030332390475e+01
1.439646413752091370e+01
1.439052306588890318e+01
1.438371182650173630e+01
1.437702555073633270e+01
1.437059213652955236e+01
1.436398874441035645e+01
1.435739208824486113e+01
1.435131641660454171e+01
1.434373957818118406e+01
1.433771178680412106e+01
1.433145290116003601e+01
1.432511294718194073e+01
1.431878243766490577e+01
1.431245428031179756e+01
1.430612328142937884e+01
1.430109925299129259e+01
1.429493656663377266e+01
1.428878515253136072e+01
1.428425298919282760e+01
1.427831750355960239e+01
1.427242242275486106e+01
1.426692631066875272e+01
1.426138707773157499e+01
1.425403063239355106e+01
1.424966309060586767e+01
1.424403743028599756e+01
1.423824002662573740e+01
1.423348896172849720e+01
1.422715890860435195e+01
1.422232229014197280e+01
1.421547245106915014e+01
1.421135996820533975e+01
1.420466770822645941e+01
1.419778100541420507e+01
1.419072314217588726e+01
1.418323577237807953e+01
1.417919115015471476e+01
1.417228491198294726e+01
1.416528303916295251e+01
1.416144496656110796e+01
1.415466103129121223e+01
1.415049249826977551e+01
1.414387976843677919e+01
1.413725042406458421e+01
1.413326873190015576e+01
1.412878537932950884e+01
1.412241735373148899e+01
1.411607706826085895e+01
1.411186719153337776e+01
1.410563341616040312e+01
1.410141226588907593e+01
1.409711913528693650e+01
1.409092220104389881e+01
1.408621720752094042e+01
1.408131655719117425e+01
1.407493452613440077e+01
1.406810866134332549e+01
1.406343062029754876e+01
1.405879647570989199e+01
1.405212526645379256e+01
1.404756461300120840e+01
1.404199644932887203e+01
1.403734345428134667e+01
1.403027568224716859e+01
1.402341897763923484e+01
1.401832335812974684e+01
1.401099797738023689e+01
1.400387887188007952e+01
1.399749293331916178e+01
1.399227447610901365e+01
1.398705083323574350e+01
1.398028236263725255e+01
1.397374101568324178e+01
1.396747470648315215e+01
1.396105904571266798e+01
1.395313681296151564e+01
1.394835947390809139e+01
1.394403963928458801e+01
1.393871551648816975e+01
1.393255027190119399e+01
1.392795511352027127e+01
1.392292314375014151e+01
1.391543914224123135e+01
1.390985266676953103e+01
1.390262284729474906e+01
1.389689591492144594e+01
1.389119566538662198e+01
1.388543226405166564e+01
1.387971545638162318e+01
1.387405698720554170e+01
1.386846537132881529e+01
1.386179056021836686e+01
1.385624446956077094e+01
1.384990411741456207e+01
1.384326620399866492e+01
1.383771307846676279e+01
1.383225854064171223e+01
1.382744724851987073e+01
1.382111076882187994e+01
1.381446219023981747e+01
1.380947234492720455e+01
1.380294464575506019e+01
1.379760018824980072e+01
1.379198563810966505e+01
1.378514423761173902e+01
1.377971131555708340e+01
1.377278860284578066e+01
1.376604698794011838e+01
1.375948685171323582e+01
1.375234935975848671e+01
1.374657820063683289e+01
1.374088288816120773e+01
1.373527843051967601e+01
1.372834227757583214e+01
1.372147167768258669e+01
1.371614190529895794e+01
1.370938854648858296e+01
1.370352697529758146e+01
1.369749292691089160e+01
1.369144681667171781e+01
1.368540901486043104e+01
1.367939582442134672e+01
1.367226688856519523e+01
1.366527704352812300e+01
1.365847746878051616e+01
1.365257409337721484e+01
1.364669883338821066e+01
1.364009744019128334e+01
1.363425652269220656e+01
1.362848226704162791e+01
1.362279173553235445e+01
1.361603159700811005e+01
1.361069096896921593e+01
1.360543589915705454e+01
1.359859238025670436e+01
1.359345029749679057e+01
1.358778983120415873e+01
1.358062620627870487e+01
1.357384285595617257e+01
1.356805985624922251e+01
1.356115058691656472e+01
1.355590113083675696e+01
1.354937075969827553e+01
1.354196848160473543e+01
1.353560434333678053e+01
1.352945351909678173e+01
1.352333357466068620e+01
1.351615251362498782e+01
1.351016569976027881e+01
1.350434999383965540e+01
1.349879809422253985e+01
1.349237267911761862e+01
1.348602551738419919e+01
1.347988148420685484e+01
1.347358869568110684e+01
1.346722977359115525e+01
1.346016332005175187e+01
1.345431788152873231e+01
1.344857018546368010e+01
1.344207017255290459e+01
1.343562568452500372e+01
1.342902963450174880e+01
1.342246115584367061e+01
1.341594898859993279e+01
1.340962275651687996e+01
1.340318927480753075e+01
1.339684088343909707e+01
1.339063011249894330e+01
1.338436548706753371e+01
1.337821141248701906e+01
1.337210705811291156e+01
1.336603807885361306e+01
1.336010258585316812e+01
1.335313359913251219e+01
1.334764414153655387e+01
1.334121730472802092e+01
1.333585203657591656e+01
1.333002138641866097e+01
1.332325941286594428e+01
1.331687814753111354e+01
1.331028776422927251e+01
1.330285561510975612e+01
1.329681593968525100e+01
1.329024371772134039e+01
1.328387712155050870e+01
1.327769751717035085e+01
1.327165807511736872e+01
1.326576660421994980e+01
1.325861551664158533e+01
1.325293770436609897e+01
1.324645118909691455e+01
1.324171585234519988e+01
1.323635479754474531e+01
1.323000125063508925e+01
1.322401073930207360e+01
1.321767532421596592e+01
1.321191818468532375e+01
1.320556605232973624e+01
1.319910559696707075e+01
1.319269941798793333e+01
1.318570133801577349e+01
1.317940588736454721e+01
1.317249597730340582e+01
1.316572142104559440e+01
1.315954232093093701e+01
1.315290743540679941e+01
1.314678779620012072e+01
1.314074067286423109e+01
1.313478726295022980e+01
1.312819378312216401e+01
1.312183174338561642e+01
1.311574139496465996e+01
1.310852358030908249e+01
1.310292725325255425e+01
1.309685302311352295e+01
1.308980826145384135e+01
1.308299287570673819e+01
1.307640753052471894e+01
1.307038298514044428e+01
1.306440522374031943e+01
1.305821674975077684e+01
1.305233137625394058e+01
1.304636038302101753e+01
1.304038782528530049e+01
1.303423953263956392e+01
1.302887704348748876e+01
1.302277165767612033e+01
1.301665478974244472e+01
1.300899180079904660e+01
1.300276088185412071e+01
1.299635311298673557e+01
1.299001975466207703e+01
1.298389874755524254e+01
1.297824053345284945e+01
1.297260980718897017e+01
1.296761260139017047e+01
1.296126477030666102e+01
1.295488023696128899e+01
1.294959726642181508e+01
1.294440491586779984e+01
1.293787836253341617e+01
1.293059249778269582e+01
1.292437571794136097e+01
1.291842667208673845e+01
1.291067418321068772e+01
1.290333515410550547e+01
1.289730968584715320e+01
1.289029225410253510e+01
1.288424646970162613e+01
1.287828882488915205e+01
1.287244098888498911e+01
1.286671582753388599e+01
1.285973046637667139e+01
1.285252190371527092e+01
1.284733369896727950e+01
1.284169964850570445e+01
1.283622809821145871e+01
1.282910701992864055e+01
1.282105482452472600e+01
1.281502461452144104e+01
1.280823512029489919e+01
1.280163337145893188e+01
1.279587740243257343e+01
1.278929731908120182e+01
1.278383620910502572e+01
1.277866563600471927e+01
1.277197882667154261e+01
1.276579564805080480e+01
1.275840880639650265e+01
1.275164322345693968e+01
1.274619398141846638e+01
1.274077489165335209e+01
1.273550049582729748e+01
1.272962027125114481e+01
1.272361768065455401e+01
1.271764876871213268e+01
1.271076932510533375e+01
1.270141927535421900e+01
1.269575650671315081e+01
1.268660585966187249e+01
1.267763983198377886e+01
1.267218516089138802e+01
1.266671069873896371e+01
1.265800470711808856e+01
1.265261248608227795e+01
1.264723323382910536e+01
1.264188884455015049e+01
1.263659606093559162e+01
1.262812061874811853e+01
1.262294444223327616e+01
1.261467992670717742e+01
1.260668812084871782e+01
1.260161564602482187e+01
1.259662531182020651e+01
1.258882149931897132e+01
1.258333586691505346e+01
1.257535308950966879e+01
1.256969377726229098e+01
1.256218337939047380e+01
1.255458973222213181e+01
1.254884392945061755e+01
1.254363646203593241e+01
1.253528727444356861e+01
1.252825889639344936e+01
1.252311587050926356e+01
1.251752061636850399e+01
1.251077977196208657e+01
1.250522116472617817e+01
1.249876184705415660e+01
1.249173025399650960e+01
1.248524698972022229e+01
1.247891625006738536e+01
1.247202120185350083e+01
1.246568917723447001e+01
1.245841923259238015e+01
1.245146921452951183e+01
1.244420057326573215e+01
1.243710953260611340e+01
1.243019729823329378e+01
1.242345921984963830e+01
1.241688790982787616e+01
1.240961238134243771e+01
1.240252648077679609e+01
1.239606756286081968e+01
1.238910768176234534e+01
1.238240407980809010e+01
1.237598811590020809e+01
1.236974164957410416e+01
1.236367530642769097e+01
1.235675565806168663e+01
1.234955011019746607e+01
1.234399693924526709e+01
1.233695459532958338e+01
1.233020705317536603e+01
1.232228817414287469e+01
1.231658331949946117e+01
1.231155919159331624e+01
1.230560617357099673e+01
1.229718079861382840e+01
1.229033072363969126e+01
1.228371660870421422e+01
1.227701690558794745e+01
1.226943878435552904e+01
1.226338678588291486e+01
1.225751971825378384e+01
1.225087689718755435e+01
1.224442808406274708e+01
1.223886400178575862e+01
1.223187503665291764e+01
1.222496284611971795e+01
1.221888517379232830e+01
1.221202784423583410e+01
1.220618094609056214e+01
1.219975622163996043e+01
1.219322471661840446e+01
1.218568863527173285e+01
1.217830522538016069e+01
1.217188935284008622e+01
1.216553037804801818e+01
1.215925218097109450e+01
1.215190477945539094e+01
1.214572626117656284e+01
1.213965395153815408e+01
1.213273083544640585e+01
1.212704834314504510e+01
1.212146975396871795e+01
1.211538911761242332e+01
1.210720508401236550e+01
1.209929781882274646e+01
1.209316933471950861e+01
1.208558404847846823e+01
1.207834042173204914e+01
1.207221751461212023e+01
1.206531866043268764e+01
1.205709621323806502e+01
1.205138642752264211e+01
1.204389647372783578e+01
1.203721187168752138e+01
1.202994254591815881e+01
1.202322464656162637e+01
1.201702288494961834e+01
1.201059357204663058e+01
1.200438814346074068e+01
1.199822990772454645e+01
1.199221401605785076e+01
1.198634271797538453e+01
1.197972156392405019e+01
1.197314086519264187e+01
1.196661730393408618e+01
1.196031167013997276e+01
1.195381342679976910e+01
1.194726472368237147e+01
1.194137618631866360e+01
1.193483451259774597e+01
1.192779429922547507e+01
1.192115467296591191e+01
1.191423044439495627e+01
1.190763454030862434e+01
1.190083488000066225e+01
1.189346078927770911e+01
1.188560587919077172e+01
1.187945704671296632e+01
1.187281000251669916e+01
1.186635276442926212e+01
1.185963170671456979e+01
1.185249689757036329e+01
1.184523358431829898e+01
1.183853436169001938e+01
1.183190868997497525e+01
1.182511848133775523e+01
1.181881043577150336e+01
1.181197979126593189e+01
1.180598061154300460e+01
1.180024732687119560e+01
1.179231682269041492e+01
1.178499164389920928e+01
1.177774628100115351e+01
1.177059213704062124e+01
1.176589760168477738e+01
1.175878657234421532e+01
1.175103979824519662e+01
1.174314477736710494e+01
1.173464615828114610e+01
1.172964698448673637e+01
1.172200134761814994e+01
1.171725915803226137e+01
1.170971590091896175e+01
1.170226929919744485e+01
1.169752864068567710e+01
1.169284646019697860e+01
1.168539577095342530e+01
1.168089256314782176e+01
1.167339651049500659e+01
1.166848607716309871e+01
1.166294103838058405e+01
1.165453965288172178e+01
1.164880822893040424e+01
1.164073371295848425e+01
1.163493622178246767e+01
1.162921829685288522e+01
1.162360391491182909e+01
1.161810574738556490e+01
1.161000658729155433e+01
1.160230478304806923e+01
1.159335892385348643e+01
1.158757271866851291e+01
1.157989998187596470e+01
1.157245156621735127e+01
1.156516218497185555e+01
1.155777106275604460e+01
1.154995605990958119e+01
1.154256113091624769e+01
1.153637412925604622e+01
1.152965060753592930e+01
1.152279091868522443e+01
1.151621498830913382e+01
1.150975935535677230e+01
1.150226454862097292e+01
1.149608072065574049e+01
1.148863702934278663e+01
1.148155066350519427e+01
1.147517275383531299e+01
1.146782962788363136e+01
1.145994225640856534e+01
1.145378422513800132e+01
1.144680804499422777e+01
1.144033003875484056e+01
1.143241004178584319e+01
1.142713938481043456e+01
1.142000318253373159e+01
1.141438168356404148e+01
1.140929532981383510e+01
1.140227898426739195e+01
1.139492691583985895e+01
1.138705654825180424e+01
1.137894644688890544e+01
1.137283290856672657e+01
1.136475304225849037e+01
1.135880587264830233e+01
1.135248369320217421e+01
1.134430509138629084e+01
1.133616790056979440e+01
1.132825664263162224e+01
1.132255146966342174e+01
1.131488829213988900e+01
1.130891476967418008e+01
1.130290973800909526e+01
1.129690453811324424e+01
1.128915877981012095e+01
1.128155494528361480e+01
1.127263684084465645e+01
1.126530079444405885e+01
1.125736740424131455e+01
1.124960596714095828e+01
1.124120293365559675e+01
1.123304336202562936e+01
1.122548465087244018e+01
1.122053465363773661e+01
1.121329556124044124e+01
1.120828487948527652e+01
1.120070201334543292e+01
1.119308603822255854e+01
1.118545279404714776e+01
1.117782491329148975e+01
1.116995104059770405e+01
1.116171831624228084e+01
1.115436121766138733e+01
1.114675695705249048e+01
1.113989113292046795e+01
1.113292532765551179e+01
1.112595819118944895e+01
1.111898486118791141e+01
1.111204208205138499e+01
1.110592194739937888e+01
1.109825358983897736e+01
1.109128029124205028e+01
1.108515366654927448e+01
1.107769405622193482e+01
1.107148596971536314e+01
1.106417233776833697e+01
1.105802550371184800e+01
1.105085852722286077e+01
1.104479341384137392e+01
1.103777206620317664e+01
1.103080271683732683e+01
1.102341047168691013e+01
1.101611704809778303e+01
1.101032220385444838e+01
1.100249751602460968e+01
1.099484099597750486e+01
1.098888018621713769e+01
1.098252522585615409e+01
1.097548965569748525e+01
1.096742240425997394e+01
1.095948061908923421e+01
1.095369437123711442e+01
1.094635227596107896e+01
1.094090231638325328e+01
1.093322775195993479e+01
1.092705483089883423e+01
1.091890332696339705e+01
1.091260798963067025e+01
1.090463627314216133e+01
1.089796544717011528e+01
1.088990127175742906e+01
1.088305005481337950e+01
1.087616656973386320e+01
1.086967912374190348e+01
1.086235981206859513e+01
1.085518853689480423e+01
1.084756601155265621e+01
1.084117612047703894e+01
1.083358973425999849e+01
1.082683036905282847e+01
1.081918719261536665e+01
1.081280939918274342e+01
1.080513535211333220e+01
1.079754188166223550e+01
1.079024043195422422e+01
1.078269624374884472e+01
1.077709514817388303e+01
1.076957225745443658e+01
1.076139909631488401e+01
1.075617238709047996e+01
1.074991467573087789e+01
1.074544499672892606e+01
1.073688788967153052e+01
1.072837440559386657e+01
1.072337992285249264e+01
1.071815318899438196e+01
1.070914742874421854e+01
1.070035781256608232e+01
1.069179763541084149e+01
1.068330497941414237e+01
1.067841301401892906e+01
1.067026405937050804e+01
1.066464325964577142e+01
1.065883933917062443e+01
1.065304446417501971e+01
1.064429577966152607e+01
1.063584733115667369e+01
1.063000346168769461e+01
1.062067474027584701e+01
1.061228837744852882e+01
1.060397109643528424e+01
1.059745721441914057e+01
1.059116141287795898e+01
1.058517631415387328e+01
1.057666165648087642e+01
1.056827987924692813e+01
1.056264440329220200e+01
1.055429155412534037e+01
1.054607950624275858e+01
1.053948705019575804e+01
1.053311155325228299e+01
1.052463430337954797e+01
1.052021782806322392e+01
1.051181692570586712e+01
1.050767299124120768e+01
1.049861196751768055e+01
1.048964040745026871e+01
1.048078728438007801e+01
1.047614409920329592e+01
1.047170223482616969e+01
1.046702101962094034e+01
1.046235018506776271e+01
1.045706885306500489e+01
1.044676489257015106e+01
1.043675756770976726e+01
1.042707380658081107e+01
1.041773746646304133e+01
1.040806464582848534e+01
1.039843841857918960e+01
1.038972607063873888e+01
1.038377039734519336e+01
1.037522216405241871e+01
1.036687111003686645e+01
1.036007695019768349e+01
1.035392149131534545e+01
1.034535819450467820e+01
1.033691721402249719e+01
1.033094576712756663e+01
1.032498358650921944e+01
1.031656736563089538e+01
1.031088151130743213e+01
1.030249936612402273e+01
1.029421782558629417e+01
1.028461003183129563e+01
1.027967393409721986e+01
1.027167220619888788e+01
1.026288388258862661e+01
1.025519165012212852e+01
1.024954843295465778e+01
1.024098810823693029e+01
1.023275893350922772e+01
1.022381059577431728e+01
1.021774235088833294e+01
1.020989427506107106e+01
1.020227198025240867e+01
1.019390258138519378e+01
1.018554562817893228e+01
1.018084947667980877e+01
1.017269127199636003e+01
1.016725353007572252e+01
1.015921691739156252e+01
1.015169252420693091e+01
1.014546401894560468e+01
1.013999326613835805e+01
1.013059485788248359e+01
1.012490137242335386e+01
1.011909825296692489e+01
1.011341442282478198e+01
1.010785240184950595e+01
1.010130097840924712e+01
1.009134652189619530e+01
1.008639332090289997e+01
1.008147892835853909e+01
1.007175177311961711e+01
1.006585716941338404e+01
1.005626653333203535e+01
1.005192862537519360e+01
1.004247893979180972e+01
1.003310753180445225e+01
1.002383635191989875e+01
1.002009715042459348e+01
1.001634811422790428e+01
1.001210897738031491e+01
1.000271092214964597e+01
9.993525295202060121e+00
9.983807900170981853e+00
9.979877530290476528e+00
9.975789480394217534e+00
9.972248108667699285e+00
9.966787507775205057e+00
9.961825595829083113e+00
9.956507350134668144e+00
9.951041782910124311e+00
9.945469074774903717e+00
9.938886498840073358e+00
9.929884757768677517e+00
9.920325694145530449e+00
9.915902417085620257e+00
9.910658374942206805e+00
9.901592615191542990e+00
9.892478840759046932e+00
9.886955237750576941e+00
9.880228700451105794e+00
9.871177113447407336e+00
9.865968760496317103e+00
9.860193467524624111e+00
9.854231944177184843e+00
9.848269571319704596e+00
9.838881097380347995e+00
9.829615395411751777e+00
9.819421162748154686e+00
9.810667288441548450e+00
9.802196197716202875e+00
9.796755233248340744e+00
9.791252445795837644e+00
9.783024149382526957e+00
9.775132871132244716e+00
9.767094549873727161e+00
