1.707851185845841676e-04
1.711223168981505218e-04
1.711229618687247847e-04
2.942419427009451281e-04
4.108951215231770350e-04
5.319113724753798955e-04
6.471866547237883210e-04
8.664820248235791892e-04
1.045058673432128823e-03
1.164491243025841342e-03
1.303394149318999043e-03
1.453480827555016534e-03
1.566163317840739812e-03
1.670964203600756306e-03
1.797669014303887938e-03
1.916578822860838440e-03
2.021711215353523029e-03
2.123942380337840840e-03
2.148424031322523908e-03
2.245813129200456039e-03
2.345644564822893345e-03
2.387459640877618531e-03
2.470567850678252134e-03
2.566812491163767123e-03
2.591547279027953989e-03
2.662655402012490020e-03
2.729672760026135604e-03
2.821814998736609219e-03
2.910877307691588870e-03
2.860685045572957698e-03
2.916204337814517610e-03
3.005414552715287690e-03
2.997093229501892903e-03
3.044866151066863251e-03
3.132064419722397838e-03
3.114453563351310579e-03
3.155639952473052699e-03
3.241112471662015854e-03
3.215578810139905867e-03
3.300118045318704840e-03
3.381485893595959861e-03
3.289200391084974671e-03
3.372596698536488476e-03
3.452808999050544468e-03
3.530362414813138262e-03
3.370774523805215774e-03
3.452907841567649187e-03
3.531843840593695133e-03
3.608117448959142094e-03
3.440625224588067868e-03
3.521681016227461679e-03
3.599528025782353091e-03
3.674709511655678724e-03
3.500530448679259939e-03
3.580664422323921823e-03
3.530891086089680501e-03
3.549220308159691840e-03
3.566627126948244183e-03
3.583096621585017422e-03
3.661969528568093969e-03
3.737608228874307430e-03
3.614816529088929215e-03
3.628571344527094060e-03
3.706747575413417688e-03
3.781682544858557329e-03
3.853942666556614115e-03
3.662142870813060291e-03
3.673313270875824040e-03
3.684067660350243308e-03
3.694249067730583005e-03
3.771421201123816448e-03
3.708592649481763214e-03
3.717397782467577166e-03
3.794216653585047623e-03
3.867780220586421874e-03
3.938665411918431704e-03
4.007263517043650573e-03
3.743301322470082848e-03
3.750105042216278755e-03
3.756777586188608277e-03
3.832995941149924986e-03
3.765954967004288452e-03
3.842030863331070446e-03
3.914844827925819705e-03
3.777191464465572395e-03
3.853093792714637131e-03
3.784558427677048656e-03
3.789336282044946779e-03
3.793934630695298613e-03
3.869586983658193039e-03
3.941972459150963094e-03
3.802141748234743896e-03
3.877664233595115324e-03
3.807457202702307399e-03
3.882901099601928935e-03
3.812396471623941303e-03
3.815705429854794953e-03
3.891026652027243082e-03
3.963077621676033314e-03
3.821507791199649229e-03
3.896735657955026529e-03
3.825233904900477398e-03
3.900407419430465018e-03
3.828715460589524749e-03
3.831165079085095335e-03
3.833559439787913390e-03
3.908609084133134876e-03
3.980385982380338881e-03
3.837393446885249866e-03
3.912379793816923336e-03
3.839817728205058029e-03
3.914769554131401590e-03
3.842105268952125934e-03
3.917022328160429424e-03
3.988666209710865079e-03
3.844929101636516879e-03
3.919800923025094051e-03
3.991399867948022991e-03
4.060316540717042767e-03
4.126951318533724801e-03
3.849702080443918439e-03
3.850883687979014727e-03
3.925670076820762452e-03
3.997181159519319453e-03
3.852810112306392833e-03
3.927562197386829865e-03
3.999040247074560177e-03
3.854396073916305319e-03
3.929124066436280073e-03
3.855429132892012559e-03
3.930143774864463049e-03
3.856439974547439409e-03
3.857431977987176193e-03
3.858446495986672491e-03
3.933118022885177464e-03
4.004513125630327665e-03
3.859540945670173091e-03
3.860305246614842336e-03
3.934948541689270440e-03
4.006315140352864623e-03
4.074997820053193227e-03
4.141398516723753323e-03
3.862678109599122344e-03
3.937276631650243365e-03
3.862937568902467551e-03
3.937538162272909495e-03
4.008862513518288845e-03
3.863468868377125092e-03
3.864026713124025549e-03
3.938613498090673404e-03
4.009923039315233667e-03
4.078548529246271356e-03
4.144892077473072076e-03
4.209229790622496387e-03
3.866934854009708260e-03
3.867168789910920782e-03
3.941707861465703483e-03
4.012969197116587720e-03
3.867304494702567767e-03
3.941836447416719770e-03
3.867283034504585826e-03
3.867704895675594910e-03
3.868179394661672502e-03
3.868628991053079703e-03
3.943145907483213038e-03
4.014384869420759526e-03
3.868604634949937993e-03
3.943116846432664392e-03
3.868477002231522199e-03
3.942993494742406436e-03
4.014232897760692566e-03
3.868399771808116346e-03
3.942915092732057238e-03
3.868288855903989285e-03
3.868658007201214097e-03
3.943174477271045412e-03
4.014412990369922545e-03
4.082967437348385652e-03
3.868971254137654192e-03
3.943475915376531624e-03
3.868761280083808218e-03
3.943273455650635022e-03
3.868682717658188542e-03
3.869031289140746708e-03
3.869436198976167109e-03
3.943940859665562640e-03
3.869374677538589113e-03
3.943877548144349501e-03
4.015103195640848908e-03
4.083645305062703727e-03
3.869522898264043248e-03
3.869708651279500297e-03
3.870077890011760016e-03
3.944572809223927806e-03
4.015789561668686031e-03
4.084322194667118835e-03
4.150573082758995253e-03
3.870851567776621965e-03
3.870920788449115375e-03
3.871226422749082449e-03
3.871516374666992069e-03
3.945989457603126839e-03
4.017184162596875233e-03
3.871174694000147076e-03
3.945647889377710410e-03
3.870837311424974586e-03
3.945317971185227125e-03
4.016521195363156535e-03
4.085040716473636348e-03
3.870784675317580012e-03
3.870904187577356523e-03
3.871210744027907356e-03
3.871501518034180939e-03
3.871777074634183240e-03
3.872039462957829921e-03
3.872287915250408746e-03
3.872523407261765221e-03
3.872746552369227442e-03
3.872958002738729512e-03
3.947409198551400829e-03
3.872609103596416115e-03
3.947062869915504528e-03
4.018238939911702653e-03
4.086731240769174260e-03
3.872313545665335456e-03
3.946767456727453931e-03
4.017945054885128757e-03
4.086439780140060929e-03
3.871951875571699123e-03
3.946411277088632784e-03
3.871498433939221055e-03
3.871699199642359215e-03
3.871965558698817027e-03
3.946431817747843643e-03
4.017619634468441378e-03
4.086123150426123479e-03
4.152345111221348098e-03
4.216561794800182880e-03
4.278965125022701418e-03
3.874630986341689749e-03
3.874426114331741815e-03
3.874549138527591877e-03
3.948976182669559042e-03
3.874070504598853444e-03
3.874137820329493723e-03
3.948571103910680086e-03
4.019725627333360640e-03
3.873508052993106764e-03
3.873540575794234310e-03
3.947982922130605435e-03
4.019146596678088365e-03
4.087625913314325322e-03
3.873183953752178024e-03
3.873178918335195772e-03
3.873367459623047477e-03
3.873546374656413813e-03
3.873715914275448983e-03
3.948155605505695998e-03
4.019316597289931264e-03
3.873132480863627613e-03
3.873184787099925169e-03
3.873373089800961205e-03
3.947817984943638100e-03
4.018984230831666900e-03
4.087466123653819491e-03
4.153666510455423892e-03
4.217861677914996540e-03
3.874512612845646287e-03
3.948929945151796565e-03
4.020071628985917231e-03
3.873580386369770111e-03
3.948017050012368225e-03
3.873046454765491538e-03
3.947493575930721352e-03
4.018662938637855044e-03
4.087148517379638780e-03
3.872690707754315037e-03
3.947138894621725867e-03
4.018310712992966514e-03
4.086799644332286645e-03
3.872277424945869649e-03
3.946731881538147364e-03
4.017910031350809506e-03
4.086405310134979749e-03
4.152620002037483993e-03
4.216830078126143112e-03
4.279227257895912989e-03
4.339946724572648316e-03
3.876279514040562122e-03
3.950667529292725688e-03
3.875322366767652762e-03
3.949734931199200098e-03
4.020869407132672893e-03
3.874492759631771328e-03
3.874473590883952250e-03
3.874594377448967782e-03
3.949020734578610747e-03
3.874112042671330747e-03
3.948542992555096470e-03
3.873597023343619029e-03
3.948035786893257064e-03
4.019196711357812118e-03
4.087673831628301814e-03
4.153869791542400339e-03
3.873730143652795530e-03
3.948160839744255073e-03
3.873086371931282624e-03
3.947532883337515237e-03
3.872654757059490298e-03
3.872796250392259842e-03
3.947249898076832415e-03
4.018424982126894175e-03
4.086915735087329540e-03
3.872541777568593892e-03
3.872570467557848867e-03
3.947027535541554333e-03
4.018206075220407021e-03
3.872112637376975888e-03
3.872218353866232077e-03
3.946680770929946770e-03
3.871929672873122320e-03
3.872109275384948233e-03
3.946573349707824425e-03
3.871829540012815957e-03
3.872014298566704357e-03
3.946479816754639748e-03
4.017666885869923890e-03
4.086169652721244848e-03
3.871867052783241076e-03
3.946327747575835779e-03
3.871420682713168967e-03
3.871625505526196057e-03
3.946096927262321245e-03
4.017289956487071247e-03
4.085798697568712723e-03
4.152025871578593312e-03
4.216247740390049840e-03
3.873095745348639155e-03
3.873007569626431886e-03
3.947457999914904918e-03
4.018629838586489436e-03
4.087117340353151398e-03
3.872723872757312825e-03
3.947171558456999581e-03
3.872207529991131183e-03
3.946667384281270057e-03
3.871847680721947869e-03
3.946313002591943057e-03
4.017500740563830983e-03
4.086004738051160837e-03
3.871656456046309019e-03
3.946120344241363723e-03
3.871227063068775984e-03
3.945701804779576556e-03
3.870947225005142139e-03
3.945426219705491788e-03
3.870690364606163818e-03
3.870933639835636743e-03
3.871238873392455083e-03
3.945716167844269887e-03
3.871030217243342370e-03
3.871255788044845186e-03
3.871544037062184685e-03
3.871817418010051540e-03
3.872077651101649837e-03
3.946542210368943551e-03
3.871800585480289145e-03
3.946266625302615599e-03
3.871474145281820177e-03
3.871676304040661248e-03
3.946146953603890499e-03
4.017339203702756031e-03
3.871316925711801131e-03
3.871463076365799002e-03
3.945936961970399753e-03
4.017132479471939230e-03
3.871127083461339650e-03
3.945601001803946718e-03
3.870793582265883055e-03
3.871031420411198513e-03
3.945511860243964240e-03
4.016713994843264940e-03
4.085231863237958477e-03
4.151468146310449171e-03
4.215699004997130149e-03
3.872614049172491083e-03
3.872551145874342238e-03
3.872772439644178721e-03
3.872982533151240678e-03
3.873181620321017923e-03
3.947629421604656810e-03
4.018798601759850792e-03
4.087283435951691996e-03
4.153486757432740296e-03
3.873447443277806303e-03
3.947882432385895098e-03
3.872826774878314945e-03
3.872959087056761143e-03
3.873159308687754328e-03
3.873349122012309000e-03
3.947794380989477075e-03
3.872968322771079032e-03
3.873093466340348477e-03
3.873286635529452071e-03
3.873469786329472933e-03
3.947913213654881924e-03
4.019077977569314800e-03
3.872913486399582033e-03
3.947360283361389492e-03
3.872434252523233346e-03
3.872587209855209850e-03
3.947044030765440789e-03
3.872268507950581660e-03
3.872430357381595727e-03
3.872658231712013469e-03
3.872874312728556267e-03
3.947326778878835693e-03
3.872532229376668845e-03
3.872680245555148570e-03
3.947135654229249821e-03
3.872353872154845993e-03
3.946811514599717595e-03
3.871982369949886205e-03
3.872159076805726293e-03
3.946622396778772489e-03
4.017807246462274176e-03
3.871746610073993188e-03
3.871870229455533913e-03
3.872127608131822624e-03
3.872371485666836928e-03
3.872602538504093909e-03
3.947059130240551141e-03
3.872282639672138937e-03
3.946741361989244273e-03
4.017922435725943334e-03
3.871787300866531573e-03
3.871908761945703874e-03
3.946375880267799854e-03
3.871645424708989713e-03
3.871838623137652431e-03
3.946306809284510185e-03
4.017496572011413671e-03
3.871461427123329847e-03
3.945930269513891510e-03
3.871100614536227610e-03
3.871322360432624676e-03
3.871607204726609363e-03
3.871877214107662286e-03
3.946344816464523661e-03
3.871616584757681979e-03
3.946085416838621997e-03
4.017276698161318868e-03
3.871194376370242374e-03
3.945667270474211528e-03
4.016863400361913618e-03
4.085376292060679398e-03
4.151608288460011294e-03
3.871665174126347718e-03
3.871691661631126644e-03
3.871958186215125781e-03
3.872210960355791914e-03
3.946673496003456558e-03
4.017857552794849504e-03
3.871792899112848612e-03
3.946256708416955722e-03
4.017443665502787309e-03
3.871291621796443122e-03
3.871439018346381662e-03
3.871717584490091089e-03
3.871983003793689170e-03
3.872234505131660030e-03
3.946696684683880310e-03
3.871944671278346704e-03
3.946408524065974852e-03
4.017594777754407952e-03
4.086097286713474483e-03
3.871740244520239377e-03
3.946202859929652008e-03
3.871303994179655684e-03
3.871515002452119523e-03
3.945988102396351914e-03
4.017182825734412488e-03
3.871173384797645892e-03
3.945646599676481785e-03
4.016843052765093486e-03
3.870740172785272753e-03
3.945219960302194344e-03
4.016423050739711779e-03
3.870354433993084421e-03
3.944840078500525329e-03
3.870083896287506743e-03
3.870358939712033840e-03
3.870694238294874762e-03
3.945179801411606395e-03
4.016387107200050655e-03
3.870442848135674085e-03
3.944927154447917979e-03
3.870165203038942927e-03
3.870436018783294033e-03
3.870767208386338351e-03
3.945251664891295112e-03
4.016457853036553040e-03
3.870507838489529139e-03
3.870696424416620197e-03
3.871014020546045646e-03
3.945494727846974442e-03
4.016697131370709078e-03
3.870727496074830975e-03
3.945207480015523911e-03
3.870426588049706747e-03
3.944913483714710192e-03
4.016123003783960040e-03
4.084648948183066536e-03
3.870430412424942079e-03
3.944912914767371298e-03
3.870101162160808142e-03
3.870375209244986906e-03
3.870709695598667163e-03
3.871026718529672027e-03
3.945507233322821140e-03
3.870835377569233678e-03
3.871071153639311577e-03
3.945550991624722365e-03
4.016752518103538540e-03
4.085269776640963225e-03
3.871053447884048159e-03
3.871158882437178428e-03
3.871452089766195832e-03
3.945926148228032920e-03
3.871226056490890272e-03
3.945700821100473106e-03
3.870946502021225047e-03
3.945425507706857259e-03
3.870689702819556533e-03
3.870933012130987200e-03
3.871238278678034144e-03
3.945715582114031270e-03
4.016914548782537543e-03
4.085429240851212902e-03
3.871197690826153059e-03
3.871295544068066499e-03
3.945771969961086104e-03
3.871082048200922068e-03
3.871304883748122316e-03
3.945781174093142447e-03
3.871090790302759641e-03
3.945567608470023149e-03
3.870822307403095925e-03
3.945303197509896290e-03
3.870575614951264620e-03
3.870824937003834905e-03
3.871135817727642051e-03
3.945614677346220844e-03
3.870935596277612183e-03
3.871166177375281667e-03
3.945644570882960583e-03
3.870963341921871293e-03
3.945442094777660072e-03
3.870705245948737397e-03
3.870947742469993489e-03
3.871252230717978082e-03
3.945729322405203479e-03
3.871042485505281263e-03
3.871267427531493999e-03
3.945744285430562159e-03
4.016942803215326624e-03
4.085457045951961658e-03
3.871222660057522212e-03
3.945693139538620359e-03
4.016887463380328267e-03
3.870733431957935466e-03
3.945213320071572910e-03
4.016416512631609988e-03
3.870348388540167071e-03
3.870545370742630147e-03
3.945033183211784852e-03
3.870393050778596789e-03
3.870651993197607183e-03
3.945138195256465453e-03
4.016346146942077061e-03
3.870405172657825476e-03
3.870599182234005405e-03
3.870921813738863008e-03
3.871227746532217642e-03
3.945705209743932164e-03
4.016904337765537722e-03
3.870917750768448472e-03
3.871084910486662957e-03
3.945564533977751268e-03
4.016765845734202554e-03
3.870790396648561039e-03
3.870964199752404463e-03
3.871267686180828588e-03
3.871555379223446530e-03
3.871828184473900900e-03
3.946296532570258905e-03
3.871571596977276940e-03
3.871768616898870353e-03
3.946237867515495212e-03
4.017428704354356062e-03
4.085935247494945285e-03
4.152160228384322964e-03
4.216379915708013022e-03
3.873211754520607987e-03
3.873117553828710462e-03
3.947566314564496422e-03
4.018736467583923153e-03
3.872599519681643645e-03
3.872679746370172229e-03
3.872894522108671390e-03
3.947346681571679318e-03
3.872550794650727376e-03
3.872697835497758683e-03
3.947152977150101064e-03
3.872370076671236179e-03
3.946827471406485002e-03
4.018007204813298788e-03
3.871865188223406855e-03
3.871983693506780497e-03
3.946449674014515518e-03
3.871714211462811729e-03
3.871903809798447373e-03
3.872159487641602463e-03
3.872401569154651068e-03
3.872631156718228315e-03
3.947087314020674212e-03
4.018264930784697271e-03
4.086758221817511638e-03
4.152969980778267040e-03
4.217176517079232294e-03
4.279569765429978509e-03
4.340285077962741447e-03
3.876698860873182672e-03
3.951080512544934489e-03
3.875707563729402505e-03
3.875688676443292836e-03
3.875745872339652655e-03
3.950154751857331593e-03
4.021284634591575438e-03
4.089730050729083015e-03
4.155894039443891984e-03
3.875592261133682138e-03
3.875413906183084595e-03
3.875485282636830300e-03
3.949898117595559456e-03
4.021031993868689168e-03
4.089481413101210203e-03
4.155649395690716279e-03
3.875374366350520239e-03
3.875207376087480039e-03
3.875289573974681663e-03
3.875367775644311587e-03
3.949782394085291082e-03
4.020918071065295203e-03
3.874603005169541779e-03
3.874578147368927441e-03
3.874693455485914411e-03
3.949118308766969183e-03
3.874203020056127007e-03
3.874263409410234199e-03
3.874395270555877277e-03
3.874520328276516001e-03
3.948947809734151652e-03
3.874044042210904142e-03
3.948476024365244440e-03
3.873534358156604726e-03
3.947974078555007912e-03
4.019135967798593070e-03
4.087614054244896600e-03
3.873111860468423338e-03
3.873110554800130671e-03
3.947559425939833541e-03
3.872748995720450612e-03
3.872885617937828033e-03
3.947337909015400693e-03
3.872542565567294471e-03
3.946997340789276838e-03
4.018174429781223855e-03
3.872018603642158035e-03
3.946478985901046357e-03
4.017662483227629755e-03
4.086162711914560243e-03
3.871746376690248133e-03
3.871815417906203805e-03
3.872075487196176193e-03
3.872322138587326601e-03
3.946782985252002621e-03
4.017965337188027578e-03
3.871891819890892726e-03
3.872009154040749815e-03
3.872259054783584644e-03
3.872496034931108798e-03
3.946954243033520306e-03
3.872184844848898175e-03
3.872351041464006279e-03
3.872583118086747600e-03
3.872803135819940980e-03
3.947256682438829087e-03
3.872466896192762117e-03
3.872618304526485606e-03
3.872836381407212831e-03
3.873043124852481710e-03
3.947493028495028221e-03
3.872687282585364054e-03
3.947139862013673665e-03
3.872288507482536668e-03
3.946747136833781734e-03
4.017928117896842066e-03
4.086425342383754461e-03
4.152641392445933707e-03
4.216852437179799407e-03
3.873571117014600832e-03
3.873457938562818031e-03
3.873631745995463095e-03
3.873796811530146132e-03
3.873953227973591686e-03
3.948389316971450021e-03
3.873523162867502714e-03
3.947963052926454532e-03
3.873056144718498191e-03
3.947503121395022282e-03
4.018672337390719572e-03
4.087157768533968352e-03
4.153362052214992599e-03
4.217561393698534590e-03
3.874193565302881496e-03
3.874047689541940294e-03
3.948482331574534876e-03
3.873609545647222797e-03
3.873701078186189521e-03
3.873862415981580397e-03
3.874015394644694278e-03
3.948450540011855595e-03
3.873580326381246414e-03
3.948019346292902000e-03
4.019180528688067952e-03
3.872942356488923328e-03
3.873004500120679448e-03
3.947454983594942887e-03
3.872651661730684095e-03
3.872793382561897767e-03
3.947247073782253826e-03
4.018422201787340102e-03
4.086912998807794122e-03
3.872539288840961928e-03
3.946989777132455315e-03
3.872038022014814406e-03
3.946500449656814742e-03
4.017685266990501762e-03
4.086186337808093462e-03
4.152406225954962185e-03
3.872426196394361704e-03
3.946876690245668985e-03
3.871888981777822647e-03
3.872070418190863474e-03
3.946535083694515007e-03
4.017721292005836317e-03
3.871667724222248655e-03
3.946133432995708838e-03
3.871290022346287468e-03
3.871501847190688111e-03
3.871777259842358425e-03
3.872039638568781916e-03
3.872288082310811150e-03
3.872523564882132500e-03
3.872746701725706016e-03
3.947201105021808099e-03
3.872415000711505653e-03
3.946871715049717587e-03
3.872038461490835519e-03
3.946500887552501467e-03
4.017685701693550493e-03
4.086186768254373644e-03
4.152406651464287009e-03
3.872426649934631714e-03
3.872414504182648560e-03
3.872643033532665625e-03
3.872859910805147212e-03
3.947312595576670143e-03
3.872519058441476099e-03
3.872667711412772218e-03
3.872883201401206184e-03
3.873087491580678391e-03
3.947536721733341247e-03
3.872728032532950920e-03
3.947179993245735104e-03
3.872325940339499655e-03
3.946784000988071660e-03
4.017964408057197144e-03
3.871825738852387438e-03
3.871945173668198646e-03
3.946411739473013568e-03
4.017599867112918964e-03
4.086103695484427645e-03
3.871807415747820398e-03
3.946269015435807659e-03
3.871365791890155755e-03
3.945838427424357316e-03
3.871074635102507433e-03
3.871297784471908979e-03
3.945774182114347023e-03
4.016972235006716942e-03
3.870979975587986351e-03
3.871143899717586524e-03
3.871437977027303388e-03
3.945912248833899870e-03
3.871213077343235200e-03
3.945688038905353044e-03
4.016885507932252235e-03
4.085399258777313788e-03
4.151631796583063645e-03
3.871736518674070027e-03
3.871759317107951667e-03
3.872022237484298857e-03
3.872271677936490845e-03
3.872507987678194732e-03
3.872731931728322884e-03
3.947186559235326547e-03
4.018362631456148804e-03
3.872256627851853109e-03
3.946713397876750774e-03
4.017893247721317229e-03
4.086389819984511014e-03
4.152605534075666689e-03
3.872553686589403320e-03
3.872534839557908396e-03
3.872757056779022131e-03
3.947211302868593001e-03
3.872424534867939614e-03
3.872578212406810674e-03
3.947035169575481908e-03
3.872260193202886613e-03
3.946719256397953658e-03
4.017900674259861950e-03
3.871767340958870429e-03
3.871889831330079315e-03
3.946357237052457688e-03
4.017546212797696442e-03
3.871506967818450200e-03
3.945975117414915467e-03
3.871142396029349231e-03
3.871361966913244596e-03
3.871644723449882072e-03
3.946115856278313919e-03
4.017308592924806292e-03
3.871288896591544570e-03
3.945760358337269125e-03
4.016955041256942312e-03
3.870843074610088620e-03
3.871013927628029049e-03
3.945494630288056900e-03
4.016697031068982952e-03
3.870727257950208958e-03
3.870904296380134075e-03
3.945386665603979430e-03
4.016590748285784468e-03
4.085110569535308975e-03
4.151348801049261662e-03
4.215581597848756974e-03
3.872510901495002360e-03
3.946958620884327001e-03
4.018130983895346238e-03
3.871798548548453268e-03
3.946262262083737385e-03
3.871410023349440913e-03
3.945881987660015446e-03
4.017076432531255237e-03
3.871010393247238408e-03
3.945486081352709076e-03
4.016685031910610312e-03
3.870595059035012234e-03
3.945077049637037495e-03
4.016282364375584751e-03
3.870225263995580312e-03
3.944712869601883082e-03
3.869965276287499339e-03
3.944459175341836522e-03
4.015675766373116677e-03
3.869724454833385532e-03
3.869954118073793033e-03
3.870310556490486574e-03
3.870648499010906785e-03
3.870968784564172548e-03
3.945450177596603741e-03
4.016653273882289481e-03
3.870687186995498338e-03
3.945167783650942173e-03
3.870389593767405590e-03
3.944877050941891609e-03
3.870178164228874583e-03
3.944668833953623305e-03
3.869984084147432869e-03
3.870264404877415011e-03
3.870604683780928292e-03
3.870927179306517685e-03
3.945409206804413420e-03
3.870744020911721320e-03
3.945226102484822306e-03
3.870503794765937488e-03
3.944989520997943880e-03
4.016197859497310126e-03
3.870203852991372859e-03
3.870408377772671313e-03
3.944898273766782315e-03
4.016109956471063287e-03
3.870188242554317443e-03
3.870393607455832781e-03
3.944883727614490083e-03
3.870253786496742014e-03
3.944743311025135889e-03
3.870053592963567605e-03
3.870330282210426420e-03
3.944821366710637815e-03
4.016034248460437911e-03
4.084563002090950933e-03
3.870414142983682592e-03
3.944896896653903723e-03
4.016103613279129771e-03
3.870013714496178207e-03
3.944504531267417798e-03
4.015718757203883514e-03
3.869707813912308218e-03
3.869938306756419161e-03
3.870295568161006682e-03
3.944787182790458063e-03
4.016000598784007225e-03
4.084529887301747639e-03
4.150777438537527064e-03
3.871033580335906787e-03
3.945505220897689222e-03
4.016701260893335707e-03
4.085214822113661208e-03
3.870805761663599111e-03
3.945282562109583314e-03
4.016483270448829510e-03
4.085001161325167197e-03
3.870650944613788884e-03
3.870777422680371765e-03
3.871090647946645331e-03
3.945570192714296584e-03
4.016771422259530870e-03
4.085288382580223865e-03
3.871070327189249979e-03
3.871174931799433849e-03
3.871467242890902667e-03
3.871744556552466320e-03
3.872008645060909769e-03
3.872258781098902088e-03
3.946720589953105381e-03
3.871966909349295206e-03
3.946430424530157459e-03
3.871626947804765202e-03
3.871820992433707906e-03
3.872080957978697204e-03
3.946545467751579744e-03
4.017731517457312322e-03
3.871677170482919900e-03
3.871804417238622949e-03
3.946273121546968812e-03
4.017463407711350555e-03
3.871430996941954694e-03
3.871571059799786517e-03
3.871842861821889799e-03
3.946310987080842159e-03
4.017500687209817067e-03
4.086006090549078318e-03
4.152229934008091691e-03
3.872327715052139956e-03
3.872320750364004281e-03
3.872554199992857184e-03
3.947011525420723692e-03
3.872238268535818217e-03
3.946697663589022152e-03
4.017879416771863790e-03
4.086377414600499310e-03
4.152594235822107405e-03
4.216806047306271774e-03
3.873530457439447027e-03
3.873419407371922127e-03
3.947863586062402841e-03
4.019029112840939201e-03
4.087510287576002002e-03
3.873079235359067063e-03
3.873079688813662550e-03
3.873273430474716630e-03
3.947719838429838285e-03
3.872898829914194711e-03
3.873027593330035084e-03
3.947477729301469493e-03
3.872672951298389635e-03
3.872813556343320928e-03
3.947266941322418940e-03
3.872476338127681366e-03
3.946932120316331769e-03
3.872094775716716092e-03
3.946556346555421882e-03
3.871744299079426469e-03
3.871932230898468986e-03
3.872186381524777600e-03
3.946649288805998204e-03
