1.334479061101671751e-04
2.586053726230976013e-04
3.767659675446473084e-04
4.984928117381698560e-04
1.905788220605034134e-04
3.124158805359161231e-04
4.277393290993445154e-04
1.904766737352229090e-04
1.900350641611155676e-04
3.119027815719518210e-04
4.272526297857245285e-04
1.904757914529305453e-04
1.900350623400490224e-04
3.119027798536056525e-04
1.902667010705205632e-04
3.121213550005700124e-04
4.274599551588243633e-04
1.904761674828382234e-04
3.123190118646432495e-04
1.902675003202262071e-04
1.900346322758185652e-04
1.900341500878048725e-04
3.119019190590571105e-04
1.902666994164783172e-04
3.121213534397977219e-04
1.902671209361793511e-04
3.121217511902339334e-04
1.902671216998787576e-04
3.121217519108684230e-04
4.274603316467141638e-04
5.476494373650218992e-04
6.622640796109183084e-04
7.717404255569727247e-04
1.910137898378577650e-04
3.128263340205736679e-04
1.902684728735669383e-04
3.121230268927468522e-04
4.274615410264407354e-04
5.476506103291466001e-04
6.622652150065029336e-04
1.908461165696314656e-04
3.126681055613495333e-04
1.902681697187193319e-04
3.121227408325872969e-04
4.274612696850377215e-04
5.476503471581017479e-04
6.622649602644943047e-04
7.717412767836538809e-04
1.910137911572932655e-04
3.128263352657016921e-04
4.281286776943058967e-04
5.482976550826966370e-04
6.628915331307343086e-04
7.723469110001065499e-04
8.975132392464539848e-04
1.911742136649210251e-04
3.129777240737731435e-04
4.282722846534889804e-04
5.484369360303479766e-04
1.906659884690768453e-04
3.124981347159095724e-04
4.278173527997579818e-04
5.479957071983082833e-04
1.906652421881762163e-04
1.900354538025181793e-04
1.900341517874248366e-04
3.119019206628061451e-04
4.272518131855215979e-04
5.474471970488328223e-04
6.620683164014053244e-04
7.715512034607103966e-04
1.910134964489726113e-04
3.128260571547883243e-04
4.281284138801522143e-04
1.904773779844532117e-04
1.900350656147123591e-04
3.119027829435543596e-04
4.272526310867355852e-04
5.474479903251971242e-04
6.620690842721889922e-04
7.715519456746461075e-04
1.910134976000021326e-04
1.900361725918927171e-04
3.119038274792473799e-04
4.272536218627387633e-04
5.474489512715205062e-04
6.620700144430904498e-04
7.715528447657495417e-04
8.967280232738320369e-04
1.911730628120646256e-04
3.129766380194771145e-04
4.282712544201332152e-04
5.484359368333720577e-04
6.630253846091004565e-04
7.724762889551366413e-04
8.976411748025745624e-04
1.019978365650827919e-03
1.913301742878530294e-04
3.131249043981357196e-04
4.284119372716693091e-04
5.485723814843468165e-04
6.631574576461974615e-04
7.726039477713919287e-04
8.977674102998557757e-04
1.020103001974861749e-03
1.913303492262258992e-04
3.131250694894364842e-04
4.284120938793864464e-04
5.485725333736025467e-04
1.906662176089709160e-04
1.900354558163862013e-04
1.900341517915915611e-04
1.900341490937496112e-04
1.900341490881683824e-04
1.900341490881567814e-04
3.119019181157960704e-04
1.902666994146654498e-04
3.121213534380871762e-04
4.274599536767356061e-04
1.904761674801507844e-04
3.123190118621067043e-04
1.902675003202218432e-04
1.900346322758184568e-04
3.119023740481311423e-04
4.272522432361774373e-04
1.904757907516377346e-04
3.123186563686098684e-04
4.276471059288154903e-04
5.478305874084338700e-04
6.624394274551808617e-04
7.719099140463760080e-04
8.970811133794353827e-04
1.019425403759189512e-03
1.139088314897327087e-03
1.256186983631269816e-03
1.370820666536808627e-03
1.483074493217857639e-03
1.918843928313326158e-04
3.136479341913140555e-04
4.289080986534802762e-04
1.904788177613688221e-04
1.900350686116904046e-04
3.119027857714812713e-04
4.272526337691154568e-04
5.474479929268169986e-04
6.620690867904891223e-04
1.908458000995943049e-04
1.900358265903941330e-04
3.119035009947118469e-04
1.902667024562095985e-04
3.121213563081200008e-04
4.274599563990961917e-04
1.904761674850862082e-04
3.123190118667649247e-04
1.902675003202302728e-04
3.121221091810425885e-04
1.902671223872363720e-04
1.900346314957347498e-04
3.119023733120498618e-04
1.902667002893398604e-04
1.900346306244438902e-04
1.900341500843882804e-04
3.119019190558337774e-04
4.272518116612562919e-04
5.474471955704586501e-04
6.620683149703777189e-04
1.908457988539112777e-04
3.126678057435240189e-04
1.902681691442696102e-04
1.900346336564007915e-04
1.900341500906610405e-04
3.119019190617522202e-04
4.272518116668701823e-04
5.474471955759025376e-04
6.620683149756481341e-04
7.715512020825907730e-04
8.967263988951427534e-04
1.911730604291906439e-04
3.129766357707704683e-04
4.282712522870050684e-04
5.484359347645054953e-04
1.906659867768183429e-04
1.900354553397698421e-04
1.900341517906052081e-04
3.119019206658075962e-04
4.272518131883691465e-04
5.474471970515945021e-04
6.620683164040798343e-04
7.715512034632986040e-04
1.910134964489766500e-04
3.128260571547914685e-04
4.281284138801553585e-04
1.904773779844532659e-04
3.123201541341639738e-04
4.276485266506080884e-04
1.904765092439860883e-04
3.123193343617927317e-04
4.276477490465932724e-04
5.478312111580537500e-04
6.624400312245632251e-04
1.908463984866025159e-04
3.126683715970885987e-04
4.279788355222972646e-04
1.904771073439513133e-04
3.123198987487834873e-04
1.902675020216000037e-04
3.121221107864742507e-04
4.274606720569379902e-04
5.476497675251659151e-04
6.622643991964600411e-04
1.908461152536931134e-04
3.126681043195419325e-04
1.902681697163402671e-04
3.121227408303419684e-04
4.274612696829085652e-04
5.476503471560371017e-04
6.622649602624954696e-04
1.908461161587184898e-04
3.126681051735846263e-04
1.902681697179767889e-04
3.121227408318871734e-04
1.902671236000302889e-04
3.121217537038719942e-04
4.274603333474606410e-04
1.904761681684733930e-04
3.123190125116312465e-04
1.902675003214672391e-04
3.121221091822103826e-04
4.274606705352182283e-04
5.476497660492667596e-04
6.622643977678324256e-04
1.908461152513886959e-04
3.126681043173670771e-04
1.902681697163357405e-04
1.900346336575814876e-04
3.119023753519527763e-04
1.902667002932592242e-04
3.121213542671375462e-04
4.274599544631295595e-04
5.476490715387922386e-04
6.622637255016291082e-04
1.908461141669898220e-04
3.126681032940562465e-04
1.902681697143752590e-04
1.900346336575773677e-04
3.119023753519486021e-04
4.272522444728904262e-04
1.904757907538819246e-04
3.123186563707273694e-04
4.276471059308253300e-04
5.478305874103821813e-04
6.624394274570666145e-04
7.719099140482002866e-04
8.970811133812370015e-04
1.019425403760967170e-03
1.139088314899080892e-03
1.256186983632994782e-03
1.916188133916519459e-04
1.900374204796816688e-04
3.119050049773277027e-04
4.272547387579810172e-04
5.474500345399243044e-04
6.620710630185385999e-04
7.715538583051336895e-04
8.967290255192989943e-04
1.019077774732518550e-03
1.913289089173952006e-04
3.131237102539878971e-04
1.902690421141535720e-04
3.121235640342862700e-04
4.274620505302592112e-04
5.476511044912963852e-04
1.906646586133886557e-04
1.900354525976809782e-04
3.119031480978801357e-04
4.272529774474540117e-04
1.904757920836702006e-04
3.123186576255602498e-04
1.902674996406614313e-04
3.121221085397944662e-04
4.274606699258567629e-04
5.476497654582543860e-04
6.622643971957492461e-04
7.717407325297585656e-04
8.969138173515042375e-04
1.019260226470627972e-03
1.138925475308071164e-03
1.256026551663601450e-03
1.370662723937969389e-03
1.917539279381426040e-04
3.135248073536220825e-04
4.287912953264585276e-04
1.904786069638431741e-04
1.900350681765969015e-04
3.119027853609306631e-04
4.272526333796949731e-04
1.904757914594504763e-04
3.123186570365252984e-04
4.276471065623741797e-04
5.478305880229127154e-04
6.624394280499773177e-04
1.908463975142642307e-04
3.126683706795252643e-04
1.902681702266839604e-04
3.121227413119079816e-04
4.274612701396962762e-04
5.476503475990695397e-04
6.622649606913372190e-04
1.908461161594097772e-04
3.126681051742374244e-04
4.279785827979970102e-04
5.481520811334610532e-04
1.906655067856250396e-04
3.124976801751831170e-04
4.278169216352881317e-04
5.479952890197358926e-04
1.906652414804498041e-04
3.124974298198914978e-04
1.902678425481572596e-04
3.121224321109538615e-04
4.274609768481771668e-04
5.476500631388471268e-04
1.906646568489409369e-04
3.124968781322598845e-04
4.278161608401133886e-04
5.479945511383174910e-04
6.625981391019510145e-04
7.720633219972948460e-04
1.910142901334197960e-04
1.900361742262953455e-04
3.119038290214572076e-04
4.272536233255749632e-04
1.904757932554413768e-04
1.900350623437695164e-04
3.119027798571170581e-04
1.902667010705272582e-04
1.900346306260512199e-04
3.119023724914224416e-04
1.902667002877629697e-04
3.121213542619507772e-04
4.274599544582093416e-04
5.476490715340195806e-04
6.622637254970073712e-04
7.717400832757139416e-04
8.969131753329072062e-04
1.019259592582678897e-03
1.138924850202415557e-03
1.256025935799713351e-03
1.370662117631476313e-03
1.482918499325125037e-03
1.592868637364975790e-03
1.700576967466547280e-03
1.806101161479506910e-03
1.909492880497084362e-03
1.923642502170250679e-04
1.900389540649878323e-04
3.119064520577867440e-04
4.272561113610239621e-04
1.904757977692773507e-04
1.900350623530858488e-04
3.119027798659072272e-04
1.902667010705443615e-04
3.121213550005921844e-04
1.902671209391759233e-04
3.121217511930610990e-04
4.274603309658402410e-04
1.904761681641553410e-04
3.123190125075564353e-04
4.276474437482665055e-04
1.904765072823240814e-04
3.123193325107037339e-04
4.276477472907240594e-04
1.904765078321879197e-04
1.900350638186851921e-04
1.900341509806058695e-04
3.119019199014980278e-04
1.902666994180970039e-04
1.900346306226461746e-04
1.900341500843848381e-04
3.119019190558304706e-04
1.902666994164719475e-04
3.121213534397924093e-04
4.274599536783541031e-04
5.476490707776480527e-04
1.906646551674961857e-04
1.900354525905666603e-04
3.119031480911681653e-04
1.902667017780980332e-04
3.121213556682472432e-04
4.274599557921464799e-04
1.904761674839862309e-04
3.123190118657264759e-04
1.902675003202287821e-04
3.121221091810410164e-04
1.902671223872362636e-04
3.121217525594667313e-04
1.902671217025069450e-04
1.900346314943211941e-04
1.900341500861883271e-04
3.119019190575315838e-04
1.902666994164753085e-04
3.121213534397952825e-04
4.274599536783564883e-04
5.476490707776493537e-04
6.622637247648634250e-04
7.717400825680349090e-04
8.969131746331146602e-04
1.911733343728473026e-04
3.129768942900676377e-04
4.282714975189378650e-04
5.484361726086851765e-04
1.906659871788041335e-04
3.124981334983433228e-04
4.278173516448084191e-04
5.479957060781439921e-04
6.625992570445039982e-04
1.908466551391063172e-04
3.126686137915927967e-04
4.279790652639934721e-04
5.481525490666602947e-04
6.627510756649417035e-04
7.722111475833762619e-04
1.910145190281686270e-04
1.900361746983355313e-04
3.119038294668715293e-04
4.272536237480650226e-04
5.474489531000833065e-04
6.620700162130919129e-04
7.715528464766109205e-04
1.910134989969663826e-04
3.128260595592838723e-04
1.902684723479789559e-04
3.121230263967974335e-04
4.274615405560096954e-04
5.476506098728813662e-04
6.622652145648519860e-04
1.908461165689191990e-04
1.900358272430851148e-04
3.119035016105852474e-04
4.272533127657277018e-04
5.474486514806171412e-04
6.620697242533405075e-04
7.715525642721121104e-04
8.967277459057472651e-04
1.911730624051812769e-04
1.900365018521397954e-04
3.119041381668677588e-04
1.902667036805464468e-04
3.121213574634178634e-04
1.902671209439046711e-04
3.121217511975237294e-04
4.274603309700732373e-04
5.476494367087548663e-04
1.906646557875262004e-04
3.124968771306547814e-04
1.902678414884768129e-04
3.121224311110285129e-04
4.274609758997019817e-04
5.476500622189307485e-04
6.622646844515613735e-04
7.717410101869656876e-04
8.969140919144273074e-04
1.911733357178767236e-04
1.900365024157605058e-04
3.119041386986964089e-04
4.272539170645017000e-04
1.904757937883504073e-04
1.900350623448692768e-04
3.119027798581545854e-04
4.272526281601328317e-04
5.474479874867060718e-04
6.620690815246046057e-04
7.715519430188635041e-04
8.967271315751437332e-04
1.019075904771771105e-03
1.913289062875961257e-04
3.131237077722174114e-04
1.902690421094060133e-04
3.121235640298071598e-04
1.902671251805960453e-04
3.121217551953105857e-04
4.274603347621594028e-04
1.904761681710376395e-04
3.123190125140505352e-04
4.276474437544264002e-04
5.478309150600780761e-04
6.624397446113377760e-04
7.719102206039246683e-04
8.970814165200403402e-04
1.019425703060293162e-03
1.139088610053298582e-03
1.914775656062286111e-04
1.900371296384689289e-04
3.119047305416045327e-04
4.272544784467588951e-04
5.474497820660056881e-04
1.906643173670972860e-04
3.124965577801746934e-04
4.278158569632251095e-04
5.479942564136386926e-04
6.625978538184580050e-04
7.720630462475870561e-04
8.972325387983332923e-04
1.911738024956395957e-04
3.129773360552879627e-04
4.282719165783396278e-04
5.484365790436806446e-04
1.906659878657274165e-04
1.900354553420182334e-04
1.900341517906097889e-04
3.119019206658119872e-04
4.272518131883729954e-04
1.904757899714283143e-04
3.123186556323782632e-04
4.276471052304549585e-04
5.478305867311042583e-04
6.624394267995478702e-04
7.719099134126537667e-04
8.970811127527754175e-04
1.019425403140466774e-03
1.139088314287172799e-03
1.256186983030135873e-03
1.370820665945002943e-03
1.483074492635590548e-03
1.593022040705711949e-03
1.700727761285389297e-03
1.921318334063019039e-04
3.138814616443711802e-04
4.291296353643001709e-04
5.492684515244288489e-04
6.638312212664365230e-04
7.732551891199172453e-04
8.984113885052907649e-04
1.911755274186239368e-04
3.129789638569763265e-04
1.902687651188203803e-04
3.121233026585065805e-04
1.902671246787555328e-04
3.121217547217685359e-04
4.274603343129833874e-04
1.904761681702232411e-04
1.900350631176093844e-04
3.119027805873056999e-04
1.902667010719304326e-04
3.121213550018993527e-04
4.274599551600852363e-04
5.476490722147619354e-04
1.906646551699314664e-04
3.124968765478620156e-04
4.278161593371992218e-04
1.904768128719459125e-04
1.900350644482990390e-04
3.119027818429349268e-04
4.272526300427621380e-04
5.474479893126541017e-04
6.620690832920740230e-04
7.715519447272774049e-04
8.967271332645208870e-04
1.019075906439754348e-03
1.913289062899422850e-04
3.131237077744319485e-04
4.284108021392024992e-04
5.485712805524485449e-04
6.631563919901654024e-04
7.726029177342543137e-04
8.977663917483014785e-04
1.020101996327524210e-03
1.139755528481393087e-03
1.256844332736061593e-03
1.371467813461527650e-03
1.917549599061588259e-04
3.135257812729474775e-04
4.287922192243347002e-04
5.489412047245156075e-04
6.635144623314815065e-04
7.729490192530489049e-04
8.981086336629182532e-04
1.020439902035586354e-03
1.140088750274422056e-03
1.257172587785591444e-03
1.916200753397905704e-04
3.133984849828217486e-04
1.902695675176426795e-04
3.121240598107013087e-04
4.274625207973461473e-04
5.476515605981644797e-04
1.906646593862043864e-04
3.124968805265483196e-04
4.278161631112679529e-04
1.904768128787792593e-04
3.123196208816619770e-04
4.276480208281315735e-04
1.904765083276974775e-04
3.123193334971513112e-04
4.276477482264290234e-04
1.904765078338833137e-04
3.123193330311726558e-04
4.276477477844192049e-04
5.478312099338918106e-04
6.624400300396148184e-04
7.719104964938603482e-04
8.970816893348639151e-04
1.911735814233238415e-04
3.129771274304074622e-04
1.902687616036159496e-04
3.121232993415216559e-04
4.274617994568164674e-04
5.476508609779268686e-04
6.622654576273200337e-04
7.717417575271764540e-04
8.969148309260839731e-04
1.019261227209099880e-03
1.138926462181657703e-03
1.256027523946925614e-03
1.916186034333725865e-04
1.900374200473108413e-04
1.900341558552756020e-04
3.119019245012004285e-04
1.902666994269353929e-04
1.900346306226642266e-04
3.119023724882264304e-04
1.902667002877569795e-04
1.900346306244400955e-04
3.119023724899025528e-04
4.272522417581472282e-04
5.474476127182689765e-04
1.906643136890569105e-04
3.124965543093915165e-04
4.278158536709384730e-04
1.904768123185156454e-04
3.123196203529783263e-04
4.276480203266415565e-04
5.478314742682173976e-04
6.624402859066556978e-04
7.719107438104261211e-04
1.910140537809862404e-04
3.128265830989403781e-04
1.902684733505464239e-04
3.121230273428296943e-04
4.274615414533650191e-04
5.476506107432162034e-04
6.622652154073118769e-04
1.908461165702780567e-04
3.126681055619591259e-04
4.279785831657838659e-04
1.904771068873342286e-04
3.123198983179041426e-04
1.902675020207728930e-04
1.900346322793287240e-04
3.119023740514435968e-04
4.272522432393200515e-04
5.474476141548463961e-04
6.620687201491242844e-04
1.908457995078517483e-04
3.126678063606260914e-04
4.279782993483671402e-04
5.481518062218705993e-04
1.906655063206251477e-04
3.124976797363856812e-04
4.278169212190587978e-04
5.479952886160418873e-04
6.625988529553641362e-04
7.720640119946855584e-04
1.910142912019782864e-04
1.900361742284993117e-04
3.119038290235365989e-04
4.272536233275468559e-04
5.474489526922250975e-04
1.906643159609321982e-04
3.124965564532467053e-04
4.278158557045383240e-04
5.479942551928620662e-04
1.906652397307904674e-04
3.124974281688251156e-04
4.278166825891969419e-04
5.479950571732782787e-04
6.625986289266230485e-04
7.720637954526862745e-04
1.910142908666329824e-04
3.128268068323936373e-04
1.902684737789901086e-04
3.121230277471139392e-04
4.274615418368479238e-04
1.904761703593898408e-04
3.123190145790528927e-04
1.902675003254336572e-04
3.121221091859532112e-04
4.274606705387688278e-04
5.476497660527105110e-04
1.906646563455628902e-04
3.124968776572464098e-04
4.278161603895292656e-04
5.479945507013057361e-04
1.906652402309131971e-04
1.900354537984769241e-04
3.119031492309435596e-04
4.272529785222014534e-04
5.474483273002911116e-04
6.620694104552667190e-04
7.715522609589692792e-04
8.967274459724317763e-04
1.019076215187784094e-03
1.913289067241476368e-04
3.131237081841959139e-04
4.284108025279108247e-04
5.485712809294458064e-04
6.631563923550842180e-04
7.726029180869759634e-04
1.910151252448360408e-04
3.128275942201221688e-04
4.281298719301366738e-04
5.482988133430849540e-04
1.906657549679406671e-04
1.900354548611581985e-04
3.119031502336819250e-04
1.902667017822146133e-04
1.900346306275196091e-04
1.900341500843950025e-04
3.119019190558393610e-04
4.272518116612630140e-04
5.474471955704650469e-04
6.620683149703851999e-04
7.715512020775043469e-04
8.967263988901098869e-04
1.019075181364874219e-03
1.913289052702374566e-04
3.131237068121247831e-04
4.284108012263458491e-04
5.485712796670953392e-04
6.631563911331805634e-04
7.726029169059146383e-04
8.977663909291992055e-04
1.911745842530595434e-04
3.129780737960420286e-04
4.282726164007747099e-04
1.904776387477965843e-04
3.123204001991374923e-04
1.902675029835645341e-04
3.121221116941934087e-04
4.274606729179517245e-04
1.904761687840944183e-04
3.123190130925508905e-04
1.902675003225814466e-04
3.121221091832614624e-04
4.274606705362154774e-04
5.476497660502357111e-04
6.622643977687689594e-04
7.717407330836307264e-04
8.969138178992039270e-04
1.911733353160827555e-04
3.129768951801939350e-04
4.282714983633135412e-04
5.484361734276238434e-04
6.630256136230628728e-04
7.724765103148968073e-04
1.910149297120171277e-04
1.900361755452711714e-04
3.119038302660337523e-04
1.902667030889103317e-04
3.121213569051435165e-04
4.274599569654017662e-04
1.904761674861133543e-04
3.123190118677336593e-04
1.902675003202322244e-04
3.121221091810451364e-04
1.902671223872369412e-04
3.121217525594668940e-04
1.902671217025076226e-04
1.900346314943211941e-04
1.900341500861883271e-04
3.119019190575315838e-04
4.272518116628666032e-04
1.904757899686606172e-04
1.900350623369855278e-04
3.119027798507151695e-04
1.902667010705148441e-04
1.900346306260509489e-04
1.900341500843921564e-04
1.900341490902176871e-04
1.900341490881612538e-04
3.119019181158008409e-04
4.272518107696056063e-04
5.474471947056529187e-04
1.906643129803297797e-04
3.124965536406016774e-04
4.278158530365435384e-04
5.479942526052199430e-04
1.906652397264114291e-04
3.124974281646924622e-04
4.278166825852771716e-04
1.904768138193202529e-04
1.900350644502544790e-04
3.119027818447808352e-04
4.272526300445120945e-04
1.904757914534002216e-04
3.123186570308163776e-04
4.276471065569582104e-04
5.478305880176592138e-04
1.906649626425506092e-04
3.124971666944504115e-04
4.278164345620191528e-04
5.479948166162249435e-04
1.906652406809500420e-04
3.124974290654435613e-04
4.278166834397030766e-04
5.479950579981673724e-04
6.625986297250885089e-04
7.720637962244681100e-04
8.972332804153599793e-04
1.019575643529064667e-03
1.139236473971767284e-03
1.256332952633971252e-03
1.370964370177953084e-03
1.483215880748718716e-03
1.918845701533640230e-04
3.136481015410256721e-04
4.289082574093432240e-04
5.490537458872985161e-04
1.906670867105383221e-04
3.124991711221187444e-04
1.902678458933682493e-04
3.121224352675305326e-04
4.274609798423368288e-04
1.904761693405298227e-04
3.123190136176226843e-04
4.276474448012311329e-04
5.478309160753575165e-04
6.624397455940966807e-04
7.719102215538422218e-04
8.970814174593714184e-04
1.019425703987726422e-03
1.913293980600926840e-04
3.131241718633569530e-04
4.284112423798439127e-04
5.485717075290253613e-04
1.906662162139143469e-04
3.124983496273999232e-04
4.278175566587223591e-04
1.904768154018805890e-04
1.900350644535210717e-04
3.119027818478630051e-04
4.272526300474360252e-04
5.474479893171882352e-04
6.620690832964628734e-04
1.908458000939550713e-04
1.900358265903823423e-04
1.900341525586669834e-04
1.900341490953368019e-04
3.119019181225714667e-04
1.902666994146786771e-04
3.121213534380992108e-04
1.902671209361760714e-04
3.121217511902312229e-04
4.274603309631560817e-04
5.476494367020451727e-04
6.622640789691760068e-04
7.717404249366735568e-04
1.910137898368960505e-04
1.900361731945585022e-04
3.119038280479177077e-04
4.272536224021407283e-04
5.474489517946828573e-04
1.906643159594104933e-04
1.900354518902057485e-04
3.119031474303128972e-04
4.272529768142448690e-04
5.474483256437568269e-04
6.620694088517846149e-04
1.908458006193851125e-04
3.126678074095426874e-04
1.902681691474616911e-04
3.121227402935432271e-04
4.274612691737291153e-04
5.476503466621881078e-04
1.906646573293385597e-04
3.124968785855871474e-04
1.902678414912664380e-04
1.900346329800790541e-04
3.119023747126661926e-04
1.902667002920308231e-04
3.121213542659784256e-04
4.274599544620305037e-04
5.476490715377272268e-04
6.622637255005981403e-04
7.717400832791833885e-04
1.910137893073120784e-04
3.128263335199080240e-04
4.281286760382573887e-04
5.482976534765355778e-04
6.628915315760311108e-04
7.723469094973640665e-04
8.975132377604649186e-04
1.019852049267097474e-03
1.139509051488202078e-03
1.914781357409342793e-04
3.132645324132455450e-04
4.285443906922236311e-04
5.487008441762890407e-04
6.632818041537162125e-04
7.727241380769615635e-04
8.978862604104394978e-04
1.911747596485974265e-04
3.129782393159851036e-04
4.282727734133478462e-04
1.904776390316448873e-04
3.123204004669860069e-04
1.902675029840783375e-04
1.900346322813173134e-04
3.119023740533197545e-04
1.902667002907643123e-04
3.121213542647829301e-04
4.274599544608960488e-04
5.476490715366264363e-04
1.906646551687818597e-04
3.124968765467775423e-04
4.278161593361696634e-04
5.479945496796705942e-04
6.625981376900320387e-04
1.908466533353950299e-04
3.126686120894906331e-04
4.279790636494063731e-04
1.904771077567264334e-04
3.123198991382913577e-04
1.902675020223471274e-04
3.121221107871787110e-04
1.902671223903200869e-04
3.121217525623764589e-04
4.274603322646989938e-04
5.476494379643976999e-04
6.622640801910970086e-04
7.717404261177639386e-04
1.910137898387269156e-04
3.128263340213940295e-04
4.281286765139645360e-04
1.904773784594335640e-04
1.900350656156928845e-04
1.900341509843234090e-04
3.119019199050056929e-04
4.272518124667240721e-04
5.474471963516756466e-04
6.620683157265747987e-04
1.908457988551323062e-04
1.900358265878276367e-04
3.119035009922902814e-04
4.272533121792554791e-04
5.474486509118016387e-04
1.906643154492762408e-04
3.124965559704224213e-04
4.278158552465451429e-04
1.904768123213682084e-04
3.123196203556698040e-04
1.902675014875391439e-04
3.121221102825284615e-04
4.274606715789214923e-04
5.476497670615429600e-04
1.906646563472719723e-04
3.124968776588597026e-04
4.278161603910594544e-04
5.479945507027896836e-04
1.906652402309154198e-04
3.124974286407681298e-04
4.278166830368684641e-04
5.479950576074652533e-04
6.625986293469017692e-04
7.720637958589199150e-04
1.910142908672619823e-04
3.128268068329866959e-04
1.902684737789916264e-04
3.121230277471157824e-04
1.902671241509167738e-04
3.121217542236939184e-04
1.902671217057024953e-04
3.121217519163645149e-04
4.274603316519272789e-04
5.476494373700782929e-04
1.906646557886468318e-04
3.124968771317133964e-04
4.278161598910232982e-04
5.479945502178140172e-04
1.906652402300947058e-04
3.124974286399933047e-04
4.278166830361334293e-04
1.904768138201365488e-04
3.123196217699581410e-04
1.902675014902522244e-04
1.900346322782338695e-04
3.119023740504102437e-04
4.272522432383383606e-04
5.474476141538956592e-04
1.906643136914905649e-04
3.124965543116875856e-04
4.278158536731165268e-04
1.904768123185193859e-04
1.900350644471568320e-04
3.119027818418578803e-04
4.272526300417405485e-04
5.474479893116633578e-04
6.620690832911140704e-04
1.908458000939464248e-04
3.126678069137037489e-04
