1.334479061101671751e-04
2.586053726230976013e-04
3.767659675446473084e-04
4.984928117381698560e-04
6.146919150814868227e-04
7.257667764480586021e-04
8.514588408047988645e-04
1.911053165382220465e-04
3.129127064306183093e-04
4.282106089592692898e-04
1.904775266306757127e-04
3.123202944016879694e-04
4.276486597029024225e-04
5.478320943889754182e-04
1.906649651931038565e-04
3.124971691012813310e-04
4.278164368450702881e-04
5.479948188305144591e-04
6.625983982189172878e-04
1.908466537552078960e-04
3.126686124856533364e-04
4.279790640252001703e-04
5.481525478651821416e-04
1.906655075750783134e-04
3.124976809201507355e-04
4.278169223419428101e-04
5.479952897051071402e-04
6.625988540095401969e-04
7.720640130136337221e-04
8.972334947880173002e-04
1.019575855186417336e-03
1.913296090420617485e-04
3.131243709693816977e-04
1.902690433780808757e-04
3.121235652269417279e-04
4.274620516615488261e-04
5.476511055885206931e-04
6.622656944033437345e-04
1.908461173429181466e-04
3.126681062910743533e-04
4.279785838574099843e-04
5.481520821609628131e-04
6.627506237173476627e-04
7.722107107401776031e-04
8.973785572772392197e-04
1.911740164107018545e-04
3.129775379259069792e-04
4.282721080732302104e-04
1.904776378288374210e-04
3.123203993319777954e-04
4.276487592356765350e-04
1.904765096653093022e-04
3.123193347593673373e-04
4.276477494237172772e-04
5.478312115238205202e-04
6.624400315786134561e-04
1.908463984871732128e-04
3.126683715976270677e-04
4.279788355228068397e-04
1.904771073439524517e-04
3.123198987487840294e-04
4.276482844020173266e-04
5.478317303906819974e-04
6.624405338248822274e-04
1.908463992968095063e-04
1.900358278261886672e-04
3.119035021607989306e-04
4.272533132876231085e-04
1.904757926929621687e-04
3.123186582005075661e-04
4.276471076664815451e-04
5.478305890937691181e-04
6.624394290865325994e-04
1.908463975159352302e-04
1.900358278225154987e-04
3.119035021573323026e-04
1.902667024584435158e-04
3.121213563102282320e-04
4.274599564010968158e-04
5.476490734184062160e-04
6.622637273210418927e-04
7.717400850387977611e-04
8.969131770763438729e-04
1.019259594304033727e-03
1.138924851899920541e-03
1.256025937472122741e-03
1.370662119277931855e-03
1.482918500945042562e-03
1.592868638957995559e-03
1.700576969032467634e-03
1.806101163018252170e-03
1.909492882008669706e-03
2.010799473211830144e-03
2.110064710805152188e-03
1.925847455393417537e-04
3.143089221550067198e-04
4.295351570629901499e-04
5.496617478565375562e-04
6.642119105121408905e-04
1.908492476585731893e-04
3.126710602671720464e-04
4.279813859504957049e-04
5.481547998495140111e-04
6.627532543401014721e-04
7.722132534456499931e-04
8.973810716360939134e-04
1.019721562762478453e-03
1.913298137141350105e-04
3.131245641206934827e-04
4.284116144801453844e-04
5.485720684182624754e-04
6.631571546113265020e-04
7.726036548652777435e-04
8.977671206598367756e-04
1.020102716004343216e-03
1.139756238182790780e-03
1.256845031942385726e-03
1.371468501814990856e-03
1.483711778707244274e-03
1.593648743871949307e-03
1.701343802848234851e-03
1.806854687525173394e-03
1.910233105756886651e-03
1.923651290209238873e-04
3.141016444994365196e-04
1.902709096055319881e-04
1.900346393129375539e-04
1.900341501023637832e-04
3.119019190727954699e-04
4.272518116773457437e-04
1.904757899686868006e-04
3.123186556297916821e-04
4.276471052280013006e-04
1.904765066690974082e-04
3.123193319320428625e-04
4.276477467418281697e-04
5.478312089226992703e-04
6.624400290608135769e-04
7.719104955477704621e-04
8.970816883993198466e-04
1.019425971496017115e-03
1.139088874771352049e-03
1.256187535227267426e-03
1.370821209572238835e-03
1.483075027500977989e-03
1.918843935014272921e-04
3.136479348237232196e-04
4.289080992534143868e-04
5.490535924980601392e-04
1.906670864512926807e-04
3.124991708774825646e-04
4.278183356425529788e-04
5.479966604743013656e-04
1.906652438058615586e-04
3.124974320142666589e-04
4.278166862368730158e-04
1.904768138259313654e-04
3.123196217754263689e-04
4.276480216759205350e-04
5.478314755768616713e-04
6.624402871733801618e-04
1.908463988992002063e-04
1.900358278253684954e-04
3.119035021600241055e-04
1.902667024584485302e-04
3.121213563102330025e-04
4.274599564010999600e-04
1.904761674850900300e-04
3.123190118667680689e-04
4.276474431404398368e-04
5.478309144645828518e-04
6.624397440349182216e-04
7.719102200467684591e-04
8.970814159690958505e-04
1.019425702516326814e-03
1.139088609516865271e-03
1.256187273894704198e-03
1.370820952295459961e-03
1.483074774370827251e-03
1.593022317762726649e-03
1.700728033628983154e-03
1.806249605864291684e-03
1.909638704774161951e-03
2.010942684770160218e-03
2.110205326085252530e-03
2.207467976012220546e-03
2.302769650277636942e-03
2.396147760565616076e-03
2.487638239285250383e-03
2.577276323135972713e-03
2.665096157428668670e-03
2.751131199713792354e-03
2.835414336415855753e-03
2.917978313437888816e-03
1.934638399352533219e-04
3.151386669850612748e-04
4.303223507320183159e-04
5.504252001412636994e-04
6.649508835836398296e-04
7.743374118541971728e-04
1.910177330588013010e-04
3.128300552163991053e-04
4.281322064471385319e-04
5.483010774984806764e-04
6.628948458706554470e-04
7.723501130010560932e-04
8.975164055340424402e-04
1.019855176900395658e-03
1.139512135790222026e-03
1.914781399198527481e-04
3.132645363569867120e-04
4.285443944333425367e-04
1.904781298737617302e-04
3.123208636419750380e-04
4.276491996620176029e-04
5.478326180866292371e-04
6.624413930857039022e-04
7.719118139901324756e-04
8.970829921460792694e-04
1.019427258729831880e-03
1.139090144177755393e-03
1.914775676871754626e-04
1.900371296427528557e-04
3.119047305456462216e-04
4.272544784505930135e-04
1.904757948068295452e-04
3.123186601952228857e-04
4.276471095585911695e-04
5.478305909288954615e-04
6.624394308628723084e-04
7.719099173401901227e-04
8.970811166365337498e-04
1.019425406975030951e-03
1.913293976427242059e-04
3.131241714694816994e-04
4.284112420062087079e-04
5.485717071666453134e-04
6.631568049348718265e-04
7.726033168765434125e-04
8.977667864398976164e-04
1.911745848318274256e-04
1.900365049916524524e-04
3.119041411292901127e-04
4.272539193699999944e-04
5.474492398216071086e-04
1.906643164477471594e-04
3.124965569126297795e-04
4.278158561402960907e-04
1.904768123229863802e-04
3.123196203571971196e-04
4.276480203306436178e-04
5.478314742720985162e-04
6.624402859104138678e-04
1.908463988971638035e-04
3.126683719845221735e-04
4.279788358898092750e-04
5.481523266016661688e-04
6.627508603269847108e-04
7.722109394421610611e-04
8.973787834296086206e-04
1.019719303541643520e-03
1.139378144296218772e-03
1.256472528227585818e-03
1.371101779557085771e-03
1.483351075395214318e-03
1.918847396800869506e-04
3.136482615338284240e-04
1.902700446563130503e-04
3.121245100439378525e-04
4.274629478646163128e-04
5.476519748059985272e-04
6.622665357808662926e-04
7.717427996543700219e-04
1.910137935177947082e-04
3.128263374932636312e-04
4.281286798073559744e-04
5.482976571320923379e-04
6.628915351144708343e-04
7.723469129175424865e-04
8.975132411425118398e-04
1.019852052606297051e-03
1.913299969538542256e-04
3.131247370460598376e-04
1.902690440783718565e-04
3.121235658877438159e-04
1.902671251841637481e-04
3.121217551986767082e-04
1.902671217075749938e-04
3.121217519181312223e-04
4.274603316536031844e-04
5.476494373717026446e-04
6.622640796173845986e-04
7.717404255632191387e-04
8.969135138058764766e-04
1.019259926769159035e-03
1.913291650466605127e-04
3.131239519660024501e-04
4.284110337824217538e-04
5.485715052164601147e-04
6.631566094555371759e-04
7.726031279309832599e-04
8.977665996012037944e-04
1.020102201547102520e-03
1.913303481029923129e-04
1.900368260347216432e-04
3.119044440632512860e-04
1.902667042683302018e-04
3.121213580180562841e-04
4.274599580210494687e-04
5.476490749895801795e-04
6.622637288418923955e-04
7.717400865088322503e-04
8.969131785299946577e-04
1.019259595739277144e-03
1.138924853315278389e-03
1.256025938866554403e-03
1.370662120650725443e-03
1.482918502295714307e-03
1.592868640286240148e-03
1.700576970338113329e-03
1.921316502554769399e-04
3.138812887899820664e-04
4.291294713838686697e-04
1.904792170402132658e-04
1.900350694358159760e-04
3.119027865491200212e-04
4.272526345067302871e-04
5.474479936422248748e-04
1.906643143349006676e-04
3.124965549188414527e-04
4.278158542490457508e-04
5.479942537812053588e-04
6.625978512703506636e-04
7.720630437846334954e-04
8.972325363628352000e-04
1.019574908900912520e-03
1.139235749518102692e-03
1.256332238891952856e-03
1.370963667513161064e-03
1.483215189409253874e-03
1.593160401218356214e-03
1.920103012541491761e-04
3.137667626363419265e-04
4.290208252539281912e-04
5.491629210777640392e-04
1.906672712167637243e-04
3.124993452310499556e-04
4.278185010292634362e-04
5.479968208800449578e-04
6.626003361613821020e-04
7.720654456542911954e-04
1.910142934251242430e-04
3.128268092467950527e-04
4.281291273096197352e-04
1.904773792747089015e-04
3.123201553516919511e-04
1.902675025138579037e-04
1.900346322803468169e-04
1.900341500878144406e-04
1.900341490902253037e-04
3.119019181177487728e-04
4.272518107714528158e-04
5.474471947074446712e-04
6.620683141350035229e-04
7.715512012700359969e-04
8.967263980916407402e-04
1.019075180576514824e-03
1.138742993034451206e-03
1.914770973449847306e-04
3.132635524555206605e-04
4.285434610829931632e-04
5.486999425776445567e-04
6.632809314455113568e-04
1.908477525780718663e-04
1.900358306172329455e-04
3.119035047944075396e-04
4.272533157856877976e-04
5.474486544096529529e-04
1.906643154552056883e-04
3.124965559760176093e-04
1.902678408727201539e-04
3.121224305299940519e-04
4.274609753485630946e-04
5.476500616843868767e-04
6.622646839341392224e-04
7.717410096868337422e-04
8.969140914198695707e-04
1.019260497068138083e-03
1.138925742156550024e-03
1.256026814566907780e-03
1.370662982761361361e-03
1.482919350512122659e-03
1.592869474418630478e-03
1.700577790280440038e-03
1.806101970012755293e-03
1.909493674758934011e-03
2.010800251766203025e-03
2.110065475244873780e-03
2.207330688867017218e-03
2.302634904344953975e-03
2.396015530506940064e-03
2.487508497501642567e-03
2.577149039834744811e-03
2.664971301540745852e-03
2.751008738859672762e-03
1.932822936369841637e-04
3.149673055447473080e-04
4.301597732536004181e-04
5.502675271175765928e-04
6.647982670141554425e-04
7.741898994718347934e-04
8.993355905295446649e-04
1.021651302963130867e-03
1.141283360953570733e-03
1.258349529617119444e-03
1.372949561375952062e-03
1.485169094775976939e-03
1.595081856666670257e-03
1.702752529299414279e-03
1.808238958331732970e-03
1.911592937393179073e-03
2.012861917333001998e-03
2.112089860784680667e-03
2.209317959733597854e-03
2.304585386182974108e-03
2.397929590773895114e-03
1.928987528618627992e-04
3.146052947990728762e-04
4.298163258580959514e-04
5.499344382091833194e-04
6.644758584038299885e-04
7.738782724958855356e-04
8.990274417797199536e-04
1.021347066009852889e-03
1.140983343108791306e-03
1.258053949583716425e-03
1.916212331234214735e-04
3.133995776253745190e-04
4.286724980943379154e-04
5.488250913725508740e-04
1.906666440890610102e-04
3.124987533919398462e-04
4.278179396583603315e-04
5.479962763817739424e-04
1.906652431514618471e-04
3.124974313967426149e-04
4.278166856511069339e-04
5.479950601429693950e-04
6.625986318011837725e-04
7.720637982311832166e-04
1.910142908709354219e-04
3.128268068364527276e-04
1.902684737789982401e-04
3.121230277471216913e-04
4.274615418368551338e-04
5.476506111151599986e-04
6.622652157673435428e-04
7.717415237489129963e-04
8.969145997531093300e-04
1.019260998963745840e-03
1.138926237098565998e-03
1.256027302191541160e-03
1.916186031413086603e-04
3.133970955957397471e-04
1.902695648660239546e-04
3.121240573086054475e-04
4.274625184239914336e-04
5.476515582962719706e-04
6.622661326114323652e-04
7.717424099567917785e-04
8.969154760848457820e-04
1.019261864197433705e-03
1.913291677703184547e-04
3.131239545363475913e-04
4.284110362206833148e-04
1.904778889600474323e-04
3.123206363077576150e-04
4.276489840216502239e-04
5.478324089405098686e-04
6.624411906390605771e-04
7.719116183087854815e-04
1.910140551357417137e-04
1.900361737416709877e-04
3.119038285641691916e-04
4.272536228918222116e-04
1.904757932546545171e-04
3.123186587305392596e-04
4.276471081692495113e-04
5.478305895813956588e-04
6.624394295585391479e-04
7.719099160794460094e-04
8.970811153898429566e-04
1.019425405744132538e-03
1.139088316854782986e-03
1.256186985559783588e-03
1.916188133941887351e-04
3.133972940189789580e-04
4.286703317790683306e-04
1.904783885735505890e-04
3.123211077515749765e-04
4.276494311999710181e-04
5.478328426683006392e-04
6.624416104861881273e-04
1.908464010341333057e-04
3.126683740011093745e-04
1.902681702330486337e-04
1.900346336586479631e-04
3.119023753529581570e-04
4.272522444738485899e-04
5.474476153522072914e-04
1.906643136935227663e-04
3.124965543136057019e-04
4.278158536749359264e-04
5.479942532243861197e-04
6.625978507313687186e-04
7.720630432636632927e-04
8.972325358476725262e-04
1.911738024913159871e-04
3.129773360512075678e-04
4.282719165744694055e-04
5.484365790399262693e-04
6.630260062398727044e-04
7.724768898095034451e-04
8.976417689578230011e-04
1.019978952279254093e-03
1.139634196741858962e-03
1.256724755806423385e-03
1.371350092614335167e-03
1.483595386298532321e-03
1.593534284851776247e-03
1.701231290806183051e-03
1.806744128148339047e-03
1.910124497847933258e-03
2.011419778294935411e-03
2.110673874166026000e-03
2.207927934857391739e-03
2.303221094821025858e-03
2.396590775816789809e-03
1.928972084100477168e-04
3.146038370625652003e-04
4.298149428892906673e-04
5.499330969464529895e-04
6.644745601445724032e-04
7.738770176492380456e-04
8.990262009375117819e-04
1.021345840898097140e-03
1.140982134985874061e-03
1.258052759335071555e-03
1.916212315609704586e-04
3.133995761508322968e-04
4.286724966955420143e-04
5.488250900159044165e-04
1.906666440867715005e-04
3.124987533897798445e-04
1.902678450858452284e-04
3.121224345055431085e-04
4.274609791195577873e-04
5.476500653418326422e-04
6.622646874744391116e-04
7.717410131088349228e-04
8.969140948037365420e-04
1.019260500409148278e-03
1.138925745451267605e-03
1.256026817812914542e-03
1.370662985956993922e-03
1.482919353656253015e-03
1.592869477510557149e-03
1.700577793319764689e-03
1.806101972999328521e-03
1.922495464688654069e-04
3.139925577891832485e-04
1.902707016284977662e-04
1.900346388836639667e-04
3.119023802832460515e-04
4.272522491503864470e-04
5.474476198879463717e-04
6.620687256986160316e-04
1.908457995168087761e-04
3.126678063690779895e-04
1.902681691454683312e-04
3.121227402916617569e-04
4.274612691719461449e-04
5.476503466604591306e-04
6.622649597827883752e-04
7.717412763180421737e-04
8.969143550796703770e-04
1.019260757388899992e-03
1.138925998870653558e-03
1.256027067485666416e-03
1.370663231755152225e-03
1.482919595492998305e-03
1.592869715331772995e-03
1.920099429490205263e-04
1.900382261029356760e-04
3.119057651578122353e-04
4.272554598139608069e-04
5.474507338867467274e-04
6.620717399679349868e-04
7.715545126356001268e-04
8.967296725585241447e-04
1.019078413578142304e-03
1.138746181246775993e-03
1.914771016725871618e-04
1.900371286833917657e-04
3.119047296403996950e-04
4.272544775919372021e-04
5.474497812369219247e-04
6.620708178278687491e-04
7.715536213070240757e-04
1.910135001985703844e-04
1.900361725972513050e-04
3.119038274843035567e-04
4.272536218675351111e-04
1.904757932527960591e-04
3.123186587287858336e-04
4.276471081675859657e-04
5.478305895797810649e-04
6.624394295569730178e-04
7.719099160779341979e-04
8.970811153883469745e-04
1.019425405742656939e-03
1.139088316853326252e-03
1.256186985558348538e-03
1.370820668433978548e-03
1.483074495084451758e-03
1.593022043113911891e-03
1.700727763652623093e-03
1.806249340573768411e-03
1.909638444166425822e-03
2.010942428829305337e-03
2.110205074784550494e-03
2.207467729318447931e-03
2.302769408150369922e-03
2.396147522959302546e-03
2.487638006150281154e-03
2.577276094418794704e-03
2.665095933073442433e-03
2.751130979662323988e-03
2.835414120609227109e-03
2.917978101811743389e-03
2.998854776255552041e-03
3.078075742630343933e-03
3.155672151709301796e-03
3.231674844265878480e-03
3.306114194080075116e-03
3.379020275246582845e-03
3.450422783253439835e-03
1.940475190160679240e-04
3.156896225004678590e-04
1.902739270351309507e-04
3.121281734997446858e-04
4.274664228242638182e-04
5.476553451308249342e-04
6.622697981582129686e-04
7.717459530196972345e-04
1.910137984055776763e-04
3.128263421057763684e-04
1.902684728890500230e-04
3.121230269073573438e-04
4.274615410403004713e-04
1.904761703579456022e-04
1.900350631221244630e-04
3.119027805915660723e-04
4.272526288557972236e-04
5.474479881614265509e-04
6.620690821777178029e-04
7.715519436501547474e-04
8.967271321993999138e-04
1.019075905388124427e-03
1.138743707804685742e-03
1.255847471365133163e-03
1.916183662562266079e-04
3.133968720387351331e-04
4.286699314758886208e-04
5.488226021150863308e-04
1.906666398898471712e-04
3.124987494293505292e-04
4.278179358995602569e-04
5.479962727361811087e-04
6.625998055502306224e-04
1.908466560229566560e-04
3.126686146256529397e-04
4.279790660551681608e-04
5.481525498340034065e-04
6.627510764077009647e-04
7.722111483013118470e-04
1.910145190292800155e-04
3.128270221453785809e-04
4.281293292638054773e-04
1.904773796399476110e-04
3.123201556963433960e-04
1.902675025145192400e-04
1.900346322803479824e-04
3.119023740524049047e-04
1.902667002907623337e-04
3.121213542647815207e-04
4.274599544608948020e-04
5.476490715366245932e-04
6.622637254995311770e-04
7.717400832781532881e-04
8.969131753353198813e-04
1.019259592585056119e-03
1.138924850204758301e-03
1.256025935802022701e-03
1.370662117633753571e-03
1.482918499327364132e-03
1.918841971807697263e-04
3.136477495438436190e-04
1.902700436788280303e-04
3.121245091215719904e-04
4.274629469897092324e-04
1.904761729068299371e-04
3.123190169829014430e-04
4.276474479934034081e-04
1.904765072900140293e-04
3.123193325179592691e-04
4.276477472976057616e-04
1.904765078322007946e-04
3.123193330295847333e-04
4.276477477829133023e-04
1.904765078330794591e-04
3.123193330304141480e-04
4.276477477837001078e-04
5.478312099331927171e-04
6.624400300389388183e-04
1.908463984846909590e-04
3.126683715952851910e-04
4.279788355205855804e-04
5.481523262435638406e-04
6.627508599803561690e-04
7.722109391071166774e-04
8.973787830982997470e-04
1.019719303214527148e-03
1.913298105409037473e-04
3.131245611260802990e-04
4.284116116394167556e-04
5.485720656631215249e-04
6.631571519444669303e-04
7.726036522875570460e-04
8.977671181108597956e-04
1.020102713487662776e-03
1.139756235700998448e-03
1.256845029497293854e-03
1.371468499407848445e-03
1.483711776338910446e-03
1.918851903084980829e-04
3.136486868196122811e-04
4.289088126323513102e-04
5.490542843763311772e-04
6.636239180822843618e-04
7.730548160776047053e-04
1.910157565772636478e-04
3.128281900449885562e-04
4.281304371570897522e-04
5.482993615076083840e-04
6.628931848577422972e-04
7.723485075026495636e-04
1.910147316480329145e-04
3.128272227898760169e-04
4.281295195938502251e-04
5.482984716206670134e-04
6.628923235082079561e-04
7.723476749617049593e-04
8.975139946906752694e-04
1.019852796608654386e-03
1.139509788478075937e-03
1.256602225917683325e-03
1.371229464336466480e-03
1.483476702172897583e-03
1.918848971882963880e-04
1.900379682818777432e-04
3.119055218796528989e-04
4.272552290566878166e-04
5.474505100769903009e-04
6.620715233259583847e-04
7.715543032322896800e-04
8.967294654886055327e-04
1.019078209130398847e-03
1.138745979631409014e-03
1.255849709606119378e-03
1.370488626155380151e-03
1.482747803855235169e-03
1.918839830235662266e-04
3.136475474305225309e-04
4.289077317538838511e-04
5.490532360746617482e-04
6.636229033777461947e-04
7.730538352943538668e-04
8.982122806597123881e-04
1.911752364200151552e-04
3.129786892429404425e-04
4.282732002150313596e-04
5.484378240100423090e-04
6.630272113221229472e-04
7.724780546149666825e-04
8.976429207764934992e-04
1.019980089506557957e-03
1.139635318216735685e-03
1.256725860696905226e-03
1.371351180355690706e-03
1.917548104462979972e-04
3.135256402202656273e-04
1.902698104690969086e-04
3.121242890623316833e-04
4.274627382532316397e-04
1.904761725284067871e-04
1.900350631266045762e-04
3.119027805957934308e-04
4.272526288598076875e-04
5.474479881653160178e-04
6.620690821814807434e-04
7.715519436537952814e-04
8.967271322029994650e-04
1.019075905391676490e-03
1.138743707808187065e-03
1.255847471368579842e-03
1.370486422651067760e-03
1.482745635862557860e-03
1.918839803033612246e-04
1.900379663955444770e-04
3.119055200997213366e-04
4.272552273683647242e-04
5.474505084394969915e-04
6.620715217409067418e-04
7.715543017002008796e-04
8.967294639735915070e-04
1.019078207634566309e-03
1.913289095262000366e-04
3.131237108285237587e-04
4.284108050363526839e-04
1.904778885423490315e-04
3.123206359136035046e-04
4.276489836477700979e-04
5.478324085778895616e-04
1.906649657250787113e-04
3.124971696032796762e-04
4.278164373212522075e-04
5.479948192923545522e-04
1.906652406854792694e-04
3.124974290697176489e-04
4.278166834437584806e-04
1.904768138208745923e-04
1.900350644502577858e-04
3.119027818447835999e-04
1.902667010743467398e-04
1.900346306260588094e-04
3.119023724914300310e-04
4.272522417595966981e-04
5.474476127196747531e-04
6.620687187599146820e-04
1.908457995056096995e-04
3.126678063585102167e-04
4.279782993463606073e-04
5.481518062199240227e-04
1.906655063206219494e-04
3.124976797363832417e-04
4.278169212190556536e-04
5.479952886160399357e-04
6.625988529553611004e-04
7.720640119946837153e-04
8.972334937804231185e-04
1.019575854191588551e-03
1.139236681716645876e-03
1.256333157307167828e-03
1.370964571674634621e-03
1.483216078997739214e-03
1.593161276034952330e-03
1.700864627888913237e-03
1.806383829333724905e-03
1.922498846314744329e-04
3.139928769450032390e-04
4.292353312688038168e-04
5.493709613122503771e-04
6.639304453389732394e-04
7.733510959011145533e-04
8.985062253510324101e-04
1.020832455319694004e-03
1.140475861428852464e-03
1.257553974013428518e-03
1.372166438054888337e-03
1.484398462238805663e-03
1.594324023274202922e-03
1.702007592448539618e-03
1.921333869615156039e-04
3.138829278614648811e-04
4.291310263091965426e-04
5.492698005419633560e-04
1.906674517742368584e-04
3.124995156137531276e-04
4.278186626493295079e-04
5.479969776325823404e-04
6.626004878926507104e-04
7.720655923150056927e-04
8.972350564991379666e-04
1.019577397127623131e-03
1.139238203292322095e-03
1.256334656392579406e-03
1.370966047500640295e-03
1.483217531042204784e-03
1.593162703972372113e-03
1.700866031537200248e-03
1.921320013430937910e-04
1.900384768573509548e-04
3.119060017679434627e-04
4.272556842463939484e-04
5.474509515620883462e-04
6.620719506719590936e-04
1.908458047217371698e-04
3.126678112807975665e-04
4.279783040155596624e-04
5.481518107484771194e-04
6.627503610000112788e-04
7.722104568030322032e-04
1.910145179588668889e-04
3.128270211352492634e-04
4.281293283056037519e-04
5.482982860948312168e-04
6.628921439263074991e-04
7.723475013817634148e-04
8.975138230459699844e-04
1.019852627138309511e-03
1.139509621355121356e-03
1.914781365133585045e-04
3.132645331422000395e-04
4.285443913837260962e-04
5.487008448469562301e-04
1.906664343317816747e-04
3.124985554544033135e-04
4.278177519004020078e-04
5.479960942787531286e-04
6.625996328095046023e-04
7.720647657871338321e-04
8.972342391704761846e-04
1.019576590140312605e-03
1.913296100745534134e-04
3.131243719437554912e-04
4.284114321786542615e-04
5.485718916093601039e-04
6.631569834677048750e-04
1.908475532002237320e-04
3.126694612623168732e-04
4.279798691607279715e-04
5.481533287484682349e-04
6.627518303683230900e-04
1.908469009512794509e-04
1.900358288608108707e-04
3.119035031370607537e-04
4.272533142136402382e-04
5.474486528849369441e-04
6.620697256126846768e-04
7.715525655860367739e-04
8.967277472050297783e-04
1.019076512605813535e-03
1.138744306610119149e-03
1.255848061318081202e-03
1.370487003445669191e-03
1.482746207297090581e-03
1.592699206056312359e-03
1.700410418425975798e-03
1.921314479162383954e-04
3.138810978259258121e-04
4.291292902234838534e-04
5.492681167872039312e-04
6.638308972581624277e-04
7.732548759437928888e-04
8.984110788228283654e-04
1.020738514633468420e-03
1.140383223172570506e-03
1.257462706073306149e-03
1.372076586972252772e-03
1.917557397234431131e-04
3.135265172250188432e-04
4.287929173771237528e-04
5.489418818374994539e-04
6.635151177449941399e-04
7.729496527572746536e-04
8.981092601015378723e-04
1.020440520536438451e-03
1.140089360201243561e-03
1.914789219309461345e-04
3.132652743586186858e-04
4.285450945178108525e-04
5.487015267944803966e-04
6.632824648983655282e-04
1.908477550440890571e-04
3.126696517357448104e-04
4.279800498406850784e-04
1.904771095411447496e-04
3.123199008221280216e-04
4.276482863687100316e-04
5.478317322981442498e-04
6.624405356712435074e-04
7.719109852284655434e-04
8.970821726219458184e-04
1.019426449585594373e-03
1.139089346239680186e-03
1.256187999724687337e-03
1.370821666860832979e-03
1.483075477419280690e-03
1.593023009137039050e-03
