1.575605967759735115e+01
1.575246125352072113e+01
1.574882061724713367e+01
1.574581155307570413e+01
1.574269045667542066e+01
1.573928129006421983e+01
1.573542453164452759e+01
1.573160123893877937e+01
1.572867784028782623e+01
1.572612883809116902e+01
1.572375422184651050e+01
1.572161093590309910e+01
1.571918242659391751e+01
1.571490483168115304e+01
1.571254588733617474e+01
1.571027065627778718e+01
1.570810552063134402e+01
1.570608899524623503e+01
1.570404117650606857e+01
1.570157657119117900e+01
1.569692068010567532e+01
1.569440732089218749e+01
1.568990688651124188e+01
1.568743999437965897e+01
1.568497647787840954e+01
1.568261315947571966e+01
1.568109949792962254e+01
1.567725879613555939e+01
1.567493008846951419e+01
1.567275956108515089e+01
1.567074454390006188e+01
1.566689581407947429e+01
1.566323736463776939e+01
1.566124267163272243e+01
1.565767640938134164e+01
1.565536245800221238e+01
1.565308650193788687e+01
1.565075961012933803e+01
1.564844509475092593e+01
1.564616259344736982e+01
1.564390879338379747e+01
1.563978813459809025e+01
1.563753820899775882e+01
1.563534196792098285e+01
1.563319558034658208e+01
1.563109829014006280e+01
1.562721106685372163e+01
1.562514863878545945e+01
1.562315629426743691e+01
1.561947311651751313e+01
1.561692056685815011e+01
1.561437361337651808e+01
1.561193462528948572e+01
1.560940701435910327e+01
1.560665069852215581e+01
1.560366335909636426e+01
1.560106300981704486e+01
1.559809735681530718e+01
1.559507360986521896e+01
1.559207263665374121e+01
1.558909608509665645e+01
1.558614511263408531e+01
1.558315031574528398e+01
1.558018043531735231e+01
1.557725412354703742e+01
1.557437434203237991e+01
1.557154362424644312e+01
1.556622255508162311e+01
1.556111550240544972e+01
1.555831821222971634e+01
1.555557258254179942e+01
1.555059486444778116e+01
1.554589909395511960e+01
1.554310421059355640e+01
1.554037840986630314e+01
1.553772469519316068e+01
1.553514481866504582e+01
1.553263958769253961e+01
1.552967996106283444e+01
1.552426978460263207e+01
1.552116592800100392e+01
1.551617394136357042e+01
1.551302051351001587e+01
1.550989944480872396e+01
1.550681059271290785e+01
1.550210393466954173e+01
1.549896529094159092e+01
1.549586990349054716e+01
1.549281626389645439e+01
1.548980282658298435e+01
1.548529145197417733e+01
1.548129422817883416e+01
1.547811532292504388e+01
1.547500509846414118e+01
1.547195936555161033e+01
1.546897404346462501e+01
1.546508494643990339e+01
1.546204012824041563e+01
1.545906728997605484e+01
1.545546924711880088e+01
1.545111917374625676e+01
1.544729908188224066e+01
1.544353031477736593e+01
1.543981204672075336e+01
1.543569850822457923e+01
1.543187715541399285e+01
1.542812231291671665e+01
1.542426825132083046e+01
1.542044040929871329e+01
1.541637494792940899e+01
1.541191294778034226e+01
1.540710915630139333e+01
1.540286935404825996e+01
1.539763435787765111e+01
1.539349519065115324e+01
1.538833446595209864e+01
1.538343858694631194e+01
1.537877953584525237e+01
1.537418814410913548e+01
1.536956650224401066e+01
1.536515283741597138e+01
1.536093056388342504e+01
1.535598192907762716e+01
1.535177304822255628e+01
1.534699512982485814e+01
1.534278963939122598e+01
1.533816869323581500e+01
1.533288006817392457e+01
1.532808008396460941e+01
1.532322790206527507e+01
1.531836606145978941e+01
1.531361324411291847e+01
1.530896415814332023e+01
1.530441302590587327e+01
1.529995406291598137e+01
1.529558177728877943e+01
1.529129113635526949e+01
1.528601015026567822e+01
1.528134070655068300e+01
1.527677528453248890e+01
1.527261788023311517e+01
1.526735318423010312e+01
1.526235684305308915e+01
1.525759565078701385e+01
1.525303997752897267e+01
1.524792152971647496e+01
1.524277951550903509e+01
1.523774223322239507e+01
1.523280037638650164e+01
1.522687762736294204e+01
1.522140467095913330e+01
1.521645456018651998e+01
1.521158159857156100e+01
1.520678571079240093e+01
1.520206691170726465e+01
1.519742535440283326e+01
1.519267745679654880e+01
1.518796645063616602e+01
1.518333742998792424e+01
1.517813587574378076e+01
1.517085300391291014e+01
1.516477031151096178e+01
1.515876014299271723e+01
1.515182588544235465e+01
1.514583549524340000e+01
1.513991962854496798e+01
1.513408099348642111e+01
1.512734193390330617e+01
1.512115633863473541e+01
1.511551234704799462e+01
1.510950714030523656e+01
1.510359027371915630e+01
1.509819793065229199e+01
1.509226523503621387e+01
1.508726416157776029e+01
1.508130879803914226e+01
1.507546985785177007e+01
1.507069857221385512e+01
1.506483765891162285e+01
1.505910925655303778e+01
1.505351342971770556e+01
1.504804807903929564e+01
1.504270982004492119e+01
1.503749459929150767e+01
1.503212848035725635e+01
1.502593888021705482e+01
1.501963010727669179e+01
1.501341703319676846e+01
1.500730232990790824e+01
1.500157465844726268e+01
1.499657911924004416e+01
1.499028739892982287e+01
1.498537619788596409e+01
1.498038829951974193e+01
1.497591272522903871e+01
1.496787512875993187e+01
1.496018875853549979e+01
1.495282798466697294e+01
1.494576802903110391e+01
1.493898619635361236e+01
1.493246223692840857e+01
1.492617942111230889e+01
1.492012114231659226e+01
1.491360867848527860e+01
1.490608380274293587e+01
1.489856806289449764e+01
1.489223354253463683e+01
1.488599123814679182e+01
1.487984064590811961e+01
1.487247462298667067e+01
1.486640037581324059e+01
1.486041418357304877e+01
1.485451760964383006e+01
1.484734495362035922e+01
1.484151750235575307e+01
1.483472407241178281e+01
1.482895398410139443e+01
1.482327919938926897e+01
1.481770165839036046e+01
1.481191132710223002e+01
1.480613558629745086e+01
1.479961272266614358e+01
1.479244704334399962e+01
1.478700868234382249e+01
1.478037329428814495e+01
1.477432022074698992e+01
1.476817112887134620e+01
1.476208472314555920e+01
1.475517819353006566e+01
1.474917207995657442e+01
1.474324015575117031e+01
1.473739179255739451e+01
1.473163331731063863e+01
1.472597037682394117e+01
1.472040751475240405e+01
1.471373979251966091e+01
1.470823210131853997e+01
1.470283444292866371e+01
1.469686299595214329e+01
1.469036173694757608e+01
1.468302498872922435e+01
1.467549579163696549e+01
1.466906611290925433e+01
1.466265482207021087e+01
1.465627007106046520e+01
1.464991896535816451e+01
1.464360775658290770e+01
1.463734198178411461e+01
1.463035664217924747e+01
1.462343992512318991e+01
1.461665011615619747e+01
1.461005800471896343e+01
1.460335143881054876e+01
1.459677630875970067e+01
1.459033007042527963e+01
1.458400996645475622e+01
1.457679385677042383e+01
1.457048651277370688e+01
1.456311320075909777e+01
1.455710331858553452e+01
1.455107655962986435e+01
1.454519202257310617e+01
1.453944324296265478e+01
1.453382460000746512e+01
1.452833123519262770e+01
1.452295894575479451e+01
1.451631300978407957e+01
1.450881724454943367e+01
1.450295461999770907e+01
1.449628107290995516e+01
1.448986141181783971e+01
1.448366239743922890e+01
1.447765910042046578e+01
1.447183371493106385e+01
1.446566633970054383e+01
1.445991334984883103e+01
1.445412774764961661e+01
1.444695969522849488e+01
1.444103028748931727e+01
1.443536966669945087e+01
1.442911805561870864e+01
1.442268715257501377e+01
1.441586012722698129e+01
1.440905281108826053e+01
1.440233882704042934e+01
1.439508865477244193e+01
1.438769228761668906e+01
1.438059436400074809e+01
1.437375369688848892e+01
1.436713707967050446e+01
1.436064254040950239e+01
1.435412920224093902e+01
1.434780223275674693e+01
1.434131889255463399e+01
1.433371349206002243e+01
1.432661268354486950e+01
1.431930938379324125e+01
1.431245741282935491e+01
1.430658042013789100e+01
1.430079263307265691e+01
1.429509773713454734e+01
1.428868271156924763e+01
1.428267891879926665e+01
1.427715206916331070e+01
1.427171535125148694e+01
1.426563359434726586e+01
1.425923891539739863e+01
1.425154621478347927e+01
1.424525621974355083e+01
1.423904089824638497e+01
1.423322939727922432e+01
1.422772808224063823e+01
1.422091322137266722e+01
1.421342589791860789e+01
1.420766311295253637e+01
1.420039674705308919e+01
1.419336469424263569e+01
1.418656309825641237e+01
1.417998628015104678e+01
1.417370418600636128e+01
1.416730333038263900e+01
1.416110598248433483e+01
1.415511102197755733e+01
1.414931599417214159e+01
1.414307598964105495e+01
1.413680186448458898e+01
1.413062916914982026e+01
1.412304479017202574e+01
1.411694364271411395e+01
1.411093802966587418e+01
1.410358110551612398e+01
1.409763704767559922e+01
1.409178988494082319e+01
1.408604153604152920e+01
1.407893647165594686e+01
1.407132304297501157e+01
1.406543571640673740e+01
1.405963421820544035e+01
1.405307617244512386e+01
1.404753956829874006e+01
1.404018043939368710e+01
1.403326471685357291e+01
1.402793143358649885e+01
1.402146968722728815e+01
1.401623872731331666e+01
1.401032624944842198e+01
1.400309649453784111e+01
1.399717211485701185e+01
1.399036779367978056e+01
1.398449359047793017e+01
1.397737730546204737e+01
1.397124249628843984e+01
1.396525529691130707e+01
1.395977349740314821e+01
1.395330414258474860e+01
1.394666660134730662e+01
1.393922663405676055e+01
1.393217696767549363e+01
1.392594638736448509e+01
1.391912757664552736e+01
1.391290776708246035e+01
1.390629961446155782e+01
1.390012018129023907e+01
1.389370287795452263e+01
1.388755031751553837e+01
1.388165342108212563e+01
1.387537673982346398e+01
1.386910300186069911e+01
1.386295937899505404e+01
1.385693931943020907e+01
1.385103727072080559e+01
1.384338903258319675e+01
1.383755664293737908e+01
1.383064493698803332e+01
1.382477784925683117e+01
1.381811053845030202e+01
1.380997159631716187e+01
1.380234295880989670e+01
1.379681506977701844e+01
1.378970254199828105e+01
1.378428421463662445e+01
1.377892863786372146e+01
1.377364455096225448e+01
1.376843817369050704e+01
1.376255624455892956e+01
1.375658936515199393e+01
1.374951881179800672e+01
1.374374162352866335e+01
1.373805803924925328e+01
1.373056095180614200e+01
1.372495106403511755e+01
1.371787563325237080e+01
1.371231151314094454e+01
1.370686043836951384e+01
1.370013738924679281e+01
1.369331412888789146e+01
1.368766133180098521e+01
1.368215327277497373e+01
1.367679067812822069e+01
1.367035692294646942e+01
1.366359029822497106e+01
1.365683402749645126e+01
1.364949531252588066e+01
1.364169007991051608e+01
1.363435157587905522e+01
1.362786740780479278e+01
1.362067977339661695e+01
1.361376490285876528e+01
1.360708957830399157e+01
1.360041447779460100e+01
1.359384616978569227e+01
1.358747820121784322e+01
1.358011269230579288e+01
1.357385062699939482e+01
1.356679682637236439e+01
1.355920831520584890e+01
1.355329021691526137e+01
1.354619111161779443e+01
1.354042025373429858e+01
1.353474571452438013e+01
1.352917090983260451e+01
1.352249724006485643e+01
1.351705591303389120e+01
1.351096032234544886e+01
1.350360019763491692e+01
1.349755652632641123e+01
1.349161718757393302e+01
1.348578752839881112e+01
1.347853045911892167e+01
1.347277329906549603e+01
1.346713591051866565e+01
1.346162189481011495e+01
1.345509878429618489e+01
1.344861743645743779e+01
1.344199411554188828e+01
1.343432403682268017e+01
1.342780044691683372e+01
1.342130328940555728e+01
1.341436829292004340e+01
1.340796513611646645e+01
1.340160115332746038e+01
1.339528095364997817e+01
1.338708756016137968e+01
1.338090228445096841e+01
1.337475734904205815e+01
1.336865950078201415e+01
1.336261440053850436e+01
1.335520877962053987e+01
1.334771008719365959e+01
1.334113743097921123e+01
1.333469825067755110e+01
1.332742113928475369e+01
1.332111819016022203e+01
1.331494759755764967e+01
1.330890830913694067e+01
1.330299835852384405e+01
1.329604664085897880e+01
1.329036091153715660e+01
1.328225013263275223e+01
1.327664599176158688e+01
1.326997058149043696e+01
1.326450188701590527e+01
1.325801202057254180e+01
1.325234092446800283e+01
1.324475136290691601e+01
1.323819340283944612e+01
1.323173959281779766e+01
1.322462161928157620e+01
1.321826036455165365e+01
1.321139692459626858e+01
1.320495983321758082e+01
1.319820287634527567e+01
1.319158016086064400e+01
1.318517790579007709e+01
1.317896681711604145e+01
1.317224902883454618e+01
1.316545187195383448e+01
1.315871681161044471e+01
1.315096289624433190e+01
1.314441535399952876e+01
1.313792489775439876e+01
1.313166693993804479e+01
1.312523018323830293e+01
1.311885683152043924e+01
1.311255022059267894e+01
1.310619840852080209e+01
1.309927149934215862e+01
1.309206255533480423e+01
1.308516275977211230e+01
1.307844350430959501e+01
1.307189639341260090e+01
1.306551362186321796e+01
1.305928814671210780e+01
1.305264001337472912e+01
1.304676102137419491e+01
1.304011603264088848e+01
1.303437371108120502e+01
1.302793173979570795e+01
1.302112013150476066e+01
1.301568039041164049e+01
1.301037628293615356e+01
1.300404301436673826e+01
1.299885279756288092e+01
1.299258843482627412e+01
1.298615103611974497e+01
1.297981218998011244e+01
1.297357345277036877e+01
1.296629948540037347e+01
1.295945528577120598e+01
1.295328081328350045e+01
1.294723366122415520e+01
1.294060966946632973e+01
1.293286244318194811e+01
1.292553840858461633e+01
1.291888771454830298e+01
1.291229054702828272e+01
1.290574628905357635e+01
1.289925574892322757e+01
1.289282074167024916e+01
1.288601764840521646e+01
1.287960059316764116e+01
1.287325748328957964e+01
1.286698772459579843e+01
1.286029920411338345e+01
1.285367283531408056e+01
1.284689087145106612e+01
1.283859363926612218e+01
1.283266375151738181e+01
1.282557385220150614e+01
1.281872355562326504e+01
1.281208553310292864e+01
1.280563995385957554e+01
1.279937220701737388e+01
1.279317127440494062e+01
1.278699660640339886e+01
1.278111395303304754e+01
1.277396208556953816e+01
1.276796532482823032e+01
1.276220502151986125e+01
1.275615716277801326e+01
1.274963459015025968e+01
1.274316857180101970e+01
1.273689511341909153e+01
1.273080092977478550e+01
1.272390129317078866e+01
1.271729501198671919e+01
1.271132511024168110e+01
1.270421758135699442e+01
1.269825625920289092e+01
1.269230106307740868e+01
1.268531596888383106e+01
1.267899482475467465e+01
1.267276391166967819e+01
1.266563252789446814e+01
1.265880073964826202e+01
1.265226065093391483e+01
1.264600294274054804e+01
1.263903702300332554e+01
1.263219935488346124e+01
1.262622471222064924e+01
1.261987010537756504e+01
1.261349580705364559e+01
1.260724095747365148e+01
1.260110948492484617e+01
1.259327127792098544e+01
1.258605754311263425e+01
1.258024065342974929e+01
1.257242547958494328e+01
1.256500180873510963e+01
1.255928756638049393e+01
1.255367128174178681e+01
1.254644536599682958e+01
1.254091310182620944e+01
1.253225106099213981e+01
1.252667398490281769e+01
1.252121458319266800e+01
1.251478729969029224e+01
1.250940188233660422e+01
1.250339936442546751e+01
1.249645123894906540e+01
1.249029606162359407e+01
1.248424580079064050e+01
1.247808044336458089e+01
1.247106090958132008e+01
1.246486923937002445e+01
1.245880329985899770e+01
1.245220369121498116e+01
1.244412329112879334e+01
1.243853022640139905e+01
1.243282096285772020e+01
1.242616180955389638e+01
1.241929117271102356e+01
1.241307758474543732e+01
1.240674129712093787e+01
1.239975323879523650e+01
1.239323626507972342e+01
1.238636322538649459e+01
1.237882047096110583e+01
1.237193229667030714e+01
1.236465803018887755e+01
1.235749728439191308e+01
1.234947321173934043e+01
1.234201663676469352e+01
1.233506612695810212e+01
1.232830030586574033e+01
1.232182251559456887e+01
1.231559680470244267e+01
1.230959377736873428e+01
1.230266505560675405e+01
1.229464894969432542e+01
1.228717283488058065e+01
1.227850043717387329e+01
1.227228643528827767e+01
1.226621620908275467e+01
1.226028368168382698e+01
1.225375842508412383e+01
1.224706010798248634e+01
1.224041441624657622e+01
1.223363753597918269e+01
1.222628453866635390e+01
1.221916633257632157e+01
1.221231396877963782e+01
1.220604500191571340e+01
1.219932929198071925e+01
1.219230528719435469e+01
1.218474380775298194e+01
1.217831099312070542e+01
1.217203382796206057e+01
1.216469467113535430e+01
1.215754121434874513e+01
1.215114794435448253e+01
1.214418676895743054e+01
1.213744367224443899e+01
1.213093911374246758e+01
1.212468424992304250e+01
1.211808344150098016e+01
1.211148206645864001e+01
1.210386107022097590e+01
1.209734074393964498e+01
1.208997452763349223e+01
1.208352243571746776e+01
1.207597709505620820e+01
1.206988247390869518e+01
1.206392600869284948e+01
1.205698623940936542e+01
1.205098621636775746e+01
1.204507076251312547e+01
1.203924473667123607e+01
1.203351220028775614e+01
1.202723035278508235e+01
1.201770562103874695e+01
1.201240764732204624e+01
1.200645829719836577e+01
1.200043549196177395e+01
1.199451121019966493e+01
1.198869554400874016e+01
1.197996088300920192e+01
1.197149784582698295e+01
1.196589451274787130e+01
1.195771898636547981e+01
1.195222932546848504e+01
1.194437238047142635e+01
1.193695261287471432e+01
1.193151461261912161e+01
1.192618200362982783e+01
1.191835998464016555e+01
1.190951140331989322e+01
1.190196459546435293e+01
1.189464627723412349e+01
1.188799184262522068e+01
1.188171056906052492e+01
1.187516066112813284e+01
1.186867425358749273e+01
1.186116910595305107e+01
1.185512565810433827e+01
1.184888063540768144e+01
1.184265136919859884e+01
1.183333510250346521e+01
1.182726895516009691e+01
1.181841065392917578e+01
1.181248723181466254e+01
1.180664479900996966e+01
1.179820128708198013e+01
1.179249362128764922e+01
1.178326646684760526e+01
1.177769031359047247e+01
1.177012642450822533e+01
1.176464987469296553e+01
1.175928168421421738e+01
1.175130482737064241e+01
1.174510358314552327e+01
1.173900112427067199e+01
1.173301014444805013e+01
1.172517063894605016e+01
1.171714860930547708e+01
1.171098326037175674e+01
1.170419950779996832e+01
1.169654860015759290e+01
1.169015137433193807e+01
1.168433447679514359e+01
1.167829441755898401e+01
1.167245949084438372e+01
1.166682814304459548e+01
1.165989238996864152e+01
1.165233939707725064e+01
1.164587675893180041e+01
1.163944000964552039e+01
1.163303780074409666e+01
1.162613300425528529e+01
1.161719301639061008e+01
1.161157455891276946e+01
1.160539060100684239e+01
1.159925638380908630e+01
1.159094708227044634e+01
1.158421597009667359e+01
1.157765039948029617e+01
1.157124635983817740e+01
1.156304890674085684e+01
1.155680190725890100e+01
1.154889067256165092e+01
1.154162005782459133e+01
1.153571639047643416e+01
1.152996990063430083e+01
1.152437505893856695e+01
1.151892651839992432e+01
1.151172028094115873e+01
1.150595490281965105e+01
1.150025125715544938e+01
1.149458591566656374e+01
1.148899762535237912e+01
1.148347002770020531e+01
1.147800275071358733e+01
1.146907261079652685e+01
1.146030440574747189e+01
1.145369361442291378e+01
1.144692808440424159e+01
1.144017067982269964e+01
1.143342982848987077e+01
1.142671329447892425e+01
1.142002822746973933e+01
1.141338119414540664e+01
1.140677823769287791e+01
1.139794171300083825e+01
1.139146649464975525e+01
1.138503850898752212e+01
1.137866448206661474e+01
1.137017814548273975e+01
1.136200730723799346e+01
1.135580555374540701e+01
1.134965805260002725e+01
1.134357345684685647e+01
1.133578003295741787e+01
1.132979403798433538e+01
1.132388182029060530e+01
1.131805038254030826e+01
1.130899323548333157e+01
1.130209310108543619e+01
1.129575763272784528e+01
1.128791014908406609e+01
1.127967310227475117e+01
1.127274979078893047e+01
1.126598467065453946e+01
1.125936839078577911e+01
1.125193627159697840e+01
1.124566751383927077e+01
1.123951679469811360e+01
1.123232003295246884e+01
1.122639263066163906e+01
1.122056973348170850e+01
1.121414437134746223e+01
1.120597493084868113e+01
1.119796735227291862e+01
1.119079964303186259e+01
1.118297879107687187e+01
1.117537109009796481e+01
1.116838773003541618e+01
1.116102038603965063e+01
1.115412531263120144e+01
1.114604170041867093e+01
1.113830011791722185e+01
1.113123516252356993e+01
1.112427523555785136e+01
1.111684703704188770e+01
1.110939853350039996e+01
1.110221216851405934e+01
1.109501541440131511e+01
1.108771261900230698e+01
1.108039412288631453e+01
1.107305529334352734e+01
1.106658586885300188e+01
1.106012216401905235e+01
1.105252587369384365e+01
1.104619227308081086e+01
1.103995706142877431e+01
1.103383587299272683e+01
1.102783996985050763e+01
1.102069258073325742e+01
1.101366777526581586e+01
1.100802375150445833e+01
1.100246435696617375e+01
1.099701194188203957e+01
1.099168127428168340e+01
1.098600389292450252e+01
1.098027264968440520e+01
1.097223729292560002e+01
1.096579278164567839e+01
1.095804658910730112e+01
1.095060243328221716e+01
1.094280714046531600e+01
1.093647194917617860e+01
1.093019567702619810e+01
1.092400542344052106e+01
1.091622355825493784e+01
1.090940403497127242e+01
1.090260477686556051e+01
1.089583845664814454e+01
1.088863473836260987e+01
1.088201938581571859e+01
1.087545733273059057e+01
1.086875056561924602e+01
1.086249154338626610e+01
1.085483418807444167e+01
1.084850592149715531e+01
1.084001715632572704e+01
1.083246965020930119e+01
1.082506967592451552e+01
1.081822969009669144e+01
1.081157664762662485e+01
1.080510770015027688e+01
1.079636514532404767e+01
1.079014241213646308e+01
1.078409514701443328e+01
1.077650408035685103e+01
1.076907667446997685e+01
1.076326675986864423e+01
1.075761968430358451e+01
1.075213523589579090e+01
1.074464772718622818e+01
1.073662131622838523e+01
1.073047272834928734e+01
1.072450060561978091e+01
1.071822735771150725e+01
1.071089207245654151e+01
1.070480658360828485e+01
1.069814155417047807e+01
1.069133489533489723e+01
1.068455428733240886e+01
1.067512338611197720e+01
1.066602946534528762e+01
1.065939364614840734e+01
1.065277984658810162e+01
1.064619901999988905e+01
1.063966081246588402e+01
1.063317367235439548e+01
1.062442622183402818e+01
1.061605890215120418e+01
1.060969025268460086e+01
1.060337757718198581e+01
1.059375257681393023e+01
1.058803785953215026e+01
1.058183098382674814e+01
1.057571315009278479e+01
1.056664823488670635e+01
1.055890305085008585e+01
1.055021351617544845e+01
1.054350553409404689e+01
1.053608738758624774e+01
1.052962302901606861e+01
1.052334351244605770e+01
1.051727256963259016e+01
1.051140530602708800e+01
1.050523842089884674e+01
1.049802915922784408e+01
1.049205422297431056e+01
1.048617513514253474e+01
1.048038731090112385e+01
1.047468675832068996e+01
1.046837105752654296e+01
1.045892922206290798e+01
1.045178315548805337e+01
1.044467266054948063e+01
1.043545365607701569e+01
1.042846328594311345e+01
1.041948703995380221e+01
1.041260867745863017e+01
1.040576612375592092e+01
1.039896999939628053e+01
1.039222959415488923e+01
1.038555300582642893e+01
1.037682224310879953e+01
1.037026800714655828e+01
1.036378550807207333e+01
1.035532592906382732e+01
1.034721733781287689e+01
1.034087585755543337e+01
1.033210448741721343e+01
1.032580743938726009e+01
1.031710481033301363e+01
1.031020079230593822e+01
1.030239043121040332e+01
1.029597038965987288e+01
1.028922727967409934e+01
1.028148667544879480e+01
1.027492962650630837e+01
1.026847096445992413e+01
1.026210592002550648e+01
1.025583049318258055e+01
1.024964141313853894e+01
1.024353609759531203e+01
1.023751253441298203e+01
1.023084564366267024e+01
1.022404358345200848e+01
1.021728273398436038e+01
1.020971163796427739e+01
1.020072985735523119e+01
1.019428746581288792e+01
1.018497623680140762e+01
1.017577583206568725e+01
1.016888915419190020e+01
1.016202746589023320e+01
1.015300563081055785e+01
1.014629477219791376e+01
1.013961888043236215e+01
1.013299167899085518e+01
1.012642486138534714e+01
1.011759734073340411e+01
1.010901489725929814e+01
1.010267829942497109e+01
1.009437048031261952e+01
1.008815692342938597e+01
1.008200643762275561e+01
1.007293331489522004e+01
1.006574652737229947e+01
1.005762118401132454e+01
1.005225928240829703e+01
1.004591020247286792e+01
1.003944704360717743e+01
1.003031136401328993e+01
1.002328550437115950e+01
1.001642089212174369e+01
1.000970619286878538e+01
1.000182929415609046e+01
9.995329479701934972e+00
9.988961679319976028e+00
9.982718795710287196e+00
9.975117070623857884e+00
9.969101521691777990e+00
9.961765539416086668e+00
9.953943520582944515e+00
9.946240956673188194e+00
9.939819630944867868e+00
9.932826084097847286e+00
9.925698526578598191e+00
9.918615142030729359e+00
9.910295248620842656e+00
9.902188614293391922e+00
9.895273619530545517e+00
9.887379519132730721e+00
9.877973593555188003e+00
9.870273991806014280e+00
9.863844219673397973e+00
9.856996536565803879e+00
9.849364103281368799e+00
9.842021910264289630e+00
9.834842417752883037e+00
9.827834919088127563e+00
9.820014347806331756e+00
9.811173481287319476e+00
9.804519278314961284e+00
9.798005061513491043e+00
9.791649716076666010e+00
9.785463944293576688e+00
9.779452977337165009e+00
9.773618393272474947e+00
9.765558137660660165e+00
9.759951001431343087e+00
9.752977803162698578e+00
9.747059332747575411e+00
9.741212818720820010e+00
9.735402490819410559e+00
9.729695393079799359e+00
9.724059588247460084e+00
9.715636890677634696e+00
9.706760396985469441e+00
9.700689423413825452e+00
9.694005642202467854e+00
9.687165701174121679e+00
9.680351929766020547e+00
9.673574189702515369e+00
9.664172208668810882e+00
9.657515129076724492e+00
9.650901804291828867e+00
9.641678659584533406e+00
9.635183895410186494e+00
9.628744107860960355e+00
9.622369372420104483e+00
9.615177911665444555e+00
9.609031739607548417e+00
9.601863389685931338e+00
9.595339682232838285e+00
