6.806587970165331569e+00
6.803274351511503504e+00
6.800067815557386375e+00
6.796625231225529085e+00
6.793570366382231107e+00
6.790067904209266203e+00
6.786849518409167281e+00
6.783757482206582701e+00
6.780820558488034777e+00
6.777894821321116758e+00
6.774998668709070415e+00
6.772605652522274866e+00
6.769254092671604717e+00
6.766553339502520359e+00
6.763973600127392238e+00
6.761638996959472792e+00
6.759521274244639777e+00
6.757652695150587085e+00
6.755085919239202319e+00
6.753437565651472241e+00
6.752409349504812752e+00
6.751494140142428435e+00
6.750771019055179956e+00
6.750261268390999270e+00
6.748495917741153427e+00
6.747884021562072121e+00
6.747443657693012575e+00
6.746047037459891094e+00
6.745639574229315372e+00
6.744075208405955202e+00
6.742592229901150702e+00
6.742163182671743193e+00
6.741722557995373677e+00
6.741275052079599206e+00
6.741006789798439591e+00
6.741244223349254661e+00
6.740631712576992562e+00
6.740571926947025005e+00
6.740703376796952639e+00
6.740916779515510271e+00
6.741129137118743841e+00
6.739731806184991569e+00
6.738381357370297309e+00
6.738805867792930115e+00
6.737659587552308871e+00
6.736286614092524161e+00
6.734941670095924593e+00
6.734828450939602362e+00
6.733500584597311267e+00
6.733540006857769988e+00
6.732381230515425585e+00
6.732607786377203141e+00
6.732945049344438715e+00
6.733417977657712328e+00
6.733871534134753922e+00
6.732660146011429703e+00
6.732755577038850525e+00
6.733063726527250381e+00
6.731971672784310634e+00
6.732225381526789398e+00
6.731358201026541366e+00
6.731965966837766047e+00
6.732665330470734233e+00
6.731546860594306736e+00
6.731769513272444883e+00
6.732054699815384957e+00
6.732404938882555534e+00
6.732505198422984449e+00
6.732709632696084689e+00
6.731797411584339308e+00
6.730720704045255687e+00
6.731618853227293364e+00
6.732295452569138305e+00
6.731127464355263434e+00
6.729966500135690310e+00
6.730232876835302136e+00
6.730396975884018751e+00
6.730531471078031736e+00
6.729465616330743138e+00
6.728510876845796851e+00
6.728987630109935836e+00
6.729490119854411034e+00
6.728177247938806893e+00
6.728389637294732495e+00
6.728301483268233518e+00
6.728422321844981013e+00
6.728479247029182986e+00
6.728542686422941621e+00
6.727423079306844578e+00
6.727916535134247589e+00
6.728204928377956584e+00
6.728751160623064997e+00
6.729644575812271157e+00
6.730540491419927385e+00
6.731275745798103394e+00
6.731632318244808566e+00
6.731918298231345688e+00
6.732198580335110094e+00
6.732911939442442595e+00
6.733304928754476393e+00
6.732509495217360751e+00
6.732696364031824032e+00
6.733583102371569318e+00
6.734422857730921308e+00
6.735352019147139657e+00
6.736320692173467073e+00
6.737299882561678110e+00
6.737619529220687298e+00
6.738335239732828441e+00
6.737459623568535783e+00
6.737913566827604228e+00
6.738448605790025248e+00
6.738767426224264945e+00
6.739388360833442171e+00
6.740070169617051299e+00
6.739030293283227557e+00
6.739286327481546657e+00
6.739447959358032314e+00
6.740040707170473766e+00
6.740063429773553771e+00
6.740273718992140672e+00
6.740570196933586722e+00
6.740507531719572398e+00
6.741093976914402042e+00
6.739790330626956205e+00
6.738494245285566286e+00
6.737147924659634413e+00
6.737244925169331822e+00
6.737757969472502495e+00
6.737657033977171750e+00
6.737560509584974433e+00
6.736394810217449347e+00
6.736314263179423278e+00
6.736671094809985050e+00
6.737070820591504194e+00
6.737540718734549294e+00
6.738297322045831983e+00
6.738907789596716214e+00
6.739670959324826072e+00
6.740150209200692188e+00
6.740089404158632114e+00
6.740029632232759305e+00
6.740165976695616123e+00
6.739177599468120228e+00
6.737883171012009065e+00
6.738485782151159675e+00
6.737206422158384278e+00
6.737137291058393984e+00
6.735857735223235387e+00
6.735969047441467517e+00
6.736468066319733161e+00
6.735248452527169860e+00
6.735458011436069370e+00
6.735768190543136136e+00
6.734425925133331603e+00
6.735120584445445147e+00
6.735790093865598571e+00
6.736551483448105948e+00
6.735464074750371566e+00
6.734500044648893180e+00
6.734871132601720767e+00
6.735715616645287618e+00
6.736001736838272969e+00
6.736502203533015098e+00
6.735773568647312359e+00
6.736221371205689756e+00
6.735212864880806727e+00
6.735884584729200597e+00
6.736368109927223458e+00
6.737026947273736965e+00
6.737510411569279434e+00
6.738453621985827091e+00
6.737540636872689781e+00
6.738097186125365567e+00
6.738744022919888721e+00
6.738150035752375366e+00
6.737735272717836565e+00
6.738522771360277552e+00
6.737766388603824375e+00
6.738365037787032108e+00
6.739058660070958773e+00
6.739745852166558748e+00
6.740929089144997555e+00
6.740180376656828010e+00
6.740816564023058177e+00
6.741441343539985809e+00
6.741703367555152759e+00
6.742392399154703675e+00
6.742831940898807552e+00
6.741467270710350235e+00
6.739927174811483290e+00
6.738348488236518108e+00
6.737967695350409514e+00
6.737902710026809849e+00
6.737126112996562277e+00
6.736226248880607947e+00
6.735214656314863824e+00
6.734103743444605605e+00
6.731508934796551991e+00
6.730416253499418744e+00
6.728970634859924971e+00
6.727620679475363907e+00
6.726228680557338357e+00
6.724803960689603066e+00
6.723354868344855184e+00
6.722466217546327449e+00
6.720936695731937860e+00
6.719410153011964759e+00
6.716223174807173457e+00
6.714222870238359064e+00
6.712735992851568412e+00
6.708924810445934916e+00
6.705051945385322121e+00
6.703087794439822389e+00
6.701131296163399753e+00
6.697105949758993759e+00
6.695191597351190183e+00
6.691070780588524336e+00
6.689205671855241064e+00
6.687355539440446250e+00
6.683110972150273277e+00
6.681317802472683809e+00
6.679541550647383197e+00
6.677782654613531932e+00
6.673397703418226357e+00
6.668967765405174219e+00
6.667319244230101027e+00
6.665800273878709881e+00
6.664181621337064598e+00
6.662581508145854592e+00
6.660999776049719934e+00
6.659436271743726543e+00
6.657890843744347364e+00
6.656363347697205057e+00
6.651699147270229595e+00
6.650242170348170667e+00
6.648802354249902180e+00
6.644066274897168611e+00
6.639297750702386480e+00
6.634499076898298320e+00
6.629233899473436331e+00
6.623963310052096709e+00
6.618687922810994273e+00
6.616647805714690911e+00
6.615264537648801735e+00
6.609332998137860571e+00
6.603325622812075579e+00
6.601065209447280147e+00
6.599240970496225600e+00
6.593075667537253715e+00
6.586830659506524022e+00
6.585135071264994089e+00
6.578770483173986605e+00
6.577147639672124235e+00
6.575545769083741554e+00
6.573963426061780524e+00
6.567398130019602043e+00
6.565882519302717490e+00
6.564383422030281245e+00
6.562900028674950370e+00
6.561431640592110703e+00
6.559977655320297529e+00
6.558537551893901529e+00
6.551664108362705186e+00
6.544716165933986751e+00
6.537697893541737137e+00
6.536427763589469642e+00
6.529311521434598475e+00
6.522135162071221792e+00
6.520989256355585795e+00
6.519854163799718272e+00
6.512566455953781919e+00
6.505231595721389759e+00
6.504226664110466238e+00
6.496323349286229565e+00
6.495365900995927255e+00
6.494434597757676286e+00
6.486460661097654956e+00
6.477797125666523215e+00
6.476576810096824843e+00
6.475433583894223410e+00
6.474335437755999401e+00
6.465577327272124641e+00
6.465347352020469174e+00
6.456537000885052002e+00
6.454876366592566583e+00
6.453245597067271966e+00
6.451641688808527064e+00
6.450062080130116726e+00
6.448504585140030443e+00
6.446967336564413564e+00
6.445448737442712961e+00
6.443947420280295546e+00
6.442462212479515671e+00
6.440992107063316041e+00
6.439536237865161716e+00
6.430028949743711308e+00
6.428638333384055770e+00
6.418997060068923233e+00
6.417673400145178064e+00
6.407909924171249827e+00
6.406655257189737718e+00
6.405411914882546576e+00
6.395494197589069785e+00
6.394322143878681253e+00
6.393160541280703768e+00
6.392009116358127407e+00
6.390867623220811033e+00
6.389735839624991698e+00
6.388613563704069520e+00
6.387500611181502919e+00
6.386396812993276662e+00
6.385302013258572273e+00
6.384216067546486961e+00
6.373866217079227958e+00
6.372856954014561204e+00
6.371856003143012259e+00
6.370863245825161947e+00
6.369878570850656452e+00
6.368901872460305924e+00
6.358374599852330000e+00
6.356929563141871853e+00
6.356034390923055000e+00
6.355146638456649733e+00
6.354266213547520969e+00
6.343100363745127090e+00
6.342790617393186281e+00
6.342001318924840980e+00
6.330037258326709271e+00
6.329818611294141917e+00
6.317728827619141008e+00
6.317369559516417432e+00
6.316298144654419744e+00
6.315284341135788182e+00
6.314320529330150755e+00
6.302286727953664069e+00
6.290225439187414835e+00
6.288628457947432082e+00
6.276498556074665558e+00
6.275014563808710477e+00
6.273564298208846424e+00
6.261321173170691701e+00
6.249083299075445908e+00
6.236864045659233469e+00
6.235664664132477775e+00
6.234488809373329055e+00
6.233334610802336861e+00
6.232200445948031131e+00
6.231084903643215434e+00
6.229986752985278819e+00
6.228904917037955791e+00
6.216370089954456724e+00
6.215380557822355989e+00
6.202849220027740529e+00
6.201953118256244402e+00
6.189444066348499085e+00
6.188642534820318453e+00
6.176174523454860399e+00
6.175468634508233912e+00
6.163060161582938790e+00
6.162450789758341152e+00
6.161851044483285911e+00
6.148934185328934099e+00
6.148403814230675835e+00
6.135594615952274289e+00
6.135679164635909899e+00
6.135275919372216613e+00
6.134153743923500990e+00
6.133755395407773925e+00
6.133363905460935683e+00
6.119687378071918538e+00
6.106098459380055132e+00
6.092606536478415435e+00
6.079220567137003428e+00
6.065949075678189750e+00
6.052800152827417790e+00
6.051744706105369964e+00
6.050737632879955363e+00
6.037612181065416195e+00
6.036739845544431660e+00
6.023691550159290919e+00
6.022944226089314235e+00
6.022225849390208552e+00
6.021533559019489168e+00
6.020864887873103477e+00
6.020217702616640132e+00
6.019590153656640297e+00
6.006333718730244797e+00
5.993226485163712702e+00
5.991137530118286314e+00
5.990670637332503823e+00
5.990219381564512169e+00
5.989782559432732967e+00
5.989359116458377486e+00
5.976251014671433381e+00
5.975932452824154417e+00
5.962946841070447590e+00
5.962731734714250109e+00
5.962525599928707010e+00
5.962327913524204881e+00
5.948840602090334606e+00
5.948717392626584832e+00
5.948622271386056148e+00
5.948533612272963289e+00
5.948451084552356605e+00
5.934978683965837831e+00
5.935501298800063275e+00
5.934796211471982552e+00
5.934817877071120407e+00
5.934843837247089304e+00
5.920561946561220701e+00
5.921988021370688138e+00
5.922119335584491218e+00
5.922253163562595901e+00
5.922389554805310929e+00
5.922528382244776957e+00
5.922669521658062486e+00
5.922812851882565788e+00
5.922958254941272038e+00
5.908458097456644964e+00
5.908995169320375496e+00
5.908757205609273200e+00
5.894481089224909098e+00
5.893538901073808844e+00
5.892659761221310966e+00
5.878416610792786656e+00
5.864335033877978276e+00
5.863703951293436134e+00
5.849720879571473908e+00
5.847673292663246869e+00
5.847168352048515594e+00
5.833301611215413018e+00
5.832924246049725703e+00
5.832574580506480366e+00
5.832250003306218566e+00
5.831948242788875802e+00
5.817989756699047277e+00
5.817800963454452301e+00
5.817629984858327497e+00
5.817475423938077483e+00
5.817336045750559848e+00
5.803299284955816262e+00
5.803266848975061620e+00
5.789359210855897331e+00
5.789432379588926203e+00
5.775664255172914707e+00
5.775841783980955491e+00
5.776028089052506864e+00
5.776222598726246993e+00
5.762487728857025537e+00
5.762784941649115034e+00
5.763088424235509599e+00
5.763397766322256643e+00
5.763156857987644877e+00
5.748897686750034985e+00
5.734882097562851833e+00
5.720388235984576575e+00
5.720573486452699363e+00
5.720837354050654078e+00
5.706432903426431835e+00
5.707635694818890215e+00
5.693405682418881675e+00
5.694804454787555592e+00
5.695388677447968284e+00
5.695991848981364569e+00
5.696611192244580124e+00
5.697244270958548462e+00
5.683012679088291108e+00
5.682862860746465294e+00
5.682742633824028999e+00
5.668472711625732963e+00
5.666840511483854925e+00
5.666798560373933036e+00
5.666781165228924166e+00
5.666786504139046166e+00
5.652391045485744669e+00
5.638172084868855016e+00
5.636233750208467619e+00
5.636386281906049511e+00
5.636555867178635104e+00
5.622493527839526273e+00
5.608597445924280223e+00
5.594875082544517042e+00
5.595337235503949458e+00
5.581718373312885895e+00
5.582285522305893366e+00
5.582863530035036881e+00
5.583451691946896389e+00
5.584049352586656134e+00
5.584655897948406889e+00
5.585270751571263403e+00
5.585893371127642837e+00
5.586523245432247542e+00
5.572515098948266576e+00
5.573248766119528241e+00
5.573987827216238422e+00
5.574731874404199594e+00
5.575480524027367935e+00
5.576233410797095225e+00
5.562100109941005677e+00
5.562398405907706511e+00
5.563253662088078144e+00
5.548683174339711144e+00
5.550122693491299053e+00
5.535687742287726643e+00
5.536526735635469265e+00
5.521433540079262237e+00
5.523875378645167977e+00
5.525029687989008842e+00
5.526182055730355813e+00
5.527332541709432334e+00
5.512152891988932879e+00
5.497143944693961615e+00
5.482311008450338363e+00
5.480533076433986572e+00
5.480708744038194524e+00
5.480951455211052981e+00
5.481252871950452743e+00
5.466487542160359148e+00
5.465281519166888202e+00
5.465725116088760771e+00
5.451042354193968542e+00
5.436516833839331930e+00
5.437208357342603549e+00
5.437928945544535431e+00
5.438675504082313594e+00
5.424069157917617900e+00
5.424939907636973757e+00
5.410421190975490902e+00
5.411410957812436529e+00
5.412416328128298204e+00
5.413435770589126506e+00
5.414467919997793643e+00
5.415511552782263038e+00
5.416565568057129632e+00
5.417628971505013880e+00
5.402730642697524566e+00
5.403903966970888817e+00
5.389116580124941436e+00
5.390397496637333141e+00
5.391683109985232036e+00
5.392972844369409380e+00
5.394266169779148079e+00
5.395562593389092498e+00
5.380603780408327097e+00
5.365857056636492928e+00
5.366796276230155094e+00
5.368298084139019544e+00
5.353096583344258974e+00
5.355186084505795030e+00
5.356788104904310011e+00
5.358388069410247923e+00
5.343178118983423097e+00
5.344657422785976664e+00
5.347090886420286182e+00
5.331205824342936772e+00
5.333509288984171093e+00
5.335298888561728958e+00
5.337083131536968672e+00
5.338862023734089135e+00
5.340635487868833131e+00
5.324531999181529862e+00
5.327771347162134852e+00
5.329635199423773173e+00
5.313590800336547737e+00
5.297733527386200514e+00
5.296146332179689331e+00
5.296863683408030710e+00
5.281281201922449320e+00
5.265868463509026043e+00
5.265207174542099189e+00
5.249983368389058214e+00
5.234944085255793134e+00
5.236204059471598171e+00
5.237509048087115815e+00
5.238853760721791097e+00
5.223736298056566696e+00
5.225222607807027408e+00
5.226737399194772316e+00
5.228277500046059068e+00
5.229840117869625438e+00
5.231422784344874621e+00
5.216038622828935267e+00
5.217743231701965634e+00
5.219462145886994087e+00
5.221193769705194221e+00
5.222936667786052034e+00
5.224689542220976257e+00
5.226451215058897759e+00
5.228220613355654578e+00
5.229996756380938194e+00
5.231778744650764423e+00
5.215806984524532730e+00
5.200033421632448416e+00
5.202035035605167224e+00
5.204038573045236760e+00
5.206043448795113271e+00
5.208049118765534224e+00
5.192160434834983462e+00
5.194273854971981130e+00
5.196385917132648302e+00
5.198496221334180767e+00
5.200604392472352622e+00
5.202710074040351351e+00
5.204812926922381067e+00
5.188678539527186828e+00
5.172213036255723040e+00
5.156001064394073019e+00
5.158910171132832012e+00
5.161327088458146584e+00
5.163736832321434989e+00
5.147527351941239004e+00
5.149806415242415447e+00
5.152309703465685509e+00
5.154804202606575458e+00
5.157289925474453085e+00
5.140188908453751537e+00
5.144093278631818755e+00
5.127120430858964184e+00
5.131197174239804148e+00
5.114365470215014753e+00
5.118608992865812723e+00
5.121360398042911655e+00
5.124099049514614812e+00
5.126825274053474324e+00
5.109935032683797118e+00
5.114272033496242820e+00
5.117071914075142836e+00
5.100275345624121215e+00
5.100978641015319504e+00
5.084739666191391727e+00
5.068710837482369946e+00
5.052902823974452673e+00
5.037325384465956013e+00
5.037650553694422051e+00
5.039479969224941236e+00
5.041378173368488369e+00
5.043336851916097707e+00
5.045348794654073821e+00
5.047407725716950289e+00
5.049508162234286779e+00
5.033519565967407239e+00
5.035763944522277491e+00
5.038038462644411020e+00
5.022049016520474751e+00
5.006279855245514554e+00
5.008788764298422791e+00
5.011317678548949495e+00
4.995561721612661543e+00
4.998209544342276267e+00
4.982583611887427821e+00
4.985344837776423788e+00
4.969858404414583930e+00
4.972727861278417372e+00
4.975605415480499616e+00
4.978489858310241267e+00
4.981380070029415741e+00
4.984275006426837962e+00
4.987173691182966273e+00
4.990075209244323240e+00
4.992978701056943081e+00
4.976905076738204592e+00
4.979912583287500638e+00
4.982919373983913047e+00
4.985924801507651161e+00
4.988928254655827566e+00
4.991929150885437316e+00
4.994926934463178370e+00
4.997921074801013219e+00
5.000911064952713758e+00
5.003896420251079391e+00
5.006876677068451187e+00
4.990104923364097722e+00
4.973587833183458429e+00
4.976195891543460093e+00
4.979384346725080235e+00
4.982564453393433901e+00
4.986309754652723747e+00
4.969111068894000560e+00
4.972353218061693170e+00
4.975613845974988791e+00
4.978864049946438719e+00
4.982103630036823994e+00
4.985332393096533643e+00
4.988550147744787999e+00
4.992338994491376525e+00
4.995529741298985194e+00
4.998708926148288434e+00
4.981000451088682723e+00
4.963568218909700569e+00
4.967467279151744464e+00
4.970849958110520106e+00
4.952758808049984474e+00
4.956755373316830138e+00
4.960225815568289676e+00
4.942129769837168674e+00
4.947060670829163342e+00
4.950605874325519018e+00
4.954134481866020678e+00
4.957646738707418343e+00
4.961142688506824605e+00
4.942897529496539377e+00
4.947870474158641230e+00
4.951440534339966781e+00
4.933277558231605298e+00
4.938380529271106489e+00
4.942019534456397523e+00
4.923948983970715787e+00
4.929174949363413383e+00
4.911282765116284033e+00
4.893638684532929162e+00
4.893511583258309372e+00
4.895963545850714915e+00
4.898512990243633070e+00
4.901146513985762176e+00
4.903852619387564893e+00
4.906621406160476262e+00
4.888903400287599510e+00
4.871381829492091420e+00
4.854074333443662681e+00
4.855441632766967608e+00
4.858580583209472614e+00
4.861752838336031779e+00
4.864953768403732504e+00
4.868179270464089825e+00
4.871425695048696269e+00
4.874689783724630132e+00
4.877968616351521902e+00
4.881259566355456769e+00
4.884560262720685664e+00
4.887868557622524257e+00
4.891182498806592172e+00
4.894500305968850107e+00
4.876203419681935713e+00
4.858082575986538032e+00
4.861662417690610916e+00
4.865240872947041773e+00
4.868816755747761071e+00
4.872388963058865485e+00
4.854093209151885802e+00
4.857791154573732229e+00
4.861482433992919461e+00
4.865166218530318609e+00
4.868841727879775760e+00
4.850389835729525423e+00
4.832142138131379383e+00
4.836069164887509153e+00
4.839984551569186166e+00
4.821781059212443488e+00
4.825810160846630836e+00
4.807755126895028042e+00
4.789961532224968899e+00
4.794214757175852881e+00
4.776015688173478324e+00
4.758115930465130816e+00
4.763082595786896078e+00
4.767527744522277011e+00
4.771955325649275714e+00
4.776365218183357797e+00
4.758346305033283485e+00
4.762625522700431269e+00
4.767866162275456787e+00
4.772327920611773244e+00
4.776770700703664829e+00
4.781194366089994041e+00
4.785598769512029449e+00
4.789983755223495621e+00
4.771571595394226151e+00
4.752706425583559380e+00
4.734049181643730009e+00
4.715616971082922326e+00
4.697425848078042421e+00
4.698509710437140718e+00
4.680746595174725577e+00
4.684567566023267737e+00
4.688457864709642209e+00
4.692408090538375376e+00
4.696409998551517972e+00
4.700456327262558354e+00
4.682250906678335767e+00
4.686457292128493712e+00
4.690694426941338868e+00
4.672431829260583314e+00
4.676816113680315468e+00
4.681220985878976393e+00
4.685642826574444975e+00
4.690078338738670638e+00
4.694524507699195048e+00
4.698978567641469262e+00
4.703437972987716265e+00
4.707900373876792166e+00
4.712363595100376834e+00
4.716825617958124717e+00
4.721284564582843402e+00
4.701967787438292135e+00
4.706567121170631474e+00
4.711159414546372659e+00
4.691794481891845336e+00
4.672590830713471810e+00
4.677459048912885997e+00
4.658338698465721350e+00
4.639427054809054596e+00
4.620750925070983506e+00
4.602336141130177971e+00
4.606150722183558699e+00
4.611408369337660851e+00
4.593151058666711251e+00
4.574617990085299901e+00
4.556394302471324487e+00
4.537755321282584298e+00
4.544400604248874487e+00
4.550076303694712720e+00
4.556479741700758090e+00
4.537719936474672977e+00
4.543966808716843886e+00
4.549681083352147049e+00
4.555375380319306444e+00
4.536457653115923527e+00
4.517765011733718694e+00
4.499313406369372714e+00
4.481117699241207397e+00
4.463191640344341238e+00
4.464574085021911998e+00
4.469467088227101037e+00
4.474441934219442807e+00
4.479486798135125625e+00
4.484591286684818989e+00
4.489746222884895666e+00
4.494943467461189890e+00
4.500175770108335804e+00
4.505436645176614796e+00
4.510720267431887365e+00
4.516021384374815817e+00
4.521335242269060473e+00
4.526657523635173597e+00
4.531984293813899889e+00
4.537311955999289381e+00
4.542637212779835565e+00
4.523235772300775892e+00
4.528719675266596134e+00
4.509326116025567543e+00
4.490059065748934763e+00
4.470944181445242194e+00
4.476885525058187376e+00
4.482814208517072352e+00
4.488728268720245218e+00
4.494625842572926189e+00
4.500505159330114857e+00
4.481013290960543571e+00
4.461678454867823440e+00
4.442528530302956469e+00
4.448844117952241994e+00
4.455137331833952885e+00
4.461406902743508596e+00
4.467651596247836032e+00
4.473870210737592501e+00
4.454364083800506080e+00
4.460709862026313033e+00
4.467027080337257594e+00
4.473314707080906061e+00
4.479571737664108433e+00
4.485797193151682904e+00
4.465972694546548105e+00
4.472329978055998190e+00
4.478653544460060587e+00
4.484942552615990508e+00
4.491196183393078911e+00
4.471171563160759810e+00
4.477559169624938384e+00
4.483909514601835511e+00
4.490221891583070501e+00
4.496495611666051495e+00
4.502730002803698284e+00
4.482444126252606686e+00
4.488817713783190833e+00
4.495150249948852483e+00
4.474846764252637499e+00
4.454700424534950187e+00
4.461335475552172802e+00
4.441286564374895995e+00
4.421453458635186351e+00
4.428354946012786009e+00
4.435214106671010015e+00
4.442030492732067515e+00
4.448803648744073413e+00
4.455533110876479519e+00
4.462218411257106609e+00
4.468859081733812744e+00
4.475454657135055747e+00
4.455088519656457358e+00
4.461809003867633017e+00
4.468483522064846447e+00
4.475111650267580288e+00
4.481692972106769979e+00
4.488227077382455299e+00
4.494713564406515260e+00
4.474056095313663661e+00
4.453559169333837886e+00
4.433260795713171554e+00
4.440213538135945548e+00
4.447118310898590998e+00
4.426859083063252598e+00
4.433871492159068062e+00
4.440835901381126050e+00
4.420621652414292946e+00
4.427689789543108212e+00
4.434710004260022487e+00
4.414546143206662165e+00
4.421666209770976685e+00
4.428738533231578955e+00
4.408630051678640527e+00
4.415798400066232254e+00
4.395253348628381573e+00
4.402491687420007516e+00
4.382136294216784300e+00
4.390032094725426326e+00
4.397340633393185705e+00
4.404602768816507030e+00
4.412421556159435987e+00
4.419573379231698240e+00
4.426677775544777482e+00
4.433734268579523352e+00
4.440742385548757554e+00
4.420399153485762511e+00
4.427510387306347717e+00
4.434573220527818549e+00
4.441587192110710625e+00
4.448551852115393501e+00
4.428073239758870905e+00
4.435145450280184143e+00
4.442168257231050355e+00
4.421744774107864373e+00
4.428870960984529148e+00
4.435947814789738430e+00
4.442974901316007141e+00
4.449951795515749708e+00
4.456878078083195582e+00
4.436236185984211211e+00
4.415836821071699170e+00
4.395103257229958871e+00
4.402408319369445877e+00
4.381875045876894248e+00
4.389843380315931576e+00
4.397215652655084739e+00
4.404540081918227656e+00
4.411816215450643064e+00
4.419638334559632398e+00
4.426800322769786078e+00
4.433912926879593819e+00
4.440975667382268455e+00
4.420476103823849812e+00
4.427640874860275133e+00
4.434755879587065408e+00
4.441820649096898777e+00
4.448834727780761611e+00
4.455797669375342274e+00
4.462709039190984051e+00
4.469568416020835322e+00
4.476375393770025468e+00
4.483129582839540106e+00
4.489830611294740592e+00
4.496478125844338258e+00
4.503071792652251659e+00
4.481854878871444292e+00
4.488586735918465465e+00
4.467460361294661730e+00
4.474322043425727813e+00
4.453306915152961842e+00
4.460289848561382442e+00
4.467218312130663449e+00
4.474092029356614653e+00
4.453053591592781579e+00
4.460048356991992868e+00
4.466988327586140173e+00
4.473873228224330312e+00
4.452813226138253810e+00
4.459818959427558127e+00
4.466769597004144998e+00
4.473664866257012207e+00
4.480504503763634183e+00
4.487288253240406810e+00
4.494015867943466525e+00
4.500687112690288316e+00
4.507301765551956940e+00
4.513859619259907419e+00
4.520360482364794485e+00
4.526804180179866854e+00
4.533190555536841693e+00
4.539519469378355154e+00
4.545790801207697740e+00
4.552004449413908027e+00
4.530336252266653041e+00
4.536713757722606211e+00
4.543032450011354584e+00
4.549292293052705105e+00
4.555493264199117931e+00
4.533763188291086266e+00
4.540129904065026700e+00
4.546436683312334637e+00
4.552683552432074343e+00
4.558870547503200754e+00
4.537083887551216499e+00
4.543438475850830827e+00
4.549732160849181639e+00
4.527935731316265588e+00
4.534392542083097055e+00
4.540787641886023351e+00
4.547121122919306480e+00
4.525299154417035119e+00
4.531794520834716344e+00
4.510007544377282684e+00
4.516656617211796565e+00
4.523242854054850604e+00
4.529766353659045564e+00
4.536227215917499223e+00
4.514395696152782023e+00
4.521012765910322528e+00
4.527566715760223737e+00
4.534057647172260452e+00
4.540485665397925530e+00
4.546850879633118403e+00
4.553153404979881635e+00
4.559393364052948705e+00
4.565570888282465489e+00
4.543617734476390169e+00
4.521695099011375341e+00
4.528267899293605403e+00
4.534776466080720603e+00
4.541220959066597729e+00
4.547601539745328658e+00
4.525642915091582452e+00
4.532185928910637429e+00
4.510264465838674575e+00
4.516961495163550389e+00
4.523593627108085435e+00
4.530161013366001299e+00
4.508234258291955676e+00
4.514954555501189404e+00
4.493092902537616951e+00
4.499957249027984219e+00
4.506756589715115169e+00
4.513491033239841244e+00
4.491632370319202039e+00
4.498510035305120169e+00
4.505322885345064421e+00
4.512071002521873098e+00
4.518754472505616349e+00
4.525373383963019691e+00
4.503445784498037341e+00
4.510214896556682618e+00
4.516919250439785927e+00
4.495026313968518039e+00
4.473268689722641689e+00
4.480314855707585586e+00
4.458678130273183271e+00
4.437255968242256543e+00
4.415479843458555820e+00
4.422958593446767672e+00
4.401388278491755734e+00
4.409535870102817334e+00
4.417075412474246399e+00
4.395610026204817444e+00
4.403788437744199591e+00
4.381736149112827050e+00
4.389989162997252059e+00
4.398437918231742572e+00
4.406018742573674984e+00
4.383991638544394220e+00
4.362174457495267887e+00
4.340602425637597683e+00
4.349864003922793820e+00
4.328657322946787289e+00
4.337233165258224332e+00
4.344865802279402445e+00
4.352502302820629332e+00
4.360134230129729893e+00
4.367754258442378301e+00
4.375356065994491672e+00
4.353911864027675271e+00
4.362458944069405931e+00
4.341240544962905901e+00
4.320294670298712170e+00
4.299649918619249611e+00
4.279332874634619976e+00
4.259367906152239591e+00
4.262285952169126979e+00
4.269347383267991347e+00
4.276456830192855385e+00
4.283605213587184934e+00
4.290784100469840823e+00
4.297985646744893806e+00
4.305202547582947403e+00
4.284756433217183691e+00
4.292123336481353135e+00
4.299494503209485785e+00
4.306864150063490548e+00
4.314226848065559672e+00
4.321577501490160955e+00
4.328911328953585880e+00
4.336223846279490424e+00
4.343510850859487071e+00
4.322278015778663551e+00
4.301192911715275180e+00
4.280291696019829395e+00
4.288081554360766212e+00
4.267269996254007047e+00
4.275190777255484242e+00
4.283081354248825079e+00
4.290938600888517307e+00
4.298759525723113484e+00
4.277691244702809037e+00
4.285647436848224245e+00
4.264670583038515872e+00
4.243924303961270184e+00
4.252161788055705216e+00
4.260360028059190896e+00
4.239610436116926451e+00
4.247920525846524242e+00
4.256188690908717653e+00
4.264412684337656856e+00
4.272590328330665876e+00
4.280719515266714126e+00
4.288798211865978871e+00
4.296824462606258166e+00
4.275527113624465692e+00
4.254425277469095157e+00
4.262756849695158223e+00
4.271035411169489038e+00
4.279259215748424161e+00
4.258059676701384078e+00
4.266405104881938470e+00
4.274694146144541129e+00
4.282925208329417366e+00
4.261635424246282611e+00
4.240560665385566530e+00
4.249083082056355209e+00
4.257548190504718555e+00
4.236492432089573157e+00
4.245064482929300276e+00
4.253578463027884560e+00
4.262032902877897378e+00
4.270426378691720259e+00
4.249180942485440760e+00
4.257689728959791253e+00
4.266136732539742127e+00
4.244910523082767284e+00
4.253469821167520593e+00
4.232372380966944014e+00
4.241035264713101327e+00
4.249636789610115706e+00
4.258175616408039765e+00
4.236998205179228094e+00
4.245643775484603921e+00
4.254226334987668778e+00
4.262744596786005147e+00
4.271197320687269539e+00
4.279583311820349678e+00
4.287901423833946346e+00
4.296150561548039093e+00
4.304329683114821670e+00
4.312437801740244048e+00
4.290700114488856798e+00
4.298950208488032665e+00
4.307128293527427765e+00
4.315233493445569835e+00
4.323264984831807212e+00
4.331221996026140886e+00
4.339103808296963294e+00
4.346909756654728341e+00
4.354639230342860934e+00
4.362291673043009688e+00
4.369866582827657275e+00
4.377363511889531544e+00
4.384782066074196294e+00
4.392121904239442820e+00
4.399382737462807391e+00
4.377272101857381692e+00
4.384723702948039481e+00
4.392094375710243526e+00
4.399383965792394768e+00
4.406592359308191931e+00
4.413719483735212279e+00
4.391564060365340971e+00
4.398889463420874613e+00
4.406131656322274104e+00
4.413290680783301667e+00
4.391082294422554710e+00
4.368802567918149471e+00
4.376433283955235787e+00
4.383977585863240378e+00
4.391435573190294761e+00
4.369118091221948497e+00
4.376764556586733690e+00
4.384323490607875407e+00
4.391795035902508637e+00
4.399179358208530566e+00
4.406476648443151234e+00
4.384142726240488841e+00
4.361745177133381723e+00
4.339328291423674600e+00
4.316938501773995185e+00
4.294623917612648611e+00
4.303136596442326933e+00
4.311559676298606369e+00
4.319893049476240421e+00
4.297566774163944281e+00
4.306045894075377412e+00
4.283788248809987209e+00
4.292403515102649614e+00
4.270234718930479012e+00
4.278976374819893458e+00
4.287631388703568192e+00
4.296199350501625602e+00
4.274015912505530146e+00
4.282713290911215331e+00
4.260632758539012244e+00
4.269449709689681072e+00
4.278182101617320932e+00
4.256150025739646736e+00
4.264998795927705366e+00
4.273764137712477762e+00
4.282445401617064995e+00
4.291041988376497862e+00
4.268925375974206737e+00
4.277648028931572810e+00
4.286286712441668811e+00
4.264211821569796612e+00
4.242332779048923364e+00
4.251282639146436892e+00
4.229550481791709338e+00
4.238596602532041402e+00
4.247564598334602870e+00
4.225894425750678529e+00
4.203886941564967117e+00
4.213086585341153878e+00
4.222861096481913101e+00
4.231928556848016498e+00
4.240920912736676485e+00
4.249837043743270648e+00
4.228191029393421729e+00
4.237203518810306768e+00
4.246140842354687805e+00
4.255001887983601350e+00
4.263785608625548562e+00
4.272491017376887967e+00
4.281117188787574968e+00
4.289663259723136335e+00
4.267658762246949067e+00
4.276330634957680843e+00
4.284922636438822430e+00
4.293433962475828203e+00
4.301863870930866973e+00
4.310211678315127415e+00
4.318476760174660534e+00
4.326658551158147681e+00
4.334756544807841117e+00
4.342770293110555180e+00
4.350699405840986245e+00
4.358543549725847122e+00
4.366302447453816349e+00
4.343939391490901691e+00
4.351873010607949510e+00
4.359720356930676388e+00
4.367481251859712366e+00
4.375155563402132408e+00
4.382743205385011720e+00
4.390244137064547303e+00
4.397658362518568786e+00
4.404985929856715998e+00
4.412226930278129622e+00
4.419984322834071833e+00
4.398055644230510985e+00
4.404397419597557040e+00
4.411666125487992751e+00
4.419449821812323265e+00
4.426554389734925543e+00
4.404617477443268925e+00
4.410880769390519873e+00
4.418693121822323988e+00
4.425825336715033309e+00
4.432868773579610178e+00
4.439823813820995113e+00
4.446690866907865747e+00
4.453470369913193672e+00
4.431663625897161118e+00
4.438169569662100855e+00
4.445077893419387749e+00
4.451897216901778087e+00
4.458628051162734529e+00
4.465270953894296291e+00
4.471826503629498184e+00
4.450130274140565945e+00
4.428116392059497919e+00
4.434305024339667334e+00
4.412242110909242676e+00
4.419074240387314667e+00
4.426281547421197615e+00
4.404143202080100572e+00
4.381773866674627094e+00
4.388128094625057152e+00
4.395728032711252453e+00
4.403231100730195635e+00
4.410637901409551809e+00
4.387964874829986428e+00
4.395573240778539059e+00
4.403084377630113622e+00
4.380371704856444559e+00
4.388080356811538074e+00
4.395691051035614194e+00
4.403204387030103639e+00
4.410620977148432154e+00
4.418549325947023654e+00
4.425785662613931137e+00
4.432926979603384332e+00
4.410785385321819518e+00
4.417668970036743303e+00
4.424925641058265136e+00
4.432086710346278657e+00
4.409920097672111794e+00
4.416824028557992499e+00
4.394540996045562586e+00
4.401085863599836223e+00
4.378302983777669688e+00
4.386064991664753165e+00
4.363233526609533897e+00
4.371183863871171305e+00
4.348327241949571764e+00
4.356456903878432207e+00
4.364485943182311978e+00
4.372414848774655027e+00
4.380244127071974525e+00
4.387974303139881016e+00
4.395605922122916454e+00
4.403139550187097129e+00
4.380368583677503480e+00
4.388099744138647118e+00
4.365277068128849969e+00
4.342417733460891327e+00
4.350613577539692578e+00
4.358709192180409531e+00
4.366704990519941099e+00
4.374601407660853702e+00
4.382398901345337272e+00
4.390097953190660540e+00
4.367288583151465176e+00
4.344439274847222698e+00
4.352604526576703492e+00
4.360670184369232594e+00
4.337825403919114642e+00
4.346063495091995854e+00
4.354202301252255936e+00
4.331367861678627307e+00
4.339674911025105608e+00
4.347883097599507529e+00
4.355992668223255926e+00
4.333169396743281609e+00
4.341448369550289677e+00
4.349629024869032357e+00
4.326819321714797439e+00
4.335165190608105235e+00
4.312388437570215949e+00
4.320889703353548050e+00
4.298168630607570151e+00
4.275567563836696117e+00
4.284438569449648959e+00
4.293215326839195711e+00
4.270673011731004998e+00
4.279574665996538130e+00
4.257152081846488301e+00
4.234947762734586618e+00
4.244150151776739932e+00
4.253265639032941969e+00
4.231141542621732476e+00
4.240351010140338772e+00
4.249475667422718317e+00
4.258514604630188494e+00
4.267466979798834714e+00
4.276332013850832503e+00
4.285108991938419543e+00
4.293797264228435218e+00
4.302396246207607078e+00
4.279934997000959029e+00
4.288666817224350503e+00
4.266309324862033847e+00
4.275163753141692169e+00
4.283931192616687866e+00
4.292610979821639638e+00
4.301202515791059611e+00
4.309705262253857860e+00
4.318118741980415010e+00
4.295613787169108910e+00
4.273240317791417553e+00
4.251049686045911713e+00
4.260020706264389112e+00
4.268907348765102583e+00
4.277708828610037983e+00
4.286424420955814441e+00
4.295053457742117331e+00
4.303595329219517041e+00
4.312049484928223819e+00
4.289620079571244027e+00
4.298214115909900102e+00
4.306720773958862658e+00
4.315139543103779118e+00
4.323469972394121008e+00
4.331711667726442450e+00
4.339864291904183879e+00
4.317328690500445099e+00
4.325639898110165582e+00
4.303150418433120628e+00
4.280775284556773030e+00
4.289457239360832119e+00
4.267182764933850514e+00
4.245104386114461725e+00
4.254101004877741232e+00
4.263014813625370714e+00
4.271845002294372584e+00
4.280590814954575052e+00
4.289251547113395624e+00
4.297826548071049579e+00
4.306315222633156026e+00
4.314717032268013064e+00
4.323031495785712330e+00
4.331258189606489672e+00
4.339396747677064958e+00
4.347446861086170955e+00
4.324931538393567365e+00
4.333145077834393177e+00
4.341269747608917484e+00
4.349305309923396479e+00
4.326776874626644620e+00
4.334976993384954902e+00
4.343087635138883407e+00
4.320565889435479257e+00
4.298118575959929188e+00
4.306624797615903333e+00
4.284251554783136129e+00
4.292893590755181066e+00
4.270614846832146760e+00
4.279382801320381624e+00
4.288064548947231991e+00
4.296659539872815792e+00
4.305167272826659008e+00
4.313587293346150098e+00
4.321919195645157252e+00
4.330162623909776798e+00
4.338317273102433980e+00
4.346382889345571598e+00
4.354359269946749045e+00
4.362246263118803924e+00
4.370043767441639027e+00
4.377751731105997024e+00
4.355201106423064239e+00
4.332648638311565215e+00
4.340796881774221738e+00
4.348854404332377577e+00
4.356821141150313714e+00
4.364697067244616591e+00
4.372482197184130115e+00
4.380176585620166207e+00
4.387780327446693107e+00
4.395293557648969340e+00
4.402716450891059452e+00
4.380169452776318195e+00
4.357565982257909809e+00
4.365459260424069399e+00
4.342839960381231990e+00
4.350907912931111454e+00
4.328295099322631678e+00
4.336528724515069655e+00
4.313944546697413784e+00
4.291445678110118678e+00
4.300068940190129751e+00
4.308600582001868240e+00
4.286140714415272335e+00
4.263829849699056318e+00
4.272709123490148642e+00
4.281499943435060906e+00
4.259245985786301425e+00
4.237203379993882635e+00
4.214813662231193803e+00
4.192715352456075628e+00
4.202670189487736074e+00
4.212022622842356512e+00
4.221297812705565811e+00
4.231097584354502672e+00
4.208858183509231132e+00
4.218097439005556559e+00
4.227904825554927193e+00
4.237005467816943316e+00
4.246027996703747753e+00
4.254971310926646488e+00
4.233114417556839371e+00
4.242156408075605789e+00
4.251120335378715254e+00
4.260005115787320662e+00
4.238120843129761006e+00
4.247108374903167061e+00
4.225381136412191374e+00
4.203322851191179765e+00
4.212538936523590571e+00
4.190684319488959808e+00
4.200557066713232146e+00
4.178120531644228031e+00
4.188056335372931649e+00
4.198162044259120762e+00
4.207409050751025781e+00
4.185698128640884086e+00
4.195566618277807969e+00
4.204812975730311209e+00
4.213991352657263434e+00
4.192233002657762775e+00
4.202023529579659744e+00
4.211206509838235412e+00
4.189513758198092575e+00
4.199310616382659234e+00
4.177805894229050132e+00
4.155843895484427009e+00
4.166368997274269681e+00
4.175764849803587531e+00
4.153747729804065258e+00
4.131988169131325606e+00
4.142857232319787641e+00
4.121457954194244877e+00
4.131590403197081152e+00
4.140802960700291635e+00
4.150027373696656419e+00
4.159252046905759670e+00
4.137717372839862406e+00
4.116461285969239547e+00
4.127761621507715084e+00
4.106837984951161147e+00
4.117279038387255952e+00
4.096601677451029211e+00
4.104229737105917764e+00
4.113468318397761614e+00
4.122671525776608448e+00
4.131834108279123008e+00
4.140951020357837464e+00
4.150017601751724072e+00
4.159029542219212949e+00
4.167982851098210872e+00
4.177623307812876163e+00
4.186419085587185229e+00
4.195146929699094862e+00
4.174758855692192405e+00
4.183583006806587790e+00
4.192338658699078735e+00
4.201022991515513283e+00
4.209633381952392561e+00
4.218167388965016862e+00
4.197555236408626378e+00
4.177161280083378614e+00
4.185979255215663386e+00
4.194725945208282347e+00
4.203398804311908599e+00
4.211995453869755934e+00
4.191462190766772622e+00
4.200166776398298829e+00
4.208795449725319493e+00
4.217345975484259490e+00
4.225816272481630165e+00
4.205165902470852757e+00
4.184708068798371094e+00
4.193477523395929829e+00
4.202171903703779243e+00
4.210788921822080866e+00
4.190282986398354836e+00
4.170003880205128688e+00
4.178892213473729633e+00
4.187709140257207530e+00
4.196452163063198348e+00
4.205118941804434129e+00
4.213707284622624449e+00
4.222215144463535630e+00
4.230640615675089755e+00
4.238981930616089855e+00
4.247237456265937183e+00
4.255405690827525511e+00
4.263485260317184888e+00
4.242636461943619430e+00
4.250864891188463446e+00
4.259004644479889912e+00
4.267054423403993546e+00
4.275013055875631629e+00
4.282879490711709813e+00
4.261964390283011994e+00
4.269994362486226436e+00
4.277931881764057032e+00
4.257009816742294284e+00
4.265107421962825107e+00
4.273112440827229186e+00
4.281023848340289817e+00
4.288840741005127910e+00
4.296562331400407331e+00
4.306752843898703276e+00
4.286166528004773824e+00
4.265587945063122000e+00
4.245066565009333104e+00
4.253298205677261024e+00
4.261432920807580516e+00
4.240931897561517339e+00
4.220548452552035812e+00
4.229028026680083485e+00
4.237415380286406297e+00
4.217067542869172847e+00
4.196289869797676708e+00
4.204966040316691078e+00
4.214190413429350635e+00
4.222706542986663258e+00
4.202504625856633425e+00
4.210520905191962093e+00
4.219659754876363245e+00
4.198905295296849971e+00
4.207528229212126547e+00
4.186902886472919860e+00
4.196187325908110388e+00
4.204858611720646344e+00
4.214039160828437325e+00
4.222520099985116460e+00
4.230914939726206470e+00
4.210695667047766655e+00
4.219203663163304974e+00
4.227626412279542834e+00
4.235962687115420344e+00
4.244211341933869619e+00
4.252371309630742502e+00
4.260441603223636520e+00
4.268421316835996571e+00
4.276309626228504968e+00
4.284105788925326230e+00
4.263618180798252943e+00
4.271569656666442505e+00
4.279428724980075316e+00
4.287194732855458490e+00
4.294867103802575414e+00
4.302445336605722481e+00
4.309929005085677112e+00
4.317317757513207788e+00
4.324611315716825111e+00
4.331809473923392773e+00
4.338912097366367959e+00
4.318441982681738622e+00
4.325737339987408170e+00
4.332935936715008651e+00
4.340037746638705229e+00
4.347042802367241165e+00
4.353951196451204098e+00
4.360763080321529372e+00
4.340374318291314815e+00
4.319861847330439986e+00
4.327171533379928547e+00
4.334381915667940177e+00
4.341493142045758979e+00
4.320968666808921554e+00
4.328274415704588485e+00
4.335480112915527151e+00
4.342585951318033821e+00
4.349592169192507463e+00
4.329090329676614779e+00
4.336296212036642395e+00
4.315717376360364455e+00
4.323114608627782296e+00
4.330410312424397112e+00
4.309798018284126897e+00
4.317281287719100469e+00
4.296622940867065310e+00
4.304284828718663469e+00
4.311844539200345494e+00
4.319302162708194892e+00
4.326657836247616018e+00
4.333911745218813394e+00
4.341064124168327432e+00
4.320480449214453067e+00
4.299811472276215518e+00
4.307441967098616153e+00
4.314969662659794203e+00
4.294283128391353621e+00
4.301987956784922851e+00
4.309590002649678731e+00
4.317089344529868811e+00
4.324486110462465227e+00
4.331780479255398220e+00
4.338972680936795001e+00
4.346062996730995387e+00
4.353051758635167801e+00
4.359939348660295977e+00
4.339443069437181499e+00
4.346536980484072998e+00
4.353528544149162904e+00
4.360418207191878892e+00
4.339910781987309285e+00
4.319270869845457383e+00
4.326664655096563727e+00
4.333954106612110557e+00
4.313280018934160687e+00
4.292534256970043316e+00
4.271766902632978535e+00
4.279792501605546029e+00
4.287713954841869679e+00
4.295531227572120692e+00
4.303244333981531611e+00
4.282490728754943632e+00
4.290372598374763591e+00
4.298150707600774112e+00
4.277396943617166158e+00
4.256660568954089285e+00
4.235994062361729817e+00
4.244422136828262637e+00
4.223830681287068955e+00
4.232380189181850660e+00
4.240832569587933421e+00
4.249187090857172500e+00
4.228593274249827338e+00
4.208142902206802205e+00
4.216827542457367350e+00
4.195876747693704445e+00
4.174362415841613938e+00
4.183856393761594461e+00
4.193536230347070237e+00
4.202340704196928733e+00
4.181583378370166137e+00
4.191028456265616597e+00
4.199836625628370790e+00
4.208557973820865605e+00
4.217785891992407166e+00
4.196926049426462413e+00
4.205623992103433295e+00
4.184899179673890579e+00
4.194266992695263596e+00
4.203010682101638196e+00
4.211668888144611600e+00
4.220823069901716629e+00
4.229285570132321759e+00
4.208982606516015856e+00
4.217556499606672560e+00
4.226043722038395956e+00
4.205782201131938791e+00
4.214378153064166632e+00
4.193627988528812800e+00
4.202308020951909029e+00
4.211542532293792718e+00
4.220069664702015722e+00
4.228510877431490123e+00
4.208262633203556646e+00
4.216815060665723536e+00
4.225282390546880151e+00
4.233663301285687908e+00
4.241956560173983704e+00
4.250161019921098848e+00
4.258275619838486570e+00
4.266299386524459614e+00
4.274231434101048777e+00
4.282070964050689099e+00
4.289817264695924059e+00
4.297469710361196960e+00
4.276919128713722706e+00
4.284736711520791275e+00
4.292459933672355454e+00
4.271905063882642573e+00
4.279789592175353263e+00
4.287579490629662260e+00
4.295274239332886879e+00
4.274708470295685458e+00
4.254176391207100671e+00
4.233728174276306433e+00
4.242053133812999199e+00
4.250286413384563922e+00
4.258427176317415075e+00
4.266474655310620534e+00
4.274428151862072589e+00
4.282287038330067297e+00
4.290050759328210894e+00
4.269487992545250243e+00
4.248971003484448339e+00
4.228550143773873948e+00
4.208275887062515430e+00
4.216857324473350488e+00
4.225350980768150855e+00
4.233755740209693919e+00
4.242070558157370108e+00
4.250294459533704661e+00
4.258426541781054731e+00
4.266465977074576088e+00
4.274412013878080785e+00
4.253898101883653027e+00
4.233468641764161156e+00
4.241786485870011170e+00
4.250013333315938446e+00
4.258148295329822197e+00
4.237702191246935257e+00
4.245972142028995755e+00
4.254150737181188191e+00
4.262237120369248622e+00
4.270230511638491322e+00
4.249736315842445045e+00
4.257874300962689595e+00
4.265919535626125914e+00
4.245440841245523345e+00
4.253627219467141174e+00
4.233206570185898521e+00
4.212921092637087028e+00
4.221442925259836443e+00
4.201264392976450601e+00
4.209284857113432921e+00
4.188639116247640182e+00
4.197911053285128702e+00
4.177382038933115993e+00
4.156303366477998473e+00
4.166360380121132856e+00
4.175300876384977933e+00
4.184920737012840952e+00
4.193670883388229242e+00
4.173233258271575430e+00
4.182621552916704566e+00
4.191378942651294182e+00
4.200057055108742610e+00
4.209254184261055798e+00
4.188676102817277425e+00
4.197333029064833632e+00
4.205947353910755027e+00
4.215064722629740857e+00
4.223494829802048933e+00
4.231841371390912876e+00
4.240103036838037909e+00
4.248278600723295995e+00
4.256366923865243734e+00
4.264366953979100927e+00
4.272277725934080728e+00
4.251870256012024285e+00
4.259927874080129406e+00
4.267896003690476725e+00
4.247498189144256031e+00
4.255609596953012108e+00
4.263631491146466779e+00
4.271563005911525046e+00
4.279403353586251235e+00
4.258957259995614031e+00
4.238584791149765607e+00
4.246803565444272621e+00
4.226498444579852354e+00
4.234843412213050939e+00
4.243100607272323188e+00
4.251269018795420962e+00
4.259347708529551468e+00
4.267335809839170047e+00
4.275232529698334893e+00
4.283037150069972654e+00
4.290749028742661508e+00
4.270267211656117112e+00
4.278139356893180256e+00
4.285918404268944215e+00
4.293603792973000211e+00
4.301195034410000950e+00
4.308691711706600813e+00
4.316093479664216304e+00
4.323400064326740733e+00
4.302906944261764011e+00
4.310396388785104449e+00
4.289869146863559024e+00
4.297532548946284336e+00
4.276991916639282465e+00
4.284820066424872564e+00
4.292552025915524538e+00
4.300187456321729940e+00
4.279636010462583684e+00
4.259103240408781410e+00
4.267153029735640146e+00
4.275107285538354063e+00
4.282965526327320305e+00
4.290727331855734406e+00
4.298392343533124382e+00
4.305960265880011129e+00
4.313430867386547796e+00
4.292872468212490134e+00
4.300519272790643832e+00
4.279942361385858263e+00
4.259382156002951447e+00
4.238888958487359915e+00
4.218513595975982966e+00
4.227019006384409749e+00
4.235432917117268659e+00
4.243754444514405755e+00
4.251982769447131716e+00
4.260117136536284654e+00
4.239637993844370456e+00
4.219275832838438767e+00
4.198479935154786347e+00
4.207139698730947508e+00
4.216342363132464577e+00
4.224841800791179658e+00
4.233252250331238642e+00
4.241572653212984712e+00
4.249802025073052825e+00
4.257939457873582079e+00
4.265984121418891384e+00
4.273935264313434956e+00
4.253431203370614533e+00
4.261530000361062775e+00
4.269535415525728794e+00
4.249044029490912422e+00
4.257193539531660242e+00
4.265249963018348467e+00
4.273212584794890745e+00
4.281080765101736851e+00
4.260553882830948602e+00
4.240093581844027071e+00
4.248345180254080589e+00
4.256504374877281727e+00
4.264570388206574414e+00
4.244095425512283803e+00
4.252301496941282011e+00
4.231886019882971084e+00
4.240222251342149029e+00
4.248467342867967567e+00
4.256620416991139244e+00
4.264680670187635414e+00
4.244211293993319423e+00
4.252411815444446574e+00
4.260519922666226478e+00
4.268534847777412544e+00
4.248050978964581503e+00
4.256209192114495110e+00
4.235778654859546855e+00
4.215476019737133484e+00
4.223974649796997660e+00
4.232384859634382046e+00
4.240705587179177449e+00
4.248935844343264989e+00
4.257074715241943252e+00
4.265121358413781927e+00
4.273075008391604257e+00
4.280934976700237371e+00
4.288700652348992115e+00
4.296371501879407084e+00
4.303947069022115990e+00
4.283404525208971414e+00
4.291149832453166724e+00
4.270604634405600564e+00
4.278510260163834289e+00
4.257982804223479079e+00
4.266039123829616031e+00
4.274000771792410447e+00
4.253483271751400174e+00
4.261592145924828046e+00
4.269606708709861920e+00
4.277526351630991819e+00
4.285350535060249655e+00
4.293078787712739874e+00
4.272520259189901637e+00
4.280410269250703337e+00
4.288204236642088496e+00
4.295901742060056705e+00
4.275333673268803203e+00
4.254794808455123700e+00
4.262900317487293478e+00
4.270910608996771884e+00
4.278825129061369914e+00
4.258276584720434244e+00
4.266342002901356345e+00
4.274311961640247404e+00
4.253774093441898607e+00
4.261891461801119441e+00
4.269913786347864892e+00
4.277840486374463680e+00
4.285671050045501751e+00
4.293405033772499380e+00
4.301042063068901022e+00
4.308581832889267993e+00
4.288003831696583390e+00
4.295716517429148062e+00
4.303331530650024384e+00
4.310848633117822182e+00
4.290262206012632085e+00
4.297953732747769706e+00
4.277353295442622994e+00
4.285209906135557745e+00
4.264616300656332903e+00
4.244076712169980503e+00
4.252324975469123913e+00
4.231845295974195231e+00
4.240222892729279991e+00
4.219822131857986491e+00
4.228319127558311408e+00
4.236724556230192285e+00
4.245037499703141037e+00
4.253257110714855571e+00
4.261382611411084653e+00
4.269413295598950775e+00
4.277348530318562325e+00
4.256793172047344420e+00
4.264878400429417127e+00
4.272868424314436808e+00
4.252325284831478314e+00
4.260461732537546453e+00
4.268503356633864598e+00
4.247975609594320190e+00
4.227544717228776783e+00
4.235949117962584332e+00
4.244261735208957553e+00
