1.810229300817711023e-03
2.439477691380753221e-03
2.450742092672617955e-03
2.454702800880360306e-03
2.451113674329972493e-03
2.454711752126491342e-03
2.451113888736365307e-03
2.454711757279958839e-03
2.451113888859794351e-03
3.446099017160947353e-03
4.121665944070011453e-03
2.497618935839350084e-03
2.452143376768859545e-03
2.454736491169975249e-03
2.451114481248913447e-03
3.446099417315292342e-03
2.479765282418893053e-03
2.451715335138454459e-03
2.454726204466004414e-03
3.449036554076472146e-03
4.124141261170086864e-03
4.594462999493774749e-03
2.510432911231467393e-03
2.452452158422397093e-03
3.447003041056503382e-03
2.479798831333393690e-03
2.451716161049971587e-03
2.454726224353190496e-03
2.451114235349990695e-03
2.454711765611125324e-03
2.451113889059334389e-03
2.454711757287725629e-03
2.451113888859980400e-03
2.454711757282933456e-03
2.451113888859860705e-03
2.454711757282929552e-03
2.451113888859860705e-03
2.454711757282931721e-03
3.449026797067983232e-03
2.479843958675406659e-03
2.451716977190577205e-03
2.454726244337377544e-03
2.451114235826313669e-03
2.454711765622575367e-03
2.451113889059602837e-03
3.446099017295919248e-03
2.479765272388553647e-03
2.451715334899030527e-03
3.446505295397239970e-03
2.479775464355864992e-03
2.451715578154130184e-03
2.454726210307872636e-03
3.449036558021794513e-03
2.479844200213761948e-03
2.451716982994653609e-03
3.446506410722586806e-03
2.479775493041319178e-03
2.451715578833119167e-03
2.454726210324204190e-03
2.451114235014189863e-03
2.454711765603051054e-03
2.451113889059134895e-03
2.454711757287723894e-03
2.451113888859976064e-03
2.454711757282934323e-03
3.449026797067994941e-03
2.479843958675405791e-03
2.451716977190574603e-03
2.454726244337377111e-03
2.451114235826308899e-03
2.454711765622574066e-03
2.451113889059605439e-03
3.446099017295925319e-03
2.479765272388555382e-03
2.451715334899024455e-03
2.454726204460244265e-03
2.451114234873740146e-03
2.454711765599671813e-03
2.451113889059058568e-03
2.454711757287717389e-03
2.451113888859977365e-03
2.454711757282932155e-03
2.451113888859866342e-03
2.454711757282932588e-03
2.451113888859866776e-03
2.454711757282928685e-03
2.451113888859865909e-03
2.454711757282929552e-03
3.449026797067992773e-03
2.479843958675403623e-03
2.451716977190575037e-03
3.446506406802158588e-03
2.479775492943062272e-03
3.465950799698230573e-03
2.480263878540071767e-03
2.451727080590414450e-03
2.454726487129330753e-03
3.449036745007804956e-03
2.479844204840045245e-03
2.451716983105819894e-03
