1.264080269102336139e-02
1.371970751479393603e-02
1.372429873081626103e-02
1.372249123985263414e-02
1.372430853189120920e-02
1.372249157809229264e-02
1.372430853986571046e-02
1.372249157827045742e-02
1.372430853987027452e-02
1.551441549715746292e-02
1.690945748654663905e-02
1.373058041250828885e-02
1.372435710752271248e-02
1.372249242876842808e-02
1.372430856179827213e-02
1.551441550828458991e-02
1.372678589436835545e-02
1.372433601877280640e-02
1.372249206818836921e-02
1.551201976092055242e-02
1.690660208686894928e-02
1.820976927111359403e-02
1.373402101264281812e-02
1.372437730470076923e-02
1.551445566794291964e-02
1.372680991877743908e-02
1.372433611652607369e-02
1.372249206902303141e-02
1.372430855268584604e-02
1.372249157855832610e-02
1.372430853987766097e-02
1.372249157827073150e-02
1.372430853987028319e-02
1.372249157827056497e-02
1.372430853987027799e-02
1.372249157827057191e-02
1.372430853987027279e-02
1.372249157827056670e-02
1.551201951831437074e-02
1.372687415001299684e-02
1.372433682440039361e-02
1.372249207120238707e-02
1.372430855271246364e-02
1.372249157855874417e-02
1.372430853987766791e-02
1.551441549716115267e-02
1.372678589394029335e-02
1.372433601876219336e-02
1.551443084099875767e-02
1.372678633723552026e-02
1.372433602964772369e-02
1.372249206839432599e-02
1.551201976102486828e-02
1.372687416163399093e-02
1.372433682457582099e-02
1.551443145202169478e-02
1.372678633965626616e-02
1.372433602969373549e-02
1.372249206839493661e-02
1.372430855267259275e-02
1.372249157855804855e-02
1.372430853987765056e-02
1.372249157827073497e-02
1.372430853987028319e-02
1.372249157827056670e-02
1.551201951831436728e-02
1.372687415001299337e-02
1.372433682440038841e-02
1.372249207120238533e-02
1.372430855271246537e-02
1.372249157855873897e-02
1.372430853987766791e-02
1.551441549716117869e-02
1.372678589394030202e-02
1.372433601876218295e-02
1.372249206818816451e-02
1.372430855266738338e-02
1.372249157855793059e-02
1.372430853987764536e-02
1.372249157827073324e-02
1.372430853987028493e-02
1.372249157827057017e-02
1.372430853987027972e-02
1.372249157827056844e-02
1.372430853987028319e-02
1.372249157827056323e-02
1.372430853987028146e-02
1.372249157827056844e-02
1.551201951831434299e-02
1.372687415001298990e-02
1.372433682440039535e-02
1.551443145194317773e-02
1.372678633965213578e-02
1.551514873234617620e-02
1.372689970103253138e-02
1.372433713408499102e-02
1.372249207943834759e-02
1.551201976691049533e-02
1.372687416186393720e-02
1.372433682457921064e-02
