2.930666790958449085e-03
3.497676767165285635e-03
3.653285272620091471e-03
3.710582001678585252e-03
3.709572698913538111e-03
3.771289221254988007e-03
3.745034822071936081e-03
3.710667833689225686e-03
3.728262672266100409e-03
3.730360568469802320e-03
3.620990593384312319e-03
3.590476588757938667e-03
3.558252174154178955e-03
3.524795573897848786e-03
3.642854967354612269e-03
3.767508084478002860e-03
3.744885662099186122e-03
3.720257851652021726e-03
3.882494678759424757e-03
4.015314185451416239e-03
4.178561134288947057e-03
4.196636744426779017e-03
4.199757611085856539e-03
4.195286681541038343e-03
4.186583307283589864e-03
4.175478674720802495e-03
4.162995094035696828e-03
4.149714342193950786e-03
4.135975619018261197e-03
4.121983224821336965e-03
4.107865451231448514e-03
4.093706941826357262e-03
4.170867908240440299e-03
4.060729177123981182e-03
4.048015437440579713e-03
4.134350412248364963e-03
4.022917208886809745e-03
4.110628596694851367e-03
3.992777648060716507e-03
3.981871876593961156e-03
3.970999562280289399e-03
3.965923205695510642e-03
4.061455954866829109e-03
3.935516911847971276e-03
3.921429805268539931e-03
3.911641647968591533e-03
3.901583169007262746e-03
3.891464774546785077e-03
3.881397196583093092e-03
3.977701605196885815e-03
3.852836673866490928e-03
3.844177069455691036e-03
3.835979635250766264e-03
3.827543546528586367e-03
3.819056373079230630e-03
3.810617373884625601e-03
3.802279545275038652e-03
3.794071457157665878e-03
3.782148123700918799e-03
3.774166468650054333e-03
3.766342135821050801e-03
3.758692090729101425e-03
3.751181569467468106e-03
3.743829187998956413e-03
3.736632973412669194e-03
3.729590822765366763e-03
3.722700536531400265e-03
3.719921720271144976e-03
3.713909727360125736e-03
3.754316317601490843e-03
3.749536673211073621e-03
3.744314285273815743e-03
3.739195633002498353e-03
3.734187049022657384e-03
3.729287486282289576e-03
3.724495426762694170e-03
3.719809132851455667e-03
3.715226745843494029e-03
3.710746341854486569e-03
3.906902207866546316e-03
3.722300006134281452e-03
3.726126067471651707e-03
3.729796414210990660e-03
3.731735668574037625e-03
3.919693345049402380e-03
3.730842357211662432e-03
3.729134674206398443e-03
3.914465117832402474e-03
3.710722039337330767e-03
3.895018086089645920e-03
3.646580994200385173e-03
3.641884651889548165e-03
3.634476236690145547e-03
3.793236418848741891e-03
3.611730621288674649e-03
3.606712074660285532e-03
3.599378584132195604e-03
3.591571545756151208e-03
3.630291039805883749e-03
3.570510637643164228e-03
