6.798191987420584503e+00
6.736679062371440985e+00
6.646545142896656877e+00
6.612011517341012556e+00
6.604575173781547903e+00
6.603037432350764568e+00
6.602332525301465083e+00
6.602022604761271118e+00
6.602117072410982779e+00
6.602084462791824926e+00
6.602183907397451534e+00
6.602289282985411845e+00
6.602425537089883889e+00
6.602587075314185761e+00
6.602780044197655407e+00
6.603007252842834518e+00
6.602777159217762204e+00
6.602717531804012552e+00
6.602332374286446814e+00
6.602556037432227853e+00
6.602495299573946319e+00
6.602536583128226333e+00
6.602654942028624241e+00
6.602837826846029046e+00
6.603073307846829110e+00
6.603155380036300315e+00
6.602683341143359641e+00
6.602591585495540372e+00
6.602611455489050485e+00
6.602601024015071651e+00
6.602654262667624785e+00
6.603150115221466443e+00
6.603241358614499568e+00
6.603201919671246145e+00
6.602998855002398138e+00
6.602918911822446724e+00
6.602602248565013987e+00
6.602407313273363165e+00
6.602516655265691981e+00
6.602672321482830675e+00
6.602596066646670536e+00
6.602579049115736787e+00
6.602910564355546796e+00
6.602528238320603649e+00
6.602257050760826473e+00
6.602058791072855648e+00
6.601925823187741571e+00
6.602044683365420497e+00
6.602033227143348171e+00
6.602131984757048322e+00
6.602077798138274112e+00
6.602025306693206197e+00
6.601982980741065710e+00
6.601952273405874649e+00
6.601809861449550176e+00
6.601866753527657394e+00
6.601881913982346362e+00
6.601893843513718885e+00
6.601709635133619969e+00
6.601753788631603115e+00
6.601410306759013302e+00
6.601215902639148148e+00
6.601107395123774424e+00
6.602025614934406761e+00
6.601805655342660728e+00
6.601679322341158063e+00
6.601607747866297338e+00
6.601568765746995915e+00
6.601549764538091836e+00
6.601543539827259721e+00
6.601762176242942814e+00
6.601816555006845277e+00
6.601846668226754034e+00
6.601682096274387845e+00
6.601685710717430489e+00
6.601709821555198587e+00
6.601738441703060012e+00
6.601777962984525239e+00
6.601819610107057201e+00
6.602255366505920264e+00
6.602290976300373870e+00
6.602327511726079123e+00
6.602373288972272825e+00
6.602421585658846404e+00
6.602472696753792114e+00
6.602526608765047378e+00
6.602169433779609520e+00
6.601972450824939997e+00
6.601866585354531303e+00
6.601812839390055032e+00
6.601789188777282824e+00
6.601783199303831395e+00
6.601787856553572809e+00
6.601799208227629556e+00
6.601815030845305188e+00
6.602046126482769672e+00
6.602112843291801703e+00
6.602153135936794648e+00
6.602190458811833196e+00
6.602030781130380888e+00
