1.223768583869635877e-02
1.368155215245342275e-02
1.461330924249431597e-02
1.305401775766015272e-02
1.420887366036315165e-02
1.495211060853017006e-02
1.541903138569158428e-02
1.570664757807124431e-02
1.608729114187184422e-02
1.633430000615114508e-02
1.649518756719317927e-02
1.659810163481634931e-02
1.666144653914144666e-02
1.669863146079668750e-02
1.671881264913283732e-02
1.312366883289318997e-02
1.425395454727977976e-02
1.498098822376251089e-02
1.543707333476350418e-02
1.571746151305758107e-02
1.309233607041240116e-02
1.423434757336362010e-02
1.496907514412283702e-02
1.543028745347698426e-02
1.571406906080785246e-02
1.609240039844438488e-02
1.633780634782806829e-02
1.649757868627842183e-02
1.311215590513690327e-02
1.301120864042362539e-02
1.417948798763654303e-02
1.493167155179114629e-02
1.540461572438792809e-02
1.569631343382957983e-02
1.608019126804584309e-02
1.632939270303972526e-02
1.649176628951440002e-02
1.659570017896996527e-02
1.665974354355145501e-02
1.669740347378074335e-02
1.671788749318507336e-02
1.672569918517318940e-02
1.672558129368913876e-02
1.671997531646075841e-02
1.671097882031004345e-02
1.669970360401735673e-02
1.668694750768875967e-02
1.667323553300587013e-02
1.665892201298417585e-02
1.664425052949050285e-02
1.662938068691382706e-02
1.661442021580580505e-02
1.659943990008594730e-02
1.658448651817285777e-02
1.656959116023339756e-02
1.313967093845754344e-02
1.426389455261780660e-02
1.498695747176617341e-02
1.544041214888865025e-02
1.571907326872499719e-02
1.609580868284607794e-02
1.634002733587261447e-02
1.649895084633224915e-02
1.660049717736106559e-02
1.311635480054142329e-02
1.424927408758915742e-02
1.497804058986497433e-02
1.306529265907998075e-02
1.421554861078269671e-02
1.495578220333813532e-02
1.306463875133878627e-02
1.421510038274895193e-02
1.495547113513565583e-02
1.542048558848890458e-02
1.570685110699801892e-02
1.608745382872587074e-02
1.633438667700116975e-02
1.649519344227213385e-02
1.659765087644145265e-02
1.666106688961999788e-02
1.669828581208840021e-02
1.312166593121726933e-02
1.425267397359647643e-02
1.498018164369013631e-02
1.543658217460056915e-02
1.571717936784296915e-02
1.309232168090603346e-02
1.423433805466170488e-02
1.496906884630190213e-02
1.543028331367050920e-02
1.571406636772064436e-02
1.609239854860070387e-02
1.633780508335284931e-02
1.649757782612842893e-02
1.311215586497231286e-02
1.301120863979156675e-02
1.417948798713813616e-02
1.304105541116487230e-02
1.419938224449120157e-02
1.304156428840929673e-02
