1.223768583869635877e-02
1.368155215245342275e-02
1.461330924249431597e-02
1.521033436108988786e-02
1.557998211548954591e-02
1.600302308183719838e-02
1.628529002833621273e-02
1.646593004078321029e-02
1.658218513599362190e-02
1.665457493380428922e-02
1.669784133467473036e-02
1.672144963130068815e-02
1.673185861742575858e-02
1.673341315999984924e-02
1.672905568169470725e-02
1.672148372134169697e-02
1.671032044471055383e-02
1.669759064095626896e-02
1.668385124343538944e-02
1.313229739868005536e-02
1.426037244968361185e-02
1.498591824683536897e-02
1.544100200183723404e-02
1.572069991656533522e-02
1.609692152588347927e-02
1.634085371234451911e-02
1.649960696134365398e-02
1.660104452051366919e-02
1.666337362701745400e-02
1.311930259148517269e-02
1.425117732135635501e-02
1.497925578461611722e-02
1.306533030427593257e-02
1.421557598105952988e-02
1.495580267433717879e-02
1.542072008114504962e-02
1.570701978416084998e-02
1.608756977674577829e-02
1.633446689023026685e-02
1.310679202934100264e-02
1.301175410822587135e-02
1.418072009037826646e-02
1.493331023562611409e-02
1.540650897473470199e-02
1.569834613780482502e-02
1.608156901540255118e-02
1.633036544978945515e-02
1.649248802699316424e-02
1.659624442881667619e-02
1.666018565550187597e-02
1.311914623423706891e-02
1.425108392406863184e-02
1.497920397307651169e-02
1.543601174959972899e-02
1.571687810999777141e-02
1.609434297227088292e-02
1.633909290136355622e-02
1.649839004166581136e-02
1.660018044369306403e-02
1.311621116599975476e-02
1.424913866609909055e-02
1.497791110333799615e-02
1.543515489420329428e-02
1.308093425214092338e-02
1.422678197627936028e-02
1.496404922519146280e-02
1.542696448389243094e-02
1.571188913868134390e-02
1.609090100459905151e-02
1.633677894035294453e-02
1.649687727178534083e-02
1.659925303657608375e-02
1.666222496078552731e-02
1.669915118682775354e-02
1.671915305073918070e-02
1.672661477883176373e-02
1.672625832217355252e-02
1.672046097068909457e-02
1.671155601221288936e-02
1.670019778413855613e-02
1.668738346021497038e-02
1.667363056332711244e-02
1.665928789788103520e-02
1.664459545071387755e-02
1.662971027289826542e-02
1.661473844835717126e-02
1.313697842147012150e-02
1.426223558165588476e-02
1.498597210590067556e-02
1.543987370012482943e-02
1.571882753599084664e-02
1.609564719044052211e-02
1.633992801880451012e-02
1.649889538882726853e-02
1.660047249201651240e-02
1.666287704553795490e-02
1.669939726380423664e-02
1.671906462342188579e-02
1.672632715775060341e-02
1.672582492562891404e-02
