6.806609709016496090e+00
6.804589113310149706e+00
6.802957490938337237e+00
6.800568810644056050e+00
6.798112095748338746e+00
6.795434663299868561e+00
6.792278121734732110e+00
6.789243761766082130e+00
6.786336699258375127e+00
6.783905026951432937e+00
6.781203674379290725e+00
6.778635795175198986e+00
6.776028537910423921e+00
6.773528954596127249e+00
6.771183885233384103e+00
6.768600126662961181e+00
6.767308392037247877e+00
6.765005833582601547e+00
6.762693428010535079e+00
6.761615360320835322e+00
6.759743013878190432e+00
6.757962774504482795e+00
6.756377222218355350e+00
6.754626810964102113e+00
6.753035719851481211e+00
6.752722387535194493e+00
6.751227602544170203e+00
6.751092285257560555e+00
6.749964590360990613e+00
6.748990192352113837e+00
6.748059149456294037e+00
6.746850884622172195e+00
6.745736325513145282e+00
6.744575428718230903e+00
6.743343492980462095e+00
6.742357440186232509e+00
6.741249025434735920e+00
6.740157351311415468e+00
6.739158204669926988e+00
6.738143730616573457e+00
6.737090398692871851e+00
6.735607750749677436e+00
6.735670675505823546e+00
6.733820787885316683e+00
6.731910771234361768e+00
6.729861522431796139e+00
6.727836008672745116e+00
6.725612104995267515e+00
6.723397343568621842e+00
6.722857358277046558e+00
6.720400160916135235e+00
6.717904691249744431e+00
6.715352973947781301e+00
6.712746374434236607e+00
6.711973050840592592e+00
6.709209078882715893e+00
6.706427141622547161e+00
6.703616066407525942e+00
6.700065639611826995e+00
6.696640473759986278e+00
6.692843849223822694e+00
6.689071846339368577e+00
6.685279912186250506e+00
6.684109976197865954e+00
6.680088034121813401e+00
6.676066618225443783e+00
6.672018131130028173e+00
6.667929014180178804e+00
6.663793299040725593e+00
6.659609149870624911e+00
6.655122441745282558e+00
6.650794155991079926e+00
6.646455914806901788e+00
6.641848064927009965e+00
6.637407625023827862e+00
6.632953545408556195e+00
6.628469668944454440e+00
6.623540627596683272e+00
6.618600079977647432e+00
6.613453406417506564e+00
6.608492314597871342e+00
6.603525476621210366e+00
6.597957151854120461e+00
6.592321669049688637e+00
6.586617871695010784e+00
6.580845749194267569e+00
6.574620823967749494e+00
6.568482287276141030e+00
6.562362199086829939e+00
6.556223812878015700e+00
6.550047767999787496e+00
6.543824450260009584e+00
6.537549767625934649e+00
6.531222811823330865e+00
6.524844562451276531e+00
6.518102994419406215e+00
6.511568845458326926e+00
6.505034500993660984e+00
6.498468782536191313e+00
6.491579831424830083e+00
