1.264080269102336139e-02
1.467272442491574652e-02
1.625257932624296284e-02
1.373045928444733589e-02
1.551887785564126133e-02
1.691270707942184315e-02
1.821467687551269962e-02
1.927310670345209337e-02
2.012624021057776366e-02
2.081154252615787653e-02
2.136688627370970581e-02
2.181792042058248657e-02
2.218267143639999356e-02
2.247584560647257826e-02
2.271198916591884651e-02
1.375491355135417641e-02
1.553624174611581595e-02
1.692475647393413413e-02
1.822461096838559613e-02
1.928136502620268408e-02
1.373901666511917995e-02
1.552527368855223001e-02
1.691750533740602608e-02
1.821859920414448802e-02
1.927634429841787803e-02
2.012889516701014611e-02
2.081371192090486835e-02
2.136865216299066450e-02
1.374521878434631361e-02
1.372273495781069046e-02
1.551219554115062724e-02
1.690673124723255163e-02
1.820987504534971740e-02
1.926921977104047515e-02
2.012303029306574190e-02
2.080884931399849119e-02
2.136460414366063085e-02
2.181598135784754491e-02
2.218095127802898608e-02
2.247433389848784227e-02
2.271060998280371654e-02
2.289807010683102620e-02
2.304652388632174448e-02
2.316394502594321808e-02
2.325771932188316557e-02
2.332893265864956558e-02
2.338181393671353789e-02
2.342003600946254011e-02
2.344645642480551115e-02
2.346317764948888107e-02
2.347196729423655162e-02
2.347424651596449058e-02
2.347119532653409169e-02
2.346378953095035885e-02
2.345283082540050579e-02
1.377972937759509159e-02
1.555516999316275059e-02
1.693913690460690027e-02
1.823635255341440886e-02
1.929100152157857753e-02
2.014083408483956575e-02
2.082333057975579299e-02
2.137636134797046492e-02
2.182477206865498717e-02
1.374821765194757066e-02
1.553116988815633585e-02
1.692092765700898421e-02
1.373078897591619926e-02
1.551811198157327862e-02
1.691110606324758292e-02
1.373069504394071327e-02
1.551802985223533181e-02
1.691103170081614468e-02
1.821339640223219522e-02
1.927214123875158752e-02
2.012543409160533897e-02
2.081081908689205381e-02
2.136621489561430984e-02
2.181570418387998589e-02
2.218067546025829714e-02
2.247405908574419062e-02
1.375285026242703199e-02
1.553467110596809357e-02
1.692356122798193210e-02
1.822363524827293885e-02
1.928056455208165126e-02
1.373901142590891120e-02
1.552526971501680571e-02
1.691750231496702561e-02
1.821859673682816455e-02
1.927634226978255580e-02
2.012889350754510503e-02
2.081371056766104233e-02
2.136865106075301959e-02
1.374521876464480583e-02
1.372273495815941324e-02
1.551219554135281793e-02
1.372687566924331304e-02
1.551521089344565750e-02
1.372690049920611589e-02
