5.205747406111336240e+00
5.203701672909510911e+00
5.202731284694432468e+00
5.202351313707665348e+00
5.202254702756439642e+00
5.201530530919913353e+00
5.201560359879009887e+00
5.201635098572246818e+00
5.201331330331892211e+00
5.201191944520531685e+00
5.202065632771779136e+00
5.202194058532667142e+00
5.202313062779506225e+00
5.202428814244752786e+00
5.202755413742363721e+00
5.203086287143250388e+00
5.203203427469151876e+00
5.203312537115964531e+00
5.203221740338266343e+00
5.202628230554231514e+00
5.201983075243042265e+00
5.201778768888895677e+00
5.201685328851462842e+00
5.201650525699761829e+00
5.201647183296320698e+00
5.201660560658145194e+00
5.201682661137525088e+00
5.201709153034103750e+00
5.201737696321202975e+00
5.201767032930059820e+00
5.201796491996844907e+00
5.201825720766463768e+00
5.201952145348118783e+00
5.201913789292855306e+00
5.201927224963084129e+00
5.202055629388615543e+00
5.202010905079822223e+00
5.202132383689693107e+00
5.202073480284925111e+00
5.202078899723591832e+00
5.202092635383822383e+00
5.202118529660235247e+00
5.202259478924699643e+00
5.202197410366961705e+00
5.202211990654461715e+00
5.202225354046296601e+00
5.202241787006828488e+00
5.202259715280426633e+00
5.202278277149692265e+00
5.202429840774891900e+00
5.202355457772674718e+00
5.202359699919012925e+00
5.202370111236639616e+00
5.202383410759679805e+00
5.202398136246489280e+00
5.202413487939977266e+00
5.202429028828012392e+00
5.202444521714524761e+00
5.202467527094872146e+00
5.202482744589901564e+00
5.202497683409101015e+00
5.202512365711382536e+00
5.202526725267526686e+00
5.202540777471833522e+00
5.202554527336963552e+00
5.202567980173911977e+00
5.202581141447567781e+00
5.202243428458070973e+00
5.202250155850389746e+00
5.201867076970532189e+00
5.201867875900895832e+00
5.201873224670817031e+00
5.201878539037664950e+00
5.201883753528626642e+00
5.201888862898661259e+00
5.201893865668078654e+00
5.201898762040746860e+00
5.201903553117495527e+00
5.201908240471379230e+00
5.201586485626825684e+00
5.201995461536816023e+00
5.202022524332137188e+00
5.202046759458445635e+00
5.202071374495432998e+00
5.201725085424649286e+00
5.202129787901657032e+00
5.202146968935444704e+00
5.201785529968496746e+00
5.202216753741703670e+00
5.201845207033733764e+00
5.202662852042982955e+00
5.202681107183905418e+00
5.202704314425846022e+00
5.202495174351053464e+00
5.202753929101679553e+00
5.202769435777709006e+00
5.202789481854478204e+00
5.202811331785657245e+00
5.202438650262401154e+00
5.202376793407322175e+00
