5.209999999999999964e+00
5.210017635206765085e+00
5.210050724173874492e+00
5.210098748626243115e+00
5.210158674926836042e+00
5.210238455164522442e+00
5.210322863968240625e+00
5.210416969331322257e+00
5.209158862421883640e+00
5.207707895016280730e+00
5.207889632023254833e+00
5.208075916557430851e+00
5.208280329338180970e+00
5.208502091708737680e+00
5.208533832623878368e+00
5.208987968547309499e+00
5.209259188101023952e+00
5.209542132188019536e+00
5.209637307942523776e+00
5.206492569288290184e+00
5.207067100279351379e+00
5.207435692291644713e+00
5.207813794589983836e+00
5.208202187405657213e+00
5.208600046895049296e+00
5.209006686970699462e+00
5.209421509931143390e+00
5.209843972629285780e+00
5.210273568773933661e+00
5.210709819505379592e+00
5.211152268199814586e+00
5.211600477458248726e+00
5.206837755783786825e+00
5.207360664799007388e+00
5.207887058719432360e+00
5.202454137610671658e+00
5.203030374130119817e+00
5.197445435671395053e+00
5.198483206591877348e+00
5.199159548545387644e+00
5.199834596298562595e+00
5.200930838524266520e+00
5.195218475729307173e+00
5.196070804768194051e+00
5.196245469459791266e+00
5.197001166816774820e+00
5.197754844228303917e+00
5.198506317882001682e+00
5.199255400305424324e+00
5.192356500295493227e+00
5.193904526062945060e+00
5.194736894661896365e+00
5.195564093684598816e+00
5.196386762501187917e+00
5.197204801592307355e+00
5.198018102296510179e+00
5.198826556039749747e+00
5.199630056676004308e+00
5.201050014249426034e+00
5.201855263834482379e+00
5.202655088691281016e+00
5.203449397056310488e+00
5.204238118941269420e+00
5.205021164397901856e+00
5.205798459593565575e+00
5.206569935747716649e+00
5.207335528983636053e+00
5.207694963809722744e+00
5.208441865959669848e+00
5.209590895324732074e+00
5.210340936197830786e+00
5.211080118936514793e+00
5.211813059878602772e+00
5.212539783851424247e+00
5.213260263200690581e+00
5.213974472675793059e+00
5.214682390278946755e+00
5.215383997317624143e+00
5.216079278368449756e+00
5.208216582686294949e+00
5.210534459190339085e+00
5.212088912738205515e+00
5.213634356103070466e+00
5.215170747559758624e+00
5.206599084126276367e+00
5.208997557747960805e+00
5.210574695205947293e+00
5.201678889719508092e+00
5.202516795972221608e+00
5.193346329860753841e+00
5.193868380857380451e+00
5.194772596353741001e+00
5.195697142718677775e+00
5.185831472290290733e+00
5.187094122204761071e+00
5.188124655483645320e+00
5.189170131380100415e+00
5.190228995915483701e+00
5.191720998933734066e+00
5.192805421996120607e+00
