6.806609709016496090e+00
6.804589113310149706e+00
6.802975194288122474e+00
6.800608973188569273e+00
6.798505998215425450e+00
6.796350214474129459e+00
6.793371936927562693e+00
6.791056475372124090e+00
6.788892073173384389e+00
6.786884845533645461e+00
6.785008202386503484e+00
6.783270556501586945e+00
6.781514028201871547e+00
6.780046512195379016e+00
6.778736384115031655e+00
6.777629745979091069e+00
6.776713530480419578e+00
6.775161316816229018e+00
6.774029844283802504e+00
6.772840673474068929e+00
6.771948283566716853e+00
6.769583889912755836e+00
6.767443815500663540e+00
6.766467494791561954e+00
6.765290573922142059e+00
6.764516853261341112e+00
6.763593468593983360e+00
6.763253391454489893e+00
6.762667091595424118e+00
6.762293312602351669e+00
6.760706575670053731e+00
6.760542233348606267e+00
6.760124738814830003e+00
6.759832751136859663e+00
6.759515801438399585e+00
6.759407458256698753e+00
6.759726911626154688e+00
6.759862832734026661e+00
6.760214884410824077e+00
6.760049341246813448e+00
6.760162367541759032e+00
6.760361596934797213e+00
6.760722108499892968e+00
6.760930964140312582e+00
6.761323005579890300e+00
6.761417530255369179e+00
6.761420585778072478e+00
6.761934851560023496e+00
6.761433793784308754e+00
6.761030866759130120e+00
6.760699363273693585e+00
6.760227168947453791e+00
6.759783409640682805e+00
6.759283695751568288e+00
6.758582164897886102e+00
6.758208041106935404e+00
6.756722123947816350e+00
6.755160977497180141e+00
6.754004173262466715e+00
6.752056724982072211e+00
6.750221423653805175e+00
6.748385551769652047e+00
6.746548907210522472e+00
6.744651405561601365e+00
6.742824522281771316e+00
6.741007737692423341e+00
6.739205016312585172e+00
6.737419882425284889e+00
6.735655346432724677e+00
6.733913906584121811e+00
6.732197584233061249e+00
6.730507973128732502e+00
6.728846292572120191e+00
6.727213439271667816e+00
6.725610037425892251e+00
6.724003059385214698e+00
6.722372559296372785e+00
6.720767591003459884e+00
6.718770053981127255e+00
6.717295335253250066e+00
6.715850622357661948e+00
6.714435505063725884e+00
6.710329356679990198e+00
6.705921288960100313e+00
6.703693228983066632e+00
6.701532788331897805e+00
6.699424677904401548e+00
6.697364269624107358e+00
6.695347627607445062e+00
6.693371345020569407e+00
6.691432473702996653e+00
6.689528460943419574e+00
6.687657093973700562e+00
6.685816451795220772e+00
6.684004863599409596e+00
6.682220872997441496e+00
6.680463207311523099e+00
6.678730751246614084e+00
6.677022524336424070e+00
6.672441613234983748e+00
