1.809621866023680692e-01
1.361935741951760259e-01
7.168380245208229307e-02
4.731537892346326241e-02
4.232457110192717337e-02
4.124012778449078626e-02
4.088459676290600447e-02
4.055818678880256795e-02
4.035451516265687461e-02
3.997634129210871079e-02
3.958953907715766912e-02
3.915155054013982200e-02
3.865625641434174836e-02
3.812175915953864430e-02
3.752149973481676282e-02
3.686280872645332496e-02
3.617825456570117337e-02
3.544261758904410781e-02
3.470049720923000514e-02
3.399466691370649912e-02
3.318607943929450382e-02
3.228840991347441819e-02
3.134155946207937277e-02
3.034460766018269237e-02
2.928365559632171294e-02
2.796326935545315542e-02
2.695575446442898329e-02
2.584776988789488222e-02
2.493823234591999172e-02
2.391257942776233575e-02
2.284006620644255317e-02
2.168192287856396047e-02
2.060121305930482163e-02
1.938401076374794349e-02
1.838129511456756265e-02
1.735542811510540698e-02
1.640207576362736133e-02
1.546444799922265523e-02
1.469492232496590924e-02
1.398478670732052585e-02
1.318059052531509769e-02
1.241748918033899231e-02
1.131138611320928709e-02
1.075058119342400462e-02
1.016754977426273174e-02
9.576903851085488001e-03
9.052344224284962493e-03
8.704406951145269786e-03
8.282818717614012435e-03
7.939570768897737107e-03
7.625599747195198341e-03
7.305907986615792910e-03
7.008118793289462578e-03
6.734735362969935732e-03
6.364749309502395341e-03
6.217844287587322161e-03
6.024479807205796247e-03
5.839564120992892134e-03
5.493185078067843244e-03
5.343691825549354811e-03
5.251090937391619980e-03
5.152719589464315082e-03
5.054563150562454629e-03
4.840517380729477369e-03
4.771366986009282878e-03
4.700193640369826689e-03
4.629268687089168298e-03
4.560235526918254845e-03
4.493875765123197044e-03
4.430438730100358727e-03
4.520948301978721003e-03
4.495083295118538526e-03
4.451398770680904150e-03
4.593625645757100188e-03
4.576767375893886144e-03
4.544181530925528803e-03
4.511027730017515974e-03
4.484296770764998295e-03
4.458323530234254220e-03
4.377408113803374010e-03
4.353845986024884422e-03
4.330790493513904382e-03
4.303633473952506866e-03
4.276172742105405732e-03
4.248165087027953347e-03
4.219560126167153785e-03
4.238580934208130598e-03
4.238496804022374304e-03
4.227312572394418752e-03
4.209529943689940476e-03
4.187679900967768848e-03
4.163182325751330938e-03
4.136831602663555013e-03
4.109071109758451190e-03
4.080148342072653644e-03
4.198875930606445553e-03
4.199655930180775341e-03
4.179531541963204568e-03
4.155139645059125440e-03
4.320742812370910804e-03
