1.809621866023680692e-01
1.361935741951760259e-01
7.033317385745026240e-02
4.673726424593111634e-02
4.219867571094524511e-02
4.123765582963126453e-02
4.091587104532252994e-02
4.074024827556434192e-02
4.038343374333001196e-02
4.004023149277044502e-02
3.965207116740712689e-02
3.922436276007265632e-02
3.874217439189412554e-02
3.827833474462110502e-02
3.775282024625922772e-02
3.716447939486331592e-02
3.660147312630149252e-02
3.594101423004384538e-02
3.525618926101942163e-02
3.473017052714266750e-02
3.396089131629075053e-02
3.329829903999250579e-02
3.255782556713091719e-02
3.161936094309223538e-02
3.071236135381369761e-02
2.988507744015831552e-02
2.900408705789347605e-02
2.795010996926540134e-02
2.711376499763185066e-02
2.620439048215089661e-02
2.531683696566142117e-02
2.429000481169592274e-02
2.332661778698090493e-02
2.239152356238112776e-02
2.143028488263644393e-02
2.034119583416764757e-02
1.937318003021006388e-02
1.850111307935827995e-02
1.763645097714243090e-02
1.664416611783830005e-02
1.573699113370775546e-02
1.498536621547193887e-02
1.426520628063094633e-02
1.346981853113113879e-02
1.268781671440820033e-02
1.197315106568981602e-02
1.113880654929288137e-02
1.047489277574954747e-02
9.916199052897116048e-03
9.408979923114348456e-03
8.896623918541060258e-03
8.321601966083221752e-03
7.890796583083316273e-03
7.493623839774189895e-03
7.274546080879207635e-03
6.916949595376294634e-03
6.707774725116012055e-03
6.448602190811608161e-03
6.235761515880177373e-03
6.015708905769552063e-03
5.849021063949758070e-03
5.694085316422533780e-03
5.551952449901761434e-03
5.273664265016288384e-03
5.164347846341347387e-03
5.065547185749673560e-03
4.976341274382348016e-03
4.895811678564834443e-03
4.823079310406963235e-03
4.757324830635026314e-03
4.697797255803389839e-03
4.643815644909036686e-03
4.594767027285018464e-03
4.550102410895500230e-03
4.509331897922698104e-03
4.513852520206021110e-03
4.436623673559356509e-03
4.352708007041636643e-03
4.321828422762943357e-03
4.297053861689132705e-03
4.274039505976772943e-03
4.252588934869677186e-03
4.249374149232170231e-03
4.268861280491012891e-03
4.259886323502648335e-03
4.246459793153484902e-03
4.232545113191102208e-03
4.218571244690203816e-03
4.204655468981550494e-03
4.190845156311243797e-03
4.177161493085924070e-03
4.163613313497225611e-03
4.150203256369728276e-03
4.136930875302479403e-03
4.123794263392222166e-03
4.110790904358657856e-03
4.097918113185255312e-03
4.085173257907306725e-03
4.072553864756774458e-03
4.072426281098387273e-03
