6.798191987420584503e+00
6.736679062371440985e+00
6.644622999611286218e+00
6.611146249487743098e+00
6.604302490030304895e+00
6.603112589926879217e+00
6.602601414185233608e+00
6.602845634960371690e+00
6.602996526573339686e+00
6.602735691590918776e+00
6.602635372773774769e+00
6.602632075722428162e+00
6.602696850654679928e+00
6.602853361600312887e+00
6.602995981525408453e+00
6.603161173871004763e+00
6.602948914885849341e+00
6.603078871798194527e+00
6.603216277218563413e+00
6.603166635455114175e+00
6.603345064675671949e+00
6.602783197900963685e+00
6.602520366258084472e+00
6.602966602552526432e+00
6.602915651688880061e+00
6.603037989804255936e+00
6.603170372736234306e+00
6.603156105751132543e+00
6.602540716361728457e+00
6.602650866795300111e+00
6.602294037756740508e+00
6.603932609734103565e+00
6.603759795548815426e+00
6.603690787760209346e+00
6.603676778468921427e+00
6.603511791286239330e+00
6.603588499078835383e+00
6.603765795655381687e+00
6.603508990813058865e+00
6.603849465578704780e+00
6.603817352961329767e+00
6.604041235469990667e+00
6.604259945749162419e+00
6.603745992964713984e+00
6.603426285504746751e+00
6.603217484385397462e+00
6.602883329707730731e+00
6.602856559430136940e+00
6.602803195907913647e+00
6.602375368546483436e+00
6.602316525991713370e+00
6.602890928463155618e+00
6.602776461226341098e+00
6.602677785180092407e+00
6.602804926704296307e+00
6.602739806580232518e+00
6.602847693289864317e+00
6.602803761625278156e+00
6.602331080015606979e+00
6.602046411574859164e+00
6.601881377889175617e+00
6.601777163855279795e+00
6.601709158278265654e+00
6.601462925095709977e+00
6.601442867313507712e+00
6.601431956240082499e+00
6.601427547107268090e+00
6.601428012213669483e+00
6.601432290460391705e+00
6.601439646106748604e+00
6.601449537224466368e+00
6.601461543003606103e+00
6.601475322887915276e+00
6.601490592997572904e+00
6.601507111665789296e+00
6.601584695610152487e+00
6.601965766485723641e+00
6.602366850782764196e+00
6.602380901299306437e+00
6.602388422380887079e+00
6.602397068555990067e+00
6.602406845063743646e+00
6.602444658848392933e+00
6.602105462531747015e+00
6.602098807942463843e+00
6.602111996439188779e+00
6.602128462927211672e+00
6.602146615374275385e+00
6.602165664660283539e+00
6.602185181346560405e+00
6.602204930399111937e+00
6.602224781399510967e+00
6.602244660110669905e+00
6.602264522568319194e+00
6.602284341260650891e+00
6.602304097755969714e+00
6.602323778762657192e+00
6.602343374014946420e+00
6.602362875129940356e+00
6.602133191007129476e+00
