1.810229300817711023e-03
3.014923993135793304e-03
3.827772053877280794e-03
2.485745958161646955e-03
3.469498856098241889e-03
4.137611612420841710e-03
4.603235153760987242e-03
4.929061329323059480e-03
5.329915468722513233e-03
5.643549799262614734e-03
5.888193216639803218e-03
6.085617802030827798e-03
6.250940933875417937e-03
6.393756402954252870e-03
6.520120621512378797e-03
2.545893536919679317e-03
3.510762511800414720e-03
4.166335677621249220e-03
4.623581277723596596e-03
4.943745295296901772e-03
2.515703320064302528e-03
3.489748671064110078e-03
4.151419578036588155e-03
4.612726953229443448e-03
4.935644220244916371e-03
5.334744199178276941e-03
5.647174040300708547e-03
5.890986623346306829e-03
2.536599100265962692e-03
2.456726560671905826e-03
3.450385105649520640e-03
4.125057075405742096e-03
4.595088408738995552e-03
4.923869708309344326e-03
5.327066351493367491e-03
5.642317414875964304e-03
5.888055194021638711e-03
6.086210389174392249e-03
6.252018876648626766e-03
6.395152596158774558e-03
6.521735840522804861e-03
6.637301915397843428e-03
6.744533310014685402e-03
6.845656971170247830e-03
6.941712068842758807e-03
7.033900957159861835e-03
7.122878130166649183e-03
7.209088399649119135e-03
7.292842374542829811e-03
7.374364925399294959e-03
7.453817884303162548e-03
7.531320412777363707e-03
7.606963279178129839e-03
7.680818255131524261e-03
7.752944639985081751e-03
2.561225890173948749e-03
3.521355862842245887e-03
4.173786857515721267e-03
4.628956430302660734e-03
4.947725357977049085e-03
5.345407337200647549e-03
5.656888794600425929e-03
5.899979964287257322e-03
6.096273577998079229e-03
2.539428890082376551e-03
3.506330107286227422e-03
4.163251417912448328e-03
2.498612843725482157e-03
3.478669633007643903e-03
4.144315075890244587e-03
2.498165193707360156e-03
3.478373965316387470e-03
4.144120187554136553e-03
4.608165979672638156e-03
4.932912222010460597e-03
5.333632104943592488e-03
5.647180440783730604e-03
5.891735926213222813e-03
6.089434156304478381e-03
6.254767181065377588e-03
6.397557184653412249e-03
2.544129761980650026e-03
3.509555935430982380e-03
4.165497596789435354e-03
4.622987754926435010e-03
4.943316276472543326e-03
2.515691906758648223e-03
3.489740949443301612e-03
4.151414302771636727e-03
4.612723314446511361e-03
4.935641683702910419e-03
5.334742306146795371e-03
5.647172588068727177e-03
5.890985478384442794e-03
2.536599089411749764e-03
2.456726560540957623e-03
3.450385105599567976e-03
2.479877764469915011e-03
3.466023517248274094e-03
2.480265460054163762e-03
