6.810000000000000497e+00
6.810000000000000497e+00
6.810000000000000497e+00
6.810000000000000497e+00
6.810000000000000497e+00
6.810000000000000497e+00
6.810000000000000497e+00
6.810000000000000497e+00
6.810000000000000497e+00
6.810000000000000497e+00
6.810000000000000497e+00
6.810000000000000497e+00
6.810000000000000497e+00
6.810000000000000497e+00
6.810000000000000497e+00
6.810000000000000497e+00
6.810000000000000497e+00
6.810000000000000497e+00
6.810000000000000497e+00
6.810000000000000497e+00
6.810000000000000497e+00
6.810000000000000497e+00
6.810000000000000497e+00
6.810000000000000497e+00
6.810000000000000497e+00
6.810000000000000497e+00
6.810000000000000497e+00
6.810000000000000497e+00
6.810000000000000497e+00
6.810000000000000497e+00
6.810000000000000497e+00
6.810000000000000497e+00
6.810000000000000497e+00
6.810000000000000497e+00
6.810000000000000497e+00
6.810000000000000497e+00
6.810000000000000497e+00
6.810000000000000497e+00
6.810000000000000497e+00
6.810000000000000497e+00
6.810000000000000497e+00
6.810000000000000497e+00
6.810000000000000497e+00
6.810000000000000497e+00
6.810000000000000497e+00
6.810000000000000497e+00
6.810000000000000497e+00
6.810000000000000497e+00
6.810000000000000497e+00
6.810000000000000497e+00
6.810000000000000497e+00
6.810000000000000497e+00
6.810000000000000497e+00
6.810000000000000497e+00
6.810000000000000497e+00
6.810000000000000497e+00
6.810000000000000497e+00
6.810000000000000497e+00
6.810000000000000497e+00
6.810000000000000497e+00
6.810000000000000497e+00
6.810000000000000497e+00
6.810000000000000497e+00
6.810000000000000497e+00
6.810000000000000497e+00
6.810000000000000497e+00
6.810000000000000497e+00
6.810000000000000497e+00
6.810000000000000497e+00
6.810000000000000497e+00
6.810000000000000497e+00
6.810000000000000497e+00
6.810000000000000497e+00
6.810000000000000497e+00
6.810000000000000497e+00
6.810000000000000497e+00
6.810000000000000497e+00
6.810000000000000497e+00
6.810000000000000497e+00
6.810000000000000497e+00
6.610000000000000320e+00
6.610000000000000320e+00
6.610000000000000320e+00
6.610000000000000320e+00
6.610000000000000320e+00
6.610000000000000320e+00
6.610000000000000320e+00
6.610000000000000320e+00
6.610000000000000320e+00
6.610000000000000320e+00
6.610000000000000320e+00
6.610000000000000320e+00
6.610000000000000320e+00
6.610000000000000320e+00
6.610000000000000320e+00
6.610000000000000320e+00
6.610000000000000320e+00
6.410000000000000142e+00
6.410000000000000142e+00
6.410000000000000142e+00
