4.209999999886888666e+00
4.209779391070276766e+00
4.209374857340427489e+00
4.209626107224334390e+00
4.208843407175313800e+00
4.207493508842276242e+00
4.208361278007022754e+00
4.208923542248609095e+00
4.207371679409117604e+00
4.208172735004692022e+00
4.208909393836974822e+00
4.206928092748239756e+00
4.207801350525993911e+00
4.208755399774964268e+00
4.209786193307277991e+00
4.210889898720862945e+00
4.212062870978384943e+00
4.213301627999582522e+00
4.214602829038115672e+00
4.215963259644555983e+00
4.217379818948846726e+00
4.218849509252633467e+00
4.214670568448108945e+00
4.210354067801237221e+00
4.212099965157675818e+00
4.213887140881209525e+00
4.215713047857136964e+00
4.217575208963773470e+00
4.219471214852651642e+00
4.221398721376573349e+00
4.223355447522180839e+00
4.217782813367267458e+00
4.219892066520680274e+00
4.222422978017407402e+00
4.216770938582533823e+00
4.218767891877003962e+00
4.221079663038466379e+00
4.223404183965055125e+00
4.217304272022284195e+00
4.219441169091695976e+00
4.221917659513629850e+00
4.215521564700931201e+00
4.217361346823164325e+00
4.219981037967769133e+00
4.212907609270005516e+00
4.215666878407862583e+00
4.208413360454681396e+00
4.211333950748517019e+00
4.214223864921790685e+00
4.206711588189117279e+00
4.209766376138098565e+00
4.213395702667907194e+00
4.216415124513975599e+00
4.209089300926097899e+00
4.211108179489260195e+00
4.214247755914334093e+00
4.217366289732392026e+00
4.221069841313853210e+00
4.224136711078100070e+00
4.227180460546716034e+00
4.219456359183431537e+00
4.210879575096154070e+00
4.202033368490078580e+00
4.192944636507697886e+00
4.196623894841198243e+00
4.200382891788769335e+00
4.204211496924330937e+00
4.208100840277722909e+00
4.212043090492535669e+00
4.216031289102732948e+00
4.220059210943071015e+00
4.224121250074793998e+00
4.228212326285524902e+00
4.217371034970571309e+00
4.221644565016295481e+00
4.225936578853167980e+00
4.230243262448325048e+00
4.234561071201409455e+00
4.238886698722604152e+00
4.227212664515416662e+00
4.215382861890224042e+00
4.220066062505851257e+00
4.207976385645662454e+00
4.212837941583293500e+00
4.217692211820161852e+00
4.222536916638770066e+00
4.227369872116352845e+00
4.232188985213054977e+00
4.236992248945953499e+00
4.224151408607180080e+00
4.211182122964921781e+00
4.216359989961204313e+00
4.221513433830310191e+00
4.208250134704605294e+00
4.213577466388391812e+00
4.218874967005429077e+00
4.224141271938692377e+00
4.229375048308638974e+00
4.234574998307456539e+00
4.220808911699678312e+00
4.226185036195659883e+00
4.231522431215296365e+00
4.236820005815131296e+00
4.222743012089746450e+00
4.228216765965592927e+00
4.213972968296209487e+00
4.199640899186443121e+00
4.185241949161111918e+00
4.191309115819387365e+00
4.197325187642808153e+00
4.182736961805197495e+00
4.188909988385774774e+00
4.195028994000246314e+00
4.180265093787864039e+00
4.165477273109121192e+00
4.150691449814363665e+00
4.135389078665628659e+00
4.142224202845524061e+00
4.126884216759245660e+00
4.134360627618866246e+00
4.118971215381745488e+00
4.126584319916975829e+00
4.133632111720728197e+00
4.140620478292360573e+00
4.147548380468488283e+00
4.131874810670600695e+00
4.139411116217007525e+00
4.146400252842861178e+00
4.153326729430705910e+00
4.160727472143567418e+00
4.167510268281454877e+00
4.174228265586060083e+00
4.158674638633856446e+00
4.165528426847546761e+00
4.172315797641339863e+00
4.179035887204773481e+00
4.163318122690297329e+00
4.147093751599323141e+00
4.154129070273360647e+00
4.137902349012953174e+00
4.121038559352646402e+00
4.129368974584914476e+00
4.112365909652067941e+00
4.121180676854462099e+00
4.128613417733194346e+00
4.111531792262590024e+00
4.120392759955337603e+00
4.127859982272584993e+00
4.110705516724255659e+00
4.119610749245501857e+00
4.127110880162956796e+00
4.134541892511292893e+00
4.142611943069010039e+00
4.125369210047227675e+00
4.133322056725047489e+00
4.115982250407988374e+00
4.124874970063680202e+00
4.132379148157287574e+00
4.114979939878799620e+00
4.097592426595708659e+00
4.080244276268370385e+00
4.087109466674044178e+00
4.094076712620765335e+00
4.101123397438154683e+00
4.083467467726999978e+00
4.090784247823264330e+00
4.098141283218306619e+00
4.105524137352742464e+00
4.112919945832669733e+00
4.094864044166389938e+00
4.102486829008882729e+00
4.110100406432487752e+00
4.117695897884918743e+00
4.125265259540985774e+00
4.132801201201033336e+00
4.140297106722655052e+00
4.147746972880620220e+00
4.155145353579974277e+00
4.162487311084861474e+00
4.169768373134771444e+00
4.176984495020331423e+00
4.158302169798965942e+00
4.165739122794476224e+00
4.173102666839516139e+00
4.180389836057144315e+00
4.161534048529214935e+00
4.142522633180003133e+00
4.150324219865154873e+00
4.131173707854031818e+00
4.139182087212454064e+00
4.147102246250704560e+00
4.127816172331134403e+00
4.135940790000161904e+00
4.143972060726116347e+00
4.151908228007114232e+00
4.159747695059120787e+00
4.140340764350923131e+00
4.148390566112556854e+00
4.128853007440320688e+00
4.137106980233979492e+00
4.117454105876313442e+00
4.125905632826578184e+00
4.106153082153747746e+00
4.114795124732959053e+00
4.094958770190957331e+00
4.103783908254874824e+00
4.112500145571906351e+00
4.121106306868866476e+00
4.129601328847506636e+00
4.109680078895294741e+00
4.118367252475673368e+00
4.098362215406063491e+00
4.107233957214423192e+00
4.087161449188852380e+00
4.067058069571799273e+00
4.076382441654993194e+00
4.085592813600994688e+00
4.094687928334658444e+00
4.103666642759936423e+00
4.112527929691601081e+00
4.092335515750896491e+00
4.101376581919931930e+00
4.110298668746684037e+00
4.119100896053728533e+00
4.127782501319925856e+00
4.107545136024455701e+00
4.116416667741562563e+00
4.125165854029591017e+00
4.133792095392905708e+00
4.113510033840278801e+00
4.093139363336616654e+00
4.102262825966934479e+00
4.111261868556331578e+00
4.120135808864127114e+00
4.128884080369555676e+00
4.108490847147220570e+00
4.117429261105488791e+00
4.126240676957271702e+00
4.134924662551132890e+00
4.143480899302613096e+00
4.151909182294344802e+00
4.160209418355226063e+00
4.168381623653169221e+00
4.176425920873544584e+00
4.184342536047961580e+00
4.192131795091407653e+00
4.199794120100149186e+00
4.207330025457376443e+00
4.187383405600094477e+00
4.195155892689546029e+00
4.202799116815619129e+00
4.210313791685696749e+00
4.217700700965936633e+00
4.197813228775479466e+00
4.205442112858811754e+00
4.212940383179983428e+00
4.192947191538253016e+00
4.172693216807667582e+00
4.180796047434593099e+00
4.160386926973062671e+00
4.139777187787051282e+00
4.148454416281420087e+00
4.156990236898890245e+00
4.165385302455889338e+00
4.173640339573676528e+00
4.181756150729433408e+00
4.189733612654571893e+00
4.169347564837288189e+00
4.177554108995716220e+00
4.185620635735626038e+00
4.193548115973571022e+00
4.201337585075127556e+00
4.208990144937572175e+00
4.216506961040518142e+00
4.224486232516877493e+00
4.204880499503543589e+00
4.211510615269723701e+00
4.191293990691939086e+00
4.170810488464083754e+00
4.179052412222740820e+00
4.187150259965835453e+00
4.166597588008788655e+00
4.145824657949047420e+00
4.154512617078731651e+00
4.163052792131028745e+00
4.142233465231141665e+00
4.150986831384866349e+00
4.159592074083350077e+00
4.168050085768660651e+00
4.176361837964611468e+00
4.184528381532989449e+00
4.192550843389340365e+00
4.200430422904173788e+00
4.179974478039524044e+00
4.188090134802759934e+00
4.196061309235808778e+00
4.203889290562977443e+00
4.211575425815464513e+00
4.219713409166852003e+00
4.227134465788735973e+00
4.234417886479796778e+00
4.241565223687990382e+00
4.248578074593709175e+00
4.256233184245886036e+00
4.263001839101336010e+00
4.269641131483541407e+00
4.278560197912071317e+00
4.284906669648508526e+00
4.291125732211584776e+00
4.297219534247830985e+00
4.279769239430815553e+00
4.261667889585039504e+00
4.269675211115035118e+00
4.277529884721298359e+00
4.285238933161944708e+00
4.292808691108315422e+00
4.300244832876582990e+00
4.307552466634914090e+00
4.314736200722260051e+00
4.321800202284405756e+00
4.328748249112130075e+00
4.335583775461272715e+00
4.316942162268092353e+00
4.323994898455431724e+00
4.330936562720426153e+00
4.337769715997903397e+00
4.344496733009468592e+00
4.325543018769198333e+00
4.332504768319949129e+00
4.313145833103024351e+00
4.293349397419246927e+00
4.273139983931225849e+00
4.281047650971926188e+00
4.260514990142755032e+00
4.268656931362619034e+00
4.276671123668026375e+00
4.284559900024166978e+00
4.292325485149208752e+00
4.271690449479295992e+00
4.279695689023333749e+00
4.258774114860438331e+00
4.267015911854074695e+00
4.245831065187584130e+00
4.254305426894267050e+00
4.262646835735303341e+00
4.270857517397498526e+00
4.278939614283910231e+00
4.286895192692317558e+00
4.294726248594829876e+00
4.302434712973238540e+00
4.310022456744812658e+00
4.289088787055431951e+00
4.267816238010214036e+00
4.246234169143600745e+00
4.254798065649987748e+00
4.263226605281720261e+00
4.241503459265455689e+00
4.250162626415298739e+00
4.258685192264338504e+00
4.267073298594037389e+00
4.245290567110250102e+00
4.253910616309583226e+00
4.262394766315137140e+00
4.270745082299194806e+00
4.278963568771330550e+00
4.257200273863619877e+00
4.265655044885401814e+00
4.243692111963008884e+00
4.252377672372139372e+00
4.260926183058182382e+00
4.269339669224306633e+00
4.277620100540246995e+00
4.255691485829760090e+00
4.264207315083289096e+00
4.272588334423042866e+00
4.280836492506802315e+00
4.258868261593633520e+00
4.267352897606393469e+00
4.245197776619112240e+00
4.253913188339633500e+00
4.262490631695573740e+00
4.240238253988525052e+00
4.249044164174671678e+00
4.226633586390102337e+00
4.235661441383805403e+00
4.244547488574951899e+00
4.253293687720481664e+00
4.261901954711063034e+00
4.270374165339113404e+00
4.278712157913508563e+00
4.286917735741448077e+00
4.294992669476919822e+00
4.302938699335163264e+00
4.310757537172948517e+00
4.318450868434901224e+00
4.296663117685530331e+00
4.274575167356482019e+00
4.282890184350193863e+00
4.291071224477943424e+00
4.299120190624480031e+00
4.307038939611034678e+00
4.314829288907477967e+00
4.322493020056054291e+00
4.330031881749446754e+00
4.308278390331544472e+00
4.286209560705612098e+00
4.294378216272515481e+00
4.272110289209485323e+00
4.280520480918554860e+00
4.288793281619251552e+00
4.296930731429045913e+00
4.274653645122303836e+00
4.283033797909593154e+00
4.260574029076744651e+00
4.269191196903656227e+00
4.277667823011642945e+00
4.286005970775861762e+00
4.294207651223866051e+00
4.302274829759828556e+00
4.279994379193649223e+00
4.288306507572285931e+00
4.296482144745294995e+00
4.304523269117682460e+00
4.282236041185265130e+00
4.290523046631867565e+00
4.268047955756671286e+00
4.245319828275656349e+00
4.254219470068086650e+00
4.262974085067308572e+00
4.240184004806270224e+00
4.249166327053550241e+00
4.226244137981672644e+00
4.235446970701566727e+00
4.244501887994356792e+00
4.253410906642608680e+00
4.262176006005135243e+00
4.270799131538606908e+00
4.248063203560267453e+00
4.256917820598503432e+00
4.265629345801692729e+00
4.274199698852691576e+00
4.282630767326779164e+00
4.290924410853762971e+00
4.299082463019870737e+00
4.307106733131669252e+00
4.314999007845194967e+00
4.322761052663257608e+00
4.330394613304168416e+00
4.337901416945608268e+00
4.345283173347623595e+00
4.352541575859284251e+00
4.359678302313760412e+00
4.366695015817022352e+00
4.345132654745877510e+00
4.323210273526339797e+00
4.300954269253814743e+00
4.309006797575040792e+00
4.286545617153155519e+00
4.294846436358923825e+00
4.272197788137148677e+00
4.280741265837371579e+00
4.257923539740015251e+00
4.266703446451949766e+00
4.275336789268688875e+00
4.252456816890686220e+00
4.261324141560337786e+00
4.270044196949924320e+00
4.247107432482744471e+00
4.256058925311823060e+00
4.264862535683096034e+00
4.273520396556924617e+00
4.282034597291194622e+00
4.259221359385394479e+00
4.267972765712437777e+00
4.276579352839151582e+00
4.285043176313839908e+00
4.293366253473020144e+00
4.301550568568306865e+00
4.278952108983983926e+00
4.287382039516717924e+00
4.295671404946340033e+00
4.272992036484627221e+00
4.250056815712215830e+00
4.258966197745778004e+00
4.235894557320752263e+00
4.212632734225094211e+00
4.222131535198784036e+00
4.198785548796889699e+00
4.208488330826337886e+00
4.184471318764558134e+00
4.194351601005312347e+00
4.204114041757115672e+00
4.214309680580717199e+00
4.190361555514396485e+00
4.166308839762248972e+00
4.176965393049041353e+00
4.152877733789692272e+00
4.163762065737641294e+00
4.173930432187795248e+00
4.149864082515898112e+00
4.160771724533215199e+00
4.170961045618584606e+00
4.180999648856112749e+00
4.190888656198280771e+00
4.200629209368173633e+00
4.176727243459460226e+00
4.187185506761020193e+00
4.196970042846973392e+00
4.207205485589882166e+00
4.216678445097914008e+00
4.192865731880708324e+00
4.202522554141649103e+00
4.212655853846867693e+00
4.188827295631377901e+00
4.198535917677933327e+00
4.174668615221983181e+00
4.150744836565069207e+00
4.126823614583211786e+00
4.136988837933224694e+00
4.147080910072576287e+00
4.157089626240654034e+00
4.167006407048951644e+00
4.176824069145156137e+00
4.186536627453300241e+00
4.196139125850418594e+00
4.205627492063817030e+00
4.214998413273711719e+00
4.224249229458770571e+00
4.200726320901163824e+00
4.210206064440263241e+00
4.186610144816468981e+00
4.196305597118834108e+00
4.172657002017613692e+00
4.182555476487042512e+00
4.192322249949964608e+00
4.168667701057353625e+00
4.144970800784254727e+00
4.155245168215056850e+00
4.165386567927987116e+00
4.141701821674105055e+00
4.152016901460540588e+00
4.162198807398983291e+00
4.172246988802470469e+00
4.182161041468416052e+00
4.191940698412720323e+00
4.168311774988577412e+00
4.178281949000798079e+00
4.154624314785813510e+00
4.164774909613451648e+00
4.141109410530489754e+00
4.151430098285197268e+00
4.161617267760725269e+00
4.171670493535070356e+00
4.181589470835730182e+00
4.191374010343564827e+00
4.201024033962398541e+00
4.210539570449261859e+00
4.186981978668652182e+00
4.196699185878159710e+00
4.173084249002824819e+00
4.182993894316037853e+00
4.192768262113574451e+00
4.169138817478277304e+00
4.179102876049228144e+00
4.155443153487063057e+00
4.131774144843288532e+00
4.142214762067414568e+00
4.152522310225016611e+00
4.162696268088080132e+00
4.172736233813916229e+00
4.182641920662930168e+00
4.192413153849399166e+00
4.202049867049860943e+00
4.211552098648486009e+00
4.220919987786731831e+00
4.230153770273911817e+00
4.239253774406341435e+00
4.248220416734946880e+00
4.224864427490705232e+00
4.234055207162516155e+00
4.243111196233711802e+00
4.219698895567743691e+00
4.196131115092502029e+00
4.205752667428162894e+00
4.215236835099689827e+00
4.191638715436543094e+00
4.167945034422325001e+00
4.144210011931233062e+00
4.154535331719068303e+00
4.164723887826199622e+00
4.174775469070868716e+00
4.151060517466913957e+00
4.161288886794027420e+00
4.137571801035524466e+00
4.147966739621200105e+00
4.158226629645928263e+00
4.168351070890332188e+00
4.178339781505037820e+00
4.188192593469426406e+00
4.197909449031163476e+00
4.207490396853531323e+00
4.216935587946401220e+00
4.226245271444601492e+00
4.235419790287147102e+00
4.244459576841833837e+00
4.253365148512126659e+00
4.262137103356782752e+00
4.270776115747265678e+00
4.247567780787998792e+00
4.256443153541478175e+00
4.265183749013917947e+00
4.241901171446254004e+00
4.250875660907373899e+00
4.259713785067324565e+00
4.268416383044864482e+00
4.245140989393266118e+00
4.254079446690403721e+00
4.262880797712749192e+00
4.271545969107478413e+00
4.280075938428860916e+00
4.288471736215821117e+00
4.296734439950870232e+00
4.304865172540761620e+00
4.281950834511592419e+00
4.290334596833672798e+00
4.267224964284782374e+00
4.275855973027240964e+00
4.284349593408167678e+00
4.292707060791259188e+00
4.300929640967639855e+00
4.277920089477369459e+00
4.286394937982057840e+00
4.263194284994027861e+00
4.239736994160704597e+00
4.216068014423627552e+00
4.225531343947589669e+00
4.234848719753804502e+00
4.211143249866374560e+00
4.220679279427992370e+00
4.196879128194024311e+00
4.206624796516990727e+00
4.182752100289804709e+00
4.192697895738069391e+00
4.168774906674052261e+00
4.144799967855356648e+00
4.120832550036915620e+00
4.096934292568807479e+00
4.107959843588959714e+00
4.118846803483348751e+00
4.129594359837549078e+00
4.105722374226211890e+00
4.081961421970897952e+00
4.093103741148144792e+00
4.104113826573400736e+00
4.114990365052581645e+00
4.091240572199975389e+00
4.102244883421557020e+00
4.113117820711142514e+00
4.123858119998925709e+00
4.134464692015891174e+00
4.110699216442985637e+00
4.121450701287505680e+00
4.132069885920772734e+00
4.142555764007594732e+00
4.152907491761088643e+00
4.129144922703960496e+00
4.105439390018307044e+00
4.116224073545736495e+00
4.126878845177440525e+00
4.137402567533664310e+00
4.147794263682016869e+00
4.158053112913647986e+00
4.134330278837285100e+00
4.144753199651227682e+00
4.155043864735142201e+00
4.165201561368659711e+00
4.175225719765348842e+00
4.151521874772477361e+00
4.161723022011985407e+00
4.171790794629525401e+00
4.181724736300350465e+00
4.191524520275477173e+00
4.167854239769675395e+00
4.177842631607119550e+00
4.154146210817475371e+00
4.164313439401033712e+00
4.174346837394605103e+00
4.150651144803664927e+00
4.160860821025172740e+00
4.137165207882460116e+00
4.147541006378551387e+00
4.157784440924977787e+00
4.134100812306683359e+00
4.144508050632606633e+00
4.154783594774748678e+00
4.164926781273613265e+00
4.141253570733249845e+00
4.151566072655739958e+00
4.161746649296443223e+00
4.138081526471286686e+00
4.148429015698765987e+00
4.124782656751645682e+00
4.135286731105556335e+00
4.111679240316001405e+00
4.088173775640871810e+00
4.099076829734372041e+00
4.075664649066243150e+00
4.052445294964396538e+00
4.063677274510625992e+00
4.074795203968141877e+00
4.085796902292534227e+00
4.096680367954545154e+00
4.107443771436344093e+00
4.084053023263663817e+00
4.094940313305964530e+00
4.105708700868771821e+00
4.116356468791356527e+00
4.126882069314254942e+00
4.137284115076401037e+00
4.147561378750122429e+00
4.157712787122592957e+00
4.167737415916099586e+00
4.177634484930491610e+00
4.154100055665217006e+00
4.164175843351373807e+00
4.174123661973008659e+00
4.183942888484872391e+00
4.160408365771838923e+00
4.170410711412828597e+00
4.180284021960241070e+00
4.190027813291520964e+00
4.199641721867630295e+00
4.176129269927540300e+00
4.185936990502420407e+00
4.195614123874548795e+00
4.205160439871933775e+00
4.214575816842913270e+00
4.223860238313763560e+00
4.233013789224213674e+00
4.242036651990376939e+00
4.250929102444626295e+00
4.227644245894595976e+00
4.236761642206608336e+00
4.245746932712703092e+00
4.254600542670600838e+00
4.263322974304670332e+00
4.271914805354719569e+00
4.280376685656109181e+00
4.288709335657273414e+00
4.296913539615644595e+00
4.304990142765448446e+00
4.315464862455306694e+00
4.293091258892355100e+00
4.301243615940576248e+00
4.278684706649362290e+00
4.287075973752143554e+00
4.264349556871939839e+00
4.272974944715001833e+00
4.281461184436321510e+00
4.258664984133408993e+00
4.235652773754148726e+00
4.212465450411216672e+00
4.221903966410955888e+00
4.231195098409720856e+00
4.240340487099172329e+00
4.249341760642881383e+00
4.258200537281564557e+00
4.235189689971593729e+00
4.212005049228939590e+00
4.221442623905285352e+00
4.230733544230679044e+00
4.239879366183142650e+00
4.248881644181987660e+00
4.257741932182015354e+00
4.234734659008029034e+00
4.243818454076651037e+00
4.220702544325844130e+00
4.230002248678634835e+00
4.239156882531140091e+00
4.216012787167555231e+00
4.225380734883270151e+00
4.234603219428250576e+00
4.243681765416634555e+00
4.252617898424772669e+00
4.261413145863361507e+00
4.270069036868070711e+00
4.278587102202566328e+00
4.286968874166013244e+00
4.295215886497546265e+00
4.303329674270930383e+00
4.280775286887640974e+00
4.257967106026315562e+00
4.266697467835737889e+00
4.243749220631755747e+00
4.252707576815499380e+00
4.229638001498983613e+00
4.238817051015037585e+00
4.215645220649976821e+00
4.225037203978214251e+00
4.234281990370132753e+00
4.211087392744839342e+00
4.220542599628517522e+00
4.229850559756153316e+00
4.239012876112908224e+00
4.248031146652867740e+00
4.256906965346812122e+00
4.265641922481782977e+00
4.274237604959266967e+00
4.251375284025657564e+00
4.260202848942753917e+00
4.268889661674067248e+00
4.245972435087812968e+00
4.254888456904985183e+00
4.263662488783108273e+00
4.240695375713768200e+00
4.249695965389899577e+00
4.258553528901340535e+00
4.235541341147691874e+00
4.212353495868816466e+00
4.188436751575690842e+00
4.198203097805509820e+00
4.174249191624300970e+00
4.150237463715989783e+00
4.161602737445230460e+00
4.171767727383960178e+00
4.181782711920086548e+00
4.157799790269011808e+00
4.168545986510467927e+00
4.178589974788171624e+00
4.188486280088418390e+00
4.198235995739976190e+00
4.174358938851510992e+00
4.184826301712572416e+00
4.194619419490876133e+00
4.204267394665130553e+00
4.214353371079019972e+00
4.223695712783009704e+00
4.232896582793578055e+00
4.241957210922919330e+00
4.250878850277520549e+00
4.227896066862177449e+00
4.237037165478706235e+00
4.213956252836170258e+00
4.223309028304549351e+00
4.232519586539448930e+00
4.241589247258825246e+00
4.218540443982395693e+00
4.227824313084117769e+00
4.204689913307725568e+00
4.214179966868383254e+00
4.190387593036554392e+00
4.200058522618222767e+00
4.176225954231580495e+00
4.186647145574228013e+00
4.162765530222408472e+00
4.173388084652816410e+00
4.149477116749514138e+00
4.160290731699735289e+00
4.170395181626411762e+00
4.180355096170451645e+00
4.190171356745318043e+00
4.199844861187486345e+00
4.176067649584327413e+00
4.186455065758824645e+00
4.196176374047844604e+00
4.206351357135722502e+00
4.215771231454773726e+00
4.192064266324455168e+00
4.201666377438412425e+00
4.177916454464564389e+00
4.154108228075359399e+00
4.130298985663090505e+00
4.106547947538317977e+00
4.116925577277104509e+00
4.127227785616664590e+00
4.137445489680413147e+00
4.147570970480853880e+00
4.123931572628729114e+00
4.100363651893579764e+00
4.076925897908762586e+00
4.087802050101945639e+00
4.098573556608172908e+00
4.109236482653206401e+00
4.085825161831811769e+00
4.062579475944773755e+00
4.073623500246382534e+00
4.050513895367983785e+00
4.061666908918665442e+00
4.072712834882051602e+00
4.083648859772161188e+00
4.060514134112422013e+00
4.071562129847373868e+00
4.082500034896304975e+00
4.093325477694019554e+00
4.104036305904021020e+00
4.080805957303455855e+00
4.091642448516899400e+00
4.102364521479267445e+00
4.112970297737805758e+00
4.123458080821944982e+00
4.133826344459719415e+00
4.144073729883991142e+00
4.154199038108149722e+00
4.164201223098727311e+00
4.140793541377179032e+00
4.150965694310478682e+00
4.127568975533097095e+00
4.137901082618263615e+00
4.148110508685685538e+00
4.158196260918853859e+00
4.134786910756456990e+00
4.145037719395466169e+00
4.155164736127373359e+00
4.131755431817539126e+00
4.142045133873746288e+00
4.152211066247187610e+00
4.162252346966682559e+00
4.172168219451618754e+00
4.181958048515504345e+00
4.191621317383237511e+00
4.201157624422276804e+00
4.210566679643852339e+00
4.219848301022631532e+00
4.229002410676882207e+00
4.205703493390874570e+00
4.182289579826037773e+00
4.191982157293913325e+00
4.168517503306686578e+00
4.178398785549434002e+00
4.154903707014295122e+00
4.131404845027522477e+00
4.141756651513789578e+00
4.151980485092458650e+00
4.128488776102135382e+00
4.138872520506891028e+00
4.149128897891291246e+00
4.159257182410935449e+00
4.169256766082534149e+00
4.179127155328694165e+00
4.188867968616181159e+00
4.198478933692475934e+00
4.175017016656965119e+00
4.184821179385030732e+00
4.194494874313821065e+00
4.204037939449249528e+00
4.180577563266455243e+00
4.190317519842990279e+00
4.199926172050829187e+00
4.176439506917024147e+00
4.152897759631654750e+00
4.163010344467475754e+00
4.172991723854165613e+00
4.182841574299459353e+00
4.192559676414616021e+00
4.169040391542947255e+00
4.178947876018968444e+00
4.188723325368761685e+00
4.198366598522155435e+00
4.207877653707076782e+00
4.217256545621855146e+00
4.193808132573760616e+00
4.170264390728348758e+00
4.180172182887529786e+00
4.189946729403859038e+00
4.166387088512989223e+00
4.176349303141544844e+00
4.186178200064068378e+00
4.162605798714518635e+00
4.172619762795713783e+00
4.182500437385784586e+00
4.192247672494380240e+00
4.201861418627009570e+00
4.178324899053242447e+00
4.154726509040898463e+00
4.131120685483531396e+00
4.141538324288744910e+00
4.151824315580449287e+00
4.128230908617084083e+00
4.138676533913827171e+00
4.115113700447211365e+00
4.091640144212803420e+00
4.102492580904491426e+00
4.113220054263201142e+00
4.089779390992068109e+00
4.100635343080826445e+00
4.111367901564615401e+00
4.121975701759246213e+00
4.098522419882245416e+00
4.075201371080731327e+00
4.086183750507693446e+00
4.097047246639757390e+00
4.107790160178491412e+00
4.118410955035586518e+00
4.095015274867556343e+00
4.071761648415774815e+00
4.082749322290968763e+00
4.093620726758921080e+00
4.104374022182926574e+00
4.081089741509247304e+00
4.057982607848818368e+00
