1.334479061101671751e-04
2.586053726230976013e-04
3.767659675446473084e-04
4.984928117381698560e-04
6.146919150814868227e-04
7.257667764480586021e-04
1.909408612072761315e-04
1.900360228015651417e-04
3.119036861381652582e-04
4.272534877961306336e-04
5.474488212413095153e-04
6.620698885772477449e-04
7.715527231054628791e-04
8.967279029692109540e-04
1.019076666397520986e-03
1.913289073587019491e-04
3.131237087830317819e-04
4.284108030959730236e-04
1.904778885388431554e-04
1.900350666685146140e-04
1.900341509865014628e-04
3.119019199070603102e-04
4.272518124686726002e-04
5.474471963535660615e-04
6.620683157284071004e-04
7.715512028101982004e-04
1.910134964479640594e-04
3.128260571538355275e-04
4.281284138792484776e-04
5.482973992148584353e-04
6.628912854604654663e-04
7.723466716074325715e-04
8.975130025227573503e-04
1.019851817009335623e-03
1.139508822447517873e-03
1.256601274171952921e-03
1.371228527362728950e-03
1.483475780301894221e-03
1.593416664889684602e-03
1.701115671850437919e-03
1.806630515953494597e-03
1.910012891118503635e-03
2.011310170222581784e-03
2.110566148943561829e-03
2.207822184065223042e-03
2.303117301580341787e-03
2.396488920534512769e-03
1.928969821345576454e-04
3.146036234732605373e-04
4.298147403175167506e-04
5.499329004124745533e-04
6.644743698577330578e-04
7.738768336838166987e-04
8.990260189967990692e-04
1.021345661241161761e-03
1.140981957801798924e-03
1.258052584757173627e-03
1.372657307995332580e-03
1.484881553869813473e-03
1.594799091704548945e-03
1.702474576145987734e-03
1.807965830702522748e-03
1.911324632057894357e-03
1.923664242874178294e-04
3.141028669796703697e-04
4.293396758159675228e-04
1.904795958549715818e-04
3.123222469823554344e-04
4.276505118297228240e-04
5.478338907538807690e-04
6.624426249990952951e-04
7.719130047457287060e-04
1.910140572849992110e-04
3.128265864056147027e-04
4.281289159239551204e-04
5.482978861358637959e-04
6.628917567813491550e-04
7.723471271759057080e-04
8.975134530121180090e-04
1.019852261791982101e-03
1.139509261069330572e-03
1.256601706307808666e-03
1.371228952791428380e-03
1.483476198873264059e-03
1.593417076510192246e-03
1.701116076467838051e-03
1.921323049843345497e-04
3.138819067110891438e-04
4.291300575823014008e-04
5.492688610154880741e-04
6.638316176325371630e-04
7.732555722348156664e-04
8.984117673463206007e-04
1.020739194431170708e-03
1.140383893545473528e-03
1.257463366530164623e-03
1.372077237176205300e-03
1.484310699669554902e-03
1.594237718341543668e-03
1.701922756086667477e-03
1.807423590918601870e-03
1.910791965960979182e-03
2.012075292566928471e-03
2.111317501793481041e-03
2.208559762381624540e-03
2.303841225881325411e-03
1.927964331989798772e-04
3.145087203229987496e-04
1.902716848876183202e-04
3.121260577842238843e-04
4.274644159687418857e-04
5.476533987039551013e-04
6.622679140731059641e-04
7.717441318911354804e-04
8.969171788294590586e-04
1.019263545378112533e-03
1.138928748233206285e-03
1.256029776200704492e-03
1.370665898434464489e-03
1.482922219194682603e-03
1.592872295468768110e-03
1.700580563339493039e-03
1.806104694942946070e-03
1.922495497349779392e-04
3.139925608717208374e-04
1.902707016343759038e-04
3.121251299756215851e-04
4.274635358988220597e-04
5.476525451338799116e-04
6.622670878418475317e-04
7.717433332683024680e-04
8.969163891067125517e-04
1.019262765656593628e-03
1.913291690375946150e-04
3.131239557322910007e-04
4.284110373551717598e-04
1.904778889620973063e-04
3.123206363096915064e-04
4.276489840234843146e-04
5.478324089422888276e-04
6.624411906407823986e-04
7.719116183104490813e-04
1.910140551357442616e-04
3.128265843774013307e-04
4.281289140000058393e-04
5.482978842698726018e-04
6.628917549751409772e-04
7.723471254300653651e-04
1.910147295123371331e-04
3.128272207744580194e-04
4.281295176820386957e-04
5.482984697664462434e-04
1.906657543870535492e-04
3.124979138243383706e-04
4.278171432682624205e-04
5.479955039775249830e-04
6.625990614179673270e-04
7.720642134907472563e-04
8.972336930304466085e-04
1.019576050917850784e-03
1.139236875718279210e-03
1.914777667091603630e-04
3.132641841496048001e-04
4.285440603217440685e-04
5.487005237603957870e-04
6.632814940050944753e-04
7.727238382952592802e-04
8.978859639717514480e-04
1.020220053672007444e-03
1.139871949441365571e-03
1.256958993380210632e-03
1.916198291719027928e-04
3.133982526451679126e-04
4.286712411608190054e-04
1.904783902157496068e-04
1.900350677292206888e-04
3.119027849387889578e-04
4.272526329792787820e-04
5.474479921607599674e-04
1.906643143323888151e-04
3.124965549164716036e-04
1.902678408706888198e-04
1.900346329787980693e-04
3.119023747114580661e-04
4.272522438653644067e-04
5.474476147620447155e-04
6.620687207368750526e-04
7.715515942861290825e-04
8.967267867283477576e-04
1.019075564291838445e-03
1.138743371433872161e-03
1.914770978586167278e-04
3.132635529402456593e-04
1.902693095854621013e-04
3.121238164231022799e-04
4.274622899328380269e-04
1.904761717156355501e-04
3.123190158588511002e-04
4.276474469271736214e-04
5.478309181372755356e-04
6.624397475899644529e-04
7.719102234830126953e-04
8.970814193670395608e-04
1.019425705871230192e-03
1.139088612825304081e-03
1.914775656099887598e-04
3.132639943677709973e-04
4.285438802905644344e-04
5.487003491538384927e-04
6.632813249935547942e-04
7.727236749330413214e-04
8.978858024312682011e-04
1.020219894178219693e-03
1.139871792158397889e-03
1.256958838423333008e-03
1.916198289681124119e-04
3.133982524528437287e-04
4.286712409783744512e-04
5.488238721575184470e-04
6.634008898076035462e-04
7.728392431673228574e-04
8.980000818762616651e-04
1.020332725692210630e-03
1.139983059638717587e-03
1.257068460321902415e-03
1.371688467377186896e-03
1.483928198388562332e-03
1.593861569558839997e-03
1.701553007513390697e-03
1.807060260811358711e-03
1.910435050053448406e-03
2.011724768980146377e-03
2.110973334555879891e-03
2.208221905178997524e-03
2.303509623266220344e-03
2.396873916696120373e-03
2.488350811881462517e-03
2.577975391504277927e-03
2.665781894024961147e-03
2.751803782385302526e-03
2.836073946285177540e-03
2.918625173120129989e-03
2.999489254580072449e-03
3.078697819302836976e-03
3.156282016158195713e-03
3.232272700399373925e-03
3.306700239957364399e-03
3.379594709014405868e-03
3.450985803310086149e-03
3.520902894434608209e-03
3.589374903292643585e-03
1.942013338658875928e-04
3.158348192105972789e-04
4.309828385564345781e-04
5.510657569026623966e-04
6.655708937639310142e-04
1.908516460138812707e-04
3.126733233606913791e-04
4.279835325804687111e-04
5.481568819354420497e-04
6.627552698115764078e-04
7.722152016268303901e-04
8.973829981450503991e-04
1.019723464904776942e-03
1.139382248051376513e-03
1.256476571326904049e-03
1.371105759926139877e-03
1.483354991625392355e-03
1.593297881978254131e-03
1.700998909793164423e-03
1.806515780539319450e-03
1.922500429260437255e-04
3.139930263424623781e-04
4.292354729975971232e-04
5.493710987686387711e-04
6.639305783894415601e-04
1.908487963212782048e-04
3.126706343549129721e-04
4.279809819370935446e-04
1.904771112276743819e-04
3.123199024135936419e-04
4.276482878783117742e-04
5.478317337622831728e-04
6.624405370884817960e-04
7.719109865983432789e-04
8.970821739765535421e-04
1.911735821336224420e-04
1.900365029239141378e-04
3.119041391781869339e-04
4.272539175193145367e-04
5.474492380266421073e-04
6.620702920145417336e-04
7.715531130627050491e-04
8.967282885811452648e-04
1.019077047126371125e-03
1.138744833725541640e-03
1.255848580640848066e-03
1.916183677175923585e-04
3.133968734178788399e-04
4.286699327841847571e-04
5.488226033839585993e-04
6.633996616919272254e-04
7.728380561034915112e-04
8.979989080507925483e-04
1.020331566739625688e-03
1.139981916751478096e-03
1.257067334337653650e-03
1.371687358870867174e-03
1.483927107754339858e-03
1.593860497037194283e-03
1.701551953240370467e-03
1.807059224839039930e-03
1.910434032369695383e-03
1.923653675040014929e-04
3.141018695811723755e-04
4.293387296066464493e-04
5.494712426387481216e-04
6.640275122745504469e-04
7.734449175927415659e-04
8.985990003234215536e-04
1.020924054469803978e-03
1.140566190585385990e-03
1.257642966975846622e-03
1.372254049456880917e-03
1.484484660941072162e-03
1.594408790297052693e-03
1.702090917053967990e-03
1.807588832617531725e-03
1.910954290352156679e-03
2.012234709619216150e-03
2.111474027881027251e-03
2.208713418585915664e-03
2.303992037433963413e-03
2.397347322517110434e-03
2.488815308680378691e-03
1.929974548666265244e-04
1.900402540317306451e-04
3.119076786975827202e-04
4.272572748690267965e-04
5.474524942950617255e-04
6.620734439969991076e-04
1.908458071318589952e-04
1.900358266048976410e-04
3.119035010083965925e-04
4.272533121945333513e-04
5.474486509266198635e-04
6.620697237170868488e-04
7.715525637537754347e-04
8.967277453931852670e-04
1.019076510816913344e-03
1.138744304846000133e-03
1.255848059580044187e-03
1.370487001734604091e-03
1.482746205613599561e-03
1.592699204400775757e-03
1.700410416798604600e-03
1.805937501389497926e-03
1.909332109119943680e-03
2.010641579263651880e-03
1.924757389450041203e-04
3.142060394224838117e-04
4.294375534889566682e-04
5.495670871301539407e-04
6.641202843910580435e-04
7.735345879080379912e-04
8.986875923871864066e-04
1.021011524631488697e-03
1.140652448509849731e-03
1.257727950339439672e-03
1.372337713812437276e-03
1.484566976478715258e-03
1.594489738839049769e-03
1.702170488304186394e-03
1.807667022626507653e-03
1.911031100023849330e-03
2.012310143652878015e-03
2.111548094010805635e-03
2.208786126777912730e-03
2.304063399620104660e-03
2.397417352141662395e-03
2.488884020399281458e-03
2.578498495310180706e-03
2.666295020977738160e-03
2.752306964896061858e-03
2.836567507952448674e-03
2.919109190828151918e-03
2.999963854794568483e-03
3.079163142870330362e-03
3.156738210359541063e-03
3.232719912209145677e-03
1.938080265590984112e-04
3.154635530683638778e-04
1.902734986402609442e-04
3.121277692615013295e-04
1.902671332546782197e-04
3.121217628140995947e-04
4.274603419889358175e-04
5.476494473958295724e-04
6.622640893204531339e-04
7.717404349420637364e-04
8.969135230802002985e-04
1.911733348837834311e-04
3.129768947722351663e-04
4.282714979763243266e-04
5.484361730522936511e-04
6.630256132597576752e-04
7.724765099637361920e-04
8.976413933470767190e-04
1.911744012941213420e-04
3.129779011385577445e-04
4.282724526175173542e-04
5.484370989343603049e-04
6.630265094773018630e-04
7.724773762275135907e-04
8.976422499526044404e-04
1.019979427180743754e-03
1.139634665065201525e-03
1.256725217204191251e-03
1.916195216545783081e-04
3.133979624299297866e-04
1.902695665226565764e-04
3.121240588718219634e-04
4.274625199067746224e-04
5.476515597344074971e-04
6.622661340035055624e-04
7.717424113023474983e-04
8.969154774154040584e-04
1.019261865511141094e-03
1.138927091640239316e-03
1.914773472042887402e-04
3.132637882533799260e-04
4.285436847659683545e-04
5.487001595207047526e-04
6.632811414369439110e-04
7.727234975119255450e-04
8.978856269886635296e-04
1.020219720958452387e-03
1.139871621339720977e-03
1.256958670130930425e-03
1.916198287467841936e-04
3.133982522439687107e-04
4.286712407802286979e-04
5.488238719653418772e-04
6.634008896215849195e-04
1.908479454593362662e-04
3.126698314243656724e-04
4.279802202903544854e-04
5.481536693013814698e-04
6.627521600110413769e-04
7.722121956898668569e-04
8.973800256724118185e-04
1.019720530048455432e-03
1.139379353814920981e-03
1.256473719861546162e-03
1.371102952696189427e-03
1.483352229625322510e-03
1.593295165828193839e-03
1.700996239840299505e-03
1.806513156917848549e-03
1.909897603704342403e-03
2.011196947387142511e-03
2.110454978867627902e-03
2.207713052040564169e-03
2.303010189717474669e-03
2.396383808675993984e-03
2.487869926871030639e-03
2.577503619104367250e-03
2.665319118999663617e-03
2.751349884666494296e-03
2.835628804352218271e-03
2.918188690167702014e-03
2.999061268417429257e-03
3.078278199209531080e-03
3.155870636700885013e-03
3.231869421558275328e-03
3.306304928054319518e-03
3.379207230331348136e-03
3.450606023983096918e-03
3.520530680153725889e-03
3.589010120754299905e-03
3.656072874410901553e-03
3.721747323070990609e-03
3.786061076130818517e-03
3.849041470072956782e-03
3.910715440863058237e-03
3.987398319442142514e-03
4.059532252854589074e-03
4.127917516164614567e-03
4.193164625428215386e-03
4.255745097574608130e-03
1.949125572682376521e-04
1.900441707568212789e-04
3.119113744938708122e-04
4.272607804534829805e-04
1.904758062398844874e-04
3.123186709838320411e-04
4.276471197922420645e-04
5.478306008543495833e-04
6.624394404703914073e-04
7.719099266266508290e-04
8.970811258194873010e-04
1.019425416041678341e-03
1.913293976554646656e-04
3.131241714815044715e-04
4.284112420176138100e-04
5.485717071777075366e-04
6.631568049455774556e-04
7.726033168868924475e-04
8.977667864501300997e-04
1.020102386028806521e-03
1.139755912781040097e-03
1.914784702896132678e-04
3.132648481344241296e-04
4.285446901922246028e-04
5.487011346518763091e-04
6.632820853214216501e-04
1.908477544336752380e-04
3.126696511597169782e-04
4.279800492942738548e-04
5.481535034560382604e-04
6.627519994788382864e-04
7.722120405227661175e-04
8.973798722351451285e-04
1.019720378554843290e-03
1.913298120510777589e-04
3.131245625512488759e-04
4.284116129913498067e-04
5.485720669743227810e-04
6.631571532136529669e-04
7.726036535143209621e-04
8.977671193239446581e-04
1.020102714685378964e-03
1.139756236882112899e-03
1.256845030660943326e-03
1.371468500553434241e-03
1.483711777466027943e-03
1.593648742651344961e-03
1.701343801648398614e-03
1.806854686346166848e-03
1.910233104598696137e-03
2.011526440178860835e-03
2.110778602072298487e-03
2.208030742830509926e-03
2.303321999697832863e-03
1.927958333575925686e-04
3.145081541644991104e-04
4.297241678771631062e-04
5.498450593671327154e-04
6.643893451780877573e-04
7.737946521648657967e-04
8.989447546565008549e-04
1.021265427116127772e-03
1.140902836304384096e-03
1.257974633869922291e-03
1.372580567402473511e-03
1.484806050606119745e-03
1.594724842604802392e-03
1.702401590599376567e-03
1.921338649815973194e-04
3.138833790081685892e-04
4.291314542951076309e-04
5.492702156270426201e-04
1.906674524752908736e-04
3.124995162753008756e-04
4.278186632768543954e-04
5.479969782412064941e-04
6.626004884817786322e-04
1.908466571270143108e-04
3.126686156675168005e-04
4.279790670434628934e-04
5.481525507925283326e-04
6.627510773355186832e-04
7.722111491981194318e-04
8.973789908471673351e-04
1.019719508331760026e-03
1.139378346249826689e-03
1.256472727194976342e-03
1.371101975436385748e-03
1.483351268117274416e-03
1.593294220286795406e-03
1.700995310385607258e-03
1.806512243595898362e-03
1.909896706504555499e-03
2.011196066254669970e-03
2.110454113710458473e-03
2.207712202744216076e-03
2.303009356142700359e-03
2.396382990665915907e-03
2.487869124254607229e-03
2.577502831697384752e-03
2.665318346609824463e-03
2.751349127093409303e-03
1.932826836654426685e-04
3.149676736886482514e-04
4.301601225242803416e-04
5.502678658526140082e-04
6.647985948867655807e-04
1.908504083238143261e-04
3.126721553948319347e-04
4.279824246684184146e-04
5.481558073943894500e-04
6.627542296941488914e-04
7.722141962699940890e-04
8.973820039955467944e-04
1.019722483348090101e-03
1.139381280089660307e-03
1.256475617677795149e-03
1.371104821077954918e-03
1.483354067909603601e-03
1.593296973601353956e-03
1.700998016870513456e-03
1.921321616277635238e-04
3.138817714137769987e-04
4.291299292308444423e-04
5.492687365329373961e-04
6.638314971398870173e-04
7.732554557704442080e-04
8.984116521811760358e-04
1.020739080725535522e-03
1.140383781416270687e-03
1.257463256059561038e-03
1.916204573666730566e-04
1.900374238487525331e-04
3.119050081563592308e-04
4.272547417733947280e-04
5.474500374645520752e-04
1.906643178001132680e-04
3.124965581887902718e-04
1.902678408769630165e-04
3.121224305339967094e-04
4.274609753523610548e-04
5.476500616880703451e-04
1.906646568464829964e-04
3.124968781299411556e-04
4.278161608379143555e-04
5.479945511361856243e-04
6.625981390998878862e-04
7.720633219953000224e-04
1.910142901334166519e-04
3.128268061404704476e-04
4.281291243629798413e-04
5.482980882958256351e-04
6.628919524644498462e-04
7.723473163189168572e-04
8.975136400463813030e-04
1.019852446456928630e-03
1.139509443176421697e-03
1.256601885722055797e-03
1.371229129420997858e-03
1.483476372655808621e-03
1.593417247406877287e-03
1.701116244456967169e-03
1.806631078621011993e-03
1.910013443853542364e-03
2.011310713058949221e-03
2.110566681937957410e-03
2.207822707288187563e-03
2.303117815117675972e-03
2.396489424482881481e-03
2.487973555166092011e-03
2.577605283671122790e-03
2.665418844665206396e-03
2.751447697302113367e-03
2.835724730148344967e-03
2.918282732122406877e-03
1.934641911730103272e-04
3.151389985213234228e-04
4.303226652757827773e-04
1.904813633709664760e-04
3.123239148693859619e-04
4.276520939223091029e-04
5.478354252001874395e-04
6.624441102933687191e-04
7.719144404050271805e-04
8.970855892932702623e-04
1.019429822987617373e-03
1.139092672926547787e-03
1.256191277228390669e-03
1.370824893501950033e-03
1.483078652057989505e-03
1.593026131062999637e-03
1.700731782057559368e-03
1.806253289234950729e-03
1.922497280162913439e-04
3.139927291325415870e-04
4.292351910436501710e-04
5.493708253141734279e-04
6.639303137000707698e-04
7.733509686632532472e-04
1.910162135900739201e-04
3.128286213200257774e-04
4.281308462618944183e-04
5.482997582882999116e-04
6.628935689261422105e-04
7.723488787346904395e-04
1.910147322224787874e-04
3.128272233319703268e-04
4.281295201080784793e-04
5.482984721194039159e-04
6.628923239909654532e-04
7.723476754283276850e-04
8.975139951520918731e-04
1.019852797064223129e-03
1.139509788927335924e-03
1.256602226360299755e-03
1.371229464772211887e-03
1.483476702601622564e-03
1.918848971888338000e-04
3.136484101845310110e-04
4.289085502031988453e-04
5.490540298565839937e-04
6.636236717196701334e-04
7.730545779508249090e-04
8.982130150324115414e-04
1.020542960752742704e-03
1.140190380323930028e-03
1.257272715573618839e-03
1.371889545770592399e-03
1.484126034541291377e-03
1.594056120178313210e-03
1.701744247908751513e-03
1.807248181528637839e-03
1.910619653289741433e-03
2.011906066043470977e-03
2.111151344045172039e-03
2.208396651041579211e-03
2.303681134174932147e-03
2.397042224955993773e-03
2.488515952707603951e-03
2.578137402820476504e-03
2.665940815421591684e-03
2.751959553924098866e-03
2.836226712354929669e-03
2.918774984530418410e-03
2.999636150683160363e-03
1.935529607399373326e-04
3.152227891810704128e-04
4.304021615349576954e-04
5.505026031081862448e-04
1.906695295145030729e-04
3.125014762695879178e-04
4.278205224705163207e-04
5.479987814412303621e-04
6.626022339196416689e-04
7.720672799932258492e-04
8.972367253658678887e-04
1.019579044856624116e-03
1.913296135251262757e-04
3.131243752000997414e-04
4.284114352676639411e-04
5.485718946053002969e-04
6.631569863676491572e-04
7.726034922450413477e-04
8.977669598529246101e-04
1.020102557234728357e-03
1.139756081613879949e-03
1.256844877688818776e-03
1.916196792439691179e-04
3.133981111527451538e-04
4.286711069368297146e-04
5.488237421551314449e-04
1.906666418141422586e-04
3.124987512452128227e-04
4.278179376220357720e-04
5.479962744067795556e-04
6.625998071673137174e-04
7.720649343181321253e-04
8.972344058228837703e-04
1.019576754681851636e-03
1.139237569735242466e-03
1.256334032195661294e-03
1.370965432984910760e-03
1.483216926425686040e-03
1.918845714646612310e-04
3.136481027785780504e-04
4.289082585833447125e-04
5.490537470259157114e-04
6.636233979534723795e-04
7.730543133365562610e-04
8.982127533697164493e-04
1.020542702405864309e-03
1.140190125558583623e-03
1.257272464576469776e-03
1.371889298669755211e-03
1.484125791424608341e-03
1.594055881099354323e-03
1.701744012897824128e-03
1.807247950597333161e-03
1.910619426435327273e-03
2.011905843252038539e-03
2.111151125293840754e-03
1.925860140079892018e-04
3.143101193697950182e-04
4.295362928513256026e-04
5.496628493969615359e-04
6.642129767376981709e-04
7.736241809895813863e-04
1.910166348517541358e-04
3.128290188573644914e-04
4.281312233633422512e-04
5.483001240297159058e-04
6.628939229497144954e-04
7.723492209260595385e-04
8.975155234049052343e-04
1.019854305946030172e-03
1.139511276899840683e-03
1.256603692322294779e-03
1.371230907974662228e-03
1.483478122536157099e-03
1.918848989679818636e-04
3.136484118636227183e-04
4.289085517960635201e-04
5.490540314014403589e-04
6.636236732150148886e-04
7.730545793961830650e-04
8.982130164616489122e-04
1.020542962163864358e-03
1.140190381715486603e-03
1.914790587065291272e-04
3.132654034368502417e-04
4.285452169642448668e-04
1.904781313591884749e-04
3.123208650436734568e-04
4.276492009916140293e-04
5.478326193761829874e-04
6.624413943339496581e-04
7.719118151966624687e-04
1.910140554407557573e-04
3.128265846652345103e-04
4.281289142730415566e-04
5.482978845346835614e-04
6.628917552314684885e-04
7.723471256778248603e-04
8.975134515307381031e-04
1.911742139757453352e-04
3.129777243670966687e-04
4.282722849317346686e-04
5.484369363002119689e-04
6.630263520538217954e-04
7.724772240655094569e-04
8.976420994871038127e-04
1.019979278621357391e-03
1.139634518563602044e-03
1.914783057962238721e-04
3.132646928982787396e-04
4.285445429318279092e-04
5.487009918286703562e-04
6.632819470747851808e-04
7.727242762207965849e-04
8.978863970137603836e-04
1.020220481227424513e-03
1.139872371070214160e-03
1.256959408773500059e-03
1.371581103481007155e-03
1.917551050071994651e-04
3.135259182119976918e-04
4.287923491300670302e-04
5.489413307153321285e-04
6.635145842846467377e-04
7.729491371295271231e-04
8.981087502246853276e-04
1.020440017120361397e-03
1.140088863763814853e-03
1.257172699596425256e-03
1.371791082333941340e-03
1.484029158654005288e-03
1.593960853191712544e-03
1.701650601902656270e-03
1.807156161124102859e-03
1.910529257404388823e-03
2.011817289134906935e-03
2.111064177002114958e-03
2.208311082134090456e-03
2.303597149359980223e-03
2.396959808412445214e-03
2.488435087189743919e-03
2.578058069756580112e-03
2.665862995423873717e-03
2.751883226706310082e-03
2.836151857569588555e-03
2.918701539665554540e-03
2.999564133945963832e-03
3.078771234451460094e-03
3.156353990364828971e-03
3.232343256905898399e-03
3.306769402197851180e-03
1.938892638835516607e-04
3.155402368923587611e-04
4.307033439248557165e-04
5.507946976234695839e-04
6.653085299035144942e-04
7.746830956780359923e-04
8.998232799194117674e-04
1.022132807800844910e-03
1.141758187038123583e-03
1.258817330377082645e-03
1.373410101206507189e-03
1.917574449956613053e-04
3.135281265743664232e-04
4.287944440684539121e-04
1.904786126472947946e-04
3.123213191949759590e-04
4.276496317669004022e-04
5.478330371949749217e-04
6.624417987817135664e-04
7.719122061385270701e-04
8.970833799301979961e-04
1.019427641607719044e-03
1.913294007838210991e-04
3.131241744337698567e-04
4.284112448181709594e-04
5.485717098938870315e-04
6.631568075747275000e-04
7.726033194281653037e-04
8.977667889630661395e-04
1.020102388509905832e-03
1.139755915227747213e-03
1.256844713763208927e-03
1.371468188574487225e-03
1.483711470516800189e-03
1.593648440799551183e-03
1.701343504932346061e-03
1.806854394780529329e-03
1.910232818180067089e-03
2.011526158889713912e-03
2.110778325883782419e-03
2.208030471705496860e-03
2.303321733591847092e-03
2.396689535441611646e-03
2.488169900478650123e-03
2.577797908416203966e-03
2.665607795890144547e-03
2.751633024023997058e-03
2.835906481976923667e-03
2.918460923327072676e-03
2.999328204331517742e-03
3.078539917135686768e-03
3.156127212054831484e-03
3.232120944465989576e-03
3.306551481911417043e-03
3.379448898546662163e-03
3.450842890163274661e-03
3.520762828126450424e-03
3.589237633839903636e-03
3.656295835464439328e-03
3.721965814320787706e-03
3.786275179221288388e-03
3.849251265845971687e-03
3.910921009720805253e-03
3.987600789133721041e-03
4.059731452515142995e-03
1.947028009294925080e-04
1.900437429344320830e-04
1.900341689360943924e-04
3.119019368441655117e-04
4.272518285340654314e-04
1.904757899992687829e-04
3.123186556586494576e-04
4.276471052553756165e-04
5.478305867552751363e-04
6.624394268229449531e-04
7.719099134352703324e-04
8.970811127751407736e-04
1.019425403162545467e-03
1.139088314308949433e-03
1.256186983051589198e-03
1.370820665966121467e-03
1.483074492656369283e-03
1.593022040726147642e-03
1.700727761305476310e-03
1.806249338267366163e-03
1.909638441900737317e-03
2.010942426604190713e-03
2.110205072599777298e-03
2.207467727173726031e-03
2.302769406045352806e-03
2.396147520893584723e-03
2.487638004123436317e-03
2.577276092430360547e-03
2.665095931122928464e-03
2.751130977749224969e-03
2.835414118733038235e-03
2.917978099971901308e-03
2.998854774451497739e-03
3.078075740861551789e-03
3.155672149975216698e-03
3.231674842565937511e-03
1.938068272524580849e-04
3.154624209939288688e-04
4.306295144875569680e-04
1.904819137506262919e-04
3.123244342260639598e-04
1.902675107255117541e-04
1.900346322972982095e-04
3.119023740683985672e-04
1.902667002907932063e-04
3.121213542648106857e-04
4.274599544609215276e-04
1.904761674815727698e-04
3.123190118634487839e-04
