1.267077151958171007e-02
1.475906174304386469e-02
1.639514842634048203e-02
1.787159139718683815e-02
1.906782999646223706e-02
2.003870328084421046e-02
1.379649240769360331e-02
1.378030216420884912e-02
1.562987320492120746e-02
1.707933765589568498e-02
1.842803280181273817e-02
1.952115658761029854e-02
2.040846246926780738e-02
2.111761549103777225e-02
2.168621564151866979e-02
1.380339881425808775e-02
1.564799419869045138e-02
1.709356273111596256e-02
1.378822308691713544e-02
1.378028499613424829e-02
1.378026855422757879e-02
1.562984683353283930e-02
1.707931695346639328e-02
1.842801595244374438e-02
1.952114285286072129e-02
2.040845126169692908e-02
1.379778665802290812e-02
1.564359123882710575e-02
1.709010605926265455e-02
1.843679714664052394e-02
1.952830090203556621e-02
2.041429226811523889e-02
2.112235928271878616e-02
2.169007020487611487e-02
2.214690534963014573e-02
2.251347344090232766e-02
2.280644228761646852e-02
2.303933535222960072e-02
2.322315078637249980e-02
2.336684797425320551e-02
2.347774679200678727e-02
2.356181978934445212e-02
2.362395517759903127e-02
2.366815232812249231e-02
2.369769337239173088e-02
2.371526501837149803e-02
2.372307166662068409e-02
1.383107597853197937e-02
1.566970562627402475e-02
1.711060173760371034e-02
1.845347912652286690e-02
1.954189969379865541e-02
2.042538911594210874e-02
2.113138727477708451e-02
2.169740565836680152e-02
2.215285499549074499e-02
2.251828630085385419e-02
2.281032308774662981e-02
2.304245126595851414e-02
2.322563750763712020e-02
2.336881737365248402e-02
2.347929074370863969e-02
2.356301378911899655e-02
1.382175404909688488e-02
1.566239342006027144e-02
1.710486363794848017e-02
1.378825369603651520e-02
1.563611208716667381e-02
1.708423524941879781e-02
1.843201889724770115e-02
1.952440586372192893e-02
2.041111388861278561e-02
1.379779664678810504e-02
1.564359907548869971e-02
1.709011221042108439e-02
1.843680215310350423e-02
1.952830498312505686e-02
2.041429559832232121e-02
2.112236199252591137e-02
2.169007240674105177e-02
2.214690713569994820e-02
2.251347488606206954e-02
2.280644345305494342e-02
2.303933628792886879e-02
2.322315153328764065e-02
2.336684856595956650e-02
1.381762647554715673e-02
1.565915556819924212e-02
1.710232264235014149e-02
1.844674044476068628e-02
1.953640640753729132e-02
2.042090647517890573e-02
2.112774123994262329e-02
2.169444324238252106e-02
2.215045221727691624e-02
2.251634242062779470e-02
2.280875577004993701e-02
2.304119016341951015e-02
2.322463112037984403e-02
2.336802044445427523e-02
2.347866607561979735e-02
2.356253081583966139e-02
2.362449489785978934e-02
2.366855366847350067e-02
2.369797839229149938e-02
2.371545440951932163e-02
1.382931279056790787e-02
1.566832260293834003e-02
1.378453042642450131e-02
1.563319080376443862e-02
1.708194204990001047e-02
1.843015248221225796e-02
1.952288444724124133e-02
2.040987240657446411e-02
2.111876278625442194e-02
2.168714791467417705e-02
2.214453591159822390e-02
2.251155619544978337e-02
2.280489606642111325e-02
2.303809385380969563e-02
2.322215968509690198e-02
2.336606273410807288e-02
2.347713084445460230e-02
1.381969441676973720e-02
1.566077775992054388e-02
1.378451280443867763e-02
1.563317697741425233e-02
1.708193119610505045e-02
1.843014364842845629e-02
1.952287724635736257e-02
2.040986653063059722e-02
2.111875800489145319e-02
2.168714402943960895e-02
1.380340346318912649e-02
1.564799784588754086e-02
1.709356559375098741e-02
1.378822309448733338e-02
1.563608807619089325e-02
1.708421640034930161e-02
1.843200355613149738e-02
1.952439335831974987e-02
2.041110368413004417e-02
1.379779660850901334e-02
1.564359904545688240e-02
1.709011218684849259e-02
1.843680213391757708e-02
1.952830496748538328e-02
2.041429558556022428e-02
1.379780861937557682e-02
1.564360846855214482e-02
1.709011958323058272e-02
1.843680815387534894e-02
1.379158213642562442e-02
1.563872354276346285e-02
1.708628517782808873e-02
1.843368732509714086e-02
1.952576589511665142e-02
2.041222368205478782e-02
2.112067605494809264e-02
2.168870258471284826e-02
2.214579597232529257e-02
1.380604245581901202e-02
1.565006807701627145e-02
1.709519048020341839e-02
1.844093541155622171e-02
1.953167428213324272e-02
2.041704498498907866e-02
2.112459917534380976e-02
2.169189022563771871e-02
2.214838149347286844e-02
2.251466705128395487e-02
1.380856196519144805e-02
1.565204464574980817e-02
1.709674181471730961e-02
1.378823213166844273e-02
1.378028501518009825e-02
1.562985974928540397e-02
1.707932709276870076e-02
1.842802420465611615e-02
1.379155641368797793e-02
1.563870336129118133e-02
1.378446153243834474e-02
1.378027720885890983e-02
1.562985362421404414e-02
1.707932228438085315e-02
1.842802029118784449e-02
1.952114638958445114e-02
2.040845414766739169e-02
2.111760871956798805e-02
2.168621013911445350e-02
2.214377520198406585e-02
1.380603058754116021e-02
1.565005876623931300e-02
1.378448785565329800e-02
1.563315740239564280e-02
1.708191582955596866e-02
1.378819238000775736e-02
1.563606397798053896e-02
1.708419748376117583e-02
1.843198816003855170e-02
1.952438080810222146e-02
2.041109344309335882e-02
2.111975636411897797e-02
2.168795527197219658e-02
2.214518976161103728e-02
1.380603888746770834e-02
1.565006527761082095e-02
1.709518828303597734e-02
1.844093362324634305e-02
1.953167282435434166e-02
2.041704379542214065e-02
2.112459820739609473e-02
2.169188943914236029e-02
2.214838085554217059e-02
2.251466653514027152e-02
1.380856196157933397e-02
1.565204464291610614e-02
1.709674181249332126e-02
1.844219806822822855e-02
1.953270356498717011e-02
2.041788489410635912e-02
2.112528260657026494e-02
2.169244553880199378e-02
2.214883190927702250e-02
2.251503147624697374e-02
2.280769888390248717e-02
2.304034177033013192e-02
2.322395403299595124e-02
2.336748420136884954e-02
2.347824566317738629e-02
2.356220567963321355e-02
2.362424813343008342e-02
2.366837135973222372e-02
2.369784909401925765e-02
2.371536868701578857e-02
2.372313257011856788e-02
2.372294735312124869e-02
2.371629800365280052e-02
2.370440181302076524e-02
2.368826099198050733e-02
2.366869577245752157e-02
2.364638692817799467e-02
2.362188898075881852e-02
2.359566167156882527e-02
2.356808066438789012e-02
2.353945835624492514e-02
2.351004938260840144e-02
2.348006547538382047e-02
2.344968154553897510e-02
2.341904048394932367e-02
2.338826039895283704e-02
1.385380937312210604e-02
1.568753593249207559e-02
1.712459160939526145e-02
1.846486636098475242e-02
1.955118259804376757e-02
1.379490116306102132e-02
1.564132739841299705e-02
1.708832909037129311e-02
1.843535086507201368e-02
1.952712194686312061e-02
2.041333023028965576e-02
2.112157646514867607e-02
2.168943422542672639e-02
2.214638946337761996e-02
2.251305601830039596e-02
2.280610565545922522e-02
2.303906507419129987e-02
2.322293503342154342e-02
2.336667704892216382e-02
2.347761273160008100e-02
1.381970311183121011e-02
1.566078458071738441e-02
1.710360106552838086e-02
1.844778099442898750e-02
1.953725464507456017e-02
1.379484984434183048e-02
1.564128712834547685e-02
1.708829747421940909e-02
1.378820918409780390e-02
1.563607716226786404e-02
1.708420783315034441e-02
1.843199658334162064e-02
1.952438767440822440e-02
2.041109904603143760e-02
2.111976092330704324e-02
1.380063696532846801e-02
1.378031078509540583e-02
1.562987996912337807e-02
1.707934296602137830e-02
1.842803712363745225e-02
1.952116011054233491e-02
2.040846534398428960e-02
2.111761783025798214e-02
2.168621754233704749e-02
2.214378120740355393e-02
2.251094549182747900e-02
1.380853606117376023e-02
1.565202432404588784e-02
1.709672586514339454e-02
1.844218508837404055e-02
1.953269298415452951e-02
2.041787625999367736e-02
2.112527558103241207e-02
2.169243983030938808e-02
2.214882727912663093e-02
2.251502773008511385e-02
2.280769586306298849e-02
2.304033934528014124e-02
2.322395209748348219e-02
2.336748266834005189e-02
2.347824446114834401e-02
2.356220474986442728e-02
1.382173543982227228e-02
1.566237882234762166e-02
1.710485218223602513e-02
1.844879932166903352e-02
1.953808476908215630e-02
2.042227605111668690e-02
2.112885564191480103e-02
2.169534870791051118e-02
2.215118660817565893e-02
2.251693656418574455e-02
2.280923483694355380e-02
2.304157470166265029e-02
2.322493798622363506e-02
2.336826344855921084e-02
2.347885655894932713e-02
2.356267809774000022e-02
2.362460664292841822e-02
2.366863618642209635e-02
2.369803687268865963e-02
2.371549313034072501e-02
2.372320497723581778e-02
2.372297704056049172e-02
1.383283704167487596e-02
1.378037813700958535e-02
1.562993281540809090e-02
1.707938445211097320e-02
1.842807088849133385e-02
1.952118763393750206e-02
1.379479653861878131e-02
1.378029864136683796e-02
1.562987044079518217e-02
1.707933548596385701e-02
1.842803103574060936e-02
1.952115514799803581e-02
2.040846129454259444e-02
2.111761453513803788e-02
2.168621486476760007e-02
2.214377903538632467e-02
2.251094373422484266e-02
2.280440209560768636e-02
2.303769719672099647e-02
2.322184299101676813e-02
2.336581177920373995e-02
2.347693394986161142e-02
2.356119065648177441e-02
2.362347715220891944e-02
1.382367827443229183e-02
1.566390283977217579e-02
1.710604816350389315e-02
1.844977277541455171e-02
1.953887831461099955e-02
2.042292360089054820e-02
2.112938114412667504e-02
2.169577568504442444e-02
2.215153290715292725e-02
2.251721674118065120e-02
2.280946073794116666e-02
2.304175601704832113e-02
2.322508266572177391e-02
2.336837800563967837e-02
2.347894634243943499e-02
2.356274750309764188e-02
2.362465928523441866e-02
2.366867504177166959e-02
2.369806438890978070e-02
2.371551132531784026e-02
2.372321551374612092e-02
2.372298128887173618e-02
2.371629175358727984e-02
2.370436263995187587e-02
2.368819230639520115e-02
2.366860787684281833e-02
2.364628161344853666e-02
2.362176919073079306e-02
2.359553007867318600e-02
2.356793962713486443e-02
2.353930978496210705e-02
1.384698350389903035e-02
1.568218255033573816e-02
1.378456293224181520e-02
1.563321630808221091e-02
1.378444884996090497e-02
1.563312679820668891e-02
1.708189180501000839e-02
1.843011158845378125e-02
1.952285111257955411e-02
2.040984520538601660e-02
2.111874065214851617e-02
1.380063256622525783e-02
1.564582398759212234e-02
1.709185858272457142e-02
1.843822353829090502e-02
1.952946364719313974e-02
2.041524108000657839e-02
2.112313133569895807e-02
1.380065153986736667e-02
1.564583887315319430e-02
1.709187026650853605e-02
1.843823304782955808e-02
1.952947139905203758e-02
2.041524740560732645e-02
2.112313648286193168e-02
2.169070172128031992e-02
2.214741761075663534e-02
2.251388715394875631e-02
1.380855651453081687e-02
1.565204036970640686e-02
1.378449246059876808e-02
1.563316101547332707e-02
1.708191866585170859e-02
1.843013345019412288e-02
1.952286893323796138e-02
2.040985974709900314e-02
2.111875248500738600e-02
2.168713954409802816e-02
2.214452912157158920e-02
1.380603501201487469e-02
1.565006223728119400e-02
1.709518589677443134e-02
1.844093168102979574e-02
1.953167124111513525e-02
2.041704250347791197e-02
2.112459715614410302e-02
2.169188858495909103e-02
2.214838016270944190e-02
2.251466597457580168e-02
1.380856195765635397e-02
1.565204463983851588e-02
1.709674181007782637e-02
1.844219806626219010e-02
1.953270356338454583e-02
1.379483467127065426e-02
1.564127522417447722e-02
1.708828813018669138e-02
1.843531752766162587e-02
1.952709477149079317e-02
2.041330805486532562e-02
2.112155842030716962e-02
2.168941956227521048e-02
2.214637756829462498e-02
2.251304639265002891e-02
2.280609789183469724e-02
2.303905883981299460e-02
2.322293005562530571e-02
2.336667310418518925e-02
2.347760963639296261e-02
2.356171365452985889e-02
2.362387455881484813e-02
2.366809268938934938e-02
2.369765099244889109e-02
2.371523682514218440e-02
2.372305512889624074e-02
2.372291459363084706e-02
2.371630187694588610e-02
2.370443569855727739e-02
2.368831941743010372e-02
2.366877427721721799e-02
2.364648252146469773e-02
2.362199761994977429e-02
2.359578084316154775e-02
2.356820850260513828e-02
2.353959287081794707e-02
2.351018914491011247e-02
2.348020930419018187e-02
2.344982849556889737e-02
2.341918968505112345e-02
2.338841117456977661e-02
2.335759038620747671e-02
2.332680917693162603e-02
2.329613340004505623e-02
2.326561860874134385e-02
2.323531219927549296e-02
2.339507231801311524e-02
2.351725796006804564e-02
2.361036912034630494e-02
2.368100632904355379e-02
2.373426687168062738e-02
1.386608792415246205e-02
1.378044845978263280e-02
1.562998799268471711e-02
1.707942776807465368e-02
1.378818584306358563e-02
1.563605884917202912e-02
1.708419345775339174e-02
1.843198488329601120e-02
1.952437813704597375e-02
2.041109126349888864e-02
2.111975459055283680e-02
2.168795383082468969e-02
1.380340752475062854e-02
1.564800103227905956e-02
1.709356809470585770e-02
1.843961492883691364e-02
1.953059786401421111e-02
2.041616661406131170e-02
2.112388444526726999e-02
2.169130947699294751e-02
2.214791044189185626e-02
1.380605494024491481e-02
1.565007787116606472e-02
1.709519816733014175e-02
1.844094166823223233e-02
1.953167938239598264e-02
1.379483126476560920e-02
1.564127255156970431e-02
1.708828603235815896e-02
1.843531582023466217e-02
1.952709337966183553e-02
2.041330691912187148e-02
2.112155749614393410e-02
2.168941881133856775e-02
1.380341488675330790e-02
1.564800680794468241e-02
1.709357262794594309e-02
1.843961861849892706e-02
1.953060087171246823e-02
2.041616906837931400e-02
2.112388644234605359e-02
2.169131109970721255e-02
2.214791175809672358e-02
2.251428775682258465e-02
2.280709897702390757e-02
2.303986016593134387e-02
2.322356964009927860e-02
2.336717973275862295e-02
2.347800692356586880e-02
2.356202100456423684e-02
2.362410792992520464e-02
2.366826773072714524e-02
2.369777554484131174e-02
2.371531986390407187e-02
1.382930227027795271e-02
1.566831435094836328e-02
1.710951000325897434e-02
1.845259051267515021e-02
1.954117530279856491e-02
2.042479799530248774e-02
2.113090629601842643e-02
2.169701486802099247e-02
2.215253805273274465e-02
2.251802990132376406e-02
2.281011636649037111e-02
2.304228534988327776e-02
2.322550512521815921e-02
2.336871256307712641e-02
1.381765400431476769e-02
1.565917716320365874e-02
1.710233958992244535e-02
1.844675423891157032e-02
1.379161261774815642e-02
1.563874746190788839e-02
1.708630395542364705e-02
1.843370260809181274e-02
1.952577835318328528e-02
1.379481169665213933e-02
1.564125719922499630e-02
1.708827398172036577e-02
1.843530601219606213e-02
1.952708538452460271e-02
2.041330039502692317e-02
2.112155218743730009e-02
2.168941449770375729e-02
2.214637346006477492e-02
2.251304306851704962e-02
2.280609521106013310e-02
2.303905668743437551e-02
2.322292833744381974e-02
2.336667174297657468e-02
2.347760856874766058e-02
2.356171282834515490e-02
2.362387393124230558e-02
2.366809222512137115e-02
2.369765066251985908e-02
2.371523660563957039e-02
2.372305500011755511e-02
2.372291453934098279e-02
2.371630188372659750e-02
2.370443575537182698e-02
2.368831951515548012e-02
1.383782739884999516e-02
1.567500119534056754e-02
1.711475704058123756e-02
1.845686134476820159e-02
1.954465686384196030e-02
1.379487908560435988e-02
1.564131007724640920e-02
1.708831549425049098e-02
1.843533979916271714e-02
1.952711292635741017e-02
2.041332286948429817e-02
2.112157047559786588e-02
2.168942935855821055e-02
2.214638551550932380e-02
2.251305282391210388e-02
2.280610307930713843e-02
2.303906300580143424e-02
2.322293338227313791e-02
2.336667574080619064e-02
1.381762394575056403e-02
1.565915358369418878e-02
1.710232108492741945e-02
1.844673917712643177e-02
1.953640537418558504e-02
2.042090563194458308e-02
2.112774055381469104e-02
2.169444268489239408e-02
2.215045176511316535e-02
2.251634205481002279e-02
1.380857301656491717e-02
1.378032732073571943e-02
1.562989294347377767e-02
1.707935315132036100e-02
1.842804541328631196e-02
1.379155647563022440e-02
1.563870340988962951e-02
1.378446153255079125e-02
1.563313674907261530e-02
1.708189961652464839e-02
1.843011794615854668e-02
1.379156253183433378e-02
1.563870816144957362e-02
1.708627310409146019e-02
1.843367749830874397e-02
1.952575788472281706e-02
2.041221714552186178e-02
1.379780079390526513e-02
1.564360232909913287e-02
1.709011476424724535e-02
1.843680423167721669e-02
1.952830667750403079e-02
2.041429698095136719e-02
2.112236311757838617e-02
2.169007332090707590e-02
2.214690787723688770e-02
2.251347548606056487e-02
2.280644393691933988e-02
2.303933667641050800e-02
2.322315184339027172e-02
2.336684881162287911e-02
2.347774744874363967e-02
2.356182029750692603e-02
2.362395556355189122e-02
2.366815261359050959e-02
2.369769357519773204e-02
2.371526515322931392e-02
2.372307174565348870e-02
2.372292159480268725e-02
2.371630099464997615e-02
2.370442835750539642e-02
2.368830679528966671e-02
2.366875733404937010e-02
2.364646158208526944e-02
1.384099570742271940e-02
1.567748622751052520e-02
1.711670688184737874e-02
1.378828530968246625e-02
1.563613689085582154e-02
1.708425471979569885e-02
1.843203474406703707e-02
1.952441878135256770e-02
2.041112442946096256e-02
2.111978157823002702e-02
2.168797576030983068e-02
2.214520638164176047e-02
2.251209870861002257e-02
2.280533360209750088e-02
2.303844517185590912e-02
2.322244015655264976e-02
2.336628496011068298e-02
2.347730517173828718e-02
1.381969755991144938e-02
1.566078022554216742e-02
1.710359764768178484e-02
1.844777821252957875e-02
1.953725237731723449e-02
2.042159680268543567e-02
1.379783489835475184e-02
1.564362908338081185e-02
1.709013576220319228e-02
1.843682132208580848e-02
1.952832060899647310e-02
2.041430834914725878e-02
1.379780866764387590e-02
1.564360850642093972e-02
1.709011961295455947e-02
1.843680817806786498e-02
1.952830989446046814e-02
2.041429960601793062e-02
2.112236525360879427e-02
2.169007505654729426e-02
2.214690928512265747e-02
2.251347662522074078e-02
2.280644485558657938e-02
2.303933741398360088e-02
1.381325506024581873e-02
1.565572632771382658e-02
1.709963134085825537e-02
1.844454991944432382e-02
1.953462073645313712e-02
2.041944933590245440e-02
2.112655558202829187e-02
2.169347986963914357e-02
2.214967084631955588e-02
2.251571025213289917e-02
2.280824602558917044e-02
2.304078098167075192e-02
2.322430456831285975e-02
2.336776182923106654e-02
2.347846333201951755e-02
2.356237402948956408e-02
2.362437591489122829e-02
2.366846577644463392e-02
2.369791607052582072e-02
2.371541310712268688e-02
2.372315845800483658e-02
2.372295802489560526e-02
2.371629620017403489e-02
2.370438978891106080e-02
2.368823800807419444e-02
2.366866643605950241e-02
2.364635263636597970e-02
2.362185052457922013e-02
1.384254344555962968e-02
1.567870016282265841e-02
1.711765935684200768e-02
1.845922371358808822e-02
1.379164972596813067e-02
1.563877657624142964e-02
1.708632680915183472e-02
1.843372120869111314e-02
1.952579351562774498e-02
2.041224622060334309e-02
2.112069439498640358e-02
2.168871748740045305e-02
1.380341135981855497e-02
1.564800404098081257e-02
1.709357045619431387e-02
1.843961685088256128e-02
1.953059943080633423e-02
2.041616789258250339e-02
2.112388548560010723e-02
2.169131032230908404e-02
2.214791112753890928e-02
2.251428724663499456e-02
1.380855930776169957e-02
1.565204256099610516e-02
1.709674017848984012e-02
1.844219673828136757e-02
1.379159798769633537e-02
1.563873597930542231e-02
1.708629494003008689e-02
1.843369527053270035e-02
1.952577237190904549e-02
2.041222896715895116e-02
2.112068035549708594e-02
2.168870607918957708e-02
2.214579880697791978e-02
2.251257808789883588e-02
2.280572021725460474e-02
2.303875560015092652e-02
1.381324930084956541e-02
1.565572180961527157e-02
1.709962779496748339e-02
1.844454703335418957e-02
1.953461838377737805e-02
2.041944741608012551e-02
2.112655401988790954e-02
2.169347860036189776e-02
2.214966981683034325e-02
2.251570941921686095e-02
2.280824535396585792e-02
2.304078044253728835e-02
2.322430413804245711e-02
2.336776148846580331e-02
2.347846306486349802e-02
2.356237382288071253e-02
2.362437575808685325e-02
2.366846566060117757e-02
1.382561734746900334e-02
1.566542388150413134e-02
1.710724178588332589e-02
1.845074431221608788e-02
1.953967029910429892e-02
2.042356987747944580e-02
1.379784240049670291e-02
1.564363496915864571e-02
1.709014038206325622e-02
1.843682508221673733e-02
1.952832367412082881e-02
2.041431085031730763e-02
2.112237440299263858e-02
2.169008249071332356e-02
2.214691531520072629e-02
2.251348150406204049e-02
2.280644878980353507e-02
2.303934057235012059e-02
1.381325509170432640e-02
1.565572635239222826e-02
1.709963136022633542e-02
1.844454993520845687e-02
1.953462074930375353e-02
2.041944934638875372e-02
2.112655559056085541e-02
2.169347987657199370e-02
2.214967085194262733e-02
1.380606538110721454e-02
1.565008606211994863e-02
1.709520459615677945e-02
1.378822742992148048e-02
1.563609147771969840e-02
1.708421907047724675e-02
1.843200572933203357e-02
1.952439512981726799e-02
2.041110512968042148e-02
1.379779661394138490e-02
1.564359904971886206e-02
1.709011219019379232e-02
1.843680213664035394e-02
1.952830496970484747e-02
2.041429558737130681e-02
2.112236198361501505e-02
1.380064820710127059e-02
1.564583625846857270e-02
1.709186821422391256e-02
1.843823137745631557e-02
1.952947003741946699e-02
2.041524629450046716e-02
2.112313557875052095e-02
2.169070098664446430e-02
2.214741701485251416e-02
1.380605202146222184e-02
1.565007558135366600e-02
1.709519637012701584e-02
1.844094020545970769e-02
1.953167818998581898e-02
2.041704817384860232e-02
2.112460177011120724e-02
2.169189233398743227e-02
2.214838320356685847e-02
2.251466843490480124e-02
2.280740594965193282e-02
1.381095823787638170e-02
1.565392450633150065e-02
1.709821721466898634e-02
1.844339892867058461e-02
1.953368247580151637e-02
2.041868370003931815e-02
2.112593259021800646e-02
2.169297367135111093e-02
2.214926027478283932e-02
2.251537805564087641e-02
2.280797815473900245e-02
2.304056594929878091e-02
2.322413295159359362e-02
2.336762590789989019e-02
2.347835676654220008e-02
2.356229161051993579e-02
2.362431335815111041e-02
2.366841955504229988e-02
2.369788328380538142e-02
2.371539136397744774e-02
2.372314578820042610e-02
2.372295280486838576e-02
2.371629708800315761e-02
2.370439568073117939e-02
2.368824798924661079e-02
2.366867976563600401e-02
2.364636736267977657e-02
2.362186765045106232e-02
2.359563892443989480e-02
2.356805679127649267e-02
2.353943359208365838e-02
2.351002392649099992e-02
1.384839529669773528e-02
1.568328981441406700e-02
1.712126034224390261e-02
1.846215479585540040e-02
1.954897210250886030e-02
2.043116040387390683e-02
2.113608315546265659e-02
2.170122082732990274e-02
2.215594909679197838e-02
2.252078926813429541e-02
2.281233924255884546e-02
1.381099966390248769e-02
1.565395700454625880e-02
1.709824272047155355e-02
1.378823611015995987e-02
1.563609828949456826e-02
1.708422441853136783e-02
1.843201008205577751e-02
1.952439867796504358e-02
2.041110802500099158e-02
2.111976822969387213e-02
2.168796491368292501e-02
1.380340758032804101e-02
1.564800107588085187e-02
1.709356812892830202e-02
1.843961495669107359e-02
1.953059788672007954e-02
2.041616663258956008e-02
2.112388446034369968e-02
2.169130948924323857e-02
2.214791045182820661e-02
2.251428669991400316e-02
2.280709812472124509e-02
2.303985948169180731e-02
2.322356909394939981e-02
2.336717930014083414e-02
2.347800658431503304e-02
2.356202074211053571e-02
2.362410773064165317e-02
2.366826758339583836e-02
2.369777544023666388e-02
2.371531979442113511e-02
2.372310402108306765e-02
2.372293550735314269e-02
2.371629985238170313e-02
2.370441488130917498e-02
2.368828323403417840e-02
2.366872552092687959e-02
2.364642173578071840e-02
2.362192897519853688e-02
2.359570579253906716e-02
2.356812808907945977e-02
2.353950841829205443e-02
2.351010152209191684e-02
2.348011922900830606e-02
2.344973654772400384e-02
2.341909639339623608e-02
2.338831695533679159e-02
2.335749558972635004e-02
2.332671407620196674e-02
2.329603823767670626e-02
2.326552358520599800e-02
2.323521749361827718e-02
2.339499278121286857e-02
2.351719025619211992e-02
1.386247566883102092e-02
1.378044077859431719e-02
1.378026887653040558e-02
1.562984708642121273e-02
1.707931715199230080e-02
1.378818555258124259e-02
1.563605862126300067e-02
1.708419327884960412e-02
1.843198473768736453e-02
1.952437801835219325e-02
2.041109116664415607e-02
2.111975451174084514e-02
2.168795376678435416e-02
2.214518854061869879e-02
2.251208427211856197e-02
2.280532195900139905e-02
2.303843582295135584e-02
2.322243269281439385e-02
2.336627904622374380e-02
2.347730053237907788e-02
2.356147442594183974e-02
2.362369280544173930e-02
2.366795819462506195e-02
2.369755537248912150e-02
2.371517316003805831e-02
2.372301771707767404e-02
2.372289738047016205e-02
2.371630263245178352e-02
2.370445113005108587e-02
2.368834684921656761e-02
2.366881150165066686e-02
2.364652584968917129e-02
2.362204768407839481e-02
2.359583641830358819e-02
2.356826849462725915e-02
2.353965639208966190e-02
1.384696265369261131e-02
1.568216619759285613e-02
1.712037878700417223e-02
1.378829515358410453e-02
1.563614461426191676e-02
1.378445561531609596e-02
1.378027719662195186e-02
1.562985361461251624e-02
1.378444108997867526e-02
1.563312070965935247e-02
1.708188702544784915e-02
1.378819230427696420e-02
1.563606391856303332e-02
