5.209999999922945157e+00
5.209815821466498242e+00
5.209857145347703167e+00
5.209910825778426791e+00
5.209978856886780640e+00
5.210059507564926307e+00
5.210151386216051783e+00
5.210252746740934526e+00
5.210362745863956313e+00
5.210480617347528209e+00
5.210605660346668166e+00
5.211166229270423500e+00
5.211694486338427801e+00
5.211732524434190772e+00
5.211793796790887612e+00
5.211874688252180476e+00
5.209678612471329906e+00
5.209849768265054415e+00
5.210047445002166100e+00
5.210269098924670494e+00
5.210512523312451627e+00
5.210775790252439421e+00
5.211057203394180881e+00
5.211355260162636505e+00
5.211668619632793487e+00
5.211996081263885472e+00
5.212336559565203586e+00
5.212689068766109379e+00
5.213052708741087393e+00
5.213426653354299667e+00
5.213810140775704483e+00
5.214202465407836051e+00
5.214602971131683695e+00
5.215011045635505660e+00
5.215426115634602233e+00
5.215847642825866437e+00
5.216275120449458846e+00
5.217110512363279717e+00
5.217560256522283169e+00
5.218014353745033418e+00
5.218472402156646872e+00
5.218934020105482574e+00
5.219398844761634848e+00
5.219452222682207321e+00
5.219915030048842830e+00
5.220380291525639649e+00
5.220847701742203917e+00
5.221919264388287019e+00
5.222405105087793764e+00
5.222892001765019110e+00
5.223379844451900844e+00
5.223868088740077908e+00
5.224356666900986212e+00
5.224845406687681049e+00
5.225334001084649849e+00
5.225822301959540006e+00
5.219627106752517065e+00
5.219833488379316933e+00
5.220790088874506019e+00
5.213540543199315813e+00
5.214976681093443034e+00
5.215912931332982616e+00
5.208328451605059861e+00
5.209864818091589633e+00
5.210823607211095165e+00
5.211761708552084649e+00
5.212681286501546829e+00
5.213584080468364412e+00
5.214471566053873630e+00
5.215344995484427315e+00
5.216205320078512564e+00
5.217053677462303973e+00
5.217890709016608675e+00
5.209567541977601302e+00
5.211522489189272633e+00
5.212760996590533935e+00
5.214039116006391694e+00
5.215349426357934526e+00
5.216685615614377269e+00
5.218042351928219524e+00
5.219415126042191488e+00
5.220800120151568358e+00
5.222194098528130546e+00
5.213033494123193279e+00
5.215340967791227911e+00
5.216830207274803399e+00
5.218319656441987142e+00
5.219807863970221007e+00
5.210269259096280692e+00
5.210989958240614506e+00
5.211736832370016614e+00
5.212507541664653132e+00
5.213299975998934244e+00
5.214112226435627662e+00
5.214942560225832580e+00
5.215789398996629522e+00
5.216651299667767638e+00
5.206041244432537241e+00
5.207002627034649223e+00
5.207976148899325253e+00
5.208960698364506037e+00
5.209955244224024007e+00
5.210958828381655472e+00
5.211970558745859350e+00
5.200679856092482289e+00
5.201795963111161214e+00
5.202917962503322613e+00
5.204045137397583787e+00
5.205176811897787914e+00
5.206312354291590339e+00
5.194530187371050545e+00
5.195774053955515726e+00
5.197019767544454716e+00
5.198266815906443128e+00
5.199514714032920537e+00
5.200763002472484686e+00
5.202011245836634323e+00
5.203259031423212555e+00
5.204505967945054934e+00
5.205751684353063347e+00
5.206995828744263477e+00
5.208238067346567135e+00
5.209478083573008789e+00
5.196792692475241005e+00
5.198149195477720141e+00
5.199501700673674343e+00
5.200849969852911592e+00
5.187968428947304922e+00
5.189433851029702005e+00
5.190893318416551772e+00
5.192346660847491080e+00
5.193793715035619485e+00
5.195234324074632148e+00
5.196668337587769138e+00
5.183455793692899327e+00
5.185009172729118099e+00
5.186554289469975210e+00
5.188091055516390604e+00
5.189619385893802672e+00
5.191139198295967816e+00
5.192650413475087490e+00
5.194152955539834693e+00
5.195646752176729777e+00
5.197131734807984849e+00
5.198607838696916339e+00
5.200075003010199204e+00
5.186362420426386066e+00
5.172677728095330885e+00
5.174400680500194305e+00
5.176111544256628783e+00
5.162388175487183872e+00
5.163644973840622932e+00
5.165464042121737265e+00
5.167269696447768901e+00
5.169062011924972388e+00
5.171403448813210346e+00
5.173166662548298156e+00
5.174916756550093311e+00
5.176653790441736902e+00
5.178377820819269672e+00
5.180088901913284971e+00
5.181787086143521570e+00
5.167693530889580167e+00
5.168933540142819361e+00
5.170743850099351668e+00
5.172539842825756295e+00
5.174321612102135148e+00
5.159609468398661747e+00
5.144984284482677417e+00
5.145846538091724653e+00
5.147512710176401107e+00
5.132144358790516669e+00
5.134766387391013431e+00
5.119454202502305762e+00
5.122293754249151121e+00
5.124328971799918087e+00
5.126370995436724698e+00
5.111082218378866671e+00
5.114115461776705729e+00
5.116296918600387045e+00
5.118473753376763469e+00
5.120644156876895003e+00
5.122806557603046151e+00
5.124959635990212092e+00
5.127102285719589148e+00
5.129233581061328984e+00
5.131352749294581628e+00
5.133459147399449307e+00
5.135552242346971497e+00
5.137631594422395587e+00
5.139696843107633306e+00
5.141747695124628592e+00
5.143783914304433047e+00
5.145805312999681469e+00
5.147811744802631040e+00
5.149803098367991439e+00
5.151779292171088542e+00
5.153740270058312589e+00
5.155685997468760995e+00
5.158359621947965046e+00
5.160269225985717689e+00
5.162163650561360839e+00
5.164042918203516130e+00
5.165907061225727404e+00
5.167756120289663357e+00
5.169590143182061226e+00
5.171409183773217677e+00
5.173213301129631958e+00
5.175002558757633153e+00
5.176777023958299750e+00
5.161544532543666186e+00
5.163449512447325418e+00
5.165338449561689416e+00
5.167211428725891231e+00
5.169068539827829767e+00
5.170909875008034895e+00
5.172735528310060893e+00
5.174545595376391027e+00
5.159240484842435137e+00
5.160422611477578414e+00
5.144346560656473777e+00
5.147198051268742525e+00
5.149253368821265830e+00
5.151290665905412958e+00
5.153310112458927783e+00
5.155311833581150083e+00
5.157295955788673503e+00
5.159262606694041686e+00
5.143120582907350524e+00
5.146001895977118323e+00
5.148076660077632205e+00
5.150132984191656327e+00
5.152171053320764749e+00
5.154191005549336069e+00
5.156192979669258492e+00
5.158177114914994199e+00
5.160143550726006723e+00
5.162092426542349344e+00
5.164023881629513646e+00
5.166688779989609515e+00
5.168579556037501632e+00
5.170453426177222589e+00
5.172310525327026731e+00
5.174150987772911492e+00
5.175974947101034118e+00
5.177782536142043313e+00
5.179573886925794568e+00
5.181349130644993473e+00
5.183108397626545738e+00
5.184851817309562350e+00
5.186579518229030406e+00
5.188291628004333411e+00
5.189988273331881174e+00
5.191669579981249782e+00
5.193335672794198388e+00
5.194986675686170230e+00
5.179309473221138660e+00
5.181098943414947477e+00
5.182872016993854913e+00
5.184628827582106858e+00
5.186369509869401817e+00
5.188094198206787411e+00
5.172415007293043487e+00
5.174276156290479989e+00
5.176120064180932623e+00
5.177946874764043805e+00
5.179756733716718742e+00
5.181549786582116290e+00
5.183326178609599211e+00
5.185086054613432083e+00
5.186829558848542909e+00
5.188556834902088077e+00
5.190268025599474200e+00
5.191963272923556971e+00
5.193642717945762932e+00
5.195306500768013258e+00
5.196954760474269186e+00
5.181175519004482588e+00
5.182963408049286791e+00
5.184734469409344904e+00
5.186488852027260066e+00
5.188226705574572328e+00
5.189948179102326975e+00
5.191653420930256502e+00
5.193342578549447808e+00
5.177548748282036151e+00
5.179376554807070931e+00
5.181187008240110359e+00
5.182980265395769948e+00
5.167222409531798455e+00
5.168381496300364475e+00
5.171061099350300339e+00
5.172953051123069912e+00
5.174826964566746845e+00
5.176683007655755731e+00
5.160185139147832167e+00
5.162143433339041465e+00
5.164121061562236825e+00
5.166079751158483724e+00
5.168019673875829945e+00
5.169941009255099473e+00
5.172601175811213814e+00
5.174479078670830567e+00
5.157972927435250377e+00
5.141453923312331753e+00
5.124946409571147221e+00
5.126435323380964526e+00
5.127945183525926431e+00
5.129473897867647736e+00
5.131019518699437398e+00
5.132580233139894865e+00
5.134154351887124434e+00
5.135740299188448432e+00
5.137336603863825957e+00
5.138941891245672799e+00
5.140554875918222244e+00
5.142174355157025367e+00
5.143799202983513119e+00
5.145428347411204584e+00
5.147060818239793889e+00
5.148695689117266383e+00
5.150332091491199193e+00
5.151969210830491086e+00
5.153606283146792144e+00
5.155242591787962070e+00
5.156877464476679052e+00
5.139267126649317952e+00
5.141058551128296017e+00
5.142846042241624893e+00
5.144629063630064003e+00
5.146407109312206352e+00
5.148179704531059109e+00
5.130364898061821499e+00
5.132294619128918711e+00
5.134216572960823122e+00
5.136130397779253620e+00
5.138035752153005120e+00
5.139932316105255694e+00
5.141819790135325086e+00
5.143697894266881399e+00
5.145566367125874230e+00
5.147424965050266366e+00
5.129349623187531293e+00
5.131367810988200162e+00
5.133374013392698387e+00
5.135368074075742584e+00
5.137349845974478413e+00
5.139319192883453624e+00
5.141275989159401760e+00
5.143220119397437173e+00
5.145151478087678143e+00
5.147069969259243649e+00
5.128794360719235890e+00
5.130874379398822960e+00
5.132939547113144485e+00
5.134989839834211978e+00
5.116623038655715661e+00
5.118832955817448571e+00
5.121026129965253304e+00
5.123202596258093600e+00
5.125362389083478298e+00
5.127505543668114285e+00
5.129632096526639096e+00
5.131742085806556553e+00
5.133835551547861087e+00
5.115340149097737488e+00
5.096817957817370015e+00
5.099246407224965694e+00
5.101654693475212277e+00
5.104042963559332513e+00
5.106411357582019583e+00
5.108760009964608884e+00
5.111089050503808018e+00
5.113398605251478379e+00
5.094792124062665017e+00
5.097257945770118148e+00
5.099702666022658093e+00
5.102126455982674003e+00
5.104529480460842095e+00
5.106911898723147658e+00
5.088255447256100794e+00
5.090792736689648379e+00
5.093307878347214768e+00
5.095801072311408220e+00
5.098272511191935585e+00
5.100722380667752631e+00
5.103150860453114390e+00
5.105558125114261436e+00
5.107944344760180222e+00
5.089219522853730915e+00
5.091761500821025521e+00
5.094280888766897775e+00
5.096777900341098011e+00
5.099252741815560874e+00
5.101705612543053547e+00
5.104136705840482513e+00
5.106546209739282638e+00
5.108934307623591131e+00
5.111301178773562270e+00
5.113646998828556001e+00
5.115971940182493682e+00
5.097169431354220848e+00
5.099653059529383192e+00
5.102114207181918104e+00
5.104553093711962752e+00
5.106969931215643577e+00
5.109364925219626485e+00
5.090530880831382277e+00
5.093082872124577776e+00
5.095611502496997680e+00
5.098117016481181096e+00
5.079276757977767787e+00
5.081935893521504433e+00
5.063128997817190502e+00
5.065936258344791554e+00
5.068717550511873782e+00
5.071473187193638488e+00
5.074203467548253244e+00
5.076908676871974890e+00
5.079589088298607891e+00
5.082244964251497521e+00
5.084876557685602982e+00
5.087484113151694132e+00
5.090067867709710647e+00
5.092628051714171100e+00
5.095164889490936488e+00
5.097678599921570353e+00
5.100169396949194578e+00
5.102637490017420951e+00
5.083736152731433755e+00
5.086359898412394998e+00
5.067486267697936420e+00
5.070260187941899588e+00
5.073008396972106482e+00
5.075731191645524554e+00
5.078428857248836970e+00
5.081101667255841114e+00
5.083749884726867840e+00
5.086373763506086831e+00
5.088973549247194583e+00
5.091549480293674712e+00
5.094101788435678735e+00
5.096630699562158640e+00
5.099136434223995096e+00
5.101619208121458193e+00
5.082681826133136127e+00
5.085320226613228023e+00
5.087934197345211906e+00
5.090523996725869083e+00
5.093089875018035784e+00
5.095632074386536203e+00
5.098150829789041438e+00
5.100646369739888719e+00
5.103118916966084662e+00
5.105568688971909630e+00
5.107995898525915734e+00
5.089026529764151263e+00
5.091611510276020880e+00
5.094172410529621331e+00
5.096709486875302453e+00
5.099222987380166217e+00
5.101713152186534650e+00
5.104180214385707792e+00
5.106624400766014205e+00
5.109045932454400862e+00
5.111445025467782344e+00
5.113821891187956936e+00
5.116176736771626210e+00
5.118509765505291575e+00
5.099510222225626777e+00
5.102004318001399419e+00
5.104474995117326053e+00
5.106922503381079892e+00
5.109347084388442539e+00
5.111748972359023924e+00
5.114128394940540723e+00
5.116485573896391692e+00
5.118820725694591900e+00
5.099801919164129060e+00
5.102298328428576113e+00
5.104771124164392937e+00
5.107220566179876187e+00
5.109646905293985242e+00
5.112050384267257996e+00
5.114431238687664916e+00
5.116789697727671005e+00
5.119125984792415096e+00
5.121440318075886289e+00
5.123732911039153848e+00
5.126003972822676502e+00
5.128253708602636962e+00
5.130482319899829058e+00
5.132690004848193155e+00
5.134876958429034133e+00
5.137043372675961450e+00
5.139189436854906035e+00
5.141315337622742732e+00
5.143421259167602955e+00
5.145507383333517204e+00
5.147573889731470231e+00
5.149620955838802416e+00
5.151648757088495678e+00
5.132656336206485648e+00
5.134854030219279331e+00
5.137030626208032302e+00
5.139186352564475868e+00
5.141321429310282021e+00
5.143436070455947196e+00
5.145530484637498070e+00
5.147604875657861179e+00
5.149659442948293808e+00
5.130638513599121708e+00
5.132862660360487439e+00
5.135065188842798278e+00
5.137246346382608131e+00
5.139406370710516647e+00
5.120338951741440603e+00
5.122666182059445461e+00
5.124970591331027947e+00
5.127252456138982950e+00
5.129512041800367683e+00
5.131749604464643788e+00
5.133965392123124971e+00
5.136159645468979740e+00
5.138332598631618175e+00
5.119250416214999433e+00
5.100128165363750909e+00
5.102653240771235943e+00
5.105153287670911588e+00
5.107628637553112583e+00
5.110079607150922243e+00
5.112506500009516230e+00
5.114909608002174757e+00
5.095783689021939900e+00
5.076668343590404753e+00
5.079412027700937138e+00
5.082128583930352939e+00
5.084818385274695096e+00
5.087481787935698385e+00
5.090119131969701449e+00
5.092730743156589135e+00
5.095316934597915903e+00
5.097878008085627854e+00
5.100414255276611186e+00
5.102925958702758891e+00
5.105413392641607651e+00
5.107876823868647165e+00
5.110316512309217352e+00
5.112732711604927260e+00
5.115125669607450298e+00
5.117495628810310393e+00
5.119842826727818874e+00
5.122167496228804850e+00
5.124469865831605908e+00
5.126750159965861364e+00
5.129008599205691965e+00
5.131245400478277929e+00
5.112140535554603460e+00
5.114542775831577792e+00
5.116921702884375200e+00
5.097794878008428121e+00
5.100335139545620677e+00
5.102850590235386896e+00
5.105341535138430586e+00
5.107808267447757622e+00
5.110251069590368012e+00
5.112670214416537462e+00
5.115065966216245208e+00
5.117438581589637714e+00
5.119788310194007153e+00
5.122115395386369840e+00
5.124420074777631839e+00
5.126702580711818946e+00
5.128963140681732646e+00
5.109847044064590449e+00
5.112272473114740201e+00
5.114674308817025228e+00
5.117052824180624349e+00
5.119408282766001683e+00
5.121740940035600431e+00
5.124051044183898007e+00
5.126338836848376879e+00
5.128604553719883441e+00
5.130848425067971341e+00
5.133070676194297022e+00
5.113956591952438124e+00
5.094815452628842500e+00
5.097387702094208883e+00
5.099934653794941042e+00
5.102456633309043532e+00
5.104953952370981263e+00
5.085816933920025207e+00
5.088471928787803300e+00
5.091100903675108924e+00
5.093704191327749875e+00
5.096282111089759148e+00
5.098834969592862976e+00
5.101363062178355889e+00
5.103866674113778146e+00
5.106346081635840584e+00
5.108801552846322203e+00
5.111233348483414929e+00
5.113641722587471072e+00
5.116026923077177990e+00
5.118389192249624742e+00
5.120728767215688926e+00
5.123045880280294284e+00
5.125340759275732516e+00
5.127613627854823442e+00
5.108490751258667473e+00
5.110928190991896436e+00
5.113341974934033196e+00
5.115732373668064881e+00
5.118099648703711146e+00
5.120444053719576338e+00
5.101309476962111233e+00
5.103816396809721212e+00
5.106298891599302614e+00
5.108757252898461054e+00
5.111191761631487473e+00
5.113602689186537376e+00
5.115990298435609596e+00
5.118354844607337029e+00
5.120696576035399517e+00
5.123015734801755094e+00
5.125312557290866877e+00
5.127587274668514716e+00
5.129840113296684656e+00
5.110716107673239250e+00
5.113134133177086760e+00
5.115528624623850718e+00
5.117899854114942748e+00
5.120248084306316727e+00
5.122573569805561000e+00
5.124876557998810256e+00
5.127157289758666359e+00
5.129416000051767455e+00
5.131652918461462320e+00
5.133868269638705684e+00
5.136062273692158620e+00
5.138235146526730190e+00
5.119124300205400324e+00
5.121464564816410991e+00
5.123781978435084206e+00
5.126076804736070969e+00
5.128349298012601309e+00
5.130599704962159890e+00
5.132828265464623563e+00
5.135035213247464370e+00
5.137220776455867721e+00
5.139385178142584110e+00
5.141528636689941756e+00
5.143651366174479378e+00
5.145753576683040009e+00
5.147835474587660443e+00
5.149897262785544605e+00
5.151939140909325587e+00
5.153961305512024360e+00
5.155963950230449733e+00
5.136906228424048315e+00
5.139080433977025741e+00
5.141233274420804022e+00
5.122111099199814888e+00
5.124432081457623411e+00
5.126730015216674374e+00
5.129005188595626485e+00
5.131257877651163035e+00
5.133488348642347709e+00
5.135696859112829138e+00
5.137883658812341103e+00
5.140048990483050417e+00
5.142193090532092725e+00
5.144316189608129086e+00
5.146418513096933545e+00
5.148500281548634483e+00
5.150561711047155988e+00
5.152603013530801412e+00
5.154624397071420283e+00
5.156626066118424667e+00
5.158608221712991160e+00
5.160571061676839655e+00
5.162514780779345003e+00
5.164439570886150577e+00
5.145408918301083823e+00
5.147507099196986680e+00
5.149584460462349078e+00
5.151641246358610537e+00
5.153677691564547025e+00
5.155694024172926326e+00
5.157690466345250968e+00
5.159667234869673713e+00
5.161624541637995556e+00
5.142569071084023058e+00
5.144699259913418032e+00
5.146808133933235219e+00
5.148895953048882923e+00
5.150962966592692815e+00
5.153009416292737122e+00
5.155035537047965022e+00
5.157041557588736502e+00
5.159027701041378755e+00
5.160994185412016932e+00
5.162941224002451257e+00
5.164869025768713762e+00
5.145823548490416677e+00
5.147924939301580238e+00
5.150005218993204181e+00
5.152064646009834270e+00
5.154103468322250414e+00
5.156121926510098596e+00
5.158120254496449064e+00
5.160098680174404429e+00
5.162057425943352484e+00
5.163996709169169641e+00
5.165916742580423104e+00
5.167817734610586022e+00
5.169699889694724604e+00
5.171563408527701355e+00
5.152550653752291154e+00
5.133425237456274992e+00
5.135655479913757482e+00
5.137862930965840569e+00
5.140047899541563048e+00
5.142210680320324023e+00
5.144351556725005103e+00
5.125190614492237451e+00
5.127500689579025384e+00
5.129787190684668374e+00
5.132050433975491543e+00
5.134290722120706363e+00
5.136508346744034448e+00
5.138703589590893017e+00
5.140876723525225067e+00
5.143028013383037944e+00
5.145157716705144324e+00
5.147266084367963401e+00
5.149353361128222950e+00
5.151419786094908915e+00
5.153465593139585188e+00
5.155491011254549782e+00
5.157496264866639812e+00
5.159481574113422120e+00
5.161447155087260263e+00
5.163393220052024724e+00
5.165319977636368520e+00
5.167227633006913123e+00
5.169116388024159292e+00
5.150081397106543335e+00
5.152144691557094092e+00
5.154187180140631597e+00
5.156209116698612149e+00
5.158210744931013281e+00
5.160192301612089416e+00
5.162154017252741589e+00
5.164096116666281766e+00
5.166018819453408462e+00
5.167922340419170091e+00
5.169806889932670124e+00
5.171672674238464218e+00
5.173519895727194395e+00
5.175348753171747695e+00
5.177159441934256812e+00
5.178952154148341869e+00
5.180727078880341452e+00
5.182484402272645951e+00
5.163534615587837884e+00
5.165468787758734415e+00
5.167383377728840266e+00
5.169278625070687028e+00
5.171154759060456740e+00
5.173012002551686805e+00
5.174850572596709775e+00
5.176670680975531624e+00
5.178472534647659664e+00
5.180256336139282602e+00
5.182022283876086099e+00
5.183770572470419502e+00
5.185501392970013335e+00
5.187214933074318246e+00
5.188911377323496055e+00
5.190590907264335030e+00
5.171697946415123148e+00
5.173555563975031468e+00
5.154522446089415233e+00
5.156555493949888103e+00
5.158567508510135013e+00
5.139437108005517452e+00
5.141621677040381755e+00
5.143783483041360682e+00
5.145922849307136282e+00
5.148040083741979522e+00
5.150135482204230009e+00
5.152209329826557216e+00
5.154261902139112728e+00
5.156293466027495498e+00
5.158304280551780252e+00
5.160294597648692694e+00
5.141177776227024765e+00
5.143341115492609639e+00
5.145482151045083441e+00
5.126291996263272033e+00
5.128602710105835349e+00
5.130889471317082950e+00
5.133152614154036009e+00
5.135392458330735543e+00
5.137609311586117222e+00
5.139803470936139540e+00
5.141975223744063683e+00
5.122778037922653738e+00
5.125118668647605347e+00
5.127435235451238249e+00
5.129728061957621321e+00
5.131997458875985352e+00
5.134243726177047051e+00
5.136467154158101955e+00
5.138668024356677577e+00
5.140846610336546441e+00
5.143003178365934680e+00
5.145137988004545804e+00
5.147251292613414186e+00
5.149343339799359320e+00
5.130184974703406731e+00
5.132447656170901595e+00
5.134687327311947769e+00
5.136904281272963502e+00
5.139098800145892376e+00
5.141271157297881977e+00
5.122082918129563289e+00
5.124423942926462416e+00
5.105191629805013953e+00
5.107696720640098498e+00
5.110176191315169980e+00
5.090934937581245379e+00
5.093574138943339769e+00
5.096186410353431562e+00
5.098772134299434988e+00
5.101331676546593918e+00
5.103865387332282566e+00
5.106373603081616253e+00
5.108856647875553492e+00
5.111314834709689059e+00
5.113748466576029550e+00
5.116157837394877284e+00
5.118543232819774857e+00
5.120904930934768728e+00
5.123243202860316536e+00
5.125558313281492140e+00
5.127850520910151921e+00
5.130120078890732849e+00
5.132367235157984098e+00
5.134592232753592889e+00
5.136795310107578949e+00
5.138976701289399429e+00
5.141136636233034629e+00
5.143275340939546858e+00
5.145393037660205948e+00
5.147489945062658556e+00
5.149566278382403439e+00
5.151622249561352618e+00
5.153658067375092244e+00
5.155673937550168340e+00
5.157670062872578676e+00
5.159646643288413159e+00
5.161603875997512247e+00
5.163541955540887685e+00
5.165461073882489984e+00
5.167361420485916845e+00
5.169243182386503044e+00
5.171106544259220783e+00
5.172951688482759991e+00
5.174778795200059456e+00
5.176588042375649401e+00
5.178379605849984024e+00
5.180153659391032228e+00
5.181910374743276648e+00
5.183649921674366112e+00
5.185372468019513015e+00
5.187078179723843441e+00
5.188767220882763098e+00
5.190439753780546006e+00
5.192095938927175247e+00
5.193735935093597433e+00
5.195977100559647788e+00
5.197588143378430559e+00
5.179202117828266339e+00
5.179937959053796170e+00
5.181706277596079602e+00
5.183456953575725557e+00
5.164502950185119623e+00
5.166430830740555535e+00
5.147350770125331820e+00
5.149452864531808061e+00
5.151533251615380671e+00
5.153592227953262217e+00
5.155630076054923627e+00
5.157647067968484045e+00
5.159643466434646442e+00
5.161619525865059011e+00
5.163575493174008990e+00
5.165511608487141970e+00
5.167428105747037037e+00
5.169325213232219163e+00
5.171203154003467972e+00
5.173062146288967433e+00
5.174902403818039787e+00
5.176724136111497288e+00
5.178527548735445407e+00
5.180312843524150779e+00
5.182080218776733638e+00
5.183829869431670012e+00
5.185561987222381930e+00
5.166619282606064623e+00
5.168528868057927106e+00
5.149455442841719410e+00
5.151539622944446783e+00
5.153602202349284234e+00
5.155643476660214830e+00
5.136493042132801889e+00
5.138706331710276132e+00
5.140896592796385001e+00
5.143064148783118128e+00
5.145209308286093020e+00
5.147332368249665890e+00
5.149433615191947311e+00
5.151513326266130122e+00
5.153571770167584276e+00
5.155609207911234115e+00
5.157625893499581338e+00
5.159622074498664723e+00
5.161597992536232304e+00
5.142486424198253303e+00
5.144635676873860142e+00
5.146762839876898532e+00
5.148868201031462810e+00
5.150952036591252003e+00
5.153014614189950215e+00
5.155056193660582764e+00
5.157077027737757113e+00
5.159077362661575350e+00
5.161057438698713362e+00
5.163017490593503567e+00
5.164957747959947554e+00
5.166878435623707411e+00
5.168779773921747811e+00
5.170661978965990890e+00
5.172525262876414232e+00
5.174369833988088807e+00
5.176195897035955618e+00
5.178003653320558008e+00
5.159001598093636787e+00
5.160985676833729663e+00
5.162949499439314138e+00
5.143843077082353332e+00
5.145980455567613632e+00
5.148095775730271662e+00
5.150189334766143823e+00
5.152261416635572466e+00
5.154312295345788719e+00
5.156342235993208512e+00
5.158351495651359642e+00
5.160340324129458978e+00
5.162308964622186913e+00
5.164257654267925268e+00
5.166186624629892421e+00
5.168096102112244239e+00
5.169986308321321999e+00
5.171857460380530291e+00
5.173709771205951213e+00
5.175543449748717606e+00
5.177358701209111125e+00
5.179155727226651962e+00
5.180934726049632566e+00
5.182695892687151584e+00
5.184439419046117159e+00
5.186165494055251735e+00
5.187874303778002627e+00
5.189566031515722599e+00
5.191240857902453598e+00
5.192898960992363477e+00
5.174014360509009869e+00
5.175850990087843329e+00
5.177668864551927541e+00
5.179468216588494656e+00
5.181249268384013895e+00
5.183012235997196626e+00
5.164038002236911673e+00
5.165978124601392274e+00
5.167898211383918472e+00
5.148810085090890887e+00
5.150904735980057936e+00
5.152977537377804396e+00
5.133802265385022601e+00
5.136046546338853602e+00
5.116801941870880555e+00
5.119213531476062506e+00
5.121599747117355328e+00
5.123960971464851077e+00
5.126297568747175681e+00
5.128609887367003850e+00
5.130898261665365112e+00
