1.721280356620073504e-01
1.121064573566453504e+00
9.892280175870445946e-01
1.826624525647825958e+00
3.389635550970156785e+00
3.287508390322905871e+00
4.766983627183025263e+00
4.730590335102466071e+00
5.015777959186257462e+00
5.015197036246290097e+00
5.061391881738223297e+00
5.068655740130928677e+00
5.088521663298012143e+00
5.098393996231413539e+00
5.117965811160511969e+00
5.129074491030100269e+00
5.153809027713605495e+00
5.165541794086277783e+00
5.198502462722797368e+00
5.245651206192466276e+00
5.251758708337438186e+00
5.315272381653998401e+00
5.321585148153348044e+00
5.401925688408837800e+00
5.408233427211598610e+00
5.507440590116482682e+00
5.513155987916562140e+00
5.634064160174503400e+00
5.786158253912875082e+00
5.780545112625781634e+00
5.960984296135754867e+00
5.954663574376390045e+00
6.158358760019923217e+00
6.151304044538669302e+00
6.154723427229801480e+00
6.371503408145939851e+00
6.373712598030741638e+00
6.597557615368677020e+00
6.596745013425698190e+00
6.607624601995802927e+00
6.830671280621969821e+00
7.060834768080371582e+00
7.294366325780712756e+00
7.279044229819442435e+00
7.273400982620965571e+00
7.277287462740655855e+00
7.288104725939987816e+00
7.301389288728215021e+00
7.312893359976762930e+00
7.320315599546609597e+00
7.632589420650786494e+00
7.812243857207885611e+00
7.976683158611337809e+00
7.972102360636828422e+00
8.120579598355625706e+00
8.257453166346802931e+00
8.376886253268011728e+00
8.476985966531360717e+00
8.464665789933377482e+00
8.544852012635271166e+00
8.611182630877108224e+00
8.603913925177566924e+00
8.655718197255440671e+00
8.652693179242302080e+00
8.693801635104474457e+00
8.728529188709249098e+00
8.757393405377301931e+00
8.781564873150266237e+00
8.779266999874566935e+00
8.782092386366107561e+00
8.788979778460269898e+00
8.797710691595723276e+00
8.821103257325207281e+00
8.834740568412781769e+00
8.851541743345981317e+00
8.864322772912531789e+00
8.876953598673884116e+00
8.889360234135317285e+00
8.901176639069737107e+00
8.902663330588874047e+00
8.912786873171429036e+00
8.921841252929297639e+00
8.924515115134974863e+00
8.932437023695118938e+00
8.938138944281487142e+00
8.944752644615574511e+00
8.950582889841658840e+00
8.956941560752396114e+00
8.960306972982387208e+00
8.967577604715780026e+00
8.976342922856407114e+00
8.990664929764289326e+00
9.005393406813265500e+00
9.011250518315096159e+00
9.027870384959356898e+00
9.031275183002158258e+00
9.032392863952674489e+00
9.045462825486385583e+00
9.061163344809653353e+00
9.075338335869473028e+00
9.099313815883876444e+00
9.124071400119463604e+00
9.127074479616844371e+00
9.153036409446983157e+00
9.178699531571968606e+00
9.192032894094600337e+00
9.224082089866300294e+00
9.253820179500253928e+00
9.269805708255287158e+00
9.258965109188473264e+00
9.289868815199273655e+00
9.287096287944018869e+00
9.277212877154752846e+00
9.270353318950439458e+00
9.266232404184147953e+00
9.264272373140054029e+00
9.263977539709228992e+00
9.264967216727239219e+00
9.266986230106386557e+00
9.269822753295402507e+00
9.273340552594039110e+00
9.277412818889644086e+00
9.270204272813014512e+00
9.278056194556405956e+00
9.281904559589884585e+00
9.280699812901746171e+00
9.283965406338353432e+00
9.287099329545487336e+00
9.318172853096351460e+00
9.321183918392714318e+00
9.322897910023900891e+00
9.325288412519011416e+00
9.331625489332939338e+00
9.340446701371890370e+00
9.356319612416950093e+00
9.371652299624514626e+00
9.378720051345940334e+00
9.378542400266981716e+00
9.392472296677455645e+00
9.397546546151803071e+00
9.413672800275280750e+00
9.429242003925576654e+00
9.447523161519340462e+00
9.445208859161148496e+00
9.443122436442216383e+00
9.442375148637175641e+00
9.452689975394442001e+00
9.464102176199185479e+00
9.481415161591657537e+00
9.499744690951263948e+00
9.506174832008344566e+00
9.503733148172180734e+00
9.501947283909276010e+00
9.501392006636750764e+00
9.510388743892065122e+00
9.520462861446100433e+00
9.525969254742795655e+00
9.566096271771376891e+00
9.566463126302707565e+00
9.565114086099326229e+00
9.579230038974944961e+00
9.584704764726193815e+00
9.601081516303226593e+00
9.606736675540215487e+00
9.604583607268381229e+00
9.603100673153601718e+00
9.602690162056374490e+00
9.610815623963940624e+00
9.619814554150405428e+00
9.624094533514615080e+00
9.619303608912344927e+00
9.692782280364594882e+00
9.697444919938313035e+00
9.697129116420395434e+00
9.712430616059599231e+00
9.726117774044947595e+00
9.747689230711245045e+00
9.768206165735099589e+00
9.784227582838154191e+00
9.790473662947189126e+00
9.783511510761512042e+00
9.763079404350358814e+00
9.732173917026043952e+00
9.925900719344344481e+00
9.934936955992426988e+00
9.978141287643508051e+00
9.993151913482646975e+00
1.001729705116250102e+01
1.003499192328241918e+01
1.004673554724233497e+01
1.007805095053963385e+01
1.009565276193645467e+01
1.010648799484018134e+01
1.012453829835692432e+01
1.013003692356716812e+01
1.014793863449080114e+01
1.015033442072926029e+01
1.014331744333351892e+01
1.013590390847712008e+01
1.012907951779502191e+01
1.013908353209676605e+01
1.014897514526169964e+01
1.015396190068913640e+01
1.015059857695485057e+01
1.020385744593583510e+01
1.019991641395369086e+01
1.019337760761151124e+01
1.020584971945536878e+01
1.020459608573423260e+01
1.019772802992409666e+01
1.020891437374616117e+01
1.020747555568062204e+01
1.021946984232484468e+01
1.021818613305432777e+01
1.023045522819924003e+01
1.022904929733329915e+01
1.024126671753100304e+01
1.025073889953028328e+01
1.025519834773728967e+01
1.027389818314827785e+01
1.026874930599002234e+01
1.027938795422781304e+01
1.027728291068940436e+01
1.027094004038223929e+01
1.028040286644751511e+01
1.027782009395937379e+01
1.027179500515805088e+01
1.026613985489911407e+01
1.026096892606121891e+01
1.025639408859751889e+01
1.025241555115995951e+01
1.025665866164107953e+01
1.025604739409596178e+01
1.026241840121283744e+01
1.026253814251754370e+01
1.027001412066825381e+01
1.027022585396696286e+01
1.027816213492149089e+01
1.027822323531138160e+01
1.027503547906155035e+01
1.028254791825208514e+01
1.028883477945454139e+01
1.029263462255982908e+01
1.030028294327540728e+01
1.030594215881685827e+01
1.030845925499133919e+01
1.031982439955445408e+01
1.031772549321959609e+01
1.032426661310662475e+01
1.032309172466085556e+01
1.031944428874657405e+01
1.032557860124364701e+01
1.033081227511575761e+01
1.033392682900023907e+01
1.033985924565784309e+01
1.034549610762751470e+01
1.034423084777617774e+01
1.034981497881886625e+01
1.035414825905853320e+01
1.035458972455269766e+01
1.035075465144502616e+01
1.034663552258440689e+01
1.034261119473536539e+01
1.034712007485139829e+01
1.034441818519748857e+01
1.034932237520500919e+01
1.034688372571097048e+01
1.035186416264744125e+01
1.035594239519395288e+01
1.035543333533655641e+01
1.035996700282223415e+01
1.036344095957596245e+01
1.036297726537943653e+01
1.036696233130501454e+01
1.036465708239899541e+01
1.036104606144849249e+01
1.035729969580854259e+01
1.036135417597324704e+01
1.035837608923527320e+01
1.036258058538766313e+01
1.036612200168002929e+01
1.036447706838512062e+01
1.036825014339638074e+01
1.036573534920440487e+01
1.036232543480985591e+01
1.036623081975083771e+01
1.036322516779743985e+01
1.036709758805019632e+01
1.036421142307928456e+01
1.036799884433669305e+01
1.036511547022339919e+01
1.036173303211256602e+01
1.035830042520323246e+01
1.036226753974763959e+01
1.036587653308032486e+01
1.036336013842572079e+01
1.036691123747443122e+01
1.036443675306940548e+01
1.036145324522790290e+01
1.036517549711791553e+01
1.036838146029034746e+01
1.036588923160504905e+01
1.036904460267846595e+01
1.037154220710594998e+01
1.036951763504409030e+01
1.037219137481008602e+01
1.036967655970900459e+01
1.037243170255276858e+01
1.036964574284711738e+01
1.036649115683506217e+01
1.036325356138300968e+01
1.036009092331953596e+01
1.036351608111855072e+01
1.036683514438371034e+01
1.036956772929837989e+01
1.036687938567860634e+01
1.036457722717310048e+01
1.036195138664638193e+01
1.035925275447636196e+01
1.036278803678641225e+01
1.036008102056666225e+01
1.036365202348106429e+01
1.036676406697618980e+01
1.036923740131106975e+01
1.037112760116393240e+01
1.037256907338720779e+01
1.036974532636770263e+01
1.037140480093570183e+01
1.037278877966626212e+01
1.037385041517076800e+01
1.037460688360139294e+01
1.037479646684809076e+01
1.037321024680101722e+01
1.037124633243550775e+01
1.036931495581732854e+01
1.036751411742909923e+01
1.036583412491294887e+01
1.036797362287003210e+01
1.037059794807883684e+01
1.037304470946894774e+01
1.037511084351500834e+01
1.037682323726226308e+01
1.037473256721694881e+01
1.037647376008740530e+01
1.037625779004205739e+01
1.037504586733085077e+01
1.037352077115430049e+01
1.037593527154072426e+01
1.037428362758791067e+01
1.037690629178501389e+01
1.037526927599867932e+01
1.037345377144781189e+01
1.037147499056428757e+01
1.037456247033275858e+01
1.037255378466140066e+01
1.037570664327510706e+01
1.037844272549808089e+01
1.037669228386762299e+01
1.037506301866667435e+01
1.037306626076241400e+01
1.037093871908587950e+01
1.036880472538281417e+01
1.036673260012208786e+01
1.037047581331498058e+01
1.037434736230796517e+01
1.037787453409379523e+01
1.038104067378132456e+01
1.038402606877224521e+01
1.037764961248129580e+01
1.037793580847173125e+01
1.038005849451686124e+01
1.037930561878824065e+01
1.038155296671980032e+01
1.038039835513072262e+01
1.037911704340244334e+01
1.038163807024565166e+01
1.038406404735441591e+01
1.038624084235374312e+01
1.038368715109619167e+01
1.038568173073747580e+01
1.038408112819566576e+01
1.038622878458004628e+01
1.038417199311181349e+01
1.038196468218009549e+01
1.037961927557168096e+01
1.038227924041144767e+01
1.038489959746354252e+01
1.038720512018161735e+01
1.038919910933500468e+01
1.038563195902163017e+01
1.038749191496085622e+01
1.038556489476556877e+01
1.038318608687138678e+01
1.038065902429990928e+01
1.037811389232975934e+01
1.037564500137095358e+01
1.037330044006237273e+01
1.037629339112207560e+01
1.037394190565531460e+01
1.037725466256899409e+01
1.037536191441132516e+01
1.037366269185906908e+01
1.037176019964312523e+01
1.037561960082883949e+01
1.037930914943920513e+01
1.038256464729501616e+01
1.037920669647737348e+01
1.037814414788408079e+01
1.037653538054744118e+01
1.037470091312603770e+01
1.037274224477526019e+01
1.037637069240250121e+01
1.038007031701376803e+01
1.037690384557591194e+01
1.037539177780257660e+01
1.037355315951680623e+01
1.037721811813313799e+01
1.038078690717594554e+01
1.037755082125683970e+01
1.038052142883802986e+01
1.037855823244820641e+01
1.038142562408193470e+01
1.037920449875424467e+01
1.037714538128071240e+01
1.037489515995045508e+01
1.037256675825618224e+01
1.037599986061833768e+01
1.037304868069408137e+01
1.037647631269207693e+01
1.037975733959551761e+01
1.038282909815350941e+01
1.037826958028348479e+01
1.037645668138012489e+01
1.037433460730958856e+01
1.037211739460546411e+01
1.036987534024938462e+01
1.036766905700421937e+01
1.036552731563089047e+01
1.036920734173368963e+01
1.036632146532095256e+01
1.037010636514644268e+01
1.037388189600358501e+01
1.037036065942786678e+01
1.037347001870694108e+01
1.037640122401057319e+01
1.037355891362963511e+01
1.037617179852817806e+01
1.037871653240630465e+01
1.038123928330981904e+01
1.037765069428863285e+01
1.037585204733652056e+01
1.037391758931354246e+01
1.037645524284307719e+01
1.037920282686563311e+01
1.038195670218966171e+01
1.037793874711459274e+01
1.038039733646827933e+01
1.037793445890804911e+01
1.037553319892772308e+01
1.037312936918662665e+01
1.037589032812108591e+01
1.037315192620601323e+01
1.037606004728810483e+01
1.037884596743234589e+01
1.037573429380434931e+01
1.037336719274257923e+01
1.037087535300510410e+01
1.036840621637455406e+01
1.037162535508829286e+01
1.037490635293421981e+01
1.037147087205575602e+01
1.037437239100504094e+01
1.037695314739723074e+01
1.037419364023068447e+01
1.037665591587229308e+01
1.037423485125367151e+01
1.037181421419273519e+01
1.037460516557613488e+01
1.037723652260193496e+01
1.037959459485652935e+01
1.038173825597520938e+01
1.038376978771281323e+01
1.037848501263041534e+01
1.037633422954361073e+01
1.037855050156726122e+01
1.037592753932990419e+01
1.037342543535210204e+01
1.037096588853570189e+01
1.036866235015341964e+01
1.037147051499082195e+01
1.036901768495505571e+01
1.037204545200973094e+01
1.036988042127316767e+01
1.036793430077956479e+01
1.036589064870271848e+01
1.036386551560672764e+01
1.036760264166730394e+01
1.036529105878524248e+01
1.036901082204075308e+01
1.037238016191531997e+01
1.037530862187688818e+01
1.037794786335656383e+01
1.037370937504310575e+01
1.037304567174777681e+01
1.037177014515381757e+01
1.037025255557580650e+01
1.036862533749280679e+01
1.036695630279896108e+01
1.037014509686611063e+01
1.036798830697473228e+01
1.036655461364343012e+01
1.036500421191163390e+01
1.036884676867581412e+01
1.036667876161165758e+01
1.036532722978565779e+01
1.036937861136332018e+01
1.036728620669457790e+01
1.036591168083093528e+01
1.037002304597601210e+01
1.036779081889156373e+01
1.036630247131433080e+01
1.037039662767666925e+01
1.037440120106569097e+01
1.037825404192877699e+01
1.038209312711022569e+01
1.037490798951394844e+01
1.037408686870660546e+01
1.037676040819221690e+01
1.037488479895563032e+01
1.037759481288231633e+01
1.037550603618049472e+01
1.037822207074221836e+01
1.038092934493107933e+01
1.038359078953445369e+01
1.037982216358701848e+01
1.038225924368508757e+01
1.038469437402578421e+01
1.038708648813692825e+01
1.038386012443704054e+01
1.038647041731788612e+01
1.038344561103201791e+01
1.038620026256398177e+01
1.038895534529508069e+01
1.039158964151440401e+01
1.038785923944332623e+01
1.038439384656650866e+01
1.038119442562910422e+01
1.038397165415365109e+01
1.038086891586249116e+01
1.038385261924635472e+01
1.038667966152712019e+01
1.038363604144266006e+01
1.038061380007834700e+01
1.037760719674411014e+01
1.037472178383940857e+01
1.037792740881309683e+01
1.038114884901133905e+01
1.038395596230408024e+01
1.038628123265278802e+01
1.038307576162995005e+01
1.038101096434373538e+01
1.038368561590777439e+01
1.038607543581484549e+01
1.038367601490847214e+01
1.038110173958261484e+01
1.037837985579573719e+01
1.038135035312664201e+01
1.037859763027910809e+01
1.038165792645107821e+01
1.037904028246326504e+01
1.038207169262826746e+01
1.037947920336011975e+01
1.038244436032869800e+01
1.037981696922417640e+01
1.038271084048895609e+01
1.038002957964023842e+01
1.037725699925657530e+01
1.038043238941280144e+01
1.038320846276315024e+01
1.038544526278440117e+01
1.038233062872216372e+01
1.038449228290246928e+01
1.038209511357223391e+01
1.037933730780812347e+01
1.037641668267046491e+01
1.037348924237275583e+01
1.037065927865485726e+01
1.036798231710869445e+01
1.037153249455187698e+01
1.036887437817503077e+01
1.036679730382862807e+01
1.036468181508991471e+01
1.036896578384369327e+01
1.037315211400960990e+01
1.037685370572619625e+01
1.037339044213131878e+01
1.037249438867772966e+01
1.037103754090718155e+01
1.036930607986427155e+01
1.037314477366977172e+01
1.037092636200828188e+01
1.036921676753410182e+01
1.036733816388119678e+01
1.036540211259260325e+01
1.036348551671527751e+01
1.036163409070498176e+01
1.036630780288476572e+01
1.037127641518537047e+01
1.036764624897391940e+01
1.037166175610441243e+01
1.037016331793790336e+01
1.037390592516237220e+01
1.037223054745568618e+01
1.037572323836273824e+01
1.037898628086385600e+01
1.038205496054282051e+01
1.038505926017334779e+01
1.038032112122750128e+01
1.038275733386603505e+01
1.038150902779892704e+01
1.038000923164868006e+01
1.038267521163978024e+01
1.038058401108684947e+01
1.037873822974902538e+01
1.038157387311662205e+01
1.037920723154803859e+01
1.037716473099504277e+01
1.038021889713149370e+01
1.037766252306936288e+01
1.037551021623152003e+01
1.037876922977099881e+01
1.038203241645029529e+01
1.038511181654154036e+01
1.038093312440340732e+01
1.037891392014109115e+01
1.038177435733278209e+01
1.038455352024335454e+01
1.038715374781023826e+01
1.038337987793785189e+01
1.038100027336940911e+01
1.037846736011577065e+01
1.038123385520380992e+01
1.037837449033996506e+01
1.038125273033247886e+01
1.038397261459028087e+01
1.038642320103570427e+01
1.038864892789479732e+01
1.039073692203556298e+01
1.038572018040107459e+01
1.038341695713537582e+01
1.038578225417673728e+01
1.038302705816327176e+01
1.038039461791587037e+01
1.038303034793576352e+01
1.038562287070941181e+01
1.038794441692310144e+01
1.038465519022119032e+01
1.038199131079936777e+01
1.037925033496447824e+01
1.037657026627594092e+01
1.037406117406945683e+01
1.037706791164796094e+01
1.037450963488980626e+01
1.037239017785208617e+01
1.037026612520374158e+01
1.036822477343318383e+01
1.036631378162321404e+01
1.037033657176567658e+01
1.036825495136044317e+01
1.036691902237104124e+01
1.036547756198952897e+01
1.037013265609697221e+01
1.037477510679089932e+01
1.037210795284482323e+01
1.037590745737609232e+01
1.037490352146828698e+01
1.037391236386877580e+01
1.037254495558166845e+01
1.037096847441041447e+01
1.037517974705081869e+01
1.037941635078834501e+01
1.038344703075649811e+01
1.038733438306954149e+01
1.038096376610641869e+01
1.038349114933065032e+01
1.038264295665745252e+01
1.038532028199243840e+01
1.038372603633604641e+01
1.038645416060305315e+01
1.038914905403830069e+01
1.038673281204666665e+01
1.038938512883355081e+01
1.038712113265074422e+01
1.038984653567756133e+01
1.038729188323272901e+01
1.039008068849731714e+01
1.039277053636838666e+01
1.038975163302081661e+01
1.039247487993042540e+01
1.038950378602571156e+01
1.039230614690559662e+01
1.039493618677499498e+01
1.039729551380605344e+01
1.039938543372763036e+01
1.040122924221383727e+01
1.039789014190194472e+01
1.039451296091240629e+01
1.039723297632123611e+01
1.039373225934926204e+01
1.039032221302337256e+01
1.039320575548266312e+01
1.038994968452788470e+01
1.039298965141281883e+01
1.039576950718967652e+01
1.039270581165221152e+01
1.038945681789635067e+01
1.039252172521431561e+01
1.039526468768836232e+01
1.039220877702401502e+01
1.039499516054998374e+01
1.039188367070668662e+01
1.038850151259627808e+01
1.038510486826616663e+01
1.038183270211830411e+01
1.037875160018882603e+01
1.038221421217453688e+01
1.037942590495227435e+01
1.038312767319510677e+01
1.038077752012098109e+01
1.038440659753769424e+01
1.038742674035730396e+01
1.038974333609760237e+01
1.038778340336109629e+01
1.038609531433485245e+01
1.038885530743636743e+01
1.039120975314109252e+01
1.038913351882305669e+01
1.039150561292542996e+01
1.039344052259856355e+01
1.039492931176225454e+01
1.039317209616816484e+01
1.039505502527976688e+01
1.039289682593010156e+01
1.039016975959672884e+01
1.039264691753144199e+01
1.039488085564884834e+01
1.039667191652534228e+01
1.039802322113212618e+01
1.039584290537985112e+01
1.039775101692772274e+01
1.039515719210292843e+01
1.039737508907532160e+01
1.039435858908053412e+01
1.039100224077264301e+01
1.039370872260427703e+01
1.039050939878815427e+01
1.038716671239524381e+01
1.039028185314886343e+01
1.038714607150857461e+01
1.038396777345471023e+01
1.038742965976563326e+01
1.038446834620994963e+01
1.038791352642843080e+01
1.039071773363092710e+01
1.039274915153942125e+01
1.039409689570996775e+01
1.039492302281813529e+01
1.039538598788986512e+01
1.039561604574019249e+01
1.039571283271733293e+01
1.039575201654360370e+01
1.039577855275251395e+01
1.039581539095145679e+01
1.039586796035614036e+01
1.039211124864310420e+01
1.039452646147076109e+01
1.039655215393199050e+01
1.039728193458471317e+01
1.039883023746438617e+01
1.039984379096805256e+01
1.040111152449595799e+01
1.040219238951622671e+01
1.040377575862846982e+01
1.040410126990633088e+01
1.040497623284652029e+01
1.040614772776052455e+01
1.040656297660920693e+01
1.040725639354847409e+01
1.040805853860890018e+01
1.040907328124515629e+01
1.040953751955401785e+01
1.041038392290164438e+01
1.041179808186493538e+01
1.041214999047464396e+01
1.041368710535403608e+01
1.041409576553297178e+01
1.041459262072403114e+01
1.041472072615959021e+01
1.041467096042102369e+01
1.041452131408195036e+01
1.041706785124735468e+01
1.041648834090528553e+01
1.041663559495784241e+01
1.041647193227674073e+01
1.041971883630482232e+01
1.042302628083383986e+01
1.042630486637322917e+01
1.042982423033967798e+01
1.043393814398439190e+01
1.042340922273093717e+01
1.042563199904600424e+01
1.042656350920483810e+01
1.042784078373850498e+01
1.042768975416705857e+01
1.042761973184745372e+01
1.042922081610332796e+01
1.043103635286186304e+01
1.042928134335989299e+01
1.042861590005612982e+01
1.043034777072853636e+01
1.042877098754742526e+01
1.042736717088604337e+01
1.042936489640261755e+01
1.042721756996285443e+01
1.042540205243720486e+01
1.042336630140080977e+01
1.042580410327032148e+01
1.042836835244795601e+01
1.042486233299477227e+01
1.042690842749367164e+01
1.042879328511821768e+01
1.043058304264864233e+01
1.042703416870129196e+01
1.042858095888039038e+01
1.042643583759791603e+01
1.042822411300121388e+01
1.042552116448329969e+01
1.042279853851644944e+01
1.042489448873820912e+01
1.042177373539334795e+01
1.042399170492385174e+01
1.042607296124424110e+01
1.042793725570475161e+01
1.042413482959904236e+01
1.042112129741568438e+01
1.041789187112809856e+01
1.042022138881160309e+01
1.042251630642227589e+01
1.042456171907708651e+01
1.042636779065576746e+01
1.042801792466824473e+01
1.042295177536539086e+01
1.042472652042622094e+01
1.042636730699204861e+01
1.042781349542617697e+01
1.042503279731077726e+01
1.042714747304274248e+01
1.042332523498099484e+01
1.042570868967992226e+01
1.042162890868388736e+01
1.042417912564790505e+01
1.042647770207079816e+01
1.042839712250588136e+01
1.042994137328073911e+01
1.043114407603080984e+01
1.043203516397099406e+01
1.042963372664290844e+01
1.043193908954998861e+01
1.043408002222054343e+01
1.042956106680050254e+01
1.043221486349984062e+01
1.042710614047041062e+01
1.042999555738200890e+01
1.043257384518452646e+01
1.042777310108339783e+01
1.042251238135093949e+01
1.041751799147968427e+01
1.042062679897731137e+01
1.042359704242063678e+01
1.041989544971470849e+01
1.041544973502104554e+01
1.041104231532199442e+01
1.040689795102666082e+01
1.041032632563691607e+01
1.041371356672609316e+01
1.041634717190279780e+01
1.041803216521400799e+01
1.041882848975843423e+01
1.041889313278487350e+01
1.041838998282660533e+01
1.042117325126041472e+01
1.042241489657575926e+01
1.042331152763452096e+01
1.042380904084867232e+01
1.042559715751188243e+01
1.042706225764946559e+01
1.042812614688663864e+01
1.042880957975199152e+01
1.042898787591988174e+01
1.043084440070624375e+01
1.042838681871320539e+01
1.042485647312238406e+01
1.042121376976774627e+01
1.041777015982747301e+01
1.041464014156915141e+01
1.041654365854805775e+01
1.041430735206153635e+01
1.041711173163458604e+01
1.041523315133595773e+01
1.041265430853112406e+01
1.041603842886759956e+01
1.041915568803637804e+01
1.041814007318581581e+01
1.042138332579806459e+01
1.041996337219838686e+01
1.042320895536001224e+01
1.042567358147874046e+01
1.042476462628200728e+01
1.042741705819791243e+01
1.042562181477962646e+01
1.042271108432422899e+01
1.041938525740126664e+01
1.041596201248235332e+01
1.041258486051802912e+01
1.040937842413462278e+01
1.041263595899058636e+01
1.041606186550552060e+01
1.041419449015687171e+01
1.041754780673941738e+01
1.041617051619181211e+01
1.041397454050277105e+01
1.041764199491395537e+01
1.041544532034783188e+01
1.041895481544091773e+01
1.041683721925511996e+01
1.042015802609686936e+01
1.041795789344616985e+01
1.041525633260815731e+01
1.041222400714960195e+01
1.040909779751513398e+01
1.040600844208333164e+01
1.040303262162494491e+01
1.040022514730019587e+01
1.040423791448740509e+01
1.040846390852513892e+01
1.040552488452361857e+01
1.040916197582839864e+01
1.041218190503732721e+01
1.041085451358630465e+01
1.040955623782361883e+01
1.041275777646395362e+01
1.041079033638330564e+01
1.040871305529071122e+01
1.040630689819481525e+01
1.040377313957610461e+01
1.040120953444604268e+01
1.040488375241988628e+01
1.040873531248094608e+01
1.040512023935110264e+01
1.040837169343557989e+01
1.041126750281616609e+01
1.041379860034518678e+01
1.041607664155316471e+01
1.041824403148799938e+01
1.041357801150738993e+01
1.041273332048288225e+01
1.041501038026883741e+01
1.041742565453662017e+01
1.041980497015783058e+01
1.042209356146102017e+01
1.042429347717821386e+01
1.042131350993183148e+01
1.041895632264924743e+01
1.041653815580955289e+01
1.041434443447823099e+01
1.041641542095800865e+01
1.041414370655362021e+01
1.041660243849568346e+01
1.041430462020277226e+01
1.041198956342987891e+01
1.041464535421631155e+01
1.041733139408490239e+01
1.041977533841273740e+01
1.042193583662118961e+01
1.042385113423486409e+01
1.042037374704293917e+01
1.041817809464381916e+01
1.041555554653828786e+01
1.041295099798640322e+01
1.041042234738340433e+01
1.040802350673725840e+01
1.041039555673540917e+01
1.041318498807934745e+01
1.041584725036592651e+01
1.041283256178846273e+01
1.041114512653127022e+01
1.040902882377775640e+01
1.040674132683657938e+01
1.040443454004782531e+01
1.040755523529868398e+01
