2.009620174410213967e-04
3.344739422239450871e-04
4.658967935596503235e-04
6.678187430710503646e-04
7.930467931384247793e-04
9.150238341464533506e-04
1.035123302411517475e-03
1.152268795650112764e-03
1.266807821624195765e-03
1.378743433059629155e-03
1.488089730834941775e-03
1.595288225697885339e-03
1.699529976055697391e-03
1.801267257522071001e-03
1.971574169847755895e-03
2.066468779878385086e-03
2.158656591061946031e-03
2.248617078880950013e-03
2.336397512402695834e-03
2.422038247925791497e-03
2.505585296227226619e-03
2.587088011649077077e-03
2.666595303321506270e-03
2.744153663484182569e-03
2.819817894039803197e-03
2.894125031042112887e-03
2.966639254991151539e-03
3.037407806911270654e-03
3.105976064820395021e-03
3.172881858500852231e-03
3.238176629785532480e-03
3.301903745377019351e-03
3.364110078901805245e-03
3.424841845584706938e-03
3.484136372977859625e-03
3.542039370537531078e-03
3.598598309379062894e-03
3.654356201922946776e-03
3.805832959776698533e-03
3.850964978760671592e-03
3.895715526867429140e-03
3.940030026727381340e-03
3.983857554220200485e-03
4.027159833298750956e-03
4.180189444346400773e-03
4.212967896816126323e-03
4.373808545464886663e-03
4.395168557685959557e-03
4.418600829906979902e-03
4.443379829309497715e-03
4.469271181125382408e-03
4.496061283308913636e-03
4.523037141939984657e-03
4.550545332876996391e-03
4.578442735632027791e-03
4.606603758034035628e-03
4.634925079678031343e-03
4.663314324264079130e-03
4.691696171124530752e-03
4.720005180775753949e-03
4.748192468052201201e-03
4.776225643267341565e-03
4.804059793496759032e-03
4.831659527410185270e-03
4.858991065151311434e-03
4.886031152824173336e-03
4.912762347501630107e-03
4.939170305128989455e-03
4.965246086516595519e-03
4.990980442107112100e-03
5.016366988647396989e-03
5.041400079816020681e-03
5.066078626627755661e-03
5.090402041606179387e-03
5.114370408359107840e-03
5.137979244133533685e-03
5.161235482292133442e-03
5.184142489796766604e-03
5.206698243727470553e-03
5.228911336140116758e-03
5.250772893651967435e-03
5.272293909678596284e-03
5.293480670842240846e-03
5.314336851972665393e-03
5.334866686924431139e-03
5.355605623476767004e-03
5.376032308916094300e-03
5.396149212149257621e-03
5.415959100168819991e-03
5.435465544979320787e-03
5.454672132810184544e-03
5.473581502727870550e-03
5.492198678125490875e-03
5.510525937134284728e-03
5.528020302684467577e-03
5.545229708184242629e-03
5.562554216294143122e-03
5.579758473270449506e-03
5.596699658786499429e-03
5.613381024877486108e-03
5.737776933501902502e-03
5.744328761143890905e-03
5.751575943950899307e-03
5.759414102033156256e-03
5.767754375998128402e-03
5.776515993416509072e-03
5.785629682157297261e-03
5.795035593048248994e-03
5.804680205834537345e-03
5.814516820997348706e-03
5.824505044654150823e-03
5.834607683665431893e-03
5.844794894747400681e-03
5.855038738263539620e-03
5.865314779877069118e-03
5.876178201427073935e-03
5.886470557575053386e-03
6.006068420414196335e-03
6.005928072283242547e-03
6.006903306607419210e-03
6.008834509915559653e-03
6.011592356658944196e-03
6.015060692413165891e-03
6.019139753218365890e-03
6.023741397278127921e-03
6.028789852909697405e-03
6.034211070798579067e-03
6.039953768282052375e-03
6.045967527589013457e-03
6.052208331365052478e-03
6.058638319019557170e-03
6.065220595003803679e-03
6.071926400329511787e-03
6.078729240548641499e-03
6.197333162204360368e-03
6.193408458045898159e-03
6.190760477363172441e-03
6.189218079289159243e-03
6.354805144149902781e-03
6.336620060354021533e-03
6.321425607510524833e-03
6.308864601868880220e-03
6.298610228130862784e-03
6.290365732461447416e-03
6.283868216781906407e-03
6.278884678767521557e-03
6.425865155936007385e-03
6.407235899169060230e-03
6.391572629462711867e-03
6.378483497096491470e-03
6.367629740555379690e-03
6.358714315857902019e-03
6.351478087962852091e-03
6.345696183252495272e-03
6.341171963859249840e-03
6.337737418003201034e-03
6.335245632199975295e-03
6.333569300687299543e-03
6.332596932691517133e-03
6.332235195211791470e-03
6.332401449529344827e-03
6.333022887515268526e-03
6.334037657822013702e-03
6.335390526815154640e-03
6.454927791975282290e-03
6.444754614628756331e-03
6.436230287045334800e-03
6.429141654838141373e-03
6.423275526030203762e-03
6.418452232213909397e-03
6.414594964999582871e-03
6.411561363029992869e-03
6.409304773374135782e-03
6.407969737361240113e-03
6.407013970490410722e-03
6.406525457739994933e-03
6.527279481665503903e-03
6.515401436794888979e-03
6.505342330910541919e-03
6.496860334525790016e-03
6.489747248470724601e-03
6.483196318501971422e-03
6.477672910278719012e-03
6.473044953575177868e-03
6.469195740816943013e-03
6.466042097675214241e-03
6.463470243617541744e-03
6.461426297908984956e-03
6.459843096230909361e-03
6.458660828372543919e-03
6.457830527607865724e-03
6.457307158145899825e-03
6.457053496570933603e-03
6.598002461803121298e-03
6.583034973850022953e-03
6.570175028775142138e-03
6.559088831938085506e-03
6.688474014108282927e-03
6.665266498395086905e-03
6.645069762668661707e-03
6.627829028482540991e-03
6.761030775164507574e-03
6.731533233675457070e-03
6.705671697351241710e-03
6.683673852673330598e-03
6.664487617966569598e-03
6.647751557696929790e-03
6.633152529997103294e-03
6.620419224406096786e-03
6.609316307427133726e-03
6.599639664102233301e-03
6.591212091010235745e-03
6.583879632650189127e-03
6.577508373162940791e-03
6.571981625258633240e-03
6.567197563767347354e-03
6.563067255628846769e-03
6.559512848612369593e-03
6.556466066068643989e-03
6.553867023981019974e-03
6.551663006934624854e-03
6.680709773553968230e-03
6.811949261321898451e-03
6.782677310112640405e-03
6.757236397837462424e-03
6.734925832516797800e-03
6.872277121992499856e-03
6.838155176854996201e-03
6.983103410740537989e-03
6.936567371306275910e-03
6.895419090549382082e-03
6.859610504671133369e-03
6.827975746832064090e-03
6.976059189192833007e-03
6.931427872378112011e-03
6.892553791950604969e-03
6.858152762275013248e-03
6.827014457553928946e-03
6.799321692199229890e-03
6.774660087791851970e-03
6.752669439398004299e-03
6.733042864821916183e-03
6.715498054210320561e-03
6.699790932951452810e-03
6.685709664521017823e-03
6.673009053927481116e-03
6.661581520573577053e-03
6.651283748763836545e-03
6.642001417178527642e-03
6.633622734561552686e-03
6.626065112407790968e-03
6.619215862088602235e-03
6.612996674694640760e-03
6.607340391712740978e-03
6.602187239189654007e-03
6.733784522821997104e-03
6.716064145244146459e-03
6.700318818174700111e-03
6.686284986663508512e-03
6.673720544214925901e-03
6.662432021081950671e-03
6.652282414520167136e-03
6.643202255575104444e-03
6.634940899657019650e-03
6.627472482985248721e-03
6.620693932867190157e-03
6.614528106752760872e-03
6.608899875431149991e-03
6.603750355267550866e-03
6.599026969658663283e-03
6.594684426776748452e-03
6.727039528107358821e-03
6.710141649932979159e-03
6.695095713190424985e-03
6.681629829280623031e-03
6.670365800960025883e-03
6.660336428261544491e-03
6.651384290807818567e-03
6.642573798839964370e-03
6.634585152727971030e-03
6.627306022266862308e-03
6.620687844428329444e-03
6.614635083245177030e-03
6.609080721634501103e-03
6.603969594807256732e-03
6.599250334568125889e-03
6.594879355945622475e-03
6.590821849383621776e-03
6.587043729941445720e-03
6.583515865933095047e-03
6.580214603009833935e-03
6.577125328424525061e-03
6.708366161891628904e-03
6.693291173971324844e-03
6.679190496160623651e-03
6.666583699829486259e-03
6.655335988548439358e-03
6.645427737856189968e-03
6.637016325219039989e-03
6.772967343566689384e-03
6.751102956466395813e-03
6.731631412217413055e-03
6.714990680788127803e-03
6.858537121773653281e-03
6.828730449465117772e-03
6.802223677712260913e-03
6.779308088478348295e-03
6.758094054775148907e-03
6.739832404150720990e-03
6.723487699911277586e-03
6.708825242861799105e-03
6.694830131723376702e-03
6.682948241857927102e-03
6.823109171089147135e-03
6.975706908537981747e-03
6.935362855764976714e-03
6.898744731389350182e-03
6.866069517806609908e-03
6.836860518123073251e-03
6.810685938262108115e-03
6.787978557724595741e-03
6.767633097346742975e-03
6.749367147522312115e-03
6.732126720294813980e-03
6.716491598956189114e-03
6.702282942059299004e-03
6.842729155401603564e-03
6.814748495645148001e-03
6.790575834094331881e-03
6.769027410143618230e-03
6.749773081324684544e-03
6.731711326603188536e-03
6.715344124341597609e-03
6.700490484177275448e-03
6.686994778020866406e-03
6.674712318773488688e-03
6.663573991321951502e-03
6.653385996598308594e-03
6.644039503097123878e-03
6.782980685162302847e-03
6.760301207746980887e-03
6.740166774989077812e-03
6.927429024738437566e-03
6.885039379729062346e-03
6.847650946022119413e-03
6.814651242795218521e-03
6.786252550422480594e-03
6.761187358073280328e-03
6.739017363628291464e-03
6.718503875070850652e-03
6.700251926892675410e-03
6.842673210955613726e-03
6.810409029811575858e-03
6.782581308425901338e-03
6.757932899572860128e-03
6.736041922234455373e-03
6.715683022751270555e-03
6.697480914083966952e-03
6.681087008940619562e-03
6.666288935376400715e-03
6.652890943083882534e-03
6.640725583478273610e-03
6.629646158224180609e-03
6.619526810543567737e-03
6.610257625691447897e-03
6.601742882151021355e-03
6.741602979695695413e-03
6.720409853422121271e-03
6.870251944968449806e-03
6.834601736416321197e-03
6.802858282218863899e-03
6.775383431304238258e-03
6.750923794842731383e-03
6.729097009581355530e-03
6.708747759901079709e-03
6.861935093198006166e-03
7.029071682870715286e-03
6.978477597439762016e-03
6.933360175931249127e-03
7.111356509882764583e-03
7.053973695344728685e-03
7.002021117875170328e-03
6.955510331014254886e-03
6.913828166013484544e-03
6.877280901994011972e-03
6.844554681649186838e-03
6.815202851843923763e-03
6.787958285670196018e-03
6.763410216997158171e-03
6.922706704815188676e-03
6.884705125601815051e-03
6.850792483193890794e-03
6.820462300557611143e-03
6.792472473531685137e-03
6.767232468861506672e-03
6.744423549745438666e-03
6.723763277208242260e-03
6.705006323544785915e-03
6.687937116376556530e-03
6.672368935769488509e-03
6.821780534887557368e-03
6.791283436530736427e-03
6.763995857687297129e-03
6.925486011328115324e-03
6.884456841066059415e-03
6.848667823383648712e-03
6.815918913623464880e-03
6.786596097023987577e-03
6.760232461933648150e-03
6.736484302683373206e-03
6.715033847660229795e-03
6.695610388566152621e-03
6.677977739604626546e-03
6.661927660002195904e-03
6.647284509438721942e-03
6.633893428835176652e-03
6.778912012797989883e-03
6.751846284481069493e-03
6.726931242931883173e-03
6.704564316316923706e-03
6.684423242244635910e-03
6.666231205793262532e-03
6.649750138273914299e-03
6.634771661128613905e-03
6.621120100425065269e-03
6.608647004908917502e-03
6.793072657845414253e-03
6.759977541828492142e-03
6.920826195028906801e-03
6.872814545960203789e-03
6.830580442480247913e-03
6.793376796877570283e-03
6.759662396741218486e-03
6.729800839817195145e-03
6.703217577654520601e-03
6.679490760365300837e-03
6.658254313980175795e-03
6.639189863643009740e-03
6.622015768575280001e-03
6.606487618008125874e-03
6.592414729521909461e-03
6.579627437504860683e-03
6.567979759635958134e-03
6.557332977362310793e-03
6.547571322274848594e-03
6.538594154740911928e-03
6.530312724047727946e-03
6.522650708576605005e-03
6.515541679357443258e-03
6.659277741423801598e-03
6.638146384168962418e-03
6.619237322154783790e-03
6.602253909133418489e-03
6.586942051349062299e-03
6.573083859712136948e-03
6.560488639418340061e-03
6.549000885194207131e-03
6.538499932448541690e-03
6.528871341189241249e-03
6.520016924997453639e-03
6.511850318806042780e-03
6.504296068110208134e-03
6.497288897594346441e-03
6.490769560111712619e-03
6.634700831269260343e-03
6.614230269107163225e-03
6.769434826489850038e-03
6.736506222348001734e-03
6.707270356976130499e-03
6.680368095967390181e-03
6.656308752549830281e-03
6.634671880393242654e-03
6.615162323012147363e-03
6.597523051077471348e-03
6.749424659669365535e-03
6.717452966505602606e-03
6.688900075494982021e-03
6.663326522247505455e-03
6.640353921871661354e-03
6.792494523212266530e-03
6.973872280114295358e-03
6.917387991811600398e-03
6.867021474753856082e-03
6.822901240834436734e-03
6.782735113795092079e-03
6.957472518785518152e-03
7.163876477889056030e-03
7.087719453722930024e-03
7.020365775777102912e-03
6.959455856921059960e-03
6.904993478235006178e-03
6.856214007794764198e-03
6.812522346232165876e-03
6.773409338992184350e-03
6.738298028879006162e-03
6.706722575066929003e-03
6.678268007794267193e-03
6.652585420590026270e-03
6.629373563274722908e-03
6.796521641953833653e-03
6.758131773470781901e-03
6.941518286408323093e-03
6.889148547987799555e-03
6.842533792922819019e-03
6.800176048974862150e-03
6.762233076929626170e-03
6.728187801584961658e-03
6.697572753241724797e-03
6.669968623374987124e-03
6.645039058717362723e-03
6.622489570759748992e-03
6.602051288194339326e-03
6.583487961256451020e-03
6.566595086756606831e-03
6.551186875936374290e-03
6.537104248577594451e-03
6.690132528967420757e-03
6.660680621190311415e-03
6.634342149890452150e-03
6.610707311799568324e-03
6.589418465038132666e-03
6.570213835480303091e-03
6.552843447558423517e-03
6.537089062410852795e-03
6.522762520158651052e-03
6.509702883759836169e-03
6.665141863052086689e-03
6.637603611961482956e-03
6.612952069624909203e-03
6.770069515715296943e-03
6.731318284683092228e-03
6.904424903592005190e-03
7.109513360466862553e-03
7.035029383324149267e-03
6.969196019956531638e-03
6.909623043063185116e-03
6.856356261099359230e-03
6.808670304506259791e-03
6.765980908152621244e-03
6.727686707241060070e-03
6.693286943313375877e-03
6.662321703325953595e-03
6.634415079733627096e-03
6.609228155067562935e-03
6.586455619879782661e-03
6.565828182675306421e-03
6.547110723011972423e-03
6.530092777007560217e-03
6.514586270794956065e-03
6.500431494432884483e-03
6.487484632261670929e-03
6.475608854700113520e-03
6.464697723763128574e-03
6.454653713720126702e-03
6.445381618731063807e-03
6.436802377238766415e-03
6.428841353862606994e-03
6.421443677996925732e-03
6.414553302150865013e-03
6.408119791609229871e-03
6.402098493907138442e-03
6.396449733169983290e-03
6.391137273239777886e-03
6.386129455794718746e-03
6.381398284311984477e-03
6.376918324194314272e-03
6.372666946681100619e-03
6.368623298782388926e-03
6.364769734352679516e-03
6.361089177971344585e-03
6.357567187816694221e-03
6.354190364623538839e-03
6.350945839565063505e-03
6.347823360292372159e-03
6.344813352183090345e-03
6.341907398208083621e-03
6.488985213437555022e-03
6.471866301391322220e-03
6.456542986199124978e-03
6.442770286550015928e-03
6.430354915151439976e-03
6.419120940746691865e-03
6.408926787001319701e-03
6.399640607553844750e-03
6.391153940889535666e-03
6.383375409392770712e-03
6.376223184715239072e-03
6.369627366862482334e-03
6.363526586868673875e-03
6.357867641126553442e-03
6.352603717940853538e-03
6.347693753071603079e-03
6.343101956927363165e-03
6.338795310180285469e-03
6.334746069381692705e-03
6.330928987402053773e-03
6.327321638554614901e-03
6.323904926274823320e-03
6.320660017914890572e-03
6.317571907142642378e-03
6.314626355506452668e-03
6.311809898558432344e-03
6.309111898393626044e-03
6.306521660279973754e-03
6.304030838294209620e-03
6.301631288284651605e-03
6.299316247331112305e-03
6.297078615221227485e-03
6.294911346644024505e-03
6.292810020642668374e-03
6.290770142359453435e-03
6.288787007326670196e-03
6.286856582723013460e-03
6.284975345384575911e-03
6.433154446025781369e-03
6.416993094475879553e-03
6.402596131982858652e-03
6.389709913691267971e-03
6.378142603021502363e-03
6.367721806619837562e-03
6.358301218481175222e-03
6.349756428400592581e-03
6.341990393214789329e-03
6.334908653167069248e-03
6.328431717406702434e-03
6.322491143610668024e-03
6.317020545514024157e-03
6.311974943808629050e-03
6.452601481539362721e-03
6.432333208932037617e-03
6.414321781640373692e-03
6.398275758419919891e-03
6.383940360056527402e-03
6.371093990988990069e-03
6.359548330544710984e-03
6.349143972950710250e-03
6.339757003657262545e-03
6.491751553079860154e-03
6.467437426895357964e-03
6.687495977195941251e-03
6.639582945832713141e-03
6.596569924324548369e-03
6.558614325637211577e-03
6.525088876593703943e-03
6.698113666091000395e-03
6.650262187342441574e-03
6.607352406222164777e-03
6.569363038825620608e-03
6.750528030408089672e-03
6.697497831853299957e-03
6.649864675508208520e-03
6.607675938794151278e-03
6.570232910248807387e-03
6.751605329075863714e-03
6.698861128970026030e-03
6.651417788122586036e-03
6.609285619525265623e-03
6.571804954799728531e-03
6.538418364293278537e-03
6.508640077419793231e-03
6.482036283932384596e-03
6.458244469711561450e-03
6.436921124898439643e-03
6.417776314132772782e-03
6.400558909745997921e-03
6.385049537073790235e-03
6.371073720556770167e-03
6.358450672132902153e-03
6.346982120904986688e-03
6.336569867684304844e-03
6.327063794780730770e-03
6.318437477463811208e-03
6.466940737794016868e-03
6.442991796838633614e-03
6.421670541248458361e-03
6.402641818338154767e-03
6.385619505789174796e-03
6.370351266384007526e-03
6.356644755763503699e-03
6.344298552974251409e-03
6.333152032565088525e-03
6.323068115174346887e-03
6.313928683650034922e-03
6.305641957374714078e-03
6.298100284152627695e-03
6.291214468358937405e-03
6.284907361226026688e-03
6.279122085060126306e-03
6.273808221841717381e-03
6.268915092496723726e-03
6.264398562065247658e-03
6.260221708618723437e-03
6.256350241927864826e-03
6.252754549353940067e-03
6.249407503818187049e-03
6.246283562426393696e-03
6.243362417268653354e-03
6.240624410430672259e-03
6.238052346801148569e-03
6.235630782785678110e-03
6.233346167609793084e-03
6.231186213551418406e-03
6.229139775022530384e-03
6.227197190597337680e-03
6.225348572028212464e-03
6.223586719092068578e-03
6.221904273474963484e-03
6.220294311684756473e-03
6.369523396670797970e-03
6.353544579985634204e-03
6.339336047294522568e-03
6.326661286110270808e-03
6.315318566222314148e-03
6.305138621399092834e-03
6.295994977365049206e-03
6.287743671546360338e-03
6.280279291658371656e-03
6.273510285109337552e-03
6.267356100895724903e-03
6.261747564432987995e-03
6.256623930205277608e-03
6.251933134180382400e-03
6.247627305490602821e-03
6.243666126842656316e-03
6.240013346038230171e-03
6.391827323391581842e-03
6.373722743362333562e-03
6.357615746953535103e-03
6.343239349129009205e-03
6.330369473028829401e-03
6.318818985964263710e-03
6.308442939713895282e-03
6.299085290994420674e-03
6.290626099071847631e-03
6.282963253608160430e-03
6.276007279600624017e-03
6.269674632294905924e-03
6.263898806030667073e-03
6.258619203987721667e-03
6.253783604084696066e-03
6.249345061175862887e-03
6.245260718328098266e-03
6.241493646158982091e-03
6.394742720249157325e-03
6.376537607948091872e-03
6.360333130559058488e-03
6.345863568003125635e-03
6.332907878982058612e-03
6.321276645395679412e-03
6.310824378076912260e-03
6.301395188541584688e-03
6.292869319427647941e-03
6.285144461932666050e-03
6.278130685678250111e-03
6.434608783467610747e-03
6.413024682142462983e-03
6.393794325429257713e-03
6.376617168125749656e-03
6.361234984143040831e-03
6.347426110277158695e-03
6.335018726496278486e-03
6.323833028115427579e-03
6.313726605658474302e-03
6.304579774733170237e-03
6.296321384043989874e-03
6.288777272189917042e-03
6.281905356718645028e-03
6.435488479699632940e-03
6.413167226636129134e-03
6.393336925957997241e-03
6.375671096683803614e-03
6.359895506791449042e-03
6.345785290136682529e-03
6.333136096608330337e-03
6.495506134740263067e-03
6.468318557181618363e-03
6.444095102282142336e-03
6.422473981350305429e-03
6.403133720861080118e-03
6.385796827400111106e-03
6.370238533379762522e-03
6.356236969297015399e-03
6.343611487060850720e-03
6.332205877242425875e-03
6.321911359702775748e-03
6.312546280300778724e-03
6.303994753076215367e-03
6.296178496278043331e-03
6.289056380062516514e-03
6.282545928054134032e-03
6.276615531629984104e-03
6.271171963219791118e-03
6.266165717778498720e-03
6.261553389844579792e-03
6.257294173744112897e-03
6.253353263083101000e-03
6.249698699141664412e-03
6.246336181371134159e-03
6.243214836475362468e-03
6.240304597282456470e-03
6.237582441721623017e-03
6.235016469855201096e-03
6.232585280998810713e-03
6.230292624247232153e-03
6.228127047918196289e-03
6.226080980473190640e-03
6.224140965259031960e-03
6.222297673901573331e-03
6.220543312763541881e-03
6.218870783158581862e-03
6.217272685375330524e-03
6.215743045390659249e-03
6.214276645599891603e-03
6.212867870230915496e-03
6.211512440149376778e-03
6.210205967446412803e-03
6.208944800143985886e-03
6.207725749172664752e-03
6.206545951187433449e-03
6.205402349809401551e-03
6.204292110640961810e-03
6.203213947648620989e-03
6.202165636388921530e-03
6.201145407768209744e-03
6.200151647120845724e-03
6.199181873239421534e-03
6.198235519291706713e-03
6.197310848654455882e-03
6.196407194380219516e-03
6.195523878649565087e-03
6.194659320077222468e-03
6.344329389493450627e-03
6.329059603776266557e-03
6.315520048808267138e-03
6.303470975469569089e-03
6.292717849184733571e-03
6.283107558300950191e-03
6.274485658422720644e-03
6.266728098101519151e-03
6.259731802964420798e-03
6.253406067829486367e-03
6.247674262830318209e-03
6.242468330335022506e-03
6.237730975741902564e-03
6.233409436339790340e-03
6.229457491080378495e-03
6.225835031527832304e-03
6.222506231420497393e-03
6.219441607971327828e-03
6.216612235628810566e-03
6.213995025177269059e-03
6.211569358246234879e-03
6.209317205114714931e-03
6.207221600202773512e-03
6.359329749955797487e-03
6.342817309005897852e-03
6.328153268983849507e-03
6.315091011321717976e-03
6.303422360659690846e-03
6.292988067671023526e-03
6.283620471425586246e-03
6.275189744934444452e-03
6.267585494446930444e-03
6.260716618113317845e-03
6.417432625910714575e-03
6.396011465330124317e-03
6.376961268922369183e-03
6.359970163293441649e-03
6.344775681676338187e-03
6.331172613093815661e-03
6.318963131521656770e-03
6.307977504004138106e-03
6.298072860553217273e-03
6.289139970691603500e-03
6.281042271294137030e-03
6.273694323437072062e-03
6.267016097431634195e-03
6.260935215515741996e-03
6.255387763294068849e-03
6.250317302391788718e-03
6.245673880776811925e-03
6.241414450808884830e-03
6.237498886161603473e-03
6.233891844184056945e-03
6.230582093646633984e-03
6.227541668510397713e-03
6.224727544888096660e-03
6.222116115296200296e-03
6.219680809991895605e-03
6.217391284962868470e-03
6.215239333767236946e-03
6.213221524591189607e-03
6.211325358556969017e-03
6.209539563950737702e-03
6.360863825069754292e-03
6.344639123227518475e-03
6.330233674741827729e-03
6.317401404468491084e-03
6.305933507451467676e-03
6.464351124304905036e-03
6.438702458264433486e-03
6.603361443926143541e-03
6.562822869989696009e-03
6.526832658313945663e-03
6.494795433662754400e-03
6.466221979730555659e-03
6.440712148732613378e-03
6.417902909191857720e-03
6.397477121467331357e-03
6.379176497652860184e-03
6.362739364332436684e-03
6.347954736033603260e-03
6.334637994039059999e-03
6.322657471599347004e-03
6.311795065944752516e-03
6.301902826353194056e-03
6.292987658879842065e-03
6.284889071979977634e-03
6.277521647083921484e-03
6.270806597513786142e-03
6.264610048513053267e-03
6.258935346485260814e-03
6.253731728202236578e-03
6.248948458520812294e-03
6.244555959482017866e-03
6.240512917865831226e-03
6.236813781733015032e-03
6.233392682877455029e-03
6.230222577798978471e-03
6.227279053442678729e-03
6.224541546076998826e-03
6.221989775550810890e-03
6.365856825443382515e-03
6.348278632037043963e-03
6.332702554357963129e-03
6.318857593202450475e-03
6.306515800308967051e-03
6.295504158842188912e-03
6.285640981614209512e-03
6.276784131138258768e-03
6.268812739142560868e-03
6.261661612280979353e-03
6.255156768967241009e-03
6.249261062039037848e-03
6.243904203262450915e-03
6.239026506235053823e-03
6.234575424508919349e-03
6.230504882495074837e-03
6.226774428210066388e-03
6.223346319765399315e-03
6.220192416423863530e-03
6.217287745074360876e-03
6.214633925102014747e-03
6.212181107799964047e-03
6.209906195611960937e-03
6.207789689116391570e-03
6.205804529343314502e-03
6.203931270258021026e-03
6.355350569822110565e-03
6.339045009744881734e-03
6.324571034931942941e-03
6.311678985953203015e-03
6.300160732927161632e-03
6.289862235386388563e-03
6.280617322589807788e-03
6.272297379424749027e-03
6.264793152426212548e-03
6.258049835379931800e-03
6.251903752768486928e-03
6.246319352361684278e-03
6.241238097222616757e-03
6.236603668216255184e-03
6.232368064433915084e-03
6.381852540098719578e-03
6.362601337016669627e-03
6.345526057021661469e-03
6.330339925737007815e-03
6.316806348562568896e-03
6.469965762104853448e-03
6.441497536365731365e-03
6.416247887479017281e-03
6.393806959660302755e-03
6.373813320363932305e-03
6.355967881728722714e-03
6.523799340728337302e-03
6.491317809076056940e-03
6.462409413032011926e-03
6.436638839857658848e-03
6.413624048458717655e-03
6.393043675350889091e-03
6.564250931974347295e-03
6.528781062639033711e-03
6.497173711665294588e-03
6.468965566472531341e-03
6.443753327472169154e-03
6.621865697114171292e-03
6.581639890131048970e-03
6.545763499789437716e-03
6.513723119794308063e-03
6.485074723780201965e-03
