1.392660155318923947e-02
1.598651673829622546e-02
1.768906011559909577e-02
1.909633721037334170e-02
2.512922021251095747e-02
2.523333667756583187e-02
2.531769864596419839e-02
2.538722502704159056e-02
2.544439000476795415e-02
3.307666447033431878e-02
3.178885962073136479e-02
3.072472778221694081e-02
3.999274814627699209e-02
3.749348624038752187e-02
3.542744114366910835e-02
3.372251365308123056e-02
3.231583787554904996e-02
3.115582249905311796e-02
3.019955538120040056e-02
3.951101975106934006e-02
3.709384371659446566e-02
3.509692622707254878e-02
4.565919016171302719e-02
5.931516026293372212e-02
5.325004577573065612e-02
4.828430564162081856e-02
6.339251474948530418e-02
8.565844955804093053e-02
7.397420181694715213e-02
6.468305772905168227e-02
5.726243982372258151e-02
5.131502195807572525e-02
4.652978715040528152e-02
6.154932370206826070e-02
5.466282231287327570e-02
4.916945696112100250e-02
6.633979352759833414e-02
5.831867356870418934e-02
8.146308882155811615e-02
6.959443184993374665e-02
6.056423299862158383e-02
8.780088320687036429e-02
7.356877924785194811e-02
1.222697028707165068e-01
9.565954992517894384e-02
7.776698090027885091e-02
6.536374674348133240e-02
5.648256137747562078e-02
8.730497081552973659e-02
7.098304903462501758e-02
5.994132743968361154e-02
1.031872004809823162e-01
7.964860772430422398e-02
6.481218557880921716e-02
5.503163768357458713e-02
4.827438442286750842e-02
4.340353051618955904e-02
3.976963439374922582e-02
3.698680662922631396e-02
3.481437796989781536e-02
4.632822171657297039e-02
4.225208644955203569e-02
5.832904140167502471e-02
5.118872282560834458e-02
7.961164298983658405e-02
6.490493284355784709e-02
5.534488042818191955e-02
9.850720234333891490e-02
7.486884114362943321e-02
2.140054618269150444e-01
8.575665314989046051e-01
1.439668432936072495e+00
1.327239457277266554e+00
1.146447617742936353e+00
8.907426324645123517e-01
6.056102191651273614e-01
3.668836092661735826e-01
2.113433860099469264e-01
9.198843509313121558e-01
1.478048163002057880e+00
1.619142207034182990e+00
1.587268037865155579e+00
1.546517189267411885e+00
1.486829624969610020e+00
1.388783032177459020e+00
1.223381986930218712e+00
9.717936996547265061e-01
1.499050167173803683e+00
1.404408089088369449e+00
1.601149223166605573e+00
1.683799842513581169e+00
1.751854627492369421e+00
1.814659901158106825e+00
1.790912339633095263e+00
1.766856430759186303e+00
1.742441854620898622e+00
1.717599137430088296e+00
1.784544368847268414e+00
1.846351739788818946e+00
1.904317214086040044e+00
1.880723031355508779e+00
1.937158467506253645e+00
1.990658170918256253e+00
1.967263902653184848e+00
2.019699010810445117e+00
1.996257944600225320e+00
1.972557770962019452e+00
2.025463159130601820e+00
2.075706930634795722e+00
2.123726320479833340e+00
2.100387570661277348e+00
2.076811333803267434e+00
2.052965470814871018e+00
2.028813448535982111e+00
2.080510234535069447e+00
2.056476945070500939e+00
2.032116732229399592e+00
2.007385342585947363e+00
1.982232060254398576e+00
1.956598094269676347e+00
1.930416045180327611e+00
1.990670190367088921e+00
2.045847680611877273e+00
2.021123861659304133e+00
1.995994196321021263e+00
2.051114877795356950e+00
2.102541295440164770e+00
2.151113802047401435e+00
2.197371640310771035e+00
2.241684466642010154e+00
2.218118024375628217e+00
2.194309959535349019e+00
2.239357387068975580e+00
2.215527942817193452e+00
2.191426093274654541e+00
2.167016720754497694e+00
2.214179064221102333e+00
2.189871016698881068e+00
2.165233288739925488e+00
2.140223098954114445e+00
2.114791955000516754e+00
2.165904784503973168e+00
2.213728417067600152e+00
2.258994211788863282e+00
2.302180754320937606e+00
2.278213995560843141e+00
2.253975029143936215e+00
2.229429730830652989e+00
2.274724839693162970e+00
2.250269740321052758e+00
2.225484819750356280e+00
2.200328670830384858e+00
2.174754767223205931e+00
2.148709865765982663e+00
2.199792249473148331e+00
2.174163075925045430e+00
2.148065061422401278e+00
2.121439309650750005e+00
2.174730860777224439e+00
2.148647248719642633e+00
2.122048219499037103e+00
2.175257510612154999e+00
2.149180609672721509e+00
2.122597662373165939e+00
2.175747982641959233e+00
2.149672445304477542e+00
2.123098136874981723e+00
2.176207528210669206e+00
2.150129328822389496e+00
2.201206917162455756e+00
2.175502530339262108e+00
2.224903043321783347e+00
2.199484299876877103e+00
2.173654564545721701e+00
2.147365542455201393e+00
2.120563278662546125e+00
2.174225984208181472e+00
2.223891215441128111e+00
2.198373780981288217e+00
2.172440229711675830e+00
2.146041996693364595e+00
2.197903333225563749e+00
2.246200651217634903e+00
2.220881697812395750e+00
2.195173312535509957e+00
2.243864487921110484e+00
2.289668578113251751e+00
2.264719709352139621e+00
2.239424786314307525e+00
2.213743302666465240e+00
2.261724942168191532e+00
2.236296828052603658e+00
2.210468432236406766e+00
2.258847754788233964e+00
2.304331920904800324e+00
2.279295018003816953e+00
2.253905555127421412e+00
2.299949616264453933e+00
2.343530699243432824e+00
2.385093730772697818e+00
2.360591951662869725e+00
2.335801355420916714e+00
2.378103071274004332e+00
2.353367130207006941e+00
2.328315680513715957e+00
2.371319032407543936e+00
2.346366092856283725e+00
2.388630628644268228e+00
2.363752999999910731e+00
2.405351395499312872e+00
2.445115497114820791e+00
2.420576056562346423e+00
2.395749938930957335e+00
2.370603461149272118e+00
2.345099004455289737e+00
2.319193928884422995e+00
2.292840417409999887e+00
2.265984479158547948e+00
2.238565002984241215e+00
2.210511880744775226e+00
2.181744769537329542e+00
2.152170594000780923e+00
2.121681066190043818e+00
2.182789289040020453e+00
2.153629282882849161e+00
2.123646168425319836e+00
2.092734525531366963e+00
2.155962746208933911e+00
2.126462695809231196e+00
2.096130128241185275e+00
2.064862899660639517e+00
2.032542307289883166e+00
1.999028391866451981e+00
2.072198229232945721e+00
2.040832607183461267e+00
2.008451673494524137e+00
1.974928008941175372e+00
2.049348984522430861e+00
2.017938276451491930e+00
2.085635804415628680e+00
2.055695801189427740e+00
2.024965438266804973e+00
1.993358682660647307e+00
2.062656935864715546e+00
2.032569587035948366e+00
2.001695305690815552e+00
1.969949184116218666e+00
2.040701688593780982e+00
2.010513627017437077e+00
2.075905883519339579e+00
2.134706155384053616e+00
2.106965899618393756e+00
2.078692580200774742e+00
2.049832445875251263e+00
2.020325102690189389e+00
1.990101799736917920e+00
1.959083931701057990e+00
2.028754486260136325e+00
2.090686480165652839e+00
2.062573000832437664e+00
2.033894792228682302e+00
2.004592906183194412e+00
1.974600266587452024e+00
2.041248907200695406e+00
2.012397778767848422e+00
1.982906520333755696e+00
2.048062659060328805e+00
2.019588769113112026e+00
2.080863663519475715e+00
2.136904699544738939e+00
2.110149738015464127e+00
2.164037364912448691e+00
2.137663424932203959e+00
2.189715179162196268e+00
2.163649200293329855e+00
2.137197657121430172e+00
2.110318708400340970e+00
2.164457140654007183e+00
2.138010520814417781e+00
2.111131217434826901e+00
2.165240554859362732e+00
2.138800725049486928e+00
2.111923963595979448e+00
2.084560344478572969e+00
2.056653206514001297e+00
2.115129902022969688e+00
2.087922414616246947e+00
2.060189588733581267e+00
2.031870154301530729e+00
2.002893587791201746e+00
1.973178609789562499e+00
2.039299927189378803e+00
2.010785476044276265e+00
1.981599380996016846e+00
1.951659567463267742e+00
2.019313018867414211e+00
1.990638024797191763e+00
1.961280549097384363e+00
1.931157830446172952e+00
1.900173695132136187e+00
1.972756533539264501e+00
2.036714867824247932e+00
2.094727813453294285e+00
2.067995526191511946e+00
2.123537792520004075e+00
2.175226605443083105e+00
2.149558973270791817e+00
2.199767606064660264e+00
2.247161616286005525e+00
2.292228926133534461e+00
2.335319899003119204e+00
2.310806186431223708e+00
2.286035526858062994e+00
2.260977871819147555e+00
2.235598700813895334e+00
2.282206861909461981e+00
2.326401357103319967e+00
2.301544366849928913e+00
2.276386115623612039e+00
2.250890247612639783e+00
2.225016365718371691e+00
2.198718426695291495e+00
2.171944262504413636e+00
2.144634319229635988e+00
2.116720614809707968e+00
2.172762815112984303e+00
2.224109004006940893e+00
2.197871173883489515e+00
2.247462069197383894e+00
2.293969909589362643e+00
2.338014952111641787e+00
2.313052921016296892e+00
2.356347739682556508e+00
2.397698445086544172e+00
2.373073951316570174e+00
2.413923887418772729e+00
2.453152975833227778e+00
2.428729158361536467e+00
2.404050075970039391e+00
2.444082107714213414e+00
2.482533632957311998e+00
2.458066748195485651e+00
2.433340110763167807e+00
2.408323160478340164e+00
2.382981398796885752e+00
2.357275995049548989e+00
2.400517202268850347e+00
2.374987031629345324e+00
2.349074279712792812e+00
2.322733560802184627e+00
2.368221728744318799e+00
2.342171907769711847e+00
2.386501536833001147e+00
2.360679594179586616e+00
2.334448837148734857e+00
2.307761902554765765e+00
2.354370560206118679e+00
2.398083651429165908e+00
2.372353183728414638e+00
2.346230718741416421e+00
2.319671992625360613e+00
2.365644503169403112e+00
2.339395885730799485e+00
2.384161661507882890e+00
2.358159559971261476e+00
2.331740578905839190e+00
2.377058559746286104e+00
2.350914477303196470e+00
2.395119258355676184e+00
2.436923846020448536e+00
2.411477998974766557e+00
2.452594382666582806e+00
2.427241135781491366e+00
2.467732035756792897e+00
2.506435098336599943e+00
2.481470003323154483e+00
2.456205612692399232e+00
2.430608449030253748e+00
2.471414141318146296e+00
2.445926950241251507e+00
2.486097999244802459e+00
2.460699241975100371e+00
2.500296015421993978e+00
2.474968106487458464e+00
2.514041055209943032e+00
2.488769729626031157e+00
2.463168587783568064e+00
2.503028685559802735e+00
2.477524223359459210e+00
2.451665522240936923e+00
2.425413326138820658e+00
2.467480736271264075e+00
2.507344064335133016e+00
2.481765882066094164e+00
2.521051968393044795e+00
2.495556378872556991e+00
2.469712782309441135e+00
2.443482995246086809e+00
2.416824237399244346e+00
2.389688767294679383e+00
2.362022713733134882e+00
2.408547863383941667e+00
2.451961484579414208e+00
2.425486666696503590e+00
2.467917190244752756e+00
2.508084715351298399e+00
2.546385019755337265e+00
2.583103664105972808e+00
2.558011149132488615e+00
2.594428646908194747e+00
2.629501126412066014e+00
2.604627536574814162e+00
2.579481288674881689e+00
2.554032790020769550e+00
2.591111189322912622e+00
2.626694586079242111e+00
2.601572255590599791e+00
2.576152106236926365e+00
2.550401526522677376e+00
2.524284413381879144e+00
2.497760541105790377e+00
2.538119532555562330e+00
2.576406441759907295e+00
2.550562325837249844e+00
2.524347531135239464e+00
2.563444637028434503e+00
2.600689728067819395e+00
2.575029940853210242e+00
2.611867925850080763e+00
2.586258721489555157e+00
2.560308828383039970e+00
2.597990529961646811e+00
2.572129472729034916e+00
2.609352377202430961e+00
2.583564590452721799e+00
2.620369485843209834e+00
2.655648797283343132e+00
2.630243914211790379e+00
2.604524440317410150e+00
2.578457110714512002e+00
2.615825441641118854e+00
2.651555191402421574e+00
2.625950075703374242e+00
2.600012068183478853e+00
2.636607544341591947e+00
2.671665907003097029e+00
2.705405146834254371e+00
2.680141375459176079e+00
2.713712974553026847e+00
2.746137588040285404e+00
2.777546875022868456e+00
2.752638315249887668e+00
2.727474071686498025e+00
2.702027027468847376e+00
2.676267293600917530e+00
2.650161486663511479e+00
2.623672627867166707e+00
2.660474279033008926e+00
2.695595206686860035e+00
2.669650495530474732e+00
2.643346111696493583e+00
2.679353113150369392e+00
2.713806106834863563e+00
2.687971171035847817e+00
2.722162913248784566e+00
2.696352321332540658e+00
2.670201807624704049e+00
2.643676174194578454e+00
2.616736423407742596e+00
2.589339044933772094e+00
2.561435732840052548e+00
2.602106189977249073e+00
2.640426783308970737e+00
2.613490506167828187e+00
2.586108389536561525e+00
2.625259478829543802e+00
2.598099706211129956e+00
2.636575119275037959e+00
2.609602779527408600e+00
2.647477213597041246e+00
2.620664058025167442e+00
2.593427654621349276e+00
2.632140218623517658e+00
2.668907891170420932e+00
2.642379579613081564e+00
2.678713345088995279e+00
2.713477307123030702e+00
2.687429179075262908e+00
2.661037348643318978e+00
2.634267943955133973e+00
2.607083377412755976e+00
2.579441995128205267e+00
2.551297718011236171e+00
2.592607210291431041e+00
2.631511229885628023e+00
2.668445256578618530e+00
2.703726623553323272e+00
2.737591696156919330e+00
2.711707876178330867e+00
2.685501664943617417e+00
2.658941514419043806e+00
2.694885516841041273e+00
2.729293828107600461e+00
2.762380144365461643e+00
2.736594485074552274e+00
2.710495937480032591e+00
2.744483736930330764e+00
2.718413935100300272e+00
2.752168356589996812e+00
2.726122390057571288e+00
2.699738190473399246e+00
2.672982181622201914e+00
2.645816983422810242e+00
2.618201086710119085e+00
2.656791825525932182e+00
2.693381390974691758e+00
2.728303411475408335e+00
2.701907316622424116e+00
2.675144194948925414e+00
2.647977706264834197e+00
2.620368053300019096e+00
2.658881236305354001e+00
2.631486646607953617e+00
2.669371826140695347e+00
2.705397485298835392e+00
2.739852823420576566e+00
2.772957023453689995e+00
2.746980432162345220e+00
2.720681916369462883e+00
2.694030238416179834e+00
2.666990914472223473e+00
2.703409531129608467e+00
2.676500753816496214e+00
2.712482736894333168e+00
2.746878306085953625e+00
2.779915459057809901e+00
2.753869257728467357e+00
2.727496521777943883e+00
2.700765485737591121e+00
2.673641129965730112e+00
2.710006994384854817e+00
2.683018181245919287e+00
2.655612798771521899e+00
2.627749634451047367e+00
2.666426270279418365e+00
2.703080163875726694e+00
2.738046064146388403e+00
2.711446993427534924e+00
2.746096996766764775e+00
2.779346007094443127e+00
2.753165543253437875e+00
2.726650990900596039e+00
2.760807629880622116e+00
2.734346469673621272e+00
2.707524287593727763e+00
2.680306081909270777e+00
2.716625993043429332e+00
2.751283991519933636e+00
2.724658948435771499e+00
2.759016395293282020e+00
2.732454515957408958e+00
2.705524390259527401e+00
2.740786631303603560e+00
2.713955070794696223e+00
2.686730370884062413e+00
2.659074322209146857e+00
2.696585154102092208e+00
2.669119485674875669e+00
2.706084123527768170e+00
2.678782210419579091e+00
2.715253648947666854e+00
2.688093362575016965e+00
2.660514669128758225e+00
2.632477227488228877e+00
2.671265264712929355e+00
2.708018887005435360e+00
2.743070381398953650e+00
2.716319087546463340e+00
2.751049216921038543e+00
2.784365629474630399e+00
2.816450108966690902e+00
2.847446668884429322e+00
2.821666348479375586e+00
2.795597322325362288e+00
2.769211741876156818e+00
2.802158600407299360e+00
2.833882051508500144e+00
2.864530907178506336e+00
2.838722224908464487e+00
2.812620603790122686e+00
2.844181557352831735e+00
2.818071909624684679e+00
2.849519899542246826e+00
2.879897706508522948e+00
2.854035130947566223e+00
2.884364169220055452e+00
2.858465293584013356e+00
2.888744686548232909e+00
2.918062488841584035e+00
2.892348819708249419e+00
2.866350845202610298e+00
2.840040640626115831e+00
2.871258645372908092e+00
2.844951428324841824e+00
2.876055241826529052e+00
2.849748687681349590e+00
2.823101673964153235e+00
2.855144044208731469e+00
2.828531027747517079e+00
2.860402408769126659e+00
2.833817912941546169e+00
2.865530193291212502e+00
2.838969611542301319e+00
2.870532032002694578e+00
2.900944648868162723e+00
2.874714031031870842e+00
2.905054390046119206e+00
2.878807772177153002e+00
2.909078460599626936e+00
2.938342906039182800e+00
2.966710937683524563e+00
2.940917721192119583e+00
2.914839854171751288e+00
2.888449964351072374e+00
2.918691813185496198e+00
2.892294484292817547e+00
2.865555468647591031e+00
2.838441571050865697e+00
2.810916131447740884e+00
2.782938514313982203e+00
2.754463841486077147e+00
2.790626835858665000e+00
2.824931677189411516e+00
2.797285560728594245e+00
2.769186127295538924e+00
2.804449599332750065e+00
2.776521296080347145e+00
2.748117587914835180e+00
2.719192680859113587e+00
2.756886105451482827e+00
2.728234041392047615e+00
2.699044621853644799e+00
2.669266120665113817e+00
2.638841454502975470e+00
2.607706402965371151e+00
2.651821138523154708e+00
2.692763214238791836e+00
2.731179901580899738e+00
2.702500205446748183e+00
2.740262845526061586e+00
2.776072761355820706e+00
2.810231479020788736e+00
2.782887958916604898e+00
2.816758091881591763e+00
2.789496415053343448e+00
2.761846853632787369e+00
2.733774669834919013e+00
2.705241984985677917e+00
2.742716349831779254e+00
2.778291214340980808e+00
2.750564492563820185e+00
2.785744156307732755e+00
2.758144125799271151e+00
2.730129101570044181e+00
2.701661829430704209e+00
2.672701055618537325e+00
2.711665091829785545e+00
2.682987025617931565e+00
2.653800382633380917e+00
2.624058264612199487e+00
2.593708396149445594e+00
2.562692489265859574e+00
2.530945241278458990e+00
2.578423001907646395e+00
2.622231474732310996e+00
2.592344292989764210e+00
2.634973925970563791e+00
2.605503414519490413e+00
2.575476204227606480e+00
2.544842537682259209e+00
2.513546817258835997e+00
2.481527205463021080e+00
2.531087669278056396e+00
2.499841898568483600e+00
2.547513958401326217e+00
2.516908554002360354e+00
2.485666747704145418e+00
2.453731500616989081e+00
2.421039133378781738e+00
2.387518088409495309e+00
2.353087069889632232e+00
2.317653716602872116e+00
2.379356812629191964e+00
2.345419548969672086e+00
2.403284251735137822e+00
2.370512986985002346e+00
2.336955690861032942e+00
2.394474709313411331e+00
2.362013607477631449e+00
2.328809858102100616e+00
2.386017417596403511e+00
2.353849681906445390e+00
2.408240772897410231e+00
2.458177294325983642e+00
2.504599016371552800e+00
2.548159280965152540e+00
2.519658886158453015e+00
2.562290223902982778e+00
2.534053262837720144e+00
2.505410923271377044e+00
2.476328872978649009e+00
2.446768889878867093e+00
2.416688470898173069e+00
2.386039815305448286e+00
2.354768980030638836e+00
2.407596691182773530e+00
2.377091154662124062e+00
2.345980785313474648e+00
2.314207243549034843e+00
2.281704174854321199e+00
2.339598771382907838e+00
2.308139437414214790e+00
2.275991670228429520e+00
2.333462867924198658e+00
2.302292365285057318e+00
2.270467071483237120e+00
2.237922754293069527e+00
2.204586664161066523e+00
2.267316911631237719e+00
2.235255919789933099e+00
2.202463060423740071e+00
2.168864097987532880e+00
2.233703988666116746e+00
2.291812901997866359e+00
2.344955840301945482e+00
2.394243216498719296e+00
2.440425391479142281e+00
2.412490359315111910e+00
2.384172273954926702e+00
2.355436151163952552e+00
2.326242923330730239e+00
2.376465717991101290e+00
2.347760444021113724e+00
2.396364173458359836e+00
2.368067078598497410e+00
2.415265015034485430e+00
2.387313048946159810e+00
2.358951925864259280e+00
2.406580169950832016e+00
2.451334677784999805e+00
2.423971065788832036e+00
2.467764436646858517e+00
2.440612649767812226e+00
2.413101545769203771e+00
2.385195393874276260e+00
2.356853956626019375e+00
2.328031794087152218e+00
2.377585982269506903e+00
2.423801823317380588e+00
2.396230073388332382e+00
2.368246630583252799e+00
2.339808864896685492e+00
2.310869033745510226e+00
2.361262990929584582e+00
2.408142236042733586e+00
2.452228626326549143e+00
2.494018527371738791e+00
2.467491120412278249e+00
2.508608579636523839e+00
2.547867542743593283e+00
2.521813165576049176e+00
2.495461804256248861e+00
2.535486131409593114e+00
2.573761352779044831e+00
2.547843057364661767e+00
2.521630751792403924e+00
2.560697082514146405e+00
2.534566216032210662e+00
2.508114622884226375e+00
2.481308209742646209e+00
2.454108499875596205e+00
2.426472450146900606e+00
2.470732938395610478e+00
2.443416406701673260e+00
2.415651262106275787e+00
2.387388361033052409e+00
2.358572116307962929e+00
2.407129575759568318e+00
2.452252380042994506e+00
2.494678539679589857e+00
2.467874238869045111e+00
2.440675394022000955e+00
2.483760722618288508e+00
2.456808413552072690e+00
2.429444136813997623e+00
2.473159416820184475e+00
2.514437503870415647e+00
2.553703076242455072e+00
2.591268223928576475e+00
2.627364741664795833e+00
2.662173276065238792e+00
2.636880856849168620e+00
2.611329687571659619e+00
2.585492395343874872e+00
2.622264297413846812e+00
2.657595099077545875e+00
2.691669499068487070e+00
2.724629798126805280e+00
2.756593673544433187e+00
2.731608658586774929e+00
2.706389051301511639e+00
2.680909526848255453e+00
2.714732966237029199e+00
2.747397998817646680e+00
2.779037683450274354e+00
2.809755534954488709e+00
2.784776348515567879e+00
2.759561272566099621e+00
2.791163107923608777e+00
2.765890347976851960e+00
2.797425743612010240e+00
2.772099421496661886e+00
2.746500374618573215e+00
2.720599359319705091e+00
2.754067613699477057e+00
2.728182621015431852e+00
2.701966731589532600e+00
2.736335933002243870e+00
2.710171323631497042e+00
2.744265100013647540e+00
2.718142630717898633e+00
2.691668008185699179e+00
2.664803995923654689e+00
2.637509379077981553e+00
2.675106970771487180e+00
2.647999955232002378e+00
2.685036275755595447e+00
2.658087385899781108e+00
2.694622439098538713e+00
2.667807517549891205e+00
2.703890828546294589e+00
2.677190206546895546e+00
2.650089022126214555e+00
2.687052926712018674e+00
2.660101597607626545e+00
2.632727201758299440e+00
2.670556110956574525e+00
2.706520403220174398e+00
2.740914964403918130e+00
2.773964341461574890e+00
2.748010136921153368e+00
2.721734839580727261e+00
2.755687918666410052e+00
2.729451042172906572e+00
2.702865477823475082e+00
2.675896359653098244e+00
2.648505319324246710e+00
2.685929713558986354e+00
2.658716733967853241e+00
2.631060703534824796e+00
2.602917202580063094e+00
2.574236413776813670e+00
2.615684093842386204e+00
2.654631533000697985e+00
2.627043809169076205e+00
2.665326605802091464e+00
2.637937961331753289e+00
2.610101152717946960e+00
2.581772535222272236e+00
2.622443024531155409e+00
2.594418446185976723e+00
2.634258348947482897e+00
2.671954689415713791e+00
2.644785643270341602e+00
2.681960259362737187e+00
2.717427233976772882e+00
2.690845506523280140e+00
2.725979399053604091e+00
2.699463957355365817e+00
2.734288063853750117e+00
2.707830773325555995e+00
2.681018319704561836e+00
2.653816420182568692e+00
2.626187328166067037e+00
2.664545456183399441e+00
2.637118064903530623e+00
2.674877926529911409e+00
2.647623619917727211e+00
2.619940833769335953e+00
2.658547752509011541e+00
2.695206848649939424e+00
2.730225927560509636e+00
2.763835460595854165e+00
2.796216601583528139e+00
2.770323957552039307e+00
2.744130012294876408e+00
2.717605447321474799e+00
2.751991239012886670e+00
2.725522017583319911e+00
2.698695413661596376e+00
2.671476273444251870e+00
2.643825973794744932e+00
2.615701355557361829e+00
2.655092831815444310e+00
2.627233422188850920e+00
2.665904237067666216e+00
2.702578579117640878e+00
2.675505030980700916e+00
2.648022322473984502e+00
2.685567089535239482e+00
2.658256629064871923e+00
2.630515703724199739e+00
2.602302660061272199e+00
2.642194194941684060e+00
2.614254607721728796e+00
2.585827324505584723e+00
2.626512419513181928e+00
2.598389204979906442e+00
2.638247077954768205e+00
2.610383060748106665e+00
2.649511738898545410e+00
2.621870180385137417e+00
2.660346068983592271e+00
2.632896671500283059e+00
2.670787125998372424e+00
2.643504311217896419e+00
2.680864010587054480e+00
2.653726387119910601e+00
2.626184838043645886e+00
2.598201147786096676e+00
2.569732874044306836e+00
2.540732931212855927e+00
2.511148973537768558e+00
2.555894925087348835e+00
2.526802215483464398e+00
2.497124807904392618e+00
2.466804874492555477e+00
2.435777478238750682e+00
2.485390149722456865e+00
2.455111310368208066e+00
2.424144964092563193e+00
2.392422056057266655e+00
2.359864830257458745e+00
2.326384650954913091e+00
2.291879922461946162e+00
2.256232850613841823e+00
2.321149134925597490e+00
2.378339155633205859e+00
2.346524523560875153e+00
2.313922608646261203e+00
2.280457662735698943e+00
2.246043439355762228e+00
2.210582121895807273e+00
2.173960354597094913e+00
2.244521606881404008e+00
2.209930500118808983e+00
2.174320803592526552e+00
2.137587509835712218e+00
2.099608066505179504e+00
2.060236500089753342e+00
2.019293060789586036e+00
1.976543882727201273e+00
1.931657216369002672e+00
2.033072600773690120e+00
2.115057914707866527e+00
2.185383959978408175e+00
2.247756157884262418e+00
2.216135684145515761e+00
2.275085622568242538e+00
2.329023154559767939e+00
2.299438996153094106e+00
2.269358948213948235e+00
2.238741918419327348e+00
2.207542382919655211e+00
2.175708589422974626e+00
2.143181985768885855e+00
2.109895423956267724e+00
2.075771554758805149e+00
2.040720065400225103e+00
2.004634280887821696e+00
2.082767464027644344e+00
2.048841360348330198e+00
2.014028384653591797e+00
1.978228741379242317e+00
1.941323161112239459e+00
2.024789025889770944e+00
1.990353590563283426e+00
1.954991272408462377e+00
2.034291905656839372e+00
2.103510680587876713e+00
2.165680980306468495e+00
2.222575946465804364e+00
2.275336351161314941e+00
2.324745286944148059e+00
2.297297553905059075e+00
2.269503913664517647e+00
2.241332081749092708e+00
2.212745245255926196e+00
2.183701921836345594e+00
2.239076242488208912e+00
