2.009620174410213967e-04
4.123453476341293789e-04
6.174421022789479538e-04
8.192628356225526700e-04
9.393094278077084632e-04
1.133531690150640101e-03
1.246491806835276720e-03
1.442229873833871098e-03
1.629578451052430665e-03
1.823213831067516198e-03
2.020982721113474649e-03
2.100576606209561548e-03
2.180165503004564184e-03
2.376246990166993797e-03
2.444332920934327510e-03
2.638488827634181706e-03
2.864594883347251503e-03
3.104133382890241020e-03
3.137951154090526298e-03
3.162683141892201448e-03
3.376711453859129221e-03
3.497440820560827716e-03
3.557369573484521052e-03
3.611304640708216593e-03
3.656494075704294546e-03
3.764959700482301951e-03
3.818944608087039387e-03
3.896725546583794039e-03
3.961380128821739323e-03
4.015223184729796620e-03
4.074446951158265662e-03
4.130285632988173194e-03
4.184023155014230874e-03
4.236259809475628919e-03
4.287225100230913390e-03
4.337026373083462463e-03
4.385782166624517531e-03
4.428283295198355216e-03
4.469983111992772984e-03
4.516530899001514228e-03
4.561884773747796294e-03
4.606169247227980511e-03
4.643307042811098580e-03
4.686046319372331667e-03
4.727638939093838436e-03
4.768234017606122824e-03
4.807824746994816302e-03
4.846383035613075103e-03
4.884004087483120524e-03
4.920763611718915846e-03
4.956663861108099797e-03
4.991686194779908735e-03
5.025928480826528585e-03
5.059372317185101449e-03
5.085797492000776465e-03
5.118363011412168859e-03
5.143767814061497509e-03
5.175460042829463717e-03
5.199862055259452803e-03
5.230633587647137706e-03
5.254047106716589095e-03
5.283907555742851925e-03
5.312951664827572119e-03
5.341238357594496437e-03
5.368751053664436342e-03
5.389235867482746259e-03
5.409577540203489195e-03
5.436421479516624633e-03
5.462445020470820152e-03
5.487777874711535948e-03
5.512485924076768358e-03
5.530229966724841892e-03
5.554366381030055415e-03
5.577852768885128640e-03
5.594420467919218251e-03
5.617451723657204340e-03
5.639749570520856577e-03
5.661485810202833598e-03
5.682639035617298787e-03
5.703278717171886107e-03
5.723465251293729378e-03
5.737094647415501292e-03
5.756952887778231213e-03
5.770183511265186346e-03
5.789647892619336281e-03
5.802448205167688375e-03
5.821526938928547369e-03
5.840011240927828889e-03
5.858019210848366444e-03
5.875526462709018509e-03
5.892674477814534989e-03
5.909333168348836728e-03
5.925637038115418032e-03
5.941555397890378905e-03
5.957030071334733570e-03
5.972124763011539030e-03
5.986929453543203203e-03
6.001397891628060775e-03
6.015639903945532718e-03
6.029591599642141440e-03
6.043251540488048766e-03
6.050947783301141060e-03
6.064624436386209516e-03
6.077934359225298927e-03
6.090965975857719553e-03
6.103620521598089946e-03
6.110404528437140236e-03
6.123108411608425665e-03
6.135506872607565838e-03
6.147585708373870528e-03
6.159390950481902216e-03
6.170861093433274713e-03
6.176489417291250450e-03
6.188069208085435202e-03
6.193638814615313147e-03
6.205196157349583512e-03
6.210642331401817172e-03
6.222118935930590414e-03
6.233154566994187143e-03
6.243884150193158150e-03
6.248554813862038440e-03
6.259241124435789387e-03
6.269570390874491111e-03
6.273825960903531458e-03
6.278293127637351104e-03
6.282919354330223673e-03
6.287675407050104942e-03
6.298625333042201860e-03
6.308969320556449649e-03
6.312997227573907515e-03
6.323130200594104418e-03
6.332921601095162396e-03
6.342240778155664761e-03
6.351240216268524974e-03
6.359907901415381287e-03
6.368284231950404294e-03
6.376374774230040947e-03
6.384202668021980893e-03
6.391779037757852611e-03
6.399123258919809688e-03
6.406263344168318559e-03
6.407588864869867215e-03
6.409231323862241321e-03
6.416929881682025168e-03
6.418550626217328289e-03
6.426197521699806431e-03
6.427756211779669070e-03
6.435392897714843283e-03
6.442625277752246984e-03
6.449587579464594912e-03
6.456196342089663004e-03
6.462612598070101647e-03
6.463099626371472846e-03
6.469585216318950519e-03
6.475848734621880883e-03
6.476152404085914679e-03
6.476747716951831817e-03
6.483428398279367233e-03
6.489686464052043906e-03
6.495708212751433869e-03
6.501406203447578601e-03
6.501193544767578866e-03
6.507054085696771691e-03
6.506883952583675766e-03
6.512809324849093418e-03
6.518367428801646705e-03
6.517941481061878886e-03
6.523612305216282617e-03
6.528909981659767638e-03
6.533966922603417701e-03
6.538788165697711000e-03
6.543370120483817977e-03
6.547699177328101562e-03
6.551877638328791956e-03
6.555848431408951502e-03
6.559684647051172712e-03
6.563368376548145942e-03
6.561444633561448574e-03
6.559897765109703321e-03
6.564326722178103445e-03
6.568481671158342590e-03
6.572402841566003275e-03
6.576118135927165077e-03
6.579656566088081492e-03
6.583014598367581058e-03
6.580733536697308192e-03
6.578825591129360689e-03
6.582821502610551254e-03
6.580986765123087757e-03
6.585107428461399806e-03
6.583299394241778901e-03
6.581766576252996021e-03
6.586249266712179869e-03
6.590372743853974667e-03
6.594137094452868185e-03
6.597602428775661831e-03
6.595257333301119546e-03
6.593229014760003913e-03
6.597223240751549922e-03
6.600866426026846985e-03
6.604237792405676447e-03
6.607383003476577192e-03
6.604673920059850496e-03
6.607942032326961750e-03
6.611006649167466311e-03
6.613835494654799092e-03
6.616497159972272238e-03
6.618943677859593505e-03
6.621194323017183699e-03
6.617803609208785208e-03
6.620409069842000081e-03
6.617230516207892391e-03
6.614402842975987754e-03
6.611869133742541600e-03
6.615301471552912684e-03
6.618453981908218632e-03
6.621291252126286497e-03
6.618204600498813796e-03
6.621156992529299637e-03
6.623830013084822978e-03
6.626270711924631303e-03
6.628482180881147511e-03
6.630479800439370922e-03
6.626744702666055933e-03
6.629044243036444871e-03
6.625497574541985325e-03
6.627999848232889180e-03
6.630230192373750588e-03
6.632231147371358757e-03
6.628439925946723668e-03
6.630674172947354818e-03
6.632642040180400031e-03
6.628831160091046282e-03
6.631054972786491059e-03
6.633024727945770020e-03
6.634778895679965989e-03
6.630764459811510844e-03
6.627124020039398822e-03
6.623795796363331212e-03
6.620729467823414233e-03
6.623773802777795962e-03
6.626411234851708847e-03
6.628747041737222991e-03
6.630784337907903725e-03
6.626886996533361274e-03
6.623325102201748152e-03
6.625893763813456815e-03
6.628153703516554383e-03
6.630126300719303700e-03
6.626116839554991103e-03
6.628263964981376613e-03
6.630125182207422495e-03
6.631740217340702410e-03
6.633123319403005230e-03
6.634344194339348785e-03
6.635400331787272635e-03
6.636285321188115614e-03
6.637049470421711901e-03
6.632202488043495610e-03
6.633380980850899986e-03
6.634373009738307216e-03
6.635218229145582736e-03
6.630416755560028692e-03
6.631612291515596655e-03
6.632625810107799051e-03
6.633480066008805819e-03
6.628674596989345309e-03
6.624274149013272515e-03
6.625869235670728968e-03
6.627198951443010258e-03
6.628330530237354010e-03
6.629269183830013845e-03
6.624510389060441103e-03
6.620141407164178635e-03
6.616106429290754924e-03
6.612352645142191565e-03
6.614665774804190899e-03
6.610831369550888327e-03
6.613097140517780644e-03
6.614983024559532854e-03
6.616608722185417756e-03
6.617950307003145176e-03
6.619060651939713547e-03
6.619961436669051340e-03
6.620727862445012837e-03
6.615764124157408853e-03
6.611209555626697265e-03
6.607001347274548027e-03
6.603086318107728725e-03
6.605303431234311150e-03
6.607148122720181427e-03
6.602901496016594547e-03
6.598957345774654482e-03
6.601216399155462183e-03
6.597215816504621751e-03
6.599447232625748130e-03
6.601311466315320023e-03
6.597007057109624539e-03
6.598958054697872354e-03
6.594687555688539572e-03
6.590714862668425530e-03
6.593045081411710341e-03
6.589004636743475522e-03
6.591232736505989696e-03
6.587148739164157100e-03
6.583333872135862033e-03
6.585899564284789995e-03
6.588041530657975237e-03
6.589802806983224674e-03
6.591305282540730823e-03
6.592538969815286455e-03
6.593561025996284505e-03
6.594379172927720793e-03
6.595024362993377222e-03
6.595504329754651833e-03
6.595863883035959011e-03
6.596117789589470495e-03
6.596262932345029611e-03
6.596310422629112456e-03
6.596291670780309556e-03
6.596210683032985127e-03
6.590539502395223806e-03
6.585344796280625558e-03
6.586231299344424799e-03
6.586890470769020747e-03
6.581767446505396545e-03
6.577040881223700924e-03
6.578407617021677332e-03
6.579483157887179579e-03
6.580311718813231306e-03
6.580941979701960924e-03
6.575814094343384805e-03
6.576743338759702927e-03
6.571838965651050427e-03
6.573009093177068808e-03
6.573918976544696445e-03
6.574655209369081529e-03
6.569573523526674695e-03
6.570561079895319463e-03
6.571344087738141201e-03
6.571939776452080315e-03
6.572359439420806006e-03
6.572632954739775213e-03
6.572802976811860549e-03
6.572851389798945072e-03
6.572816517115554792e-03
6.572701676595207182e-03
6.572509296050708071e-03
6.566821777251296774e-03
6.567120101269295109e-03
6.567268489715422097e-03
6.561848240081142800e-03
6.562392540292383107e-03
6.557254619534134271e-03
6.558083966608185128e-03
6.558715056354347088e-03
6.553627829223846075e-03
6.554518465688408471e-03
6.555190890907481270e-03
6.555669917872691127e-03
6.555993192994851414e-03
6.556164911974782759e-03
6.556228436722635368e-03
6.550768572044044294e-03
6.551246272486909057e-03
6.551554366869253090e-03
6.551729712842534192e-03
6.546360283943625756e-03
6.546906998715246694e-03
6.541815142117322554e-03
6.537108135399701675e-03
6.538346953722255252e-03
6.539307582919215781e-03
6.540022113438175889e-03
6.540555536396039545e-03
6.540923283152177622e-03
6.535694252220036402e-03
6.530872152664170434e-03
6.532008793574719564e-03
6.527316125243660949e-03
6.522960174318049968e-03
6.524607106690474140e-03
6.525934631826651490e-03
6.526983827800240771e-03
6.527805598953368912e-03
6.522859195118991919e-03
6.523936020368403289e-03
6.524775662743487713e-03
6.519842085305771646e-03
6.515285944543953468e-03
6.516768247252490223e-03
6.517956553212468120e-03
6.513260157379776628e-03
6.514618266520447003e-03
6.510034296121664996e-03
6.511529560932951405e-03
6.512730360103667800e-03
6.513688056359234237e-03
6.508807977735352884e-03
6.510004410335540510e-03
6.505289889819500238e-03
6.506669630235658447e-03
6.507782170876054775e-03
6.508656525907485779e-03
6.509341086857163040e-03
6.509863650772030295e-03
6.504669450360763688e-03
6.505535943962404560e-03
6.500591361372784135e-03
6.501724771734628851e-03
6.502607050564429038e-03
6.497677231295520377e-03
6.493124362504893582e-03
6.494660341596098820e-03
6.495913869178313385e-03
6.496907175987473408e-03
6.497693500677218133e-03
6.492680544483715732e-03
6.493757318143793603e-03
6.494603266494905838e-03
6.495267629200625510e-03
6.495761151376305657e-03
6.496107030641498116e-03
6.496344453913338590e-03
6.496507364163232878e-03
6.496579975067339960e-03
6.496549442163575619e-03
6.491010022944975963e-03
6.491447133437512791e-03
6.491742781334077297e-03
6.486453435106622270e-03
6.481597685215597336e-03
6.477105334442452393e-03
6.478582263246128979e-03
6.479769915363956315e-03
6.480702131874643661e-03
6.481457861399381876e-03
6.476502680928206482e-03
6.477526957383177887e-03
6.478349955491287220e-03
6.473451120679349184e-03
6.474537460416244887e-03
6.469830633042163159e-03
6.471111012172446088e-03
6.472144139068688844e-03
6.467396971794199187e-03
6.463015539434609734e-03
6.464658021060810944e-03
6.466007062246065251e-03
6.467095200931534393e-03
6.467976201449869220e-03
6.468689915671736908e-03
6.463684541667643821e-03
6.464700486668572936e-03
6.459929076258128823e-03
6.455526832790521065e-03
6.457177160963899903e-03
6.458529765415227906e-03
6.459625231464130070e-03
6.460513565068477446e-03
6.461238192669614862e-03
6.456244418822314375e-03
6.457277995220923883e-03
6.458128244957137519e-03
6.458799822223192620e-03
6.453772666220671493e-03
6.454784449477977276e-03
6.455592752633797747e-03
6.450670977802498186e-03
6.451780765588385931e-03
6.447067359286105109e-03
6.442719616014630328e-03
6.444421447415415137e-03
6.445823205919801874e-03
6.446967524119871264e-03
6.447898454911122311e-03
6.448668502035179335e-03
6.443708999613544097e-03
6.439154179293973650e-03
6.440655843195659119e-03
6.441893699260434029e-03
6.442898845709700908e-03
6.443756900328536687e-03
6.438847921923600108e-03
6.434341660357736047e-03
6.430172492210072671e-03
6.432089803903993930e-03
6.427937061352718799e-03
6.429883459664500860e-03
6.431522009706884015e-03
6.432881678968946706e-03
6.434010640939501549e-03
6.434933208820504610e-03
6.430092534393511312e-03
6.425649356817314702e-03
6.427311106123608821e-03
6.428698312725605879e-03
6.429842558742624066e-03
6.430773092287857783e-03
6.425936469655785764e-03
6.427187614286973723e-03
6.422564491528226505e-03
6.424049217186667340e-03
6.425274720020622034e-03
6.426294315310512005e-03
6.427126044209037492e-03
6.422221220158107549e-03
6.417727361615692058e-03
6.419318663449705142e-03
6.420637343904645085e-03
6.421723573272173496e-03
6.417013243687126958e-03
6.418373876294854175e-03
6.413853885968906487e-03
6.409689855814991455e-03
6.411636057440291310e-03
6.407511650109385878e-03
6.409527784330397437e-03
6.411207342808807746e-03
6.406896642765884387e-03
6.408740444857826367e-03
6.404521753711257294e-03
6.406474488378787607e-03
6.408112118747480261e-03
6.409506886523655411e-03
6.410672954097386238e-03
6.411662728311757521e-03
6.406838200659013480e-03
6.408144787130857188e-03
6.409250904042189216e-03
6.410181432076721662e-03
6.410941775916619879e-03
6.411575947983593621e-03
6.412114008907925621e-03
6.406983906728601699e-03
6.402305195467492514e-03
6.403706867490676843e-03
6.404866472829358510e-03
6.405828448808451904e-03
6.406648480369885393e-03
6.407325939683220298e-03
6.407895136639320775e-03
6.408351412019590819e-03
6.408702253360583877e-03
6.409000081244662674e-03
6.409228078891404147e-03
6.403934997390124499e-03
6.404636227756925308e-03
6.405201825324056616e-03
6.405653638818962006e-03
6.400552820700853088e-03
6.401434902291475160e-03
6.396643608942502793e-03
6.397804092849295951e-03
6.398791857598880826e-03
6.394083166424581639e-03
6.395327570071266364e-03
6.396395329963804575e-03
6.397282731398580384e-03
6.392508781873287339e-03
6.393716285431797798e-03
6.394730752271435628e-03
6.395577277812243208e-03
6.396273731377646876e-03
6.396848935616299830e-03
6.391870015268842631e-03
6.387327513890167334e-03
6.388747968817985214e-03
6.389951545843880996e-03
6.385416956100644498e-03
6.386855378323998307e-03
6.388063108052449181e-03
6.383541620211379171e-03
6.385004466093232266e-03
6.386233814660307803e-03
6.387272996927218123e-03
6.388145020191719411e-03
6.388861356769920050e-03
6.389467527286509831e-03
6.389968227508742091e-03
6.390421414337730220e-03
6.385365413749634865e-03
6.380762807049449731e-03
6.376543101747995587e-03
6.378244546912160452e-03
6.374120277559001436e-03
6.370319409192332083e-03
6.372461969834761382e-03
6.368651377454648613e-03
6.370809560461273592e-03
6.372645354529123639e-03
6.368600131634666144e-03
6.370553941883593842e-03
6.366580576667852515e-03
6.362921145271468147e-03
6.365293138287461509e-03
6.361597014471091077e-03
6.363979288470066921e-03
6.366007851721043435e-03
6.362047303144383742e-03
6.364173011007547183e-03
6.366000273293977857e-03
6.367565362329088985e-03
6.363269528617119218e-03
6.365054826465162997e-03
6.366591617921428872e-03
6.367919342941324307e-03
6.369081047271118838e-03
6.370070293926041738e-03
6.370922159111232219e-03
6.371655572470821989e-03
6.372315956731978287e-03
6.372875832514277201e-03
6.373344941447359711e-03
6.373752274296318188e-03
6.374095164402801897e-03
6.374381417202950283e-03
6.374764996230052223e-03
6.374755667240060257e-03
6.369573365859470225e-03
6.370175638019035663e-03
6.371339744217949588e-03
6.372304604385220332e-03
6.373288738060220102e-03
6.374138684976221256e-03
6.374971732407778632e-03
6.375743738123766657e-03
6.376460205974506142e-03
6.377127235994955144e-03
6.377750474471585891e-03
6.378332815779245817e-03
6.373166017861136602e-03
6.374252756532505435e-03
6.375226142672599759e-03
6.376103190811513444e-03
6.371189254544199279e-03
6.372488520244560042e-03
6.373642472591791765e-03
6.374673670111980633e-03
6.375602549929374786e-03
6.370755510971892917e-03
6.372087155095587652e-03
6.373268472949414516e-03
6.368624704793576612e-03
6.364385782261435497e-03
6.360499720332551780e-03
6.362783455273635091e-03
6.364783133565980050e-03
6.360729641244605020e-03
6.362880600434214946e-03
6.364773454071073061e-03
6.366448599338722994e-03
6.362158275454565977e-03
6.364076708686525891e-03
6.365770045422918660e-03
6.367273701581978827e-03
6.368614764567654719e-03
6.369815766334166289e-03
6.370895930443597720e-03
6.371873129211162723e-03
6.372757865380211661e-03
6.373557531247363989e-03
6.374285173963710124e-03
6.374952649588103495e-03
6.369970719367366863e-03
6.371095427910781692e-03
6.372093033746029089e-03
6.372983812460604469e-03
6.368186749667533418e-03
6.369470357053334288e-03
6.370604862068276336e-03
6.371609613381261014e-03
6.372504346108068610e-03
6.373302865862840588e-03
6.368464838063379006e-03
6.369677840764744955e-03
6.370746821273052217e-03
6.366115284443227967e-03
6.367526256533504597e-03
6.368764839586629235e-03
6.369856097302344262e-03
6.370821591866405315e-03
6.371680987666951054e-03
6.372450181718063329e-03
6.373139728345643233e-03
6.373759885728581299e-03
6.368828076794569824e-03
6.369894766627024092e-03
6.370832434995274060e-03
6.366156524077778121e-03
6.367455565466521861e-03
6.363043567106835968e-03
6.364610208751101186e-03
6.360397192766481002e-03
6.356532171387397137e-03
6.352962922002844057e-03
6.355400281177106536e-03
6.357521895527267451e-03
6.359382121835845461e-03
6.361017556520237939e-03
6.362461898215911182e-03
6.363741222586977511e-03
6.364877869178933376e-03
6.365892737592792998e-03
6.366802973091562588e-03
6.367620238791208212e-03
6.368356010943635251e-03
6.369020014200478010e-03
6.364130411184930683e-03
6.359690111559575254e-03
6.355630435852964097e-03
6.357556090326161799e-03
6.353601676216460818e-03
6.355649048980405343e-03
6.357436757875252302e-03
6.359003697719242849e-03
6.360386649357986644e-03
6.356018656909660086e-03
6.352031574828214712e-03
6.354070673674045225e-03
6.350182577558300019e-03
6.352333438651359965e-03
6.354216712167979307e-03
6.350202183834447768e-03
6.346518894011038588e-03
6.348909858642833720e-03
6.351003127689306207e-03
6.352685833721641480e-03
6.354301503434636560e-03
6.355734894632332661e-03
6.357013071610054591e-03
6.358154501807995740e-03
6.353598296919440655e-03
6.349455050603931144e-03
6.351356774122440471e-03
6.353024101538744077e-03
6.348849958415505104e-03
6.350739344953497401e-03
6.352395658885796013e-03
6.353857593139743132e-03
6.355154922966882620e-03
6.350708294595894601e-03
6.352318519402098615e-03
6.348102139522895405e-03
6.344247343583093307e-03
6.346455971095754135e-03
6.348390492247117829e-03
6.350093885900302132e-03
6.345926760866074136e-03
6.347848248787527591e-03
6.343837851002414978e-03
6.345924434989711101e-03
6.342027342982239912e-03
6.344240740278801922e-03
6.346183765915676400e-03
6.347897894997925512e-03
6.349417804336171881e-03
6.350773485874671755e-03
6.351605757712955498e-03
6.352678325407965822e-03
6.348068200664354170e-03
6.349522423412296349e-03
6.345188608891282750e-03
6.346915334474716869e-03
6.342789984374140946e-03
6.344720964007087571e-03
6.346415504425772201e-03
6.342263518095955788e-03
6.344179070210121708e-03
6.340178171565188404e-03
6.336513447431725565e-03
6.333129586482976608e-03
6.335869553174775133e-03
6.338264195141270901e-03
6.334573301002306006e-03
6.337041535005070482e-03
6.339208342749667012e-03
6.335337112770236638e-03
6.331788370010697949e-03
6.328516126086074917e-03
6.330796954673058134e-03
6.332777209354093460e-03
6.334831459158067439e-03
6.336487986880765498e-03
6.332501080795703390e-03
6.334285629762916557e-03
6.330449086580753996e-03
6.326941479948635511e-03
6.328993318615302316e-03
6.330738566592937315e-03
6.332201852743298692e-03
6.333490621599973530e-03
6.334630085035060539e-03
6.335721534269548628e-03
6.331411893610843639e-03
6.327511682076090126e-03
6.329099950981406826e-03
6.330437066590847810e-03
6.331609631653870897e-03
6.333165543714314866e-03
6.334555928128652452e-03
6.335844704992607025e-03
6.337005932547480798e-03
6.338071915287036076e-03
6.333472761891131494e-03
6.329310202702618897e-03
6.330417006644118057e-03
6.332104538765058466e-03
6.333608607622906103e-03
6.334953674828303419e-03
6.336164317487088735e-03
6.337260869853509476e-03
6.338254936530889061e-03
6.339161149708100358e-03
6.339991243603489493e-03
6.340753592247087497e-03
6.341456316319036592e-03
6.342109361988390939e-03
6.342716205771933326e-03
6.343193642413968818e-03
6.343712961019341845e-03
6.344199699842459177e-03
6.339266080730053370e-03
6.334806668928440535e-03
6.330754726832589843e-03
6.332624865327926740e-03
6.334262773945024613e-03
6.335707428145491600e-03
6.331479580634018396e-03
6.333203274145786724e-03
6.334723281403952660e-03
6.336074956545518708e-03
6.331768982913301737e-03
6.327862722449566386e-03
6.329917089929594162e-03
6.331722532544154305e-03
6.327743625177943525e-03
6.329750897667871766e-03
6.331520929734492723e-03
6.333089509842852044e-03
6.334487175327855289e-03
6.335740702573499673e-03
6.336870063991754259e-03
6.332376347302528553e-03
6.333877110642727529e-03
6.329658754222674058e-03
6.331430818481742322e-03
6.332995334989254335e-03
6.334387872614827102e-03
6.335632010994134318e-03
6.336745142554158980e-03
6.332240960574049386e-03
6.328155328391101009e-03
6.330056570881638540e-03
6.331730314719623449e-03
6.333215221576835550e-03
6.334538109565789402e-03
6.330177606481671507e-03
6.331819074591046696e-03
6.333275588992100941e-03
6.334569266624576547e-03
6.335726734859026786e-03
6.336768446659402608e-03
6.337711764238099232e-03
6.338567080233706644e-03
6.333868455443279755e-03
6.335148984195675126e-03
6.336288539772423622e-03
6.331805535911912315e-03
6.333292514711299538e-03
6.334609760254371336e-03
6.335780925616603387e-03
6.331322026113851871e-03
6.332834707849446451e-03
6.334173674313330234e-03
6.329840875041807015e-03
6.325899033832624481e-03
6.322288038603168965e-03
6.318964912408432492e-03
6.321639432330255354e-03
6.323978665486242566e-03
6.326036364349190734e-03
6.322201191842014879e-03
6.324410736022485074e-03
6.326360554203276643e-03
6.328089564055702602e-03
6.329633586561621630e-03
6.331016937875677368e-03
6.332257223558625595e-03
6.327803146252131833e-03
6.329400550279554345e-03
6.330817496278793970e-03
6.332083519578868280e-03
6.327650317453472999e-03
6.323627196791081762e-03
6.319952865726593053e-03
6.316573895484219568e-03
6.319254362036181259e-03
6.321602600264232368e-03
6.323671847034327553e-03
6.325505448760155268e-03
6.327137622885725676e-03
6.328597304624297183e-03
6.329911512551703902e-03
6.331098303076241468e-03
6.332036701187777200e-03
6.333003340656682793e-03
6.328350544308574722e-03
6.324134998552087723e-03
6.325952130893220011e-03
6.327558070404997424e-03
6.328984588164830380e-03
6.330175870019030294e-03
6.325760856911207507e-03
6.327366596699428650e-03
6.323195958021132247e-03
6.325046917883055120e-03
6.321058267616394381e-03
6.323098429483119294e-03
6.324895798754370455e-03
6.326489159384648953e-03
6.327911376413009568e-03
6.323592974087157564e-03
6.319673794442710879e-03
6.316088047734235052e-03
6.318558157366608620e-03
6.320727165361608897e-03
6.322641376971639172e-03
6.324340462753864217e-03
6.325856096507974716e-03
6.327214873205961806e-03
6.328440773148110918e-03
6.329548954341806914e-03
6.330551055352884836e-03
6.331463402058153979e-03
6.332300743587856995e-03
6.333068081576968128e-03
6.333773993316674580e-03
6.328938592717231297e-03
6.330111740210803487e-03
6.331157328937816672e-03
6.332096079211095747e-03
6.332941234453900656e-03
6.328226563121879152e-03
6.329495994214140789e-03
6.330620921931389214e-03
6.331623676722962155e-03
6.332524064449499522e-03
6.333337992399976947e-03
6.334076184535720154e-03
6.329301594759423853e-03
6.324973354469324779e-03
6.326594139362393641e-03
6.328020878781999599e-03
6.329280013947282194e-03
6.324897406808587148e-03
6.326472944575690753e-03
6.327862261732809974e-03
6.329097651902180349e-03
6.324696947741671044e-03
6.320694529747815892e-03
6.322654862502253247e-03
6.324377564753733312e-03
6.325898639511526138e-03
6.327248908331348232e-03
6.328455073657075422e-03
6.324026967777996583e-03
6.320002187387718101e-03
6.321955858708621333e-03
6.323675392592395181e-03
6.325196028535178504e-03
6.326547804310569609e-03
6.322219925059508611e-03
6.318286030167418257e-03
6.320339863180032998e-03
6.322149744208693800e-03
6.323751984146694545e-03
6.319593118975227325e-03
6.321448456534172790e-03
6.323089264352419782e-03
6.318952340120844759e-03
6.320836023071587859e-03
6.322503152826433950e-03
6.323986808775210189e-03
6.325311477014530434e-03
6.326499473442635108e-03
6.327571118020793375e-03
6.328543029227661799e-03
6.323918971652210501e-03
6.325293711385313565e-03
6.320968956801790301e-03
6.322640605297092861e-03
6.324120245864262024e-03
6.325432962755884320e-03
6.321065591702517555e-03
6.322695363923234134e-03
6.318560144283343928e-03
6.314786797801942748e-03
6.317016329952527924e-03
6.318979066015656225e-03
