2.175302517355226853e-02
3.324219187417308541e-02
4.110704602879010350e-02
5.217068287658938736e-02
5.969437454983555352e-02
6.707233463353230729e-02
7.430836993515282929e-02
8.140023872891567758e-02
8.834789413551120962e-02
9.515197611703239688e-02
1.018134141486316535e-01
1.117551159813855166e-01
1.180227545662874411e-01
1.277183693426178768e-01
1.373070027882974664e-01
1.429137242541517472e-01
1.522735116786097798e-01
1.575292732004382745e-01
1.626726889167224854e-01
1.677094153704264123e-01
1.767707897495905123e-01
1.814522283484411858e-01
1.905480260908055945e-01
1.948481290271634192e-01
2.036676923362141789e-01
2.119843349208632155e-01
2.159857756321947875e-01
2.231526556832048314e-01
2.274105130077817560e-01
2.316035789155948266e-01
2.369847000514536117e-01
2.415323883085973011e-01
2.454485852792015754e-01
2.489378307833567672e-01
2.543746914790819824e-01
2.589023561481437197e-01
2.626217628180348984e-01
2.653712718609637644e-01
2.709367932070053664e-01
2.654896800161196668e-01
2.737086739259166901e-01
2.808459501906797606e-01
2.863384324651101487e-01
2.796140317250306873e-01
2.881882616559622301e-01
2.771598616390323899e-01
2.764650178328519892e-01
2.799757304548905479e-01
2.826401918468342545e-01
2.853510600996008173e-01
2.882003046948571900e-01
2.916723296974360058e-01
2.954730966667305503e-01
2.991556460566706099e-01
3.027079644956049975e-01
3.050272230311413257e-01
3.073252071275866526e-01
3.107829694173276924e-01
3.130250370711627483e-01
3.163658074893996308e-01
3.185555074415150623e-01
3.217831888828315834e-01
3.248903619925270214e-01
3.270014494372303071e-01
3.290990565110156751e-01
3.311827696535663557e-01
3.332522537007058805e-01
3.363257721194616856e-01
3.392748826721120881e-01
3.421223799393380838e-01
3.440843750417915681e-01
3.468599740402957265e-01
3.495520602410520095e-01
3.514498604692264383e-01
3.533422173330520999e-01
3.552282209172983318e-01
3.578972276562687460e-01
3.604800296518258507e-01
3.629920149391228645e-01
3.647860051653141755e-01
3.672538388521841557e-01
3.690190068138841650e-01
3.714417352923045090e-01
3.738059193982043449e-01
3.761188590391484898e-01
3.783892180581256426e-01
3.806180850193029985e-01
3.828103078791987302e-01
3.849667828130603486e-01
3.870923252075600396e-01
3.886830175163118462e-01
3.902797875950442252e-01
3.924072156810234913e-01
3.939876664440229437e-01
3.955724730017841639e-01
3.971603746458889916e-01
3.992942108411892121e-01
4.013861106092065922e-01
4.034383559570935973e-01
4.054536250891990212e-01
4.069532826728595176e-01
4.089540904718793057e-01
4.109184522705093823e-01
4.123838604312732303e-01
4.143354331181088868e-01
4.162549835851341307e-01
4.181458943907788717e-01
4.195616270683394933e-01
4.209851819992531663e-01
4.228786090918371099e-01
4.242885538527610412e-01
4.257047481791064181e-01
4.271259708435775071e-01
4.290304004086255563e-01
4.304313297340388034e-01
4.318366141260646662e-01
4.337236106222808196e-01
4.355733403889560651e-01
4.369338458858544327e-01
4.387604159330905085e-01
4.401035375275849648e-01
4.414521431338127577e-01
4.428052749980007641e-01
4.446326352101709345e-01
4.464195144362819168e-01
4.481704050384976989e-01
4.498906350152186984e-01
4.511578098523941760e-01
4.524330054081918129e-01
4.537148624563035471e-01
4.554483629534857858e-01
4.571471044104128967e-01
4.588131658233107202e-01
4.604532123121488629e-01
4.616594255950595693e-01
4.628749506809929914e-01
4.645163248499130648e-01
4.661324344461537650e-01
4.677187460162660071e-01
4.692834882865305479e-01
4.708232218832572036e-01
4.723412826409553733e-01
4.734675207016763587e-01
4.746058822829993251e-01
4.761454049739425320e-01
4.772779550246555869e-01
4.788098873576397407e-01
4.803183112968059665e-01
4.814284159827127985e-01
4.829274051554268143e-01
4.840319756266368012e-01
4.851465326618835672e-01
4.862698375890230351e-01
4.874006526223748081e-01
4.889349167605993585e-01
4.904403683816059845e-01
4.915358877765652612e-01
4.926396164429470148e-01
4.941435508660062537e-01
4.956140565536719111e-01
4.966840944470010677e-01
4.981426133720416316e-01
4.992020170723558969e-01
5.002701107180610451e-01
5.013458011072050580e-01
5.024278353538753628e-01
5.035153882475768006e-01
5.050054206724147177e-01
5.060725022571943565e-01
5.071450521800203726e-01
5.086192260696432710e-01
5.100568239705731699e-01
5.114639749922679224e-01
5.124727454095722168e-01
5.138660946402265894e-01
5.148630053012106522e-01
5.158688964542269551e-01
5.168824518246043498e-01
5.179025521522905295e-01
5.189284966448133307e-01
5.199594480700175936e-01
5.213910744292091781e-01
5.227822922224041324e-01
5.237661368834848341e-01
5.251359764882511660e-01
5.264744970147778869e-01
5.274209737470548776e-01
5.283765702093290439e-01
5.297131604589974119e-01
5.310166022592429647e-01
5.322960401999540236e-01
5.331994979820570135e-01
5.341140807923587808e-01
5.353979042251045817e-01
5.363024191854444123e-01
5.372167353198505912e-01
5.381396520174404063e-01
5.394420609940525635e-01
5.403496394538269687e-01
5.412655703531236151e-01
5.425594966581771539e-01
5.438204324044978444e-01
5.446987892681183219e-01
5.459471069838018886e-01
5.471643872198330705e-01
5.480126051432954171e-01
5.492222807891197212e-01
5.504070890866041843e-01
5.512304914175910620e-01
5.524110432857382014e-01
5.535671707807361397e-01
5.547033590109634593e-01
5.558200935290095179e-01
5.569154766758523945e-01
5.576801847319221572e-01
5.587865610848378184e-01
5.598753018289485128e-01
5.606308800947693571e-01
5.617247717017000985e-01
5.627973300472070006e-01
5.635438033614776909e-01
5.643051174728449526e-01
5.654075860749199212e-01
5.661673073472662798e-01
5.672667751145420434e-01
5.680239516271222699e-01
5.687934137572289162e-01
5.699056661994300610e-01
5.709933754532906525e-01
5.720605212212431789e-01
5.731091575361192403e-01
5.741397229858815621e-01
5.751504954388921842e-01
5.758477947607917313e-01
5.768648457019580622e-01
5.775656440184219198e-01
5.785862106706177732e-01
5.795891288061906232e-01
5.805813155337848919e-01
5.815553371287658369e-01
5.825222088282744348e-01
5.834763308574429930e-01
5.841297660160500449e-01
5.850944225379743902e-01
5.857543885323660549e-01
5.864296970946744070e-01
5.871186279393121321e-01
5.881263382934175388e-01
5.891123541086197291e-01
5.900821841280118329e-01
5.907423326639165140e-01
5.914161654220239095e-01
5.921019958886916124e-01
5.931060475062365223e-01
5.940837799495732874e-01
5.950460770358129148e-01
5.956975266922982515e-01
5.966591999514695432e-01
5.976039355289196608e-01
5.982409421452176135e-01
5.991822398193022980e-01
5.998189429565914388e-01
6.007593122410421760e-01
6.013948163156703774e-01
6.020426924457985551e-01
6.027014884677640572e-01
6.036737275206544018e-01
6.043244088808132908e-01
6.052867358472628911e-01
6.059297128569666180e-01
6.065826456032124003e-01
6.075448964908587435e-01
6.084822126115819740e-01
6.091089679996642969e-01
6.097462066727451502e-01
6.103927977058195564e-01
6.113524257541824714e-01
6.119874619277548833e-01
6.129340311311562983e-01
6.138511287869554689e-01
6.147509971639890658e-01
6.156261275541007327e-01
6.164829971267777875e-01
6.170486418553671193e-01
6.176279242001472269e-01
6.182193332324188439e-01
6.188215942643598977e-01
6.197252678077568300e-01
6.206101231316969447e-01
6.214690859775799936e-01
6.220318782201514907e-01
6.228904253506630795e-01
6.234504107622984570e-01
6.240223567368958779e-01
6.246050331818165935e-01
6.254862268291774274e-01
6.263487017205997542e-01
6.269060133040509353e-01
6.274744255336247578e-01
6.283393868206893496e-01
6.291856268207124403e-01
6.300063846816420510e-01
6.308145441754712257e-01
6.313309923391716705e-01
6.318608504504830137e-01
6.324026545914351871e-01
6.332415597545489883e-01
6.337768679298759755e-01
6.343230833829888171e-01
6.348791117015623042e-01
6.354439730058438762e-01
6.363153152035379012e-01
6.371573317764760436e-01
6.379687934963472751e-01
6.384839938671171833e-01
6.392889202982918739e-01
6.397986295271629320e-01
6.403196945796896244e-01
6.411385275372750714e-01
6.419274789229445499e-01
6.427002431008727035e-01
6.431816153605494080e-01
6.439524765160918873e-01
6.447045745504561554e-01
6.454390101241004318e-01
6.461542097168896381e-01
6.468548288732591800e-01
6.472876739709799709e-01
6.479999274086489791e-01
6.486950575356578153e-01
6.491228087099778499e-01
6.495661589917673950e-01
6.502879481242864745e-01
6.509923339000703857e-01
6.514255562695436819e-01
6.521369851418118424e-01
6.528297603077434230e-01
6.532537456441814827e-01
6.539510520969707974e-01
6.543777571201290222e-01
6.550823337707891714e-01
6.555100350928061426e-01
6.562161481610099267e-01
6.569003919965522575e-01
6.573162487827027833e-01
6.577460020525890405e-01
6.584540710478423708e-01
6.591392874725013895e-01
6.595541699542509795e-01
6.599823255175448766e-01
6.606844536399844037e-01
6.613669280265797035e-01
6.620322414515930065e-01
6.624320016076777895e-01
6.631033279204631148e-01
6.635037565539750881e-01
6.641761567396533561e-01
6.648318671518554934e-01
6.654693677702914201e-01
6.660935102164841082e-01
6.667105646858093593e-01
6.670696440655262682e-01
6.676960510937643978e-01
6.683066271193346397e-01
6.689034963867103167e-01
6.692512834809867250e-01
6.698611093992777876e-01
6.702154541551540445e-01
6.705849188164836328e-01
6.709680365586569994e-01
6.716162329690882338e-01
6.722469426571242579e-01
6.728608490937384445e-01
6.732190566174667268e-01
6.735909717403700814e-01
6.739754033756963914e-01
6.743710344686723035e-01
6.750367864719047928e-01
6.754255849076687968e-01
6.760799667389502110e-01
6.764627943087754280e-01
6.768561269276500703e-01
6.775189266454776371e-01
6.779039070824549595e-01
6.785579545843024585e-01
6.789354018457099960e-01
6.795785799274572936e-01
6.799496332527817932e-01
6.805898396172286313e-01
6.812073490250178942e-01
6.818071850132878531e-01
6.823865732221444658e-01
6.829559836030690834e-01
6.832695206992814851e-01
6.835977124504862834e-01
6.841886864886425057e-01
6.847643466189902162e-01
6.853202846555452865e-01
6.856256011644820125e-01
6.859455434840814325e-01
6.865233789608701231e-01
6.868434889714405411e-01
6.874209747657548109e-01
6.879815202097059323e-01
6.885320299462271976e-01
6.890627057759174390e-01
6.893495590465592571e-01
6.898902996202183058e-01
6.904151292503961646e-01
6.906966855112228743e-01
6.909932737535169345e-01
6.913034161624156404e-01
6.916258970715795096e-01
6.919594362276498822e-01
6.925553481417390245e-01
6.931263391821994579e-01
6.934376184780935981e-01
6.940087526076710311e-01
6.945581083987500959e-01
6.948518117229153246e-01
6.954035939723697268e-01
6.956958925592291454e-01
6.962416082842678433e-01
6.965324500980354383e-01
6.970760494687403552e-01
6.976019977726284349e-01
6.981172735368371685e-01
6.986152451311948841e-01
6.988699277880944249e-01
6.991393266547240026e-01
6.996586030149191116e-01
6.999287989309871394e-01
7.002121156799648860e-01
7.007517394987937687e-01
7.012728000251545746e-01
7.017729685491433944e-01
7.020281050591236083e-01
7.022969887714077819e-01
7.028157663500229635e-01
7.033216199839776861e-01
7.035762932937792424e-01
7.038442868632620586e-01
7.041242605201863958e-01
7.046559118928829024e-01
7.049308456486044205e-01
7.052168239220150125e-01
7.057588781863506355e-01
7.062757090150451056e-01
7.067778352670297526e-01
7.070271391181959242e-01
7.072890787225643017e-01
7.075625068909633386e-01
7.080874536026185995e-01
7.083545054156239473e-01
7.086324729152694291e-01
7.089202602178168444e-01
7.094684002059256089e-01
7.099858789451596319e-01
7.104860307212738091e-01
7.107301656172420046e-01
7.109864772908756070e-01
7.114970991527828081e-01
7.119826031493723395e-01
7.124520616784295601e-01
7.129019708269632716e-01
7.133377577967177086e-01
7.137653748488635985e-01
7.141763531279649024e-01
7.143581587366462093e-01
7.147849097588830913e-01
7.149733956222936726e-01
7.154083856835538047e-01
7.158281933573813482e-01
7.162325387647316965e-01
7.166290080568752385e-01
7.167969229553184940e-01
7.169815926583021914e-01
7.174098136288695748e-01
7.175987909177484747e-01
7.180285395852663566e-01
7.182207672831262268e-01
7.186584863826021019e-01
7.190768171131969311e-01
7.192603390996235024e-01
7.194582157904694242e-01
7.199039369664343990e-01
7.203271645891587971e-01
7.205133871967333015e-01
7.209424954706358246e-01
7.213576263891527951e-01
7.217571101205211281e-01
7.219237120292230081e-01
7.221052815574963146e-01
7.225302846735880413e-01
7.229388382480591568e-01
7.231103671312500980e-01
7.232959639087640502e-01
7.237256289130544751e-01
7.241401624965303485e-01
7.245375822040676095e-01
7.249197027510042579e-01
7.250723610006645226e-01
7.254641626959320577e-01
7.256217233453906568e-01
7.257939241633434291e-01
7.262062736678787100e-01
7.266009643320283651e-01
7.267625923755434147e-01
7.271634779274570581e-01
7.275466658250605567e-01
7.279167279411669078e-01
7.280602239730380454e-01
7.284370729646632014e-01
7.285854641286062527e-01
7.289703683789025002e-01
7.291218004054603741e-01
7.295109580322829412e-01
7.298857897911591452e-01
7.300290025335441912e-01
7.304091839246081852e-01
7.307761331507808267e-01
7.309123780172157581e-01
7.312855526302013409e-01
7.314256458597530042e-01
7.318030703184456032e-01
7.319459036518587425e-01
7.323231625162103242e-01
7.326858155622715252e-01
7.328204904572034328e-01
7.329693785944875195e-01
7.331309660866333067e-01
7.335289975501307902e-01
7.339118838446944126e-01
7.340580625760659839e-01
7.344405966912679329e-01
7.348073546064303185e-01
7.349414126072225661e-01
7.353109230544623287e-01
7.354463256759944390e-01
7.358180446184483525e-01
7.359541218161518294e-01
7.361031428672002441e-01
7.362643796979114752e-01
7.364364320251391982e-01
7.368539841896497578e-01
7.370186172698631744e-01
7.374223174316825169e-01
7.378070148374886728e-01
7.379507455330777121e-01
7.381063045468855277e-01
7.382726660358400750e-01
7.384487288700625207e-01
7.386338707899238187e-01
7.390655894458794117e-01
7.392388311383960575e-01
7.396575677932677451e-01
7.398206728896582485e-01
7.402235445040079576e-01
7.406028377662513540e-01
7.407417560698014158e-01
7.411189992909711366e-01
7.412535634116704797e-01
7.414001454535951163e-01
7.415576932878719107e-01
7.419551180063758133e-01
7.423314332785997394e-01
7.424640386325783714e-01
7.426085591017296261e-01
7.429905994458385621e-01
7.431286073175495943e-01
7.435083564864735095e-01
7.438639920218035329e-01
7.442007109681366694e-01
7.443034001827389945e-01
7.444200060772414584e-01
7.447751135985786197e-01
7.448888234255390817e-01
7.452403590533293043e-01
7.453513143056461621e-01
7.454751114809078372e-01
7.458419757664038752e-01
7.461829209327082157e-01
7.465091371077232640e-01
7.465995829084268731e-01
7.469231895201864369e-01
7.470146214184710809e-01
7.471200840407585808e-01
7.472382408621148775e-01
7.476011386835372807e-01
7.477140666186160578e-01
7.480703895730715924e-01
7.483993368320178696e-01
7.484931995045793762e-01
7.486003231044019435e-01
7.487195588711392791e-01
7.488500319675209793e-01
7.492220355721375125e-01
7.493437401617190075e-01
7.497046207492847891e-01
7.498188849090061670e-01
7.501705025884354283e-01
7.502783927822966881e-01
7.506218835801681255e-01
7.507243328493750090e-01
7.510669507630823860e-01
7.511642600954702154e-01
7.512738403179682889e-01
7.513948310369955585e-01
7.515263488452460505e-01
7.519073015004624772e-01
7.520270441610354961e-01
7.523927486589452318e-01
7.525027604781453494e-01
7.528572906117173558e-01
7.531868400411847464e-01
7.534890904172694137e-01
7.537779801762987120e-01
7.540484701745181484e-01
7.543094881719949463e-01
7.543438347728488313e-01
7.546125523922893041e-01
7.546526544942057102e-01
7.547088463029312244e-01
7.549989431928184613e-01
7.550564734001761202e-01
7.551285352025917108e-01
7.554416055351699244e-01
7.557306485694917919e-01
7.560085544116111889e-01
7.562643139279952020e-01
7.562972790748525576e-01
7.563463538982641010e-01
7.564100610394385305e-01
7.567155516495374101e-01
7.570029606411561307e-01
7.572709767808283310e-01
7.575258379270012332e-01
7.577659934265154051e-01
7.579941065419582014e-01
7.582087459298489929e-01
7.584186661711557198e-01
7.584136767676135094e-01
7.584271863827757310e-01
7.584576397749550614e-01
7.585036117472807593e-01
7.585637315554388804e-01
7.586366165741669221e-01
7.589563448267504508e-01
7.592482794841508564e-01
7.595231854745544409e-01
7.595628714227657952e-01
7.598361682567326136e-01
7.600965750223322992e-01
7.601251131668009808e-01
7.603858288783712505e-01
7.604173055784354540e-01
7.606811107199236144e-01
7.607148026422640985e-01
7.607629520031687909e-01
7.608241730534831548e-01
7.611276158448606610e-01
7.614109216175042327e-01
7.614529540192106483e-01
7.615082757014653980e-01
7.615758589347143559e-01
7.618858820426553935e-01
7.621779132914144883e-01
7.622236494937790763e-01
7.622822241920810260e-01
7.625847010182160712e-01
7.628636802099967307e-01
7.631246682714347696e-01
7.633633195107076830e-01
7.633767446062372786e-01
7.634055243808657298e-01
7.634482096322868783e-01
7.637314987546046652e-01
7.639954677029971997e-01
7.642361410885285533e-01
7.644658322565721642e-01
7.646776277735246596e-01
7.646715775906649526e-01
7.648955351787829482e-01
7.651083100311105722e-01
7.653057747859868254e-01
7.654975771953235197e-01
7.654737473712707185e-01
7.654677044791442508e-01
7.654778348884243577e-01
7.655027786965439285e-01
7.655413395369790042e-01
7.658193882592559953e-01
7.660773412743383526e-01
7.660985292240871658e-01
7.661333864077309874e-01
7.661806495992627974e-01
7.662392640778955544e-01
7.663081404124575391e-01
7.666253832475125041e-01
7.666838353208021983e-01
7.667526320992410493e-01
7.670651714755399864e-01
7.673560790620168603e-01
7.673962934616693765e-01
7.676740824742331881e-01
7.677090064978057127e-01
7.677560604185020843e-01
7.680461025288218835e-01
7.683083431786975614e-01
7.683320857463333819e-01
7.685904185659993004e-01
7.688336206123422834e-01
7.688406309024601315e-01
7.690853782535357341e-01
7.690923137661712650e-01
7.693369648788398463e-01
7.695578304712145101e-01
7.697629355143721375e-01
7.699532935662043442e-01
7.699280034545437079e-01
7.701317628974901908e-01
7.701124770661194052e-01
7.701092975928193196e-01
7.703378385036083742e-01
7.703363601272730232e-01
7.705698267700407111e-01
7.707808723598836842e-01
7.707686606872964363e-01
7.707716888718348924e-01
7.710114231247623406e-01
7.710140991230519658e-01
7.710305008222809731e-01
7.710594223696282112e-01
7.713258831386584635e-01
7.713492653771072405e-01
7.713846198810158095e-01
7.714309320553445204e-01
7.714872479180934217e-01
7.715529296532648296e-01
7.718717446707146213e-01
7.721527135376803352e-01
7.724068333377933637e-01
7.724221108666394775e-01
7.726700461228778183e-01
7.728957866720628234e-01
7.731083237235386596e-01
7.730917124734698609e-01
7.730901246105297275e-01
7.731022820596058498e-01
7.731269939724745299e-01
7.733938361928979210e-01
7.736308901703426999e-01
7.736328824073104293e-01
7.736480939489971398e-01
7.739032532194862757e-01
7.741349974836327918e-01
7.743425885731969327e-01
7.743233929838673202e-01
7.743190778369244409e-01
7.743283304172948744e-01
7.745788050490123311e-01
7.745831315700779651e-01
7.746003368248861598e-01
7.748585933413454363e-01
7.748693941423486775e-01
7.748926184770252856e-01
7.751620065015262240e-01
7.751768762873784135e-01
7.752037104930369349e-01
7.752414875803922412e-01
7.755303912104074548e-01
7.755566366542762102e-01
7.755936627039100584e-01
7.758795744054162169e-01
7.759047003854701030e-01
7.761783905617454238e-01
7.761935935001349485e-01
7.764546170844102146e-01
7.764614987712813443e-01
7.767099303867039950e-01
7.767103877664797151e-01
7.767236622521193068e-01
7.767488350247163664e-01
7.770256392796300871e-01
7.770399873957419823e-01
7.770660746755159165e-01
7.771028856497133042e-01
7.771499605295522084e-01
7.774520329861583923e-01
7.777180190236842039e-01
7.779535037302415246e-01
7.781631610942131294e-01
7.781377455600011483e-01
7.783489365030803464e-01
7.783220673598671979e-01
7.785320712830566814e-01
7.787201173570098556e-01
7.788933398335311509e-01
7.790491360494016249e-01
7.791912522618472670e-01
7.793227389315143805e-01
7.792395255890973704e-01
7.791754200893745708e-01
7.791288324444788360e-01
7.790984415606783120e-01
7.790827283978365436e-01
7.793143194365598214e-01
7.792944015519730483e-01
7.792879683282756265e-01
7.795290572306886601e-01
7.795165442506641895e-01
7.797520483313626904e-01
7.799638863040790904e-01
7.799298779616542499e-01
7.801393875357021113e-01
7.801042309615618953e-01
7.800835866307265221e-01
7.800762118506464615e-01
7.800812912240762120e-01
7.800977918354610186e-01
7.803699919756673653e-01
7.806141510408138862e-01
7.805992061668856064e-01
7.808336114673446460e-01
7.810433138581731605e-01
7.810057132003180858e-01
7.812125546987800373e-01
7.813983740105734377e-01
7.815641520249896335e-01
7.814985532050707784e-01
7.816685000030774155e-01
7.818224372650165455e-01
7.819578950017992414e-01
7.820844989770135980e-01
7.819938072792290695e-01
7.819218053676406655e-01
7.820818457726679274e-01
7.820154590995703758e-01
7.819656055465513678e-01
7.819309512502915505e-01
7.821427620574348261e-01
7.823329055141233779e-01
7.822814991573755483e-01
7.824744814583524111e-01
7.826402377272032584e-01
7.827888603329651307e-01
7.827152158235529678e-01
7.828716834908918676e-01
7.828034825885854531e-01
7.827516200650442846e-01
7.827146569081713245e-01
7.826914115138481343e-01
7.826808572375708595e-01
7.826817242776302752e-01
7.826929459468363603e-01
7.829627633219876648e-01
7.832001529633343395e-01
7.834102153587843009e-01
7.833726181807088018e-01
7.833486193971730405e-01
7.835739515769408747e-01
7.837727400599000527e-01
7.837271479031012733e-01
7.839230699877997033e-01
7.838758337211672034e-01
7.840651961309743623e-01
7.840167922194969385e-01
7.839828524556796685e-01
7.841916698916144846e-01
7.843792209459632403e-01
7.845445823878585134e-01
7.844780876653456581e-01
7.846517411750381088e-01
7.845873343827771684e-01
7.845384735294338441e-01
7.845040039522542807e-01
7.844825433624399436e-01
7.844728205263058474e-01
7.847153017489274518e-01
7.849293398791290510e-01
7.851180745621959556e-01
7.852876569076209234e-01
7.854368791541680439e-01
7.855666359829003298e-01
7.856857217789255943e-01
7.857902730179274764e-01
7.858904187377475647e-01
7.857776107594126591e-01
7.858885410098881419e-01
7.859950357106788577e-01
7.858864028484005004e-01
7.860067531443769573e-01
7.861160933601846201e-01
7.862138168697060392e-01
7.863036581985526352e-01
7.863850841737125563e-01
7.862619159443451355e-01
7.861586931911153098e-01
7.860736703808662851e-01
7.862167629529083213e-01
7.863446523206593097e-01
7.862565056230766958e-01
7.863968561701257798e-01
7.865195370925104346e-01
7.866338928175532486e-01
7.867346151144487543e-01
7.868303705101143963e-01
7.867186740014507906e-01
7.866255861946679362e-01
7.865494242517426793e-01
7.866979956032907895e-01
7.866261833040348872e-01
7.865694689968826259e-01
7.865265844717269639e-01
7.864962319531126900e-01
7.866993187323418901e-01
7.868856895529950934e-01
7.870459490440826489e-01
7.869827487039143810e-01
7.871444621241144857e-01
7.872915459419731476e-01
7.872177868869147943e-01
7.871591093175903664e-01
7.871142972040602315e-01
7.870819760637758344e-01
7.872863778607627205e-01
7.874678410724007538e-01
7.874152011766829551e-01
7.873756194641454709e-01
7.875728626045273018e-01
7.877420880258353408e-01
7.876842968890369612e-01
7.878577371573950439e-01
7.880064135421100957e-01
7.881439161912292546e-01
7.882622015309374008e-01
7.883725201950866346e-01
7.882721586158881744e-01
7.883895102339887329e-01
7.882971122591239110e-01
7.882210955445888567e-01
7.881601741782220394e-01
7.881130521671763089e-01
7.880784116270271866e-01
7.880551965069492182e-01
7.882694714713471829e-01
7.882383061533241309e-01
7.882182345604122897e-01
7.884369898777214836e-01
7.884078833785179707e-01
7.883897192090395523e-01
7.886066865010519233e-01
7.885792189145715003e-01
7.885626638940648192e-01
7.887873821502052740e-01
7.887605219684069580e-01
7.887445057196336151e-01
7.889686181445884072e-01
7.891666170285281945e-01
7.893391691146188771e-01
7.892786293739826320e-01
7.894490774719794546e-01
7.893863774685520029e-01
7.895551630224175721e-01
7.894906521041993308e-01
7.896581351081684019e-01
7.895920908460847265e-01
7.895400364435836149e-01
7.895008628786895910e-01
7.894736937240179886e-01
7.896893458718516889e-01
7.898789119769180633e-01
7.900419530543835167e-01
7.899729404941211452e-01
7.901323574136781547e-01
7.902713300208918934e-01
7.901886210525861376e-01
7.903306345764704588e-01
7.904600518814046684e-01
7.905758844024197707e-01
7.904729050200842710e-01
7.905979121153491329e-01
7.907063784360679470e-01
7.908041197792401444e-01
7.906889307463516037e-01
7.905915045733969970e-01
7.907256902188675163e-01
7.906329923317401143e-01
7.907706024845053694e-01
7.906817821014303638e-01
7.906083668583013813e-01
7.907687852541870344e-01
7.909122724022035200e-01
7.910321427200148747e-01
7.909354732292731560e-01
7.908546925164475772e-01
7.910067997634722126e-01
7.911397292692545768e-01
7.912515810203315514e-01
7.911501905947420088e-01
