2.175302517355226853e-02
2.980782826454749304e-02
3.773223470639782556e-02
4.552353324843112087e-02
5.649510525063323324e-02
6.393979867534070605e-02
7.123805181389908370e-02
7.839445951344635455e-02
8.540691294877646167e-02
9.561158739472268298e-02
1.022377681830373281e-01
1.087283407322852669e-01
1.185130230795744533e-01
1.246278107220024495e-01
1.306073831573494048e-01
1.364627010589520573e-01
1.421922703770672203e-01
1.477988883561701106e-01
1.532853738097856022e-01
1.624286438524081277e-01
1.675518173023870239e-01
1.725665610403331052e-01
1.816012374665273432e-01
1.907027297374597197e-01
1.950297431100549983e-01
1.992787729822614040e-01
2.083073939122321583e-01
2.172738918651643536e-01
2.208951718221084937e-01
2.244504811100039576e-01
2.279435819386085027e-01
2.313936310182518885e-01
2.347931805245972448e-01
2.440406659918075150e-01
2.470223468504188780e-01
2.499842745059893401e-01
2.590443253616230290e-01
2.616982632385710383e-01
2.707829977243522701e-01
2.731633380670488442e-01
2.755007048076953957e-01
2.845840896173952306e-01
2.867061290777026539e-01
2.952792005748113846e-01
2.974822261345884122e-01
2.994368754230510299e-01
3.012695331498409512e-01
3.030525142238507663e-01
3.128495446204478947e-01
3.143584716729144746e-01
3.157806203513821575e-01
3.255488232441381968e-01
3.269073271093613786e-01
3.280604992552744736e-01
3.291581208162762673e-01
3.302795456850874389e-01
3.314500457253382604e-01
3.326827925688987664e-01
3.339814862991798416e-01
3.353447000388969368e-01
3.459039540139413615e-01
3.467568088312519281e-01
3.577294916434335392e-01
3.581474746019641664e-01
3.690257044067936087e-01
3.693051834798756761e-01
3.695103823274314969e-01
3.803642811571264493e-01
3.807137271129122369e-01
3.863177291350108900e-01
3.604310958814622712e-01
3.330028077960143773e-01
3.404739175952116725e-01
3.518972249362695148e-01
3.673028523513304222e-01
3.836394313396808142e-01
3.964824555531384909e-01
4.041009159356563907e-01
3.752436702865230567e-01
3.493252269518768438e-01
3.478853017787401081e-01
3.501620733948928588e-01
3.529923348831665586e-01
3.569932668201604153e-01
3.633123987348004791e-01
3.735583970669335008e-01
3.885638811785604996e-01
3.649872708389224618e-01
3.710668610093655895e-01
3.663300926075197528e-01
3.682349767924686934e-01
3.706457301474154753e-01
3.730261168280215034e-01
3.746281390703332659e-01
3.762401320838593688e-01
3.778597178219497144e-01
3.794866567856887141e-01
3.819081196731864414e-01
3.842489495937628785e-01
3.865236934428695759e-01
3.880477194667929508e-01
3.902945786887032642e-01
3.924847833330755709e-01
3.939617776883486688e-01
3.961317052761374469e-01
3.975933762145816841e-01
3.990649577955912020e-01
4.012369781571009097e-01
4.033522063889267151e-01
4.054179669577536727e-01
4.068247326797690411e-01
4.082422479869420306e-01
4.096689311211525464e-01
4.111035444686393925e-01
4.132231256236873485e-01
4.146352267918303469e-01
4.160546430599963430e-01
4.174803370070328534e-01
4.189114286315925306e-01
4.203471093703953776e-01
4.217864878930337458e-01
4.239578194999550353e-01
4.260385201015937651e-01
4.274087684987636915e-01
4.287857036451026560e-01
4.308358996079033054e-01
4.328173936517010212e-01
4.347390448314789047e-01
4.366114313889145060e-01
4.384411327859301655e-01
4.396939527822857907e-01
4.409588148245230932e-01
4.427996109607277853e-01
4.440524781419836753e-01
4.453157896055739973e-01
4.465881950006748702e-01
4.484555040715115237e-01
4.497087597599420672e-01
4.509704243079388220e-01
4.522393547005722492e-01
4.535143931461032007e-01
4.553981306293654052e-01
4.572184718236919077e-01
4.589866952637101649e-01
4.607076519125830050e-01
4.618818922855001396e-01
4.630673044686690609e-01
4.642625590512212130e-01
4.660072181251393442e-01
4.671850039364034424e-01
4.683718598372705322e-01
4.695665335205946311e-01
4.707680724626637780e-01
4.719755146157583736e-01
4.737608353747055911e-01
4.749404636971492066e-01
4.761265666789169515e-01
4.773182301814152817e-01
4.790872253983369800e-01
4.802495759577258827e-01
4.814183181734846828e-01
4.831527860094150251e-01
4.842935314814610925e-01
4.854412747625606595e-01
4.871429685996009895e-01
4.882636602112314650e-01
4.893918406506742591e-01
4.910674522012006826e-01
4.921692658034410028e-01
4.938015400471023608e-01
4.948805559866764625e-01
4.964777438513841568e-01
4.975366602124280391e-01
4.986053805396844507e-01
4.996825427191832203e-01
5.007673865226422993e-01
5.023856513203166507e-01
5.039419059282636004e-01
5.049708080584688341e-01
5.060097432005850049e-01
5.070573764380045256e-01
5.086234681782825229e-01
5.101301922389250842e-01
5.111260437334858020e-01
5.121328039535871790e-01
5.136364971740797758e-01
5.150888975836974693e-01
5.160514270749404497e-01
5.170260360826729462e-01
5.180112158227909713e-01
5.194862847560092201e-01
5.204523406368620764e-01
5.214286517188327919e-01
5.228932396913558156e-01
5.243062565363802996e-01
5.252368847592802092e-01
5.261793961669068986e-01
5.275939153346316246e-01
5.289632597504263511e-01
5.302940998549219298e-01
5.311762437218784383e-01
5.320723737430572697e-01
5.334182431021922133e-01
5.343038288496837485e-01
5.352021515480337444e-01
5.365507266578576351e-01
5.374357542762320250e-01
5.387706109932077769e-01
5.396434184759726360e-01
5.409566410155980387e-01
5.422324808985650169e-01
5.430736541640631687e-01
5.439284664101530220e-01
5.447955098869720070e-01
5.456734494291509696e-01
5.465611299002963719e-01
5.474574838565110513e-01
5.483616443369381255e-01
5.492726035377384353e-01
5.501896406389626959e-01
5.511121585192831906e-01
5.520394815285079027e-01
5.529713161215474848e-01
5.544113385099288527e-01
5.553073443227486417e-01
5.562097215639757453e-01
5.571181180920210529e-01
5.585237254583351740e-01
5.593969818429036511e-01
5.602775736613608837e-01
5.611647582514563970e-01
5.620582598078515124e-01
5.629574562035473129e-01
5.643566876104280094e-01
5.652171185482834925e-01
5.660852332790845542e-01
5.669604229538277584e-01
5.683205198080711895e-01
5.691582088980955412e-01
5.704517978800618394e-01
5.712579824614889556e-01
5.720742666754842221e-01
5.728997461845205530e-01
5.741850699899955224e-01
5.749781511334826067e-01
5.757812921221318048e-01
5.765936353400846759e-01
5.778648498741140171e-01
5.786441857530935096e-01
5.798612710504846834e-01
5.810175455630536279e-01
5.817376410926687891e-01
5.824709836525994167e-01
5.832163693028763474e-01
5.839729685768034750e-01
5.847396293796436328e-01
5.855156070488903852e-01
5.867624547806745694e-01
5.879278591968588596e-01
5.886357449374485240e-01
5.893561177080928193e-01
5.900878216034680657e-01
5.908298971696558377e-01
5.920274521134122336e-01
5.927393118873102162e-01
5.934622158981767148e-01
5.946319026404732755e-01
5.953267962290800241e-01
5.964530181006592047e-01
5.975248349186520480e-01
5.981665154485696911e-01
5.992156111976477684e-01
5.998439086430613632e-01
6.008827794302775693e-01
6.014995218935440535e-01
6.021314859947488607e-01
6.027775486441984132e-01
6.038487399099454755e-01
6.044768445745449803e-01
6.051186465066702436e-01
6.061895031365985842e-01
6.068123325782396327e-01
6.074485432734518797e-01
6.080970936399689997e-01
6.087564107318406137e-01
6.098652906254949935e-01
6.104990009902485637e-01
6.111440850829698013e-01
6.117999174332130474e-01
6.124655296323937570e-01
6.131401015681636757e-01
6.142949516840620072e-01
6.149357008617304388e-01
6.155866308991335689e-01
6.162472693865681528e-01
6.173773063704898201e-01
6.180040340601810067e-01
6.186415715122790537e-01
6.192890183016654948e-01
6.199459541734665402e-01
6.210813724259247603e-01
6.221210754195106718e-01
6.230980547262782165e-01
6.236469444012247010e-01
6.246018192793193480e-01
6.255063693933800018e-01
6.260147600801098111e-01
6.269131138530340541e-01
6.277733908872548119e-01
6.286027656643172756e-01
6.294044456371216123e-01
6.298531827788947934e-01
6.303223083065873089e-01
6.308099417786219298e-01
6.313144763889136923e-01
6.322159594432023022e-01
6.330777876294131357e-01
6.335526532577906433e-01
6.340446753263518920e-01
6.345521180200223155e-01
6.350736947730794002e-01
6.356082485303538032e-01
6.361545380579080033e-01
6.367114101926480974e-01
6.372780827595432296e-01
6.382930161445167228e-01
6.392411676871683213e-01
6.397485151643917956e-01
6.406657696434648885e-01
6.415306309745515412e-01
6.423529570320714033e-01
6.427974001351813849e-01
6.436170242136385333e-01
6.444047681014226647e-01
6.448267920546295606e-01
6.456120553619760782e-01
6.463741094812226473e-01
6.467796804000272015e-01
6.472039758417952315e-01
6.479967103506087955e-01
6.487577113970911524e-01
6.491632974940558798e-01
6.495868115056746550e-01
6.500264664163313277e-01
6.504810318574201222e-01
6.509489120682487862e-01
6.518046004831006268e-01
6.522584171377832085e-01
6.527251396135266281e-01
6.532037276812890925e-01
6.540804146850431877e-01
6.545405073497395643e-01
6.553869046951872335e-01
6.558314607581868794e-01
6.562888402112139197e-01
6.567577606763185250e-01
6.576207332149004436e-01
6.584370637084278055e-01
6.588605146211975461e-01
6.592974984985099374e-01
6.597469675557134927e-01
6.605856535194050139e-01
6.610174773087350575e-01
6.618255123817725627e-01
6.622427334938468801e-01
6.626732603934759602e-01
6.634829645003318399e-01
6.638977319419970824e-01
6.646835387155931585e-01
6.654287497134043772e-01
6.658079803248740935e-01
6.665435698864761171e-01
6.669161689608290589e-01
6.676442740396222320e-01
6.683359123729477602e-01
6.686841018531146652e-01
6.690492276410935357e-01
6.694296249738613813e-01
6.701702462374022895e-01
6.705415729618181553e-01
6.712660924211193425e-01
6.716295368545787126e-01
6.723437399780830548e-01
6.727002498078716863e-01
6.734044164316971282e-01
6.737549323297755688e-01
6.741205678761368336e-01
6.748380638330299108e-01
6.751946422579091500e-01
6.755654221568927476e-01
6.759491238428271265e-01
6.766943265809390873e-01
6.773961567895343538e-01
6.777427613057297462e-01
6.784356299646114863e-01
6.787745216797843595e-01
6.791279410994437438e-01
6.794946538119810420e-01
6.798734377689874542e-01
6.802632904622866183e-01
6.806632794292425404e-01
6.814395117941850488e-01
6.821620254774046765e-01
6.825134502532089753e-01
6.832135735095545837e-01
6.838740461374975821e-01
6.845007746511302393e-01
6.851030308490860810e-01
6.853845046950831632e-01
6.859886107493899932e-01
6.865654794662378047e-01
6.868332455819228244e-01
6.871191547601590566e-01
6.874215118610969011e-01
6.880536430227910394e-01
6.886564611923131629e-01
6.889366001376410198e-01
6.892330990723027906e-01
6.895444999956171772e-01
6.898694190143339622e-01
6.902066742008934330e-01
6.908885968546897294e-01
6.915332153212606636e-01
6.918335992586267524e-01
6.921476918227814634e-01
6.927972808569676788e-01
6.934093963675689309e-01
6.936921774441066058e-01
6.942997223138356322e-01
6.945770395077978110e-01
6.948691661582759860e-01
6.954875402765472447e-01
6.957715444246581615e-01
6.963798836154404537e-01
6.966566261190608733e-01
6.972538283514833068e-01
6.978221044443387866e-01
6.980751496228259079e-01
6.983439460329375903e-01
6.986271626818028047e-01
6.992357210795684397e-01
6.998120852270344194e-01
7.000672929532254507e-01
7.003374270530828838e-01
7.009256951322274665e-01
7.014874868620720738e-01
7.020236150650247531e-01
7.022520854067596519e-01
7.027848990114945460e-01
7.032976178174626947e-01
7.037902651577986335e-01
7.039923603550278797e-01
7.042127323876395950e-01
7.044497116113465074e-01
7.047018229011692281e-01
7.049676498379632283e-01
7.052459883347317326e-01
7.058468355837075325e-01
7.064142429986320915e-01
7.066599562033581972e-01
7.069192228977694281e-01
7.074963455295559811e-01
7.080389002993131564e-01
7.082698050089882846e-01
7.088098298069819281e-01
7.090359578893171699e-01
7.092766686074555293e-01
7.095305808221525901e-01
7.097966756579888736e-01
7.100737092812257067e-01
7.103608287708446101e-01
7.109776818581399205e-01
7.115529523965374858e-01
7.117981440697330742e-01
7.120555374369638146e-01
7.126292764986781325e-01
7.128735306634850222e-01
7.134323842311810493e-01
7.136656457581800339e-01
7.142086606599500342e-01
7.144327593433222878e-01
7.146700653330997355e-01
7.152176890906677409e-01
7.157322743165400736e-01
7.159384789768371560e-01
7.164473935767325941e-01
7.169235432326681590e-01
7.171073867246913203e-01
7.173071887375901401e-01
7.175214472766806573e-01
7.177488348330028911e-01
7.179883143762079145e-01
7.182387581720182101e-01
7.188111166527557661e-01
7.193417317810549827e-01
7.198410151380885136e-01
7.203072632531432040e-01
7.207470187970480557e-01
7.209054276221775748e-01
7.210807428296853727e-01
7.212714994703294247e-01
7.217594439278814944e-01
7.222187777594439861e-01
7.226551417726774229e-01
7.228077862756582261e-01
7.229771716321251596e-01
7.234386833053683130e-01
7.236057650745397751e-01
7.240643944182727498e-01
7.242292708491020470e-01
7.244094128090876605e-01
7.246034100435313485e-01
7.248100040035062586e-01
7.250282188827000818e-01
7.255555762811579656e-01
7.260453046581062386e-01
7.265042535819049574e-01
7.266678890259227197e-01
7.268461097058268594e-01
7.270376653939688572e-01
7.272413582654386754e-01
7.277491682019243679e-01
7.279399742972150200e-01
7.284308116894286922e-01
7.288879344775829328e-01
7.293172787149689862e-01
7.297248648011704919e-01
7.298524127980735576e-01
7.299962489080606964e-01
7.301553911643037242e-01
7.303285137513596537e-01
7.308005925794084368e-01
7.309647751991852349e-01
7.314235176492398516e-01
7.318554877793913560e-01
7.322581889359184304e-01
7.323812016747287545e-01
7.325200338552279034e-01
7.326737448285641774e-01
7.328410404436439540e-01
7.333083095843150323e-01
7.334659697507976972e-01
7.336366463345961320e-01
7.338190935383887004e-01
7.343098493407972382e-01
7.347591464685255813e-01
7.351757346154764727e-01
7.353045679491895248e-01
7.357169818895737956e-01
7.361053075801569090e-01
7.362152766017994177e-01
7.363410301658237511e-01
7.367538560680640947e-01
7.368766236416283144e-01
7.370139588918058760e-01
7.371648784165065749e-01
7.376148162252578189e-01
7.380281487891754422e-01
7.381505297827068990e-01
7.385561976014304308e-01
7.386749283289913981e-01
7.388080027614239986e-01
7.392318983969093926e-01
7.393582028173290022e-01
7.394982571429009610e-01
7.396509482918731671e-01
7.401017789449874096e-01
7.402427939975985138e-01
7.406737989865798122e-01
7.408051798232911933e-01
7.412287344499749464e-01
7.413517526667324775e-01
7.414882738579445798e-01
7.416370320181432385e-01
7.420802374577686322e-01
7.424908431999837077e-01
7.428690567848992288e-01
7.429666207704741510e-01
7.433401831679070648e-01
7.436925191237586663e-01
7.440213510580230283e-01
7.443362182852182318e-01
7.443910774152852072e-01
7.444641157313289792e-01
7.445539500133147026e-01
7.449176529285922443e-01
7.452586396592399964e-01
7.455806072015596087e-01
7.456415051302828223e-01
7.457197991378452517e-01
7.460704172310264060e-01
7.461487589975684953e-01
7.465022117463107065e-01
7.468289681268854840e-01
7.468932863584449855e-01
7.472250432441472912e-01
7.472918019368863796e-01
7.476224534381301634e-01
7.479382583403216822e-01
7.479938854015435457e-01
7.480664463960362554e-01
7.481546035798828376e-01
7.485145118793561370e-01
7.485994384968931437e-01
7.489577302271243076e-01
7.490397891375479844e-01
7.491362544884224706e-01
7.495069998728803862e-01
7.495978842362874817e-01
7.499613793931069194e-01
7.500474674932704477e-01
7.504022243648202917e-01
7.504842262634847661e-01
7.508357783536688812e-01
7.511636008930862030e-01
7.512262709710680886e-01
7.515555338767759830e-01
7.516177510200775513e-01
7.519461838120339303e-01
7.522524130943415432e-01
7.525417253144308649e-01
7.525772452315412364e-01
7.526297398701627950e-01
7.526978572428095760e-01
7.530366769517292669e-01
7.531023053868934891e-01
7.531823536678374786e-01
7.532755216350681682e-01
7.533807313241868142e-01
7.534968615985525586e-01
7.536231250251317348e-01
7.540355505274821679e-01
7.544152965883250683e-01
7.545042799437458036e-01
7.546052631607848005e-01
7.549857292253976393e-01
7.550756759025532006e-01
7.551775465243681928e-01
7.552902069040612343e-01
7.556847894404459254e-01
7.557833559932869427e-01
7.558929755099916825e-01
7.560127325639385276e-01
7.561418535062686130e-01
7.562795715184212897e-01
7.567110814229036642e-01
7.570986122816963926e-01
7.574493868449027056e-01
7.575200041770782100e-01
7.578570958621960729e-01
7.581678481063848229e-01
7.584562074520022623e-01
7.584858193637425972e-01
7.587759343422607605e-01
7.588061284379897797e-01
7.588524626075557888e-01
7.589134348948309849e-01
7.589878514466371628e-01
7.593375967854776309e-01
7.596546147006412175e-01
7.597010319011485713e-01
7.600116378113995763e-01
7.600540603307264220e-01
7.601110861122064577e-01
7.601815507869318367e-01
7.602643210871062873e-01
7.606274829900654399e-01
7.606981804997018370e-01
7.607808984294114341e-01
7.608747445846897328e-01
7.609787921135752198e-01
7.610923584129296593e-01
7.612146966313738661e-01
7.616333975208614548e-01
7.620030715449676029e-01
7.620776047644224338e-01
7.624296294027156362e-01
7.624914945561273028e-01
7.625660424557743067e-01
7.626521260027058213e-01
7.627490855208423071e-01
7.628561395046212779e-01
7.632541535367534102e-01
7.633407553568196668e-01
7.637087115920806468e-01
7.637785860194491461e-01
7.638604889477169646e-01
7.639535643145566324e-01
7.640570099463532827e-01
7.641702696058831901e-01
7.642926204970033055e-01
7.644235931728271538e-01
7.648664876565661741e-01
7.649693435851494527e-01
7.653624523370727850e-01
7.654424918031490499e-01
7.655340254344819018e-01
7.659105213718192529e-01
7.659808547063202688e-01
7.660634239466678208e-01
7.664317117194194839e-01
7.664942672152365022e-01
7.668315745843888864e-01
7.671276814560459290e-01
7.673897447108435355e-01
7.676251550482680042e-01
7.676082639654994155e-01
7.678452745056619788e-01
7.678289646618777775e-01
7.678307111311218902e-01
7.678488019511240381e-01
7.678821375626241341e-01
7.679294430684363570e-01
7.679897866964697783e-01
7.680621033841983358e-01
7.684366651697960293e-01
7.684898858859074977e-01
7.685554535668824849e-01
7.686326299326984302e-01
7.687206719845609548e-01
7.691198324124965957e-01
7.691837078140404405e-01
7.692593590999151631e-01
7.696417631566907502e-01
7.696950512556461899e-01
7.697607296775660357e-01
7.698379471383239858e-01
7.699261194999718061e-01
7.703286859233714479e-01
7.703907632467865696e-01
7.704648701975269631e-01
7.705502500140259947e-01
7.709479195953204966e-01
7.712816818631138549e-01
7.715663240837781212e-01
7.718110994380871226e-01
7.720290646896118547e-01
7.719886019569847102e-01
7.719669730415230635e-01
7.719626690127843194e-01
7.719744147927740663e-01
7.722743142656010029e-01
7.722748514803988718e-01
7.725583108232019214e-01
7.725501885597640950e-01
7.728191283154433044e-01
7.728039766932891519e-01
7.728052968773897469e-01
7.730938057910698991e-01
7.733416294494876997e-01
7.733127176151329829e-01
7.735623429876907764e-01
7.735300546194375793e-01
7.735152522895217819e-01
7.735165550228071396e-01
7.735327259166555613e-01
7.735626206357515411e-01
7.739029617603528921e-01
7.741925958191199220e-01
7.741816142281245927e-01
7.741862072965073338e-01
7.742051629132060686e-01
7.742374762392317811e-01
7.745797310410570402e-01
7.748703071621603211e-01
7.751237457889010862e-01
7.753442167216179071e-01
7.752933894310394258e-01
7.755165711452601807e-01
7.757124614887928038e-01
7.756463133406528154e-01
7.755995999924347739e-01
7.758316306867552026e-01
7.760366530075121227e-01
7.759736812877596757e-01
7.759296940979463209e-01
7.761652980598832130e-01
7.761202920252673332e-01
7.760927148788089314e-01
7.760809987853469760e-01
7.760840468357896871e-01
7.761006320997531072e-01
7.764235438943940526e-01
7.764257049540931321e-01
7.764413693652740811e-01
7.764694701335280724e-01
7.765090590443987084e-01
7.768726500779548072e-01
7.771813341885575044e-01
7.774446937484402742e-01
7.774147725871691783e-01
7.774006628631356941e-01
7.776753491230313786e-01
7.776521867244928776e-01
7.776442802306611224e-01
7.779317034812144316e-01
7.781763543439341735e-01
7.783954382586608656e-01
7.785854798412371602e-01
7.787515955089445718e-01
7.789003541407785169e-01
7.788032419431860642e-01
7.787272665073272648e-01
7.786702227878767868e-01
7.788922277801166860e-01
7.790859459585885993e-01
7.792544071202064382e-01
7.794079723688055461e-01
7.795447072610570682e-01
7.794406882671008896e-01
7.793577882066031748e-01
7.792942706361049021e-01
7.795047866940308934e-01
7.796887207340865711e-01
7.798536916412338593e-01
7.799984379368467557e-01
7.799024782124809319e-01
7.798267156018517943e-01
7.800109392306777689e-01
7.799403724215902001e-01
7.801354534899940241e-01
7.800687095888861888e-01
7.800194830300428706e-01
7.799861586383837198e-01
7.802307210512509084e-01
7.801933701219672113e-01
7.801709046734549569e-01
7.804276494633756167e-01
7.803985868232556911e-01
7.806426943028121901e-01
7.806084312413954507e-01
7.805887058629452646e-01
7.805820852383409392e-01
7.805877480656753242e-01
7.808809971361222457e-01
7.808736611639542913e-01
7.811473246920386249e-01
7.811294384603287844e-01
7.813884673919134771e-01
7.813620194802766150e-01
7.816109982902866848e-01
7.815774542963461746e-01
7.815581780540322709e-01
7.818150022895038465e-01
7.817872190336849769e-01
7.817731884138504617e-01
7.820386637323313295e-01
7.822709169043282618e-01
7.824774211245851818e-01
7.826561690218257761e-01
7.825817005925999048e-01
7.825244858456570363e-01
7.827284524195147197e-01
7.826704859718324192e-01
7.826284859487985246e-01
7.826010465087830381e-01
7.825871393595817960e-01
7.828500635150105191e-01
7.828260073398390917e-01
7.828151130398037782e-01
7.828161571798991636e-01
7.828283904013081385e-01
7.831286188209997112e-01
7.833884437321947392e-01
7.833617004563239172e-01
7.836064276407902485e-01
7.835710914030884489e-01
7.835497386894446636e-01
7.835411528740411358e-01
7.838151823987273836e-01
7.837940662368665379e-01
7.840508973254110003e-01
7.842721890989561295e-01
7.842211910462588698e-01
7.844341904144783717e-01
7.846193024239187519e-01
7.845478357160304839e-01
7.847358943464068926e-01
7.846646810348414380e-01
7.848492871203505139e-01
7.847784517242488711e-01
7.847241464562060287e-01
7.846850918788773610e-01
7.846601379996823722e-01
7.849090933798482661e-01
7.848745715235484477e-01
7.851119358701847961e-01
7.850695939269204393e-01
7.850414115564797735e-01
7.852838902569514445e-01
7.854948881517040959e-01
7.856770773163272992e-01
7.858379119469747209e-01
7.859748706552387443e-01
7.858757335013397682e-01
7.857952823429045219e-01
7.857318455749753294e-01
7.859299127663473827e-01
7.858648371069655303e-01
7.858155231526533502e-01
7.857805135912351302e-01
7.857587164617474418e-01
7.857491766083887219e-01
7.860240578673924894e-01
7.860010392352290154e-01
7.862500538247757520e-01
7.864684096136954627e-01
7.864143653293084180e-01
7.863749437134330833e-01
7.866026813624552583e-01
7.865555784137310269e-01
7.865225393264260179e-01
7.865022686803579965e-01
7.867569256095392483e-01
7.867248025211061035e-01
7.867053077455045118e-01
7.869626038721273531e-01
7.869306148134128653e-01
7.871718408688074264e-01
7.871295842435560575e-01
7.873554329741814239e-01
7.873052050147645309e-01
7.875212016585785291e-01
7.874641861823602484e-01
7.876689716203437719e-01
7.876069076814307124e-01
7.878053848147930083e-01
7.877393069439443396e-01
7.876887518124974230e-01
7.876521154100425415e-01
7.876285048532881694e-01
7.876169119291651644e-01
7.876163517403844683e-01
7.879031884038745215e-01
7.878850348139586623e-01
7.878785941220943778e-01
7.878829381454796055e-01
7.878974113689509728e-01
7.882087555409307278e-01
7.882017773556685425e-01
7.882057725530366987e-01
7.882201095499220544e-01
7.882440218378023999e-01
7.882770579923267240e-01
7.883187426657627395e-01
7.883685848894185222e-01
7.887382174456147865e-01
7.890382142068456117e-01
7.890241968392226468e-01
7.890223084951104582e-01
7.890318650012464463e-01
7.890520505825812103e-01
7.890825119556794665e-01
7.891227907963580535e-01
7.894774008913841845e-01
7.894866456862096316e-01
7.895072480154954331e-01
7.895387900031962669e-01
7.895807482983020487e-01
7.896331514502320514e-01
7.896959793204906264e-01
7.897698179279136754e-01
7.898462628861344648e-01
7.902668980482802086e-01
7.905692448728910415e-01
7.908019262407899319e-01
7.909845187126669508e-01
7.909126295275777929e-01
7.910857415837786455e-01
7.912229757327197133e-01
7.911182722564525927e-01
7.910325110459184295e-01
7.909643035107800646e-01
7.909124898539690030e-01
7.908759800110046756e-01
7.908536389596052540e-01
7.908447720472836506e-01
7.908482686164093334e-01
7.908638162427517049e-01
7.908907035716794542e-01
7.912607806171062519e-01
7.912545390171359383e-01
7.912611569911460752e-01
7.912803664965005757e-01
7.913115914859149003e-01
7.916791113064145513e-01
7.916741125484890729e-01
7.916824147534980982e-01
7.920019227100183468e-01
7.922421201768959920e-01
7.924223247694908157e-01
7.925588340774265550e-01
7.926677260998191699e-01
7.927524029980341780e-01
7.925997898893929472e-01
7.924693712700879855e-01
7.923593226599462414e-01
7.922681874358489251e-01
7.921946880710526440e-01
7.924219209249349083e-01
