2.175302517355226853e-02
3.324219187417308541e-02
4.447515586773490709e-02
5.545725235549941318e-02
6.291582928975544831e-02
7.351526658082704890e-02
8.060789153854931721e-02
9.084984757537621636e-02
1.009055700339657607e-01
1.107017051584979900e-01
1.202206370641538125e-01
1.263061154047717682e-01
1.322476410508014455e-01
1.413470582264997055e-01
1.469910360803960980e-01
1.556628451566818006e-01
1.625404443696959467e-01
1.661293610304493962e-01
1.725816089406815579e-01
1.789757346075758482e-01
1.813365711708675720e-01
1.853739756299576380e-01
1.903189715753892119e-01
1.954050955792342725e-01
2.007641895805233612e-01
2.043738719108543211e-01
2.089130428534786699e-01
2.134967502393649574e-01
2.184565671980723267e-01
2.223624006758032623e-01
2.271991528529849480e-01
2.319171645497000722e-01
2.365033041024581784e-01
2.409587337164828258e-01
2.452930105664351268e-01
2.495118034234393989e-01
2.536220806208999701e-01
2.568499897049512648e-01
2.600320747377213859e-01
2.639825429345016294e-01
2.678302318519409919e-01
2.715822320420576697e-01
2.745280548056296399e-01
2.781710125539568201e-01
2.817296829363933330e-01
2.852069153354186981e-01
2.886096503532703528e-01
2.919436475385409624e-01
2.952122140383608428e-01
2.984175119249469765e-01
3.015635333721111144e-01
3.046546399761164148e-01
3.076909554991321682e-01
3.106768960200856911e-01
3.130683630350803992e-01
3.159997761763472801e-01
3.183375778007600521e-01
3.212125130935076234e-01
3.234978519834995625e-01
3.263178930797300814e-01
3.285522717230934253e-01
3.313181007148565671e-01
3.340347446894094130e-01
3.367039840756106961e-01
3.393315317366716322e-01
3.414179421328140118e-01
3.434963076590911157e-01
3.460803055800449890e-01
3.486218714214762149e-01
3.511214605873364536e-01
3.535804777721968661e-01
3.555293878616204162e-01
3.579553965126417436e-01
3.603443306818934766e-01
3.622338996750319451e-01
3.645894260661913799e-01
3.669121518250816893e-01
3.692006375746411662e-01
3.714581940387897130e-01
3.736857406270114867e-01
3.758830216619184483e-01
3.776260317525172994e-01
3.798052984237471619e-01
3.815275403867552373e-01
3.836868407172963624e-01
3.853873105213467820e-01
3.875236820302385143e-01
3.896289518712181543e-01
3.917061641982263476e-01
3.937570631915244812e-01
3.957799107688276807e-01
3.977810531674080829e-01
3.997574199540701034e-01
4.017121544432601943e-01
4.036492045586696498e-01
4.055672634393264198e-01
4.074649626328026852e-01
4.093448241953683286e-01
4.112041233912889782e-01
4.130462439958129672e-01
4.148719837557902634e-01
4.163194158343679341e-01
4.181444915215911662e-01
4.199521169184488034e-01
4.217403744360739282e-01
4.235149535785397434e-01
4.249164934667085114e-01
4.266877763290512493e-01
4.284391856542002497e-01
4.301735656670059860e-01
4.318911029554647341e-01
4.335953571176818788e-01
4.349401516532444001e-01
4.366408541844779556e-01
4.379814923545454763e-01
4.396775658491086092e-01
4.410118428127801082e-01
4.427008567886753787e-01
4.443725762211684360e-01
4.460238143314952386e-01
4.473212574764701133e-01
4.489676959926192090e-01
4.505953922731468220e-01
4.518721619164045022e-01
4.531570073285633993e-01
4.544486833604463594e-01
4.557458675132553538e-01
4.573953275508006455e-01
4.590244218433761070e-01
4.602886444537493404e-01
4.619044106137124017e-01
4.634932435094692438e-01
4.650640024483116974e-01
4.666130053619223506e-01
4.681449414601908110e-01
4.696583284125280811e-01
4.711559113054465953e-01
4.726386160868515929e-01
4.741073885385517217e-01
4.755628873850358818e-01
4.770054220645618126e-01
4.781284250422161985e-01
4.792630949787339834e-01
4.807224790900802569e-01
4.818541400632397331e-01
4.833129639666642885e-01
4.844397396688236990e-01
4.858927581212327818e-01
4.873285602420067697e-01
4.887445327406786943e-01
4.901480084576611551e-01
4.915331956888883691e-01
4.926038395190526775e-01
4.939931798923306028e-01
4.953638312516419062e-01
4.964211936629668864e-01
4.974891296348195602e-01
4.988722639994023766e-01
5.002413865386503566e-01
5.015904499196749411e-01
5.029272467285373915e-01
5.039525833701112845e-01
5.052866238828039869e-01
5.063101013479858192e-01
5.076418382116359984e-01
5.089600911354663637e-01
5.099675612382573719e-01
5.112812212568323966e-01
5.125812924104076185e-01
5.138653104892109136e-01
5.151337696242879183e-01
5.163893970382091858e-01
5.176355611392785550e-01
5.188679034015164504e-01
5.200921513846351596e-01
5.213037258323290901e-01
5.225057129171861714e-01
5.234225206151160714e-01
5.243531475550354815e-01
5.255775248255107890e-01
5.267886996951519629e-01
5.279875063749958075e-01
5.291761321958197151e-01
5.303519440670808605e-01
5.315177051364624594e-01
5.324038147669246657e-01
5.333032395048161733e-01
5.344934235388462129e-01
5.353931302495842370e-01
5.365807462961805774e-01
5.374792376943480221e-01
5.383879883393754007e-01
5.395854719196021554e-01
5.407655323429532146e-01
5.419324885554728244e-01
5.430855259835769555e-01
5.439518865532955161e-01
5.448292435951774815e-01
5.459939830157887197e-01
5.471427558207282438e-01
5.482739675162132675e-01
5.493904822146045142e-01
5.502284711088119007e-01
5.513500746492856486e-01
5.524540700459991127e-01
5.535451596313186728e-01
5.546231559807766054e-01
5.556907890369184866e-01
5.567500846834719797e-01
5.575404256799064706e-01
5.586040912090742827e-01
5.593983027738907987e-01
5.602048336200693424e-01
5.610222307253072138e-01
5.621195346016950589e-01
5.631964547846244340e-01
5.642585107313005111e-01
5.650473411555012593e-01
5.661111736934215655e-01
5.671581726158875236e-01
5.681910051260377070e-01
5.692115403832790355e-01
5.702208742857456381e-01
5.709675052029193898e-01
5.719813699266905749e-01
5.727306060364028006e-01
5.737467838158522015e-01
5.747499675374765360e-01
5.757410550802070093e-01
5.764713450931040484e-01
5.774664359740238062e-01
5.784511344694621693e-01
5.791733218651533566e-01
5.801589860422400324e-01
5.811320484443419643e-01
5.820933004902956176e-01
5.827979161398006980e-01
5.835151337753609058e-01
5.842435662288867348e-01
5.849819245667023937e-01
5.859846570820248512e-01
5.869724252058168279e-01
5.879413793569947533e-01
5.888975561799595360e-01
5.895924074780792834e-01
5.902985051016215179e-01
5.912661478689791306e-01
5.922171128626091408e-01
5.931535518002092333e-01
5.938325010447359498e-01
5.947693576553105821e-01
5.956922372487801765e-01
5.966023040816732514e-01
5.975026815646459211e-01
5.983900334854571623e-01
5.992674205889434447e-01
6.001381253541601124e-01
6.010000755680793283e-01
6.016164174083987737e-01
6.024850432825834545e-01
6.033440129792241313e-01
6.041936845908565390e-01
6.048013140499965967e-01
6.056594631984834054e-01
6.065072252362107008e-01
6.073454591299434213e-01
6.079435028364560401e-01
6.085555909623228121e-01
6.094171372671287612e-01
6.102687907379471532e-01
6.111064326039153949e-01
6.119355857857665670e-01
6.125230047942868961e-01
6.131238817942201713e-01
6.137367362944458060e-01
6.143602277559441216e-01
6.152330135547725565e-01
6.158521436235329105e-01
6.167203284600488722e-01
6.175742445324298169e-01
6.184103371363578461e-01
6.192333846784283669e-01
6.200441650579359143e-01
6.208461911669101996e-01
6.216346111585555612e-01
6.221868661304749137e-01
6.227525873926477162e-01
6.233303240915909482e-01
6.239187049982137800e-01
6.247526151092681612e-01
6.255703349916075240e-01
6.261418128143799722e-01
6.267236223137692130e-01
6.275515368559091423e-01
6.281280208463452253e-01
6.289490047923022020e-01
6.297531267737150884e-01
6.303114792497260810e-01
6.311125046150478646e-01
6.316677568766799755e-01
6.322330499774764245e-01
6.330423587147175901e-01
6.336017832223235224e-01
6.344090253674881108e-01
6.349624964635416369e-01
6.355251425684368405e-01
6.363327048516427276e-01
6.371213166423141949e-01
6.378960270383441378e-01
6.386536789687097260e-01
6.393976622216466232e-01
6.401279580908560973e-01
6.408454017440297079e-01
6.415540426457454481e-01
6.422536862293000137e-01
6.429424298249717395e-01
6.436227327758354821e-01
6.442957204073170852e-01
6.449619220186116886e-01
6.456212461799435420e-01
6.462743331003178993e-01
6.467074707485368501e-01
6.471568827572492522e-01
6.478408346931275874e-01
6.485152795718214236e-01
6.489633604723599181e-01
6.494255167128533124e-01
6.501245270689566258e-01
6.508116985297621726e-01
6.514879201865499958e-01
6.521515097185305310e-01
6.525887797369683829e-01
6.532618786844004433e-01
6.537035652328128110e-01
6.543785849950884970e-01
6.550419918806338337e-01
6.556935290177512421e-01
6.561208058110324925e-01
6.567796167308409538e-01
6.574267443493169161e-01
6.580637115485971078e-01
6.586937854869429065e-01
6.593136516445081696e-01
6.599250471438440346e-01
6.605297932574821784e-01
6.611276848555655006e-01
6.617192765849367886e-01
6.623054624878041974e-01
6.626806924694507162e-01
6.632801143129473109e-01
6.638744226841093443e-01
6.642538383402037949e-01
6.648571728607108877e-01
6.652447076835062978e-01
6.658563804690522669e-01
6.664577420208784853e-01
6.668435187250576490e-01
6.674525833331943492e-01
6.680512577405502972e-01
6.686408164546289168e-01
6.692218359786864523e-01
6.697974674280450236e-01
6.703637913490135825e-01
6.707208748693792577e-01
6.712979688762898967e-01
6.718669583645365817e-01
6.724279830542068126e-01
6.727807220093088292e-01
6.733523416405814421e-01
6.737126480676176588e-01
6.740866774692014785e-01
6.746799381496835224e-01
6.752616613348622066e-01
6.758332547810549373e-01
6.763948997747272207e-01
6.769477161123694797e-01
6.772923317849799396e-01
6.776510032940519235e-01
6.782265874524292526e-01
6.785881943753599987e-01
6.789617082828115491e-01
6.795528713782992281e-01
6.801300474351282821e-01
6.806950782736816974e-01
6.812487625427090521e-01
6.815922441067641113e-01
6.821524455754564009e-01
6.826996852563589346e-01
6.830372623934651832e-01
6.833874921772701283e-01
6.839530299064211505e-01
6.845074398981644270e-01
6.848478337902526025e-01
6.854029038543709706e-01
6.857445553639335278e-01
6.863005846177130387e-01
6.868438691406520968e-01
6.873771331409556096e-01
6.876997133318528688e-01
6.882355176734686886e-01
6.885607961586434067e-01
6.890990956519857935e-01
6.896251684310567009e-01
6.901422190379882249e-01
6.906474176950079258e-01
6.911433197513080495e-01
6.914367886553163256e-01
6.919409512989498356e-01
6.922401643882569733e-01
6.927498167025523124e-01
6.932492889939270153e-01
6.935443345676142179e-01
6.938524786785601473e-01
6.943716809268671852e-01
6.948781119333845568e-01
6.953735595261872904e-01
6.958587667042290814e-01
6.961417442926297605e-01
6.966333802758705174e-01
6.971167419800899934e-01
6.975887596928116441e-01
6.980524143454559516e-01
6.985107464152260359e-01
6.989594119699945596e-01
6.994025653663497044e-01
6.998398717181356643e-01
7.002707417177308491e-01
7.005093047075231505e-01
7.009534833015302890e-01
7.013910528264517552e-01
7.016344844869386588e-01
7.018931416416794855e-01
7.021655349852791161e-01
7.026471303422628933e-01
7.031151645307913700e-01
7.035751282455636746e-01
7.040224980285515466e-01
7.042721540051017914e-01
7.047296165361915943e-01
7.051745290408515388e-01
7.054215536276745580e-01
7.058738016247623204e-01
7.061257946234532623e-01
7.065832208043644203e-01
7.070296881360973451e-01
7.072766712032938496e-01
7.075365982971405510e-01
7.080016362788645878e-01
7.084540821198728189e-01
7.088954744192651480e-01
7.093266726898757035e-01
7.097479269637440025e-01
7.099750396828781174e-01
7.104047816219265510e-01
7.106375298944379582e-01
7.108834305310982593e-01
7.113324594051811944e-01
7.117692727166428091e-01
7.121973632421444433e-01
7.126134378530341040e-01
7.130197544189069703e-01
7.132336122997471328e-01
7.136487193673013429e-01
7.140536738663749716e-01
7.144501690907774094e-01
7.146559461890962250e-01
7.150612191466991785e-01
7.154575645642297088e-01
7.156628060030073568e-01
7.160671642582393526e-01
7.162784074698389514e-01
7.165029194460896811e-01
7.169278104518095329e-01
7.173406007697673559e-01
7.177448136037746229e-01
7.181372144484097220e-01
7.185199266488806469e-01
7.187131658319860783e-01
7.189205128814244450e-01
7.193267701765598821e-01
7.197240215836777644e-01
7.201095703630904232e-01
7.204865467860177564e-01
7.206730835430611437e-01
7.208736713458091527e-01
7.210868710773806756e-01
7.214991412497144818e-01
7.217127391844736506e-01
7.221274125657589638e-01
7.225268483950917364e-01
7.229165219836927170e-01
7.232936936081845181e-01
7.236616994683248150e-01
7.238392223123986113e-01
7.240304423256784805e-01
7.244195054737655459e-01
7.247969491620532834e-01
7.251642465673415749e-01
7.255226723850608517e-01
7.256920069445564891e-01
7.260575728068776602e-01
7.262325396957819423e-01
7.266053372645964181e-01
7.269662638778153774e-01
7.273196962244143915e-01
7.276628141577827780e-01
7.278191270403868707e-01
7.279898061220441141e-01
7.283584864195354891e-01
7.287148024161870241e-01
7.290636839114920109e-01
7.292215412526995566e-01
7.295753428753316561e-01
7.297384328654747954e-01
7.299145620464417838e-01
7.302874798343772511e-01
7.304647499367805663e-01
7.308385137657111841e-01
7.312016342664913182e-01
7.313691226984229132e-01
7.317326337207611386e-01
7.319017988803879771e-01
7.322670253572862720e-01
7.326200609349804438e-01
7.329614442401397589e-01
7.332928801610629765e-01
7.336149036874287654e-01
7.337514304749039873e-01
7.340819856752833772e-01
7.344028673518987471e-01
7.347152375273422464e-01
7.350224895374312117e-01
7.353207499394992519e-01
7.356119930648417071e-01
7.357243392803554105e-01
7.358524736173228664e-01
7.361734361122813652e-01
7.364876000805085088e-01
7.367914768087072686e-01
7.370870276065141224e-01
7.373758703624081479e-01
7.376582287400312854e-01
7.379374392611731670e-01
7.382122547846411420e-01
7.384794808415816592e-01
7.387426389892145506e-01
7.388319128794562651e-01
7.391107098173587131e-01
7.393839143510860801e-01
7.396520152666267167e-01
7.397448568183846440e-01
7.400262401850080662e-01
7.401297435348203058e-01
7.404230635119303239e-01
7.407074998384800546e-01
7.408132238202264075e-01
7.411084478487695026e-01
7.413941676286369686e-01
7.416724392816611555e-01
7.417731569978990303e-01
7.420615334722842071e-01
7.423432389759440087e-01
7.426160735571756266e-01
7.428825538011425422e-01
7.431430645632536303e-01
7.432293609384832411e-01
7.433311396321279352e-01
7.436197603832050973e-01
7.439006610595128022e-01
7.440017412588059154e-01
7.442895585430274741e-01
7.445683476412273682e-01
7.446683813390911899e-01
7.449546730099434466e-01
7.452318649648744797e-01
7.455007758111186211e-01
7.457622493469743263e-01
7.460174805496957440e-01
7.462662877185052279e-01
7.465115335871567170e-01
7.467483616801192658e-01
7.468159305789682234e-01
7.468995048970251682e-01
7.469975704967763974e-01
7.472810684313249130e-01
7.473837053042114986e-01
7.474988528518756725e-01
7.478006977090991825e-01
7.479166066047812089e-01
7.482192014454041029e-01
7.485092109736999344e-01
7.486156297422209560e-01
7.489079663018179955e-01
7.490159803527002280e-01
7.491354901542044420e-01
7.494420965781791732e-01
7.495602761384266843e-01
7.498649201223738237e-01
7.501561694558546156e-01
7.502622523668134313e-01
7.505563328840807458e-01
7.508358236228637184e-01
7.511063822072657770e-01
7.511937331874453116e-01
7.514666318143581325e-01
7.517285913140586695e-01
7.519804943723660262e-01
7.522251229900419611e-01
7.524603860882721484e-01
7.526886730337890574e-01
7.529107518060851323e-01
7.531260126956107470e-01
7.533365081111585981e-01
7.535427706128517977e-01
7.537446082813703541e-01
7.539427684521499140e-01
7.541375930612244094e-01
7.543299916525291193e-01
7.545303948119745918e-01
7.545545689099157904e-01
7.547656077667114216e-01
7.549578981757381069e-01
7.551513226944138735e-01
7.553358978949777924e-01
7.555220283925692115e-01
7.557005077414995498e-01
7.558762676191758123e-01
7.560495866977618995e-01
7.562206708588588011e-01
7.563896938879690612e-01
7.565568639305882970e-01
7.565684391523351815e-01
7.567538555489385921e-01
7.569354636046220497e-01
7.571136094501424996e-01
7.571336594479644022e-01
7.573274646712505609e-01
7.575162970116616767e-01
7.577006153594536553e-01
7.578807621355551083e-01
7.579022384670852652e-01
7.580971258443848226e-01
7.582865758509050869e-01
7.583151820606400806e-01
7.583591333177579497e-01
7.584169110458797158e-01
7.586491784375345437e-01
7.588715680368798289e-01
7.589255143636467471e-01
7.591535979455676930e-01
7.593719958933756731e-01
7.595816598616793591e-01
7.596252452660533505e-01
7.598424601422610891e-01
7.600509567343778361e-01
7.602515569671030038e-01
7.604450638609284718e-01
7.606321989796428484e-01
7.608135859214147922e-01
7.609897253598757461e-01
7.611612235960822925e-01
7.613286670705438075e-01
7.614923409291042278e-01
7.616524849537928965e-01
7.616565899655615146e-01
7.618324831495223437e-01
7.620034736179668311e-01
7.621699896177051015e-01
7.621789833748463527e-01
7.623595997535346225e-01
7.625344792410945205e-01
7.627043056915300268e-01
7.628695471142434847e-01
7.630307091202014336e-01
7.630352987862115688e-01
7.632107448033090824e-01
7.633807770060486719e-01
7.633923354440355080e-01
7.635747006892145139e-01
7.637507310286746343e-01
7.639211080274969090e-01
7.640863847191341485e-01
7.642470068958314711e-01
7.644033874583183730e-01
7.645559851626858583e-01
7.647051633470763887e-01
7.647001516344621441e-01
7.648645837351879528e-01
7.650241853532955272e-01
7.650272727020929198e-01
7.651998837687756794e-01
7.652132113400352820e-01
7.653962556376607829e-01
7.654176177624717470e-01
7.654523965081488912e-01
7.654993594074640528e-01
7.657173913834709467e-01
7.659241076624889732e-01
7.661205323287776370e-01
7.663078503192679580e-01
7.664869825439184492e-01
7.666588234366343846e-01
7.668241255318002381e-01
7.669835049378100900e-01
7.671375203918825436e-01
7.672867616628601395e-01
7.674317110729176328e-01
7.675727961391171084e-01
7.675604133598349366e-01
7.675639058699160744e-01
7.675817923402474818e-01
7.677688645913495202e-01
7.677921530742781719e-01
7.679849096377799889e-01
7.681681466248178047e-01
7.683429042989812219e-01
7.685099422389385371e-01
7.685172812526265274e-01
7.685382664679382136e-01
7.687285626643145520e-01
7.687535157472273895e-01
7.689481250628116271e-01
7.691324943715044382e-01
7.691524806376514034e-01
7.691846689893877542e-01
7.693870497348495041e-01
7.695780340993801927e-01
7.697733800265966764e-01
7.699455705226767588e-01
7.701095569544220698e-01
7.702661457947163060e-01
7.704162010719387554e-01
7.704071855672394165e-01
7.704126068330617860e-01
7.705887818564839398e-01
7.707560994600630710e-01
7.707600891920459718e-01
7.709345741639176408e-01
7.711003110426343232e-01
7.712580908196892127e-01
7.714086991382038683e-01
7.713994373358585843e-01
7.715600742345087859e-01
7.715583954434092062e-01
7.715701404998457358e-01
7.717529716701782005e-01
7.719255175824881743e-01
7.720888477698544250e-01
7.720889276573685844e-01
7.722593824033989751e-01
7.722646414955665062e-01
7.724406653728469463e-01
7.724499796502048987e-01
7.726303782608802129e-01
7.728003511312404594e-01
7.729609907980588002e-01
7.731132601732313425e-01
7.732579707065553309e-01
7.734144299553823432e-01
7.735467928398962467e-01
7.735209906172524352e-01
7.736651950967423641e-01
7.736485904604772923e-01
7.738025105399533032e-01
7.737930858318063931e-01
7.739547411485870887e-01
7.741075542792064113e-01
7.740970184844151447e-01
7.742574791245219190e-01
7.742526833453232671e-01
7.742606475211309958e-01
7.742802190873728785e-01
7.744728997146251848e-01
7.746528066000277768e-01
7.746621638134935095e-01
7.748439920798778635e-01
7.750141335086013772e-01
7.750156807642519796e-01
7.750291585260180582e-01
7.750535088878948153e-01
7.752632292643192313e-01
7.754568410382620680e-01
7.756325688428102882e-01
7.758053746824195018e-01
7.757979919931251578e-01
7.759734162816805947e-01
7.759689961667550762e-01
7.759767244524520269e-01
7.761702200408187036e-01
7.763523726825464211e-01
7.765216145760543975e-01
7.766791354647405443e-01
7.768305301132055751e-01
7.769761718851262433e-01
7.769435558705916067e-01
7.769252551497283221e-01
7.770929216298930742e-01
7.772503891056997682e-01
7.774010217678404278e-01
7.775308346274154569e-01
7.776549756389024015e-01
7.777709341516467756e-01
7.778825825331937560e-01
7.779878326254340282e-01
7.779339886851954766e-01
7.778961881323249727e-01
7.780546994565014085e-01
7.781832158386040588e-01
7.783044412325218486e-01
7.784192635621622891e-01
7.785282949752778681e-01
7.786321087676646435e-01
7.787313880250630316e-01
7.788265587616324259e-01
7.789180397529884559e-01
7.790062494858988051e-01
7.790915339616920621e-01
7.791740868706205081e-01
7.792542622370074445e-01
7.793418741195575761e-01
7.794184704083111370e-01
7.794933292269088376e-01
7.794151489432666891e-01
7.793546931845176662e-01
7.793103289165014269e-01
7.794392177905906660e-01
7.795605260337625797e-01
7.796750024623082531e-01
7.796278911984899640e-01
7.797532208058802761e-01
7.798711957428873243e-01
7.799824620269462105e-01
7.799331756464146226e-01
7.798986251198970487e-01
7.800367177865425994e-01
7.801658497598750186e-01
7.801302692929945604e-01
7.802669712709083827e-01
7.803947114811885521e-01
7.805144743829106613e-01
7.806270884109813846e-01
7.807332394732348080e-01
7.808336256302532696e-01
7.807762532532098732e-01
7.808892533736468966e-01
7.808416162508204916e-01
7.809647840992904877e-01
7.810802755794344909e-01
7.811887776626471602e-01
7.812911029624837189e-01
7.813880561512731582e-01
7.813282035221097432e-01
7.812836816234784987e-01
7.814095630294025652e-01
7.815272530755714708e-01
7.816375197219868065e-01
7.817412126869429656e-01
7.816867547707855302e-01
7.818017045618343985e-01
7.819094158413762985e-01
7.820108670654050131e-01
7.821066187585510310e-01
7.821972329588153805e-01
7.822832046179842846e-01
7.823651233645114722e-01
7.822942358061889534e-01
7.823910379780812940e-01
7.824825031479964998e-01
7.824191769931307938e-01
7.825236169013806142e-01
7.826217603342597862e-01
7.827143618062381014e-01
7.826521091139038155e-01
7.827572225785243143e-01
7.828559011220115327e-01
7.827984312667757294e-01
7.827555442175820888e-01
7.827259358213644047e-01
7.827083405289362306e-01
7.828606611332407095e-01
7.830010899336817820e-01
7.831308816442467124e-01
7.830967822206731377e-01
7.832314883041596731e-01
7.833560635698484376e-01
7.834716163723491889e-01
7.835790000463958016e-01
7.836791682591183195e-01
7.837730649569407682e-01
7.837112892653060880e-01
7.838164359354785615e-01
7.839147135980401027e-01
7.840067539124723206e-01
7.839435792665205849e-01
7.838951547766010997e-01
7.838601705188183999e-01
7.838374235513426713e-01
7.839841981288315775e-01
7.841191027978227091e-01
7.842434013667055615e-01
7.843582189802660309e-01
7.844646173059229843e-01
7.845634931879293950e-01
7.846555622693801579e-01
7.847416251071414051e-01
7.848336846863095406e-01
7.849101832191841543e-01
7.848330664378995181e-01
7.847717885108795866e-01
7.848788654294037714e-01
7.849781946319800419e-01
7.850706488783028014e-01
7.851662067909427334e-01
7.850958898069537728e-01
7.851943638878121634e-01
7.851333023208966200e-01
7.852414470031791049e-01
7.851877462639894611e-01
7.853035529672207637e-01
7.854105104908979396e-01
7.855095386120651835e-01
7.856014086598879231e-01
7.855353538771721045e-01
7.854837538453418588e-01
7.854453876897488085e-01
7.855770860522987009e-01
7.856979105611946457e-01
7.858090761998182128e-01
7.859115994775964786e-01
7.860064187010602499e-01
7.860943498769423776e-01
7.861760668686932352e-01
7.862523391969004072e-01
7.863238892674567770e-01
7.863911227173734364e-01
7.864543818909696116e-01
7.865142390060755329e-01
7.865710482825011285e-01
7.864780862426484775e-01
7.865513494515957715e-01
7.866201123777025739e-01
7.866848075317931510e-01
7.867459472743498772e-01
7.866566442329865350e-01
7.867331749889235892e-01
7.868048163014276231e-01
7.868720874958291533e-01
7.869353883665989313e-01
7.869950967367134176e-01
7.870516438956561833e-01
7.869592713568722697e-01
7.868834497260832617e-01
7.869731687226670935e-01
7.870563293806053240e-01
7.871337819146430048e-01
7.870579313094389073e-01
7.871472023061790724e-01
7.872299753410696432e-01
7.873068230490469777e-01
7.872307042068232841e-01
7.871694508674333957e-01
7.872736003250733194e-01
7.873694317861265057e-01
7.874578789067442353e-01
7.875397298535201651e-01
7.876156314613107501e-01
7.875388781715554343e-01
7.874769335670889214e-01
7.875799650017902831e-01
7.876746456410840258e-01
7.877619139172779006e-01
7.878425668523089120e-01
7.877695174555565671e-01
7.877108523315202726e-01
7.878172105127824176e-01
7.879146358852849863e-01
7.880041450841003270e-01
7.879380240807020153e-01
7.880362830015330555e-01
7.881264801529896946e-01
7.880608510098929820e-01
7.881596448233941787e-01
7.882501981891559817e-01
7.883334018020906608e-01
7.884101272172017172e-01
7.884810876647523337e-01
7.885468496008763983e-01
7.886079353717411200e-01
7.885197785194808517e-01
7.885947010398746126e-01
7.885172859994773464e-01
7.886033309223791088e-01
7.886824130827153612e-01
7.887554388941619976e-01
7.886765762968279692e-01
7.887609244617543869e-01
7.886908662963960648e-01
7.886345931594049841e-01
7.887428173868622494e-01
7.888413849874013062e-01
