2.009620174410213967e-04
4.123453476341293789e-04
5.421558346397282102e-04
7.434112206617115876e-04
8.661265444813933973e-04
9.870357110510373164e-04
1.105068400275082243e-03
1.220545558045981133e-03
1.333467725666793004e-03
1.443825386038407980e-03
1.551634781171785764e-03
1.727157694241262132e-03
1.827824310389829969e-03
1.999785102232986417e-03
2.168424483729669994e-03
2.256406251524264821e-03
2.426632049843240393e-03
2.504257361449413553e-03
2.581115132584826943e-03
2.656983472335244616e-03
2.827118642080688089e-03
2.893018761717312728e-03
3.055086514260200222e-03
3.113235323012435597e-03
3.284423882494571199e-03
3.467057728063180008e-03
3.499911505953717805e-03
3.699909587460338545e-03
3.717019015521057755e-03
3.944361492503693604e-03
3.942633295405861306e-03
3.947315180482794360e-03
3.959526969367358623e-03
3.978604650472247414e-03
4.215287828622770946e-03
4.203637231368266211e-03
4.204276613724024572e-03
4.464182142444166404e-03
4.433751898144049249e-03
4.722548816847653777e-03
4.682408610664679297e-03
4.638520404306062730e-03
4.605778545407751556e-03
4.898527240548081196e-03
4.853634609852630968e-03
5.062338976964781204e-03
5.101178852855383153e-03
5.110001661928485414e-03
5.148213578497379782e-03
5.185614438307820442e-03
5.221344690373811229e-03
5.231702592742396365e-03
5.241586165010128293e-03
5.254003823941280800e-03
5.268043925343785135e-03
5.298602358658825208e-03
5.328889394316208873e-03
5.344229034499017178e-03
5.372724045209815655e-03
5.389207222211259835e-03
5.416032802536612997e-03
5.433614065902463847e-03
5.452223468354746444e-03
5.476243260242692409e-03
5.500145659608992113e-03
5.523918617688353648e-03
5.547530099767231972e-03
5.565987079101734382e-03
5.584814611546445005e-03
5.603896447612438138e-03
5.623772032183601242e-03
5.643086626086014912e-03
5.662446191110186502e-03
5.680372634731115263e-03
5.698295326167506121e-03
5.716185384230649397e-03
5.735505418946482657e-03
5.754629521842686939e-03
5.773447225933705899e-03
5.788692921725971385e-03
5.807350114709653420e-03
5.821868427987969725e-03
5.840339998987787405e-03
5.858385339428482524e-03
5.876027086321239032e-03
5.893169234816950791e-03
5.909967029688692822e-03
5.926319784869451754e-03
5.942381249507001917e-03
5.958038074773898581e-03
5.968325648391429976e-03
5.978785489670479861e-03
5.994911134470348388e-03
6.005002989415169322e-03
6.015206481037102884e-03
6.025485874802355250e-03
6.041841400267109440e-03
6.057471688108348983e-03
6.072530330597228874e-03
6.087118607622806973e-03
6.095383540041649645e-03
6.109725811590051986e-03
6.123653205567600004e-03
6.131190331684283241e-03
6.144928611798979555e-03
6.158133279568263167e-03
6.170898928319508252e-03
6.177413654333884473e-03
6.184132279354626407e-03
6.197274565882622890e-03
6.203696172023645192e-03
6.210268773379961325e-03
6.216955425320639522e-03
6.230283465955492594e-03
6.236515360799761362e-03
6.242852341208721990e-03
6.256092341349004174e-03
6.268569984540344094e-03
6.273919016938261754e-03
6.286097589343844598e-03
6.291098777265026823e-03
6.296251442446401669e-03
6.301513810694024838e-03
6.313883576828153987e-03
6.325510737297584431e-03
6.336512780515573921e-03
6.346929975176977649e-03
6.350404738123675494e-03
6.354095029226841142e-03
6.357963346289434090e-03
6.368915970919339885e-03
6.379192037216570646e-03
6.388895829225070891e-03
6.398070987538155910e-03
6.400433550242876947e-03
6.403052336803567897e-03
6.412689966930646725e-03
6.421660899709888230e-03
6.430208360721902626e-03
6.438289309425081729e-03
6.446057378412972660e-03
6.453555448865432378e-03
6.454480404762727094e-03
6.455736641108251669e-03
6.463672103985656191e-03
6.464852045281726384e-03
6.472793279132310271e-03
6.480249982378200914e-03
6.481000268002523601e-03
6.488612810887624781e-03
6.489291473364876273e-03
6.490237442963672949e-03
6.491399546016188987e-03
6.492740088225347483e-03
6.501213206336557693e-03
6.508928356945626464e-03
6.509508737774829731e-03
6.510304726489319835e-03
6.518176012933241809e-03
6.525513739336403010e-03
6.525639536433678473e-03
6.532827268321281591e-03
6.532795850174915805e-03
6.533004346561981611e-03
6.533403795327611188e-03
6.533958252979414627e-03
6.534643767874606483e-03
6.542882827173962870e-03
6.543137146391229952e-03
6.543542036648346966e-03
6.551645977064855277e-03
6.558958516265510526e-03
6.565585610311417374e-03
6.564737033084506665e-03
6.571209161514201050e-03
6.570229299482424450e-03
6.569497075290307506e-03
6.568977336203324011e-03
6.568636908766954143e-03
6.568427491174997322e-03
6.568331131634085746e-03
6.576288882295397778e-03
6.583410428510201758e-03
6.582363036505564126e-03
6.589170254695944987e-03
6.595183329312134975e-03
6.593496192843907415e-03
6.592082346430582981e-03
6.598466755828287858e-03
6.604192869319021331e-03
6.609281206253186242e-03
6.606955158067823880e-03
6.604942046409464744e-03
6.610546451267043828e-03
6.608410354482587706e-03
6.606546586877715295e-03
6.604915897204553972e-03
6.611064683332087792e-03
6.609148242510861672e-03
6.607447054046079911e-03
6.613709666377613414e-03
6.619253391888521923e-03
6.616843518595633307e-03
6.622149959192183931e-03
6.626904271454982925e-03
6.624016196753585578e-03
6.628738937351549149e-03
6.632914912955402420e-03
6.629709052104856143e-03
6.633938275670275483e-03
6.637713931914227157e-03
6.641061899439813614e-03
6.644094625551925058e-03
6.646929654240559503e-03
6.642897337603651670e-03
6.645949286473752660e-03
6.648685721157013111e-03
6.644668965895566930e-03
6.647710118935143235e-03
6.650481719917349446e-03
6.646434870431917191e-03
6.642789169588813117e-03
6.646148736664159520e-03
6.642540806726063285e-03
6.645962845502523947e-03
6.642369197337050744e-03
6.639097275067884323e-03
6.642988385437622635e-03
6.646349154459029081e-03
6.649274960785885036e-03
6.651810471642166482e-03
6.654054868997796857e-03
6.656135778226106477e-03
6.651627314937974371e-03
6.654041077209935789e-03
6.649741535526937711e-03
6.652383597964199417e-03
6.654692409642845932e-03
6.656602399355083903e-03
6.658331997394544531e-03
6.659718439721176372e-03
6.660939211125535726e-03
6.655983238819056409e-03
6.657633123715972837e-03
6.652966509284024416e-03
6.648713814369892373e-03
6.644815718941274665e-03
6.647634345314569829e-03
6.650043219751848242e-03
6.652071616480951209e-03
6.647641676511686221e-03
6.643586447864390475e-03
6.639850770302392277e-03
6.642885891768749405e-03
6.645536199353174224e-03
6.647717678967817768e-03
6.643339969542466986e-03
6.645668327764729828e-03
6.647588888175432788e-03
6.643069921040677464e-03
6.645267166439873009e-03
6.640864910560406384e-03
6.643211162963873727e-03
6.638879596412075416e-03
6.634882182198454173e-03
6.631173755366624040e-03
6.634267122796837918e-03
6.630422572884357539e-03
6.633415681992237134e-03
6.629471309884128402e-03
6.625808751009412169e-03
6.629188533234476807e-03
6.632017089955343989e-03
6.627849874266238291e-03
6.623986241857127318e-03
6.620389622867475440e-03
6.623845804454027431e-03
6.620055690933533167e-03
6.623320603212582564e-03
6.626145683929289022e-03
6.628410454138811136e-03
6.630388095803919565e-03
6.632059577970784124e-03
6.627090410078233934e-03
6.622529486204622833e-03
6.618309000847837596e-03
6.614379914668091359e-03
6.617567052402274774e-03
6.620124594460019204e-03
6.622328535825861354e-03
6.617658840971786353e-03
6.619906816257994410e-03
6.615302213003046612e-03
6.611036063592935427e-03
6.607060781532562294e-03
6.610259600581929948e-03
6.612807868329888088e-03
6.608358136934739530e-03
6.604224903250479305e-03
6.607285587607042952e-03
6.609738802612544553e-03
6.611840354855390636e-03
6.613451041485299796e-03
6.608424419852017631e-03
6.603792179180687470e-03
6.599494990445263151e-03
6.602238817617599349e-03
6.597872051084778186e-03
6.593801098809996472e-03
6.589977844612361288e-03
6.586370249515952416e-03
6.590025664649590796e-03
6.593073517529452095e-03
6.595721826059789718e-03
6.591148874717399873e-03
6.593815123110863784e-03
6.589244530666321827e-03
6.584994279078246020e-03
6.587935850495243301e-03
6.590491471096799128e-03
6.592513443689732022e-03
6.587606525602350896e-03
6.589775126871120353e-03
6.591523713250339173e-03
6.592935734142399071e-03
6.594132774217377653e-03
6.595121858242571425e-03
6.589571349577679968e-03
6.590871001481190920e-03
6.591949225065917885e-03
6.586498168672756844e-03
6.581481624157011802e-03
6.583352029682104645e-03
6.584886040372365038e-03
6.579740098604442908e-03
6.581440234980867263e-03
6.582837815379926141e-03
6.577621045777043256e-03
6.579259018841461873e-03
6.574199837231387705e-03
6.575913540365745276e-03
6.570973509146540818e-03
6.572808739426844703e-03
6.574373733150124487e-03
6.569290868636707033e-03
6.564596791714628551e-03
6.566714208660081806e-03
6.568504212848376260e-03
6.563570386945607842e-03
6.559006041797125694e-03
6.561355330051342645e-03
6.563287547982802478e-03
6.564847893282956676e-03
6.559755073867916571e-03
6.561472551392337656e-03
6.556523830549957667e-03
6.558388630118341250e-03
6.559881405654796258e-03
6.561091145560369112e-03
6.562036507361397077e-03
6.562668073545048324e-03
6.557122828275265512e-03
6.558126932930327668e-03
6.558971315093528771e-03
6.559616943699303482e-03
6.554059986040548791e-03
6.555056490575976620e-03
6.549772799248967936e-03
6.544902876066441624e-03
6.540383531200239485e-03
6.542536620654238778e-03
6.544266212689713036e-03
6.545677301437844049e-03
6.540640200232043094e-03
6.535985991607123902e-03
6.531659030484733217e-03
6.527607530894666277e-03
6.530325385201527812e-03
6.526132412572414193e-03
6.528776710805260161e-03
6.524486785101428661e-03
6.520484837154060485e-03
6.523399770479843159e-03
6.519258070968566091e-03
6.522025466182640105e-03
6.517788423293785494e-03
6.520493055376285624e-03
6.516178372843849619e-03
6.518731459369458102e-03
6.520891881384115879e-03
6.522632583388156789e-03
6.524086767825695507e-03
6.525184537450407808e-03
6.519940034623590563e-03
6.515119070188386992e-03
6.517025581951111507e-03
6.518518359332057220e-03
6.519782806874417115e-03
6.514641716771509168e-03
6.509909881086581654e-03
6.511904109010555573e-03
6.507227340195952982e-03
6.509309256667233923e-03
6.511000468401685788e-03
6.512281627033089486e-03
6.513409289981087272e-03
6.508166643502349621e-03
6.509561542595404017e-03
6.510688061751663397e-03
6.505481280936238273e-03
6.500690249123548987e-03
6.496253590096646470e-03
6.492117099026457547e-03
6.488241288634051182e-03
6.491208555153918543e-03
6.493683153074076946e-03
6.489303472587375568e-03
6.491701987335103327e-03
6.493690393167321495e-03
6.489036680426062825e-03
6.491090268078646662e-03
6.486502712117361499e-03
6.488703371621978161e-03
6.484159950764853755e-03
6.486431877513614691e-03
6.488300184478800088e-03
6.489746964322031311e-03
6.490995338856313072e-03
6.485856693124863841e-03
6.481136348232857669e-03
6.483137600689063522e-03
6.478494979678393537e-03
6.474196823441701748e-03
6.476642527654431769e-03
6.478654363509629005e-03
6.480356827265718218e-03
6.475520689209417202e-03
6.471062593744106479e-03
6.473383828423127928e-03
6.475235484789121365e-03
6.470539261793126218e-03
6.466202220259741756e-03
6.462169184970990160e-03
6.465030659655987035e-03
6.460891806813115305e-03
6.457039029632618762e-03
6.460152221724214765e-03
6.462776543941037115e-03
6.464898472634796923e-03
6.460306301270600342e-03
6.456068607116664804e-03
6.452133572853580197e-03
6.455233878958085460e-03
6.451170346752660434e-03
6.447375079525707181e-03
6.443806969926231185e-03
6.447364969360597567e-03
6.450453687185650486e-03
6.452969774819814451e-03
6.448537793148478164e-03
6.444437308687926691e-03
6.447427163503324093e-03
6.449996136680130263e-03
6.452136628079193498e-03
6.453948623765551514e-03
6.455474545955176141e-03
6.456645697531241540e-03
6.457685768383165589e-03
6.452335782127738457e-03
6.453678335086538397e-03
6.448611865731109991e-03
6.450224064598824615e-03
6.451585436457088485e-03
6.452750112698991784e-03
6.453677730650793018e-03
6.448365522007900620e-03
6.443506272553902077e-03
6.445303603405317348e-03
6.440590503980803648e-03
6.442588195283426543e-03
6.437980926030217182e-03
6.440024886525094576e-03
6.441781883501866007e-03
6.437033552934573986e-03
6.432665593088460025e-03
6.434949350791467626e-03
6.436940785926206429e-03
6.432343924094277750e-03
6.434446877826314158e-03
6.436154206229054153e-03
6.437630523307058886e-03
6.432733236996772408e-03
6.428245070123181533e-03
6.430404585418905000e-03
6.432216920016226545e-03
6.427574659472396965e-03
6.423305366371125091e-03
6.425717203952149501e-03
6.427678752972496891e-03
6.429376448618535217e-03
6.430796650664822277e-03
6.425916348757649763e-03
6.427612666579558126e-03
6.422927134620213564e-03
6.418621739386847977e-03
6.420940113754750392e-03
6.422924241428120545e-03
6.418397308537369429e-03
6.420500089873178336e-03
6.422289873215028359e-03
6.423786046119703448e-03
6.418962029482725568e-03
6.420730823087826555e-03
6.416090155883355864e-03
6.418037264502773551e-03
6.413534260863038884e-03
6.415614098826319563e-03
6.417351205088729811e-03
6.412732213898853471e-03
6.414661466872965956e-03
6.416261931682386982e-03
6.411589262873985257e-03
6.413411729116912617e-03
6.408902415513518733e-03
6.410897130252299000e-03
6.406500864511457949e-03
6.408657919529878351e-03
6.410465470283087386e-03
6.405919668011822443e-03
6.401749544285318186e-03
6.397895392519671945e-03
6.400704112628075385e-03
6.403050044234311934e-03
6.398841649064847606e-03
6.401273478117705876e-03
6.403317941105960039e-03
6.398916400913461436e-03
6.401107114734436859e-03
6.396804634166575881e-03
6.399089432642479300e-03
6.394859302836151255e-03
6.390960388895795992e-03
6.387335872447966363e-03
6.383952322344090685e-03
6.387296124629516549e-03
6.383723587128424873e-03
6.386980563623486859e-03
6.389696716415484493e-03
6.385678901283937774e-03
6.381973897575460991e-03
6.378522533291514432e-03
6.375306472417158199e-03
6.372273812273152732e-03
6.376346825803231970e-03
6.373030255296962404e-03
6.376793790900351679e-03
6.373282718141114363e-03
6.376935125738459817e-03
6.380057100533885646e-03
6.376077835833879499e-03
6.379172643298672805e-03
6.375179435409898156e-03
6.371488371068028539e-03
6.368056002645791983e-03
6.371890631196960864e-03
6.375143927556502742e-03
6.371191946063991911e-03
6.367533803276917079e-03
6.371172117977316751e-03
6.367385426476437210e-03
6.370796495129290617e-03
6.373780183994540854e-03
6.376337087364842941e-03
6.371936759034182648e-03
6.367901202623277995e-03
6.371018591582992656e-03
6.366970330167530910e-03
6.370093732994697340e-03
6.366040536900710416e-03
6.362300240899888999e-03
6.365745029630943443e-03
6.368756475029126868e-03
6.371275597969535895e-03
6.366890604496121611e-03
6.369630026308252709e-03
6.365330630502547514e-03
6.361377458256563429e-03
6.357716046702965515e-03
6.361226943853028927e-03
6.357440244279256338e-03
6.360848931309884789e-03
6.363878052825737604e-03
6.359709854542787075e-03
6.355871755396739001e-03
6.352317744354925473e-03
6.349005479050790803e-03
6.353228964863074681e-03
6.349686828232893078e-03
6.353692943184228829e-03
6.349988332329132949e-03
6.353840422916972631e-03
6.350022623342259191e-03
6.353777618408646029e-03
6.349877481351876192e-03
6.353462625072797167e-03
6.349511637772860088e-03
6.345862516945570408e-03
6.342468898046542056e-03
6.339289680570916151e-03
6.343843428565590185e-03
6.340398346915265305e-03
6.344675782385740537e-03
6.341044679982923808e-03
6.345121579608265470e-03
6.348628882314293932e-03
6.351740772863753715e-03
6.354355525495601793e-03
6.356623499819340911e-03
6.358496103472704303e-03
6.353585261487154981e-03
6.355821749257013417e-03
6.351146111025443401e-03
6.346876917584632835e-03
6.349935428990072760e-03
6.345705271129838294e-03
6.341818803515294166e-03
6.345329007044830244e-03
6.348359943529106007e-03
6.350848963468616604e-03
6.353107436005417732e-03
6.348429194980623712e-03
6.344160116211883596e-03
6.340243744248388359e-03
6.343599955245257140e-03
6.346422250724216563e-03
6.348876431463470679e-03
6.350944036266351761e-03
6.352763837168865467e-03
6.354368632627494656e-03
6.355784526864182229e-03
6.356972160268235111e-03
6.351811025059875791e-03
6.347138674689932827e-03
6.342880137710679191e-03
6.338970726152707603e-03
6.335359498103996026e-03
6.332001648990039956e-03
6.335745508664439828e-03
6.339028817660697854e-03
6.341839981222995373e-03
6.337684249315907875e-03
6.340620751351009124e-03
6.343079156300987509e-03
6.338746309323722156e-03
6.341433532417139508e-03
6.337205987159148096e-03
6.340013091161631441e-03
6.335858040537586076e-03
6.332048719447090288e-03
6.328536314729287827e-03
6.332154698097954872e-03
6.335217130062751126e-03
6.331267144707404711e-03
6.327642193914718993e-03
6.324292557137655042e-03
6.328183722861253739e-03
6.331412256191062959e-03
6.327558389792506920e-03
6.324019119697137786e-03
6.327707999943530878e-03
6.330843772493635092e-03
6.333547720619780996e-03
6.335985713183773897e-03
6.331560334404920387e-03
6.327534076699126327e-03
6.323838306547227735e-03
6.327281189495802434e-03
6.330225423872485810e-03
6.332867538730314536e-03
6.335087829132673640e-03
6.337083167374380280e-03
6.332413547078702062e-03
6.334695871294144902e-03
6.336633558441293577e-03
6.338343982776489284e-03
6.339780943389507727e-03
6.334872799831851864e-03
6.330424913842096039e-03
6.326373937491317802e-03
6.322662419371107879e-03
6.319231033855701903e-03
6.322812400305266936e-03
6.325860808874529846e-03
6.321986026649789071e-03
6.318428098799027184e-03
6.315146407107202764e-03
6.312091657196500054e-03
6.309241666597261051e-03
6.313676317270067694e-03
6.310540758307778449e-03
6.307624822808756415e-03
6.312163553800922630e-03
6.315985988758106295e-03
6.312433256046595491e-03
6.316224909628127653e-03
6.312588415744135352e-03
6.309248379689403989e-03
6.313314585138068633e-03
6.316844622334712687e-03
6.313028796969385494e-03
6.316550742987083952e-03
6.319517248256606434e-03
6.315414347128692207e-03
6.318461225873848314e-03
6.314434877128813003e-03
6.317556650852805024e-03
6.320345282056445690e-03
6.322762494418631904e-03
6.324895722286604308e-03
6.320262015727514879e-03
6.322643269367276067e-03
6.318221992304699948e-03
6.314197212883797088e-03
6.317258367834181591e-03
6.313264239077197998e-03
6.316327010299790587e-03
6.319054860035101459e-03
6.314832009978992716e-03
6.310982243911215581e-03
6.314180610384079184e-03
6.310321101307992189e-03
6.306776902680534536e-03
6.303508007289727183e-03
6.307565148087652604e-03
6.304117731221153646e-03
6.300934616097101509e-03
6.297981522530853027e-03
6.295218945096077781e-03
6.292617364473208040e-03
6.297682036539454381e-03
6.302153039821967347e-03
6.306028419360561882e-03
6.302291751260800760e-03
6.306132277077378286e-03
6.309464578523227458e-03
6.312278202575935353e-03
6.307972446179974275e-03
6.304056400882882168e-03
6.300474760850668411e-03
6.297170726392516821e-03
6.301421605872862056e-03
6.305169654443076345e-03
6.301345616157253554e-03
6.297842264143558265e-03
6.301893668706158406e-03
6.305406732848129782e-03
6.308495661500554755e-03
6.304298336386248564e-03
6.300478134003402106e-03
6.296973775551756476e-03
6.300972172166231962e-03
6.297355103891934258e-03
6.294025104734556932e-03
6.298306542641037183e-03
6.294805142278500285e-03
6.291572078152780738e-03
6.296024794405062457e-03
6.292600738906193800e-03
6.289436961294849956e-03
6.286495214359031844e-03
6.291471704755350301e-03
6.288248927308918643e-03
6.285261803865471904e-03
6.290322308239057643e-03
6.287074173048622441e-03
6.291800658895148682e-03
6.288367632470502622e-03
6.292873175103074444e-03
6.289309228444279858e-03
6.293696825986546187e-03
6.290025576737179151e-03
6.286654414454068314e-03
6.283538645720744206e-03
6.288549252706521556e-03
6.285191223229654248e-03
6.282082554281601117e-03
6.279191863879924999e-03
6.276473541343728819e-03
6.282362902463176774e-03
6.287384776975665258e-03
6.291734683457356897e-03
6.295486031778039712e-03
6.291309336330747244e-03
6.295078257034031170e-03
6.290949516865687076e-03
6.294787954107612833e-03
6.298114939962840692e-03
6.300950414967703035e-03
6.303462704249470500e-03
6.305633028779740468e-03
6.307557215408010100e-03
6.302525270112859825e-03
6.297976279574628473e-03
6.293838683871073002e-03
6.290044051558796138e-03
6.286546902464149912e-03
6.290810779792672253e-03
6.287168606488005747e-03
6.283817092751397410e-03
6.288365496035318476e-03
6.284829083914665604e-03
6.289144075566952853e-03
6.292822998620291493e-03
6.288845763829880794e-03
6.292510977361668451e-03
6.288545956357055600e-03
6.284920986947486674e-03
6.281595365106413913e-03
6.278513646119091712e-03
6.275641297073177027e-03
6.280966546951179466e-03
6.285480186974942880e-03
6.281884394973187569e-03
6.286231000880835966e-03
6.289954208672121627e-03
6.285950222588534628e-03
6.289725374153251267e-03
6.292960982262158116e-03
6.295764495481081212e-03
6.291289456968523174e-03
6.294422815863107146e-03
6.297079619768182653e-03
6.299502069804809729e-03
6.301591331340074785e-03
6.296726104520478963e-03
6.292329711164635145e-03
6.295370387888665417e-03
6.291096371725876137e-03
6.287203760054506201e-03
6.283634526017141918e-03
6.287597279323606583e-03
6.290965927007931280e-03
6.286976930188194375e-03
6.290366854984276446e-03
6.293444153748225557e-03
6.296130346792576903e-03
6.291672692296530756e-03
6.294589847717404693e-03
6.290291105986793065e-03
6.286382835659898131e-03
6.282810635526650186e-03
6.279521641771243501e-03
6.276470738417649214e-03
6.273633356543449092e-03
6.270982577208926954e-03
6.276241802106135095e-03
6.280737815557236974e-03
6.284599506785714176e-03
6.280828708207687391e-03
6.277380726348159509e-03
6.281622078576268482e-03
6.285264667231116320e-03
6.281374020616584120e-03
6.285035695322688763e-03
6.281155947496461570e-03
6.284947405784170084e-03
6.281063502626953003e-03
6.277513116842507214e-03
6.281648657387599137e-03
6.285223338948171985e-03
6.288333354383156618e-03
6.284105013005179298e-03
6.287277780566109982e-03
6.283155070284374144e-03
6.279403830123566482e-03
6.275960005542338856e-03
6.272787699743927886e-03
6.269854903650188584e-03
6.274818244362435384e-03
6.279068721955828949e-03
6.282749414533538371e-03
6.285926434159378427e-03
6.288750995454068203e-03
6.291285003262388383e-03
6.293505033977279776e-03
6.295477803411863790e-03
6.297143583688376116e-03
6.292143868461189289e-03
6.294341782495761067e-03
6.296155507531340199e-03
6.291329249967940462e-03
6.293527836364965281e-03
6.295443456007909777e-03
6.297172245212610819e-03
6.298674035114126650e-03
6.300041315796498474e-03
6.295005846101025399e-03
6.290466611395034192e-03
6.286351237664695134e-03
6.289216734861460996e-03
6.291720926564379687e-03
6.287437541751208017e-03
6.290092244858685143e-03
6.292438074178820229e-03
6.294462518698990677e-03
6.296253625892104556e-03
6.297786249846839927e-03
6.292979854663649508e-03
6.288643449721692189e-03
6.284714849413142526e-03
6.287678298277386835e-03
6.283784986956037454e-03
6.280232802482067951e-03
6.276968422002597754e-03
6.273954219993467876e-03
6.278075614241924833e-03
6.281530044013531114e-03
6.284648752180312277e-03
6.280785177692913002e-03
6.283968210894930878e-03
6.286736685918779474e-03
6.282666437929426348e-03
6.278973696376304037e-03
6.275595291596741676e-03
6.272488018377829315e-03
6.276492280412580144e-03
6.279969760185402303e-03
6.276353773332962911e-03
6.273047410777089772e-03
6.276870465636519292e-03
6.280272683397737643e-03
6.276534475410346786e-03
6.279869427439803593e-03
6.282881988442458668e-03
6.285437010474405686e-03
6.287761578381513908e-03
6.289767898197747877e-03
6.285211455249732626e-03
6.287593719633635843e-03
6.283267681903180989e-03
6.279356587588365811e-03
6.275788557048672840e-03
6.272511841419383533e-03
6.269485311472108510e-03
6.266677836613344585e-03
6.271100271562898842e-03
6.268033619552306271e-03
6.265203618198091247e-03
6.269733787304269945e-03
6.266661896905736072e-03
6.263834873260068666e-03
6.268510210784051379e-03
6.265438975707067135e-03
6.262601005512913495e-03
6.267272741119340324e-03
6.264197066542518885e-03
6.261359120223372252e-03
6.266107559498140453e-03
6.270226344875981343e-03
6.273859317964049741e-03
6.270102493660623284e-03
6.273754826800866796e-03
6.270022294792954032e-03
6.273679463926046772e-03
6.269959851440567652e-03
6.273611494026656507e-03
6.269897484060826115e-03
6.266511355848363579e-03
6.263398213320319624e-03
6.260516651052904120e-03
6.265246093397446384e-03
6.269297353929696379e-03
6.272872489889730861e-03
6.269064611032473290e-03
6.272732426982321509e-03
6.275946803621558316e-03
6.271885067103516800e-03
6.275229834337078816e-03
6.278092322729455881e-03
6.280548104577543186e-03
6.276141664973886557e-03
6.278860604621462095e-03
6.281227488683280812e-03
6.283305046123652954e-03
6.278726165427368951e-03
6.274589932987887156e-03
6.277457668642747249e-03
6.273426490294382700e-03
6.276434621845457945e-03
6.272478458713073336e-03
6.268877179629585468e-03
6.272441345312165274e-03
6.275459945218921087e-03
6.278209345576750249e-03
6.274044925487574920e-03
6.270268456814370034e-03
6.273549182734973646e-03
6.276419747221831380e-03
6.279024386897890699e-03
6.274782609150243717e-03
