1.392660155318923947e-02
1.877036130970397357e-02
1.998951191615184683e-02
2.623842488946661819e-02
2.614893894862730869e-02
2.607328406198143947e-02
2.601057453751557877e-02
2.595851143998020166e-02
2.591538522258521327e-02
2.587990444640759363e-02
2.585048014228382221e-02
3.358450335634245720e-02
3.220695472341683629e-02
4.171304180302257136e-02
5.401229841821928584e-02
4.896067986778206843e-02
6.434380486282541278e-02
5.725343909261876307e-02
5.147852661799760809e-02
4.677431289497289979e-02
6.170431056580185508e-02
5.500908510888011249e-02
7.335274995652259211e-02
6.413548578097418018e-02
8.899618214790339099e-02
1.386960743530490370e-01
1.113237128262882653e-01
2.075634469765739731e-01
1.556108979757719057e-01
3.706752087449948219e-01
2.624336043461343304e-01
1.863828213375833820e-01
1.358123935906919155e-01
1.028603553928749970e-01
2.491467743574104776e-01
1.711202520539426841e-01
1.216706238712196575e-01
3.578985432194937699e-01
2.358398080122053042e-01
7.427414842131443429e-01
5.316963947839503657e-01
3.514012873012073990e-01
2.238742801757238332e-01
7.637610360305300272e-01
5.382365803438139418e-01
1.169279099016933055e+00
1.418111946580297822e+00
1.520841723279694468e+00
1.493851920676898537e+00
1.464049558854335853e+00
1.428776738223140663e+00
1.529939888236599321e+00
1.607765030558254260e+00
1.677890977227520120e+00
1.743038728226953493e+00
1.719736386547599416e+00
1.696117470292318519e+00
1.761072038257995187e+00
1.737587260982686121e+00
1.800205238458882251e+00
1.776813099741768154e+00
1.837377252198992617e+00
1.894417534687458327e+00
1.871330942070649872e+00
1.847961971730635700e+00
1.824272716098909397e+00
1.800218759359849097e+00
1.861329765585243212e+00
1.918337787559779573e+00
1.972156768736136989e+00
1.948997833602981622e+00
2.001658128708947881e+00
2.051800312004651516e+00
2.028766581145518888e+00
2.005478239100241034e+00
1.981901417921265951e+00
2.034195349165464517e+00
2.083762664133444353e+00
2.131088163713338979e+00
2.107962804126922940e+00
2.154627003132206120e+00
2.131421922015666937e+00
2.177436055423571215e+00
2.221585154902677495e+00
2.264116846822089801e+00
2.305213759175658961e+00
2.345019083533770310e+00
2.383644241651895257e+00
2.421182078707871277e+00
2.457708275550237076e+00
2.434672336967188322e+00
2.411444093058631388e+00
2.448878838608116837e+00
2.425516831198855972e+00
2.401928420739817049e+00
2.378086218238387950e+00
2.417517977070480661e+00
2.455461074728243709e+00
2.492119879241785352e+00
2.527644414089998737e+00
2.504126823422632153e+00
2.539553164964770460e+00
2.573933056313945311e+00
2.550365717386221309e+00
2.584686994094016921e+00
2.618032946713509723e+00
2.650493066668494269e+00
2.626911306579887917e+00
2.603119735582987815e+00
2.636482087282954634e+00
2.612578308154083651e+00
2.588432337266389549e+00
2.564016519822390094e+00
2.599306867339567617e+00
2.574856029946322789e+00
2.550105925858253908e+00
2.586277161114697964e+00
2.621049530472695288e+00
2.596555922809153039e+00
2.631131651918201975e+00
2.606595327081174140e+00
2.581764351490107856e+00
2.556605848682476978e+00
2.593234291604135766e+00
2.628349051766718070e+00
2.662174386719717400e+00
2.694878062308276867e+00
2.670473676428953169e+00
2.645804788756670245e+00
2.620842375417572701e+00
2.655500026303106775e+00
2.688880958583976799e+00
2.721155016517293301e+00
2.752448246137244592e+00
2.728048538970317516e+00
2.703397780718396426e+00
2.735596413238472024e+00
2.766785806187880503e+00
2.797077171353104408e+00
2.826557229536062810e+00
2.855301773476043081e+00
2.883366759630313414e+00
2.859171171641862852e+00
2.834763540790651515e+00
2.863711213218643525e+00
2.839190027779528780e+00
2.868191495326465557e+00
2.896428884232299161e+00
2.871909184712119867e+00
2.900224433740703489e+00
2.875591943768259107e+00
2.850712443625607495e+00
2.825559630468608141e+00
2.800104417325452566e+00
2.831181232261570813e+00
2.861201641045955757e+00
2.835966152533334395e+00
2.810427305307578116e+00
2.841375589076779118e+00
2.871277642864235258e+00
2.845961728557714565e+00
2.875833067156678524e+00
2.850463862591614994e+00
2.824787189165556267e+00
2.798771441060849963e+00
2.772381339421449375e+00
2.745578361086387975e+00
2.779749492445849679e+00
2.753051950828240280e+00
2.725916057085398414e+00
2.761032636131794060e+00
2.794503312289311481e+00
2.826583255182182786e+00
2.800466633619603130e+00
2.832381520276106901e+00
2.806278433415493989e+00
2.779813733310601442e+00
2.752951808240880816e+00
2.725653184800039597e+00
2.697874118321192061e+00
2.669566265750359157e+00
2.707803383384145945e+00
2.743910741150889177e+00
2.716547599032445248e+00
2.752182110269152826e+00
2.786144314957725854e+00
2.759420950449343657e+00
2.732294268241465929e+00
2.767192078411817580e+00
2.800541252767725808e+00
2.832559011743845723e+00
2.806352577953220795e+00
2.779797141767683222e+00
2.812751957975772488e+00
2.786241114083678028e+00
2.759354101042929219e+00
2.732055218829854137e+00
2.767187449147449296e+00
2.740016324361977951e+00
2.712409744853284899e+00
2.748467666517151908e+00
2.782806334013463001e+00
2.755872919305255575e+00
2.789901437859578337e+00
2.822515388076663356e+00
2.796055768467328395e+00
2.828484342393772888e+00
2.859705644923643320e+00
2.833587137266753153e+00
2.864708520304686257e+00
2.894773753865001353e+00
2.923895774688195281e+00
2.952170919447408615e+00
2.979680137235921844e+00
2.954351022955220785e+00
2.981930744287652590e+00
3.008789019196795422e+00
2.983505493609175385e+00
3.010455014322857448e+00
3.036722680578306743e+00
3.011468082027076942e+00
2.985967512482087471e+00
3.013123826412118067e+00
2.987539239545672576e+00
3.014763628140499474e+00
2.989099709150680351e+00
2.963151867389033356e+00
2.991294890369332382e+00
3.018592996373177240e+00
3.045129906049654167e+00
3.070976999446549449e+00
3.096192256159411293e+00
3.120828067296025132e+00
3.095592401378289615e+00
3.120373040408437326e+00
3.095020789833995867e+00
3.119938963360521900e+00
3.144273425900388386e+00
3.168066280100849674e+00
3.191359347423886827e+00
3.214180849840062137e+00
3.236560317563809352e+00
3.211505434083816724e+00
3.234074333452628291e+00
3.208881329644273084e+00
3.183464587860932227e+00
3.157802492722532772e+00
3.181920783034795530e+00
3.205462335527511808e+00
3.228471403108836402e+00
3.202956397519783671e+00
3.177191297537423686e+00
3.151152350959465220e+00
3.175784097063398370e+00
3.199776098643463129e+00
3.223179858260093233e+00
3.197382077806115941e+00
3.220940876290691257e+00
3.243943589924048077e+00
3.218177518819467675e+00
3.241345235713537498e+00
3.215467011998530467e+00
3.238794660171824713e+00
3.212809018873584499e+00
3.186540089281823196e+00
3.159961497976963241e+00
3.184992708812447670e+00
3.158347514047808335e+00
3.183476078105424101e+00
3.156767035284360201e+00
3.129712337145769574e+00
3.155810323124661032e+00
3.181089196112772743e+00
3.154283011640318879e+00
3.127127472469783509e+00
3.099590974600746840e+00
3.126785162561347864e+00
3.099243054477356374e+00
3.126446005175431253e+00
3.152720140160095941e+00
3.178164232529617994e+00
3.202867416126340405e+00
3.226897354734361123e+00
3.200436067801438078e+00
3.173668131028079653e+00
3.146566454263025836e+00
3.119101629079800375e+00
3.145823044490295040e+00
3.171662078942361962e+00
3.196716801146583631e+00
3.169823553275390893e+00
3.194975325394575627e+00
3.168021648541075042e+00
3.140724634748206068e+00
3.113054341341729536e+00
3.140106414240278809e+00
3.166241882494606141e+00
3.138900614319978466e+00
3.111186590468334678e+00
3.138317169676208884e+00
3.164526984189319325e+00
3.189919557732868505e+00
3.214571730474797384e+00
3.187725232962930200e+00
3.160553842665122293e+00
3.133029616974121634e+00
3.159522360041685740e+00
3.131974957937721626e+00
3.104044202271570185e+00
3.075696784256629179e+00
3.046896423486367134e+00
3.076533016256902897e+00
3.104964543608293326e+00
3.132345604856546561e+00
3.104497361395034183e+00
3.131886418232597169e+00
3.104036877641844772e+00
3.075788390141853679e+00
3.104188994408938473e+00
3.131553773738779523e+00
3.157995259157516887e+00
3.130500541667715630e+00
3.156992147805021798e+00
3.182653238487908265e+00
3.207565930868958581e+00
3.231796951972453869e+00
3.255402607757996947e+00
3.228822902154099506e+00
3.252569900821211224e+00
3.275727066076327354e+00
3.249233438678939656e+00
3.222456988147044843e+00
3.246515367611277458e+00
3.269945035953644386e+00
3.243287010703097550e+00
3.266860408569884022e+00
3.289843344184047780e+00
3.263279549399306756e+00
3.286419302664698172e+00
3.259761216333018297e+00
3.283050237342450828e+00
3.256302112131876925e+00
3.279738598672251371e+00
3.302582213031874936e+00
3.275936939560936345e+00
3.248997015750846096e+00
3.272748357413877596e+00
3.295873498129155976e+00
3.269066227636133082e+00
3.241951454440273217e+00
3.266000939778517242e+00
3.289391151865815655e+00
3.312179418661593377e+00
3.285422436919928746e+00
3.308366546895867621e+00
3.281518236992611470e+00
3.304616173345444885e+00
3.327129647306243498e+00
3.349107389727062678e+00
3.370587040325268902e+00
3.391601005206601016e+00
3.365299235212015017e+00
3.386507808179731960e+00
3.407264207167841619e+00
3.427600295371346917e+00
3.401414651532498112e+00
3.421953618343901216e+00
3.395641737592523413e+00
3.369068005894366280e+00
3.342209742019746077e+00
3.364303601426738233e+00
3.385859581013404007e+00
3.406919052139864679e+00
3.380307327850915033e+00
3.353409979028402876e+00
3.326202623331484087e+00
3.298658259909367008e+00
3.322128547256895992e+00
3.294518595680008932e+00
3.318123919904838459e+00
3.290451329313601292e+00
3.262405739390092929e+00
3.286997773557641001e+00
3.258914230050868444e+00
3.283603631224446318e+00
3.255483942323863733e+00
3.280270972121116735e+00
3.252116929044382765e+00
3.276993281636236599e+00
3.301085997729424903e+00
3.324472522610288472e+00
3.347219708077815437e+00
3.369377431058875327e+00
3.342247128604434181e+00
3.314801712692903024e+00
3.337883259902695077e+00
3.360346193483293220e+00
3.382244025047611569e+00
3.355158798662565278e+00
3.327763720014874860e+00
3.350578329488858476e+00
3.323103819768078004e+00
3.346070642810068829e+00
3.368424181726781264e+00
3.390212998150651469e+00
3.411484606486784976e+00
3.384547518785617992e+00
3.406003735168426250e+00
3.426964599789152466e+00
3.400091896721034068e+00
3.372928891506921101e+00
3.345451533475173989e+00
3.317633803114877988e+00
3.289447202127109282e+00
3.313670671286445657e+00
3.337156250098839649e+00
3.309237592011549989e+00
3.332853465585947639e+00
3.355790018134489738e+00
3.328088761464949474e+00
3.351172797368204392e+00
3.323401739368845309e+00
3.346632206985682423e+00
3.318794733787895801e+00
3.342165427836286895e+00
3.364880454002720622e+00
3.386994264356610884e+00
3.408557016363929382e+00
3.381347238813789513e+00
3.353827976249575293e+00
3.376306684806158032e+00
3.348706093694814978e+00
3.320764941221790778e+00
3.344193402399807002e+00
3.366956339520835950e+00
3.389114332902030124e+00
3.361617968679937452e+00
3.333791556693168623e+00
3.356888783049812197e+00
3.379346981190713084e+00
3.351706758593385072e+00
3.323726241262352499e+00
3.295377713452435575e+00
3.319635399959396160e+00
3.291247917341547424e+00
3.262460935894368586e+00
3.287735513372366469e+00
3.312176236699085230e+00
3.335863178682553443e+00
3.307741286009568960e+00
3.279246371729370946e+00
3.250348335341495698e+00
3.275953060241294956e+00
3.247049972248795324e+00
3.217712995093839901e+00
3.187906317656779454e+00
3.215628876032661232e+00
3.242274674590654104e+00
3.267964308915155325e+00
3.239114939808415361e+00
3.209844266793937972e+00
3.236576738141959453e+00
3.262358915011222216e+00
3.287286276417006103e+00
3.311447828484084699e+00
3.334911803078178139e+00
3.357735569786735041e+00
3.379974789652328226e+00
3.352535438343975827e+00
3.374939518403567540e+00
3.347415626311262216e+00
3.369982580153683127e+00
3.391976166043120244e+00
3.413442599668146560e+00
3.434414547441813959e+00
3.407367687354883934e+00
3.380038368786757896e+00
3.401892261910672843e+00
3.374470983837953408e+00
3.396501181053950713e+00
3.368991591257536999e+00
3.391189627406888452e+00
3.412831651446827319e+00
3.385445096473589821e+00
3.357747938276050004e+00
3.380304406844687026e+00
3.402272011524409390e+00
3.374726440453248433e+00
3.396862858652835993e+00
3.418440933042451224e+00
3.439503186061771078e+00
3.412269003279601698e+00
3.384736185599800606e+00
3.406697271208201538e+00
3.428108243883982720e+00
3.400696679887711404e+00
3.372972241474214705e+00
3.395299889370740232e+00
3.417045527632330604e+00
3.438255400009106566e+00
3.458971996167617302e+00
3.431776338614689781e+00
3.452685771731383912e+00
3.425385626348053325e+00
3.397781469041512015e+00
3.419596188110225476e+00
3.440862001193146114e+00
3.413383390720517330e+00
3.434831767691793214e+00
3.455760615329895202e+00
3.476206389571314226e+00
3.449007241446536032e+00
3.469652556204267935e+00
3.442346192016488171e+00
3.463185309350634622e+00
3.435775587716395130e+00
3.456807335829968686e+00
3.477340943616442193e+00
3.450019685341986886e+00
3.470751240407412563e+00
3.491004371809379503e+00
3.463756440717468799e+00
3.484212148361566452e+00
3.456855784789092390e+00
3.477510626480621259e+00
3.450049587940899443e+00
3.470902452718504172e+00
3.491262212256590391e+00
3.463890331359753549e+00
3.436210254720165835e+00
3.408196880799274187e+00
3.430202474909092025e+00
3.451619094947089295e+00
3.423776324920246861e+00
3.445373879489648239e+00
3.466418669335937341e+00
3.438717579633844945e+00
3.459950866440074435e+00
3.432156839005630733e+00
3.453575030158281045e+00
3.425691782866225665e+00
3.397463306984138232e+00
3.368861675116311627e+00
3.339856399230811235e+00
3.363920981477253491e+00
3.334887066065530536e+00
3.359065847661961701e+00
3.382468868598607070e+00
3.353764459826625632e+00
3.324655281917151317e+00
3.295108497386476820e+00
3.265088717889285341e+00
3.234556663934312404e+00
3.262064495332237968e+00
3.231603442326949516e+00
3.259092075970849489e+00
3.228698522789090308e+00
3.256173832002002388e+00
3.282565228395074808e+00
3.252746801316680703e+00
3.279169749369934994e+00
3.249379384285575600e+00
3.219117507927533595e+00
3.188347436182830119e+00
3.217007068297465633e+00
3.244474237545542206e+00
3.214354674588561611e+00
3.183746155495092101e+00
3.212324213890937141e+00
3.181805688762529449e+00
3.210323540726748526e+00
3.237697387990683850e+00
3.264058239183114107e+00
3.234590137574072433e+00
3.204692521385856807e+00
3.232107353038029984e+00
3.202256186979854036e+00
3.229670225793024763e+00
3.199864159525216856e+00
3.169606589645036276e+00
3.198093363791873145e+00
3.225472599217356517e+00
3.251861802808464486e+00
3.222587980648161654e+00
3.249023308033075264e+00
3.219761846386800741e+00
3.190091904449408489e+00
3.159982826820655344e+00
3.188511860949081456e+00
3.158476759510843390e+00
3.186957332854899239e+00
3.214351397434213720e+00
3.184849273343003162e+00
3.154923517301283731e+00
3.124542268028223546e+00
3.093670677586974449e+00
3.124421129424465704e+00
3.093693289245173172e+00
3.124283391016374090e+00
3.093689973510282520e+00
3.124131161572558213e+00
3.093663794846445825e+00
3.123966098437129801e+00
3.093617300414781557e+00
3.123787671050322512e+00
3.093550580328345845e+00
3.062844480128645408e+00
3.031633646096985490e+00
2.999878665311884962e+00
3.033767321149576812e+00
3.002257905615562272e+00
3.035801184646254036e+00
3.004517539693059458e+00
3.037742314920893971e+00
3.069404499444341017e+00
3.099711659384754014e+00
3.128821189054703744e+00
3.156868698078509894e+00
3.183961162526537159e+00
3.155283724402198953e+00
3.182406348070124125e+00
3.153734225335874441e+00
3.124707014606387112e+00
3.152811366200816146e+00
3.123816850420338298e+00
3.094440805298481756e+00
3.123543944638139003e+00
3.151578556241601436e+00
3.178653495930192197e+00
3.204867455598571002e+00
3.176623898579395533e+00
3.148047355279462334e+00
3.119112111653094654e+00
3.147242908029458608e+00
3.174400258627746219e+00
3.200680220959215116e+00
3.226166943176626223e+00
3.250928980821245595e+00
3.275026058980777588e+00
3.298511398219291735e+00
3.321424690764121390e+00
3.294294241897308684e+00
3.266897752104436226e+00
3.239213945016800267e+00
3.211219225661778420e+00
3.182888031969774545e+00
3.154192052103224952e+00
3.181399367761706287e+00
3.207685183434999754e+00
3.233140206249387028e+00
3.205120205092815588e+00
3.230658797722845588e+00
3.255436860834387325e+00
3.227658422083396594e+00
3.252542846801002252e+00
3.224719732720843890e+00
3.249704076473708625e+00
3.221839032990670315e+00
3.193640157522870116e+00
3.165079566007666934e+00
3.191942269108672292e+00
3.217908842725703877e+00
3.189699284142741842e+00
3.161126551941620733e+00
3.132160224164071582e+00
3.160108584476072124e+00
3.187046924126660130e+00
3.158516032094135007e+00
3.129595920790362751e+00
3.157543926701609660e+00
3.184490627034353594e+00
3.210542706958007919e+00
3.235793097391739259e+00
3.207930228956436203e+00
3.179731476956026537e+00
3.151168671313592906e+00
3.178311854284859184e+00
3.204537795924135235e+00
3.229944149876219139e+00
3.254603782710637550e+00
3.278586835789460530e+00
3.251177023006843303e+00
3.275286486249163964e+00
3.298757626183312919e+00
3.321643701564298112e+00
3.343983495682448570e+00
3.317068965593906515e+00
3.289884216659167748e+00
3.262406917584554478e+00
3.234612645570980050e+00
3.206474239965996453e+00
3.232132627009267178e+00
3.256991749565848249e+00
3.229135209478617874e+00
3.200929501934285604e+00
3.172345112847240411e+00
3.143349062756499279e+00
3.113905600571144294e+00
3.142762497905061903e+00
3.113393618486485437e+00
3.083548248666015734e+00
3.113485870680182899e+00
3.142159133053592956e+00
3.112949082462717509e+00
3.141565694872581194e+00
3.112413932062039201e+00
3.082813088946867897e+00
3.112483035101258011e+00
3.140952981794969290e+00
3.111932346944037420e+00
3.140358674513994863e+00
3.167735092823417808e+00
3.139171914448277700e+00
3.166556562064898994e+00
3.138007260567000412e+00
3.165401346260647397e+00
3.191866066876126951e+00
3.217494578285669871e+00
3.242365420088749062e+00
3.214751192682308911e+00
3.239722574659425813e+00
3.212059775396138406e+00
3.184068620174555164e+00
3.209994744735635841e+00
3.181979387363658596e+00
3.207969019431464730e+00
3.233160585082251792e+00
3.205412852528549017e+00
3.177327782431356606e+00
3.203479336689442736e+00
3.175376547394042070e+00
3.146906361272685526e+00
3.118038329243535411e+00
3.146184445849207645e+00
3.117355904158300550e+00
3.088100689760692408e+00
3.058382686115781457e+00
3.028161803729093382e+00
2.997393954467929778e+00
3.030307888148457085e+00
3.061614253938071073e+00
3.091542559145327385e+00
3.062205297237113655e+00
3.092020191842552279e+00
3.120656255298807746e+00
3.148249487285460280e+00
3.119847739638520689e+00
3.091063627045730122e+00
3.061866311931995099e+00
3.032221832871902389e+00
3.063029459764160300e+00
3.092552773300965452e+00
3.063525292639356579e+00
3.034067252898073441e+00
3.064619292115990490e+00
3.093927960847622671e+00
3.122144864044199775e+00
3.093674825985838428e+00
3.064819499339432429e+00
3.035547705207131131e+00
3.065855558381812784e+00
3.036672060756618663e+00
3.007046143980641073e+00
3.038389896969263759e+00
3.008885784453922518e+00
2.978914608635658379e+00
3.011297336878088426e+00
2.981482618539764928e+00
2.951177477161480933e+00
2.920341124134895328e+00
2.955161096791630193e+00
2.924572308059992576e+00
2.893433492580120170e+00
2.929295123123242917e+00
2.898440838228936833e+00
2.933816249862844838e+00
2.903218482904401654e+00
2.938151806725429527e+00
2.907786685187656595e+00
2.942319971351927244e+00
2.912166476845710950e+00
2.881512604601736527e+00
2.850317984816595374e+00
2.887344051798126365e+00
2.856457856673330742e+00
2.825016161577857954e+00
2.792973425832126377e+00
2.760278850659347416e+00
2.801766861926450414e+00
2.840588875726697715e+00
2.877209457558580930e+00
2.911971281420357993e+00
2.882204477474171078e+00
2.916606751894321281e+00
2.887014004104579090e+00
2.921083773934264549e+00
2.953653765552921140e+00
2.984911096357659499e+00
3.015004687403667560e+00
3.044059926624399282e+00
3.072176255242328846e+00
3.044664211578937962e+00
3.016847264207281665e+00
2.988700884208319142e+00
2.960198138428450143e+00
2.931309357157313222e+00
2.963496791660995111e+00
2.934714005219858368e+00
2.905520484046391960e+00
2.938687390551108169e+00
2.909632875554416298e+00
2.942530341689000295e+00
2.974040925572342786e+00
2.945582875633264930e+00
2.976934781080995851e+00
2.948549186530533994e+00
2.919780130804105145e+00
2.890595076836355748e+00
2.860958124868983266e+00
2.830829479722979602e+00
2.867034998539078394e+00
2.901401792036941263e+00
2.872168875492763451e+00
2.906191820590637409e+00
2.938703153334251361e+00
2.910135884177296184e+00
2.942432639904570824e+00
2.973445166566321962e+00
3.003323417168656029e+00
2.975617945067413839e+00
3.005431275603272834e+00
3.034234282222446843e+00
3.062129316322850681e+00
3.089197824267015058e+00
3.062297520967105058e+00
3.035115159435388232e+00
3.063099749948460904e+00
3.035893366820916928e+00
3.008375809675121193e+00
2.980519727650224215e+00
3.010423092469976858e+00
3.039265416252199703e+00
3.011780591540690999e+00
3.040594816700957992e+00
3.068464741709765686e+00
3.095483620559428939e+00
3.068535397979631707e+00
3.095604892890712279e+00
3.068615072624506279e+00
3.041321810955226024e+00
3.013698170222720574e+00
2.985714447389829829e+00
2.957337903660893552e+00
2.928532361863897204e+00
2.899257901123858616e+00
2.932745688645305826e+00
2.964679874505690371e+00
2.995282531190443631e+00
2.967200520164687827e+00
2.938720512644349192e+00
2.970308410694096235e+00
3.000619305463065878e+00
2.972667476755933347e+00
3.002870446505601976e+00
2.974961708974447561e+00
3.005065889795226042e+00
2.977196746137335204e+00
2.948947524493377603e+00
2.980029463268576428e+00
3.009898469491414374e+00
3.038703790299245089e+00
3.011273393140346144e+00
3.040050958740108555e+00
3.012620337814702953e+00
2.984844279792415733e+00
2.956692365993314198e+00
2.928131227978442386e+00
2.899124282132160335e+00
2.932282425382972235e+00
2.963955962056950888e+00
2.994349403095048157e+00
3.023617839355404069e+00
3.051890566229282786e+00
3.079274304549957542e+00
3.105849188247670423e+00
3.131692444639468942e+00
3.156859949764637907e+00
3.130489181452145164e+00
3.155772831164866066e+00
3.180415767024163731e+00
3.154123451307334847e+00
3.178893622345561276e+00
3.203053887633373620e+00
3.226650428887275268e+00
3.249722130631020889e+00
3.272303383295504631e+00
3.246413671497527353e+00
3.220294121099497975e+00
3.193923915270597380e+00
3.218071109915814354e+00
3.241623105718349329e+00
3.215324083303076286e+00
3.239021852209533758e+00
3.262154929251819269e+00
3.284761033660027696e+00
3.306881181668984482e+00
3.328542527273966378e+00
3.302634115471166254e+00
3.276491784918533767e+00
3.250094476119840703e+00
3.273295940607094945e+00
3.246802799153090557e+00
3.220023070758211592e+00
3.192930472687080634e+00
3.165496405341166053e+00
3.191272079181192822e+00
3.216244764099310149e+00
3.240500862993572539e+00
3.213566700141372134e+00
3.237942593373726474e+00
3.261651786760397354e+00
3.234867133218510382e+00
3.207774159909952072e+00
3.180345564804281988e+00
3.152550889977137949e+00
3.178944578927775932e+00
3.204468986266320041e+00
3.176985943170793636e+00
3.149135816053016068e+00
3.175649305210429318e+00
3.201288675379715620e+00
3.173755483835862812e+00
3.199464441028042838e+00
3.224385903960666599e+00
3.248592044891194686e+00
3.272151827610280339e+00
3.295115002647564850e+00
3.268471209960000401e+00
3.291592788303845829e+00
3.264856621885734445e+00
3.237823711810524419e+00
3.210468004811081855e+00
3.182761544002891352e+00
3.154673417803215418e+00
3.126169933283325708e+00
3.153824535253137107e+00
3.125348671620580276e+00
3.096426677943060035e+00
3.125136068817564894e+00
3.096274211858147662e+00
3.066936741532263699e+00
3.096723677739489755e+00
3.067480846762703273e+00
3.037734149659001126e+00
3.068608486046510819e+00
3.038992729615288990e+00
3.008846745041745319e+00
3.040822886330272201e+00
3.071296876012919341e+00
3.100479351306248521e+00
3.071639302204695277e+00
3.100744171550965600e+00
3.071960328689671726e+00
3.100993199393163646e+00
3.072261819044628250e+00
3.101227656426639001e+00
3.072545297404541298e+00
3.043430112956847733e+00
3.013846589749857419e+00
2.983755882739992593e+00
3.016213979997780736e+00
3.047166283963810063e+00
3.076815719154114781e+00
3.048001616718571505e+00
3.077560743619640604e+00
3.105993441575596758e+00
3.077661286981308919e+00
3.106064722312744220e+00
3.133470790612722823e+00
3.159986135694076381e+00
3.132347305413187843e+00
3.158914828622511273e+00
3.184672189409875731e+00
3.209688224965308478e+00
3.182535368026546685e+00
3.155074185315283941e+00
3.181025053600537777e+00
3.153524772883272487e+00
3.179547409254256607e+00
3.152010544544967985e+00
3.124132320646466177e+00
3.151119605612716867e+00
3.177236809906559767e+00
3.202569867448903818e+00
3.175256507175040266e+00
3.147618515393116656e+00
3.173900144868545770e+00
3.199374026315853659e+00
3.224119925480496196e+00
3.196974105861360105e+00
