1.273943498591319744e-02
1.499664647600779631e-02
1.686366161744450032e-02
1.841123784017738296e-02
2.191216528428049579e-02
2.262132927794395162e-02
2.318921986862478371e-02
2.364637087640643690e-02
2.584550885993889061e-02
2.591134710912650074e-02
2.595062544316513800e-02
2.597014902811319720e-02
2.751247687275341913e-02
2.731931019861892629e-02
2.714336426895419541e-02
2.698464875859529419e-02
2.683997689201561912e-02
2.670918284035516538e-02
2.797033828531890823e-02
2.768939049836728269e-02
2.743907409189464894e-02
2.843865488935521171e-02
2.809283598992624170e-02
2.778414153104647594e-02
2.867868443657720090e-02
2.830081257955699772e-02
2.904614372613079434e-02
2.862186018808461629e-02
2.824724029987461804e-02
2.791126646380442944e-02
2.874445338639148792e-02
2.835650523636848788e-02
2.801130535616313394e-02
2.770694983077520365e-02
2.855618761126657926e-02
2.818611801738666808e-02
2.786192490342643061e-02
2.758112790276991133e-02
2.734025916700182773e-02
2.713546461179837041e-02
2.696108646537249964e-02
2.795003018820996915e-02
2.766872892479567761e-02
2.742619387300546108e-02
2.828285737577998504e-02
2.895813793212846654e-02
2.853063000073762651e-02
2.815906204496302495e-02
2.783983736173694171e-02
2.756766267855325150e-02
2.733657782589136997e-02
2.714068698640239793e-02
2.697456026991476574e-02
2.683343226737713860e-02
2.671322164435085619e-02
2.773146823417353690e-02
2.749027773707190744e-02
2.728148071965701138e-02
2.710264422365277898e-02
2.695030072934648593e-02
2.789061190638824489e-02
2.762276229893656510e-02
2.739179775735551062e-02
2.719458479362689071e-02
2.702702183953669887e-02
2.794944420503398669e-02
2.767172431221044671e-02
2.845777053845082588e-02
2.810361860922592353e-02
2.779833747918860135e-02
2.753778067023978510e-02
2.835204416108825717e-02
2.900012422182477248e-02
2.856660683780942039e-02
2.917578130780493564e-02
2.871434556766214521e-02
2.831773081767564870e-02
2.897280151132772263e-02
2.854037823544806202e-02
2.817113694265243815e-02
2.884854809465090333e-02
2.939491113407327258e-02
2.890250949290338114e-02
2.848018145764905779e-02
2.812108185599576649e-02
2.781641730088094122e-02
2.855386011166059432e-02
2.914730862798690925e-02
2.869498437269019792e-02
2.830746586444614701e-02
2.797773528950809815e-02
2.867760918317307020e-02
2.829573312397018134e-02
2.797041862031724585e-02
2.769413543943840053e-02
2.844407038291443465e-02
2.904985977327207217e-02
2.861470613108020936e-02
2.918960803967934545e-02
2.873156177600159553e-02
2.833988133237258511e-02
2.800712167781330142e-02
2.772494656849536568e-02
2.846408392643708096e-02
2.906069530930090183e-02
2.862528347820664926e-02
2.825226123048904178e-02
2.793469708269608401e-02
2.766512264884824976e-02
2.743644636702877518e-02
2.724218248173138762e-02
2.807433588960977708e-02
2.779012123208494944e-02
2.754606150875144391e-02
2.733773997304647652e-02
2.716022274396049513e-02
2.700881459929175415e-02
2.687929721337327035e-02
2.778608687453225021e-02
2.754437261197094367e-02
2.733548846102007435e-02
2.715641290845107261e-02
2.800566080213159545e-02
2.868822076970995935e-02
2.924325553726410398e-02
2.969692485889346631e-02
2.917036524950017071e-02
2.871325015186922819e-02
2.832059926541683967e-02
2.798617695692680665e-02
2.770251706625018531e-02
2.844480098622455960e-02
2.809959391430929404e-02
2.780459843665033723e-02
2.755390566343749945e-02
2.734120659963127156e-02
2.716058162873569853e-02
2.700677811071056783e-02
2.788425052873990187e-02
2.762732457363342373e-02
2.740592011245466739e-02
2.721649264700451085e-02
2.705482364301366530e-02
2.691676289226405810e-02
2.781367484811135202e-02
2.756583150520050887e-02
2.735176876391469739e-02
2.716841163820529065e-02
2.701185431478412766e-02
2.687816935564058679e-02
2.676376922118663126e-02
2.666551099965814436e-02
2.658073658614870660e-02
2.650720812385335898e-02
2.644307482744626472e-02
2.638680973427637647e-02
2.633716006194486772e-02
2.740128663679294516e-02
2.820163900140265981e-02
2.789666074558723105e-02
2.762731885316228875e-02
2.739381032225871385e-02
2.821190241768787785e-02
2.789493963940346474e-02
2.860951754077285802e-02
2.823360226909730694e-02
2.790900096727901014e-02
2.763164997032045017e-02
2.739598478007976637e-02
2.719614764397771875e-02
2.702662632475040516e-02
2.688253662546490064e-02
2.675969199606131541e-02
2.665456611109776747e-02
2.656421472953162180e-02
2.757151144313836968e-02
2.735626578599160627e-02
2.817120655665576734e-02
2.786464712683758491e-02
2.759804660643610033e-02
2.736920090614415255e-02
2.818833832530868652e-02
2.787555029168848827e-02
2.859104366989399099e-02
2.821880044151905964e-02
2.886815156150663794e-02
2.845472091929019537e-02
2.809882832476800346e-02
2.779542061148890242e-02
2.753802983130941920e-02
2.831702278249675561e-02
2.798809429075173674e-02
2.770641700390822845e-02
2.746680442212116532e-02
2.825414181724088605e-02
2.793685219923279159e-02
2.766478341939744220e-02
2.743311703540167804e-02
2.723637043736109806e-02
2.706925203521989842e-02
2.692698923646261872e-02
2.680547564769771712e-02
2.670122125401159022e-02
2.765521347856494255e-02
2.840016235347685852e-02
2.806752059996829585e-02
2.777725323342706068e-02
2.752749392376788867e-02
2.731421886056974169e-02
2.713266014840575238e-02
2.697810414559524347e-02
2.787217123408319494e-02
2.761360096256562993e-02
2.739034719325754083e-02
2.719932722170987846e-02
2.703650428881997428e-02
2.689778748147520285e-02
2.780625841733114917e-02
2.755717596735918554e-02
2.734176020062852042e-02
2.815674579613071729e-02
2.785349610796402156e-02
2.759192559722076915e-02
2.736846279869846119e-02
2.717838418901795394e-02
2.802900755180624814e-02
2.870685054598271641e-02
2.832446348702872749e-02
2.799299965592111708e-02
2.868168744921023236e-02
2.923844572607480277e-02
2.877548980330147527e-02
2.837575160650711997e-02
2.899036749186180775e-02
2.856114317354201820e-02
2.819390733417669742e-02
2.883889509845003266e-02
2.936287110885029208e-02
2.888162388975073006e-02
2.846824144561008879e-02
2.811638840127595948e-02
2.781830556226527751e-02
2.853158247967077857e-02
2.817718460879614986e-02
2.787466664340780900e-02
2.761780610978223360e-02
2.740003681955135301e-02
2.721521532260321244e-02
2.705809996406485091e-02
2.692373066431631712e-02
2.680946189487080911e-02
2.670972199171706141e-02
2.765410420367096778e-02
2.743627792308223415e-02
2.724690063381757579e-02
2.708388179004034280e-02
2.694410414407679213e-02
2.682428658559624784e-02
2.774002580995874739e-02
2.750494057007616538e-02
2.730112922654843663e-02
2.712619049375030594e-02
2.798117236784290751e-02
2.866574078810554468e-02
2.922257521241469411e-02
2.876875966180950442e-02
2.931002653570963234e-02
2.975149200106587746e-02
3.011391717775498827e-02
2.952866427077718500e-02
2.901844031612325556e-02
2.951489068825115941e-02
2.900862060836440284e-02
2.950311219215735054e-02
2.899974814920049104e-02
2.856813621463027628e-02
2.820080872803055333e-02
2.788923882261894194e-02
2.762507534330527550e-02
2.740071067992851800e-02
2.720950055737200377e-02
2.704580518585413679e-02
2.792336427387782927e-02
2.860757229271980798e-02
2.916626583049214752e-02
2.962461466228776333e-02
3.000211150017074307e-02
2.943927675586967274e-02
2.985195855672056336e-02
2.930477791798647910e-02
2.883254380218042146e-02
2.842856285576772848e-02
2.902498416850604265e-02
2.950693061767482514e-02
2.901162601717843445e-02
2.949670962740795835e-02
2.900294528226324275e-02
2.948845785107772829e-02
2.988630192148165887e-02
2.933686958547110368e-02
2.886517338981102465e-02
2.846266281875882084e-02
2.904745308669217860e-02
2.862495657130344207e-02
2.826421774639996040e-02
2.887947997562887933e-02
2.848438481070666994e-02
2.814660383312633796e-02
2.878295748726851858e-02
2.840344828530647070e-02
2.899189347978336356e-02
2.858131892431520563e-02
2.822975217542119872e-02
2.793007136874167337e-02
2.860778236816759884e-02
2.825552695870919492e-02
2.795400715164838429e-02
2.862536841749645927e-02
2.827047078808291383e-02
2.796644577144678789e-02
2.770715599928527326e-02
2.748611788576584350e-02
2.824843650986265386e-02
2.794994489900843107e-02
2.769356979000883040e-02
2.747437360505998460e-02
2.728708626748321472e-02
2.808963165307388349e-02
2.873723902087034487e-02
2.926841153801139697e-02
2.881688384443068657e-02
2.842643362032763743e-02
2.809215737863610812e-02
2.780742127070621669e-02
2.756514670225009359e-02
2.735873688857601987e-02
2.815549339845852678e-02
2.786736740475506680e-02
2.761977713399825160e-02
2.835917478478748241e-02
2.802014932937049035e-02
2.868332047147837544e-02
2.922571227614028516e-02
2.877607241263284779e-02
2.930338763395778229e-02
2.883953767628961995e-02
2.844179934698062850e-02
2.902933169998354532e-02
2.860609025039603792e-02
2.824470466783158759e-02
2.793765066371050459e-02
2.861654742087918132e-02
2.825791082114530520e-02
2.795147480114736765e-02
2.769076521281063630e-02
2.746915797537160739e-02
2.728051515333690044e-02
2.711939345386920816e-02
2.698112763845316939e-02
2.785307738285318704e-02
2.761201495503988815e-02
2.740228437517360296e-02
2.818586027979399361e-02
2.789073515030624992e-02
2.763651486486876085e-02
2.837646699087292487e-02
2.805044622815158067e-02
2.871319048242141833e-02
2.833597776940329285e-02
2.801215964094088198e-02
2.773622272227962288e-02
2.750181048828368585e-02
2.730267705410878432e-02
2.713315541482325469e-02
2.797786233664912095e-02
2.771249082347504791e-02
2.748396696161347838e-02
2.728849345514508182e-02
2.712163035877184283e-02
2.796723842513327077e-02
2.864537556215095149e-02
2.919941737844163401e-02
2.875236301053730667e-02
2.836445160469022730e-02
2.803199736315082485e-02
2.774903914572498034e-02
2.750886893789540252e-02
2.730495360471926064e-02
2.713144239110860251e-02
2.698324762596420942e-02
2.685605563591601103e-02
2.674627583728448471e-02
2.665094901392644003e-02
2.656766325398480719e-02
2.649450469563188748e-02
2.643061584136673428e-02
2.637391608250007694e-02
2.745165989424652730e-02
2.822195732164173992e-02
2.792065660440627706e-02
2.861909081294259152e-02
2.825343397725987513e-02
2.793449766425465386e-02
2.765977550076004210e-02
2.841500708176636358e-02
2.807341319902457999e-02
2.874314926022911859e-02
2.835292305775369975e-02
2.801726953497159917e-02
2.773104602513901812e-02
2.748794125203334396e-02
2.728165499205172095e-02
2.710636364984019345e-02
2.695699146508184069e-02
2.682919322654999522e-02
2.671935457002417441e-02
2.662560663777551948e-02
2.654317056364208227e-02
2.647117884831478793e-02
2.750238941385690569e-02
2.730330627052528908e-02
2.712858867188706197e-02
2.697744763099008472e-02
2.684762103668387329e-02
2.673640064815874587e-02
2.664108259923749639e-02
2.761268083334122297e-02
2.739167885744299077e-02
2.719927019230386836e-02
2.804750519408197654e-02
2.775796899772264500e-02
2.750726326606035485e-02
2.729268734905149554e-02
2.711011236716388134e-02
2.695510676772543829e-02
2.786156976310100869e-02
2.759996954888687543e-02
2.737391909110261159e-02
2.818787732413458383e-02
2.884009949081514299e-02
2.936923824626400462e-02
2.889029698238868363e-02
2.847204942526939536e-02
2.811205968880073000e-02
2.780509447538585116e-02
2.754458761706187267e-02
2.832640070609082975e-02
2.894668132791362522e-02
2.852862081716100312e-02
2.911300193986537249e-02
2.958995927578863400e-02
2.907561634237239984e-02
2.863128590448017763e-02
2.825164527746906740e-02
2.792931239056125822e-02
2.862531713573291531e-02
2.918468974988663173e-02
2.873160161292672918e-02
2.834252802021334713e-02
2.801127708480808873e-02
2.773039094350214506e-02
2.749239403236197754e-02
2.826760612055256167e-02
2.795534566174542185e-02
2.863543670362712207e-02
2.826784105806171704e-02
2.795258905260760568e-02
2.768418475981427804e-02
2.745631094630004640e-02
2.726283671274785589e-02
2.709818130841784925e-02
2.795100729135672341e-02
2.768851455834553388e-02
2.841955464356868064e-02
2.808548946546141067e-02
2.779790475444334288e-02
2.755241754915468619e-02
2.831354446837488700e-02
2.799367777945898500e-02
2.771947432530096761e-02
2.844678944719883015e-02
2.810640085194466425e-02
2.781475213341308081e-02
2.852460906499296525e-02
2.910048777344514601e-02
2.866309796825217485e-02
2.828680903771743638e-02
2.796617939421814497e-02
2.769421520579891036e-02
2.746381125124701741e-02
2.726837383172668258e-02
2.808700849112895012e-02
2.780374757152028614e-02
2.756053469729326938e-02
2.831625513206151301e-02
2.892973203996905898e-02
2.852004550174845957e-02
2.816682775220357565e-02
2.786538742887739381e-02
2.856580003389737332e-02
2.820774546805384503e-02
2.790168127023885669e-02
2.859244220136110751e-02
2.915496107705912304e-02
2.871018326695973580e-02
2.832800084259494422e-02
2.894022841731005991e-02
2.852561570867364824e-02
2.817154957512884791e-02
2.881035192046175683e-02
2.841629395901573707e-02
2.808000741052242913e-02
2.779459574461829938e-02
2.755275779928607546e-02
2.830851147392834596e-02
2.891901198734786113e-02
2.851329322318520848e-02
2.816436144659265062e-02
2.786687724861219503e-02
2.856271932422995569e-02
2.820857091783059850e-02
2.883846531067577046e-02
2.844276406443974753e-02
2.810408326637031315e-02
2.781611563929910561e-02
2.852018600875717153e-02
2.817299322275308368e-02
2.787624495922067999e-02
2.762390684526111126e-02
2.740965368411017039e-02
2.819225762307431965e-02
2.882384216286488360e-02
2.934182382979826087e-02
2.887484259505702228e-02
2.847154831053721330e-02
2.812692976741893586e-02
2.877482641278995487e-02
2.838829028259768836e-02
2.898486335003347056e-02
2.947385438035742336e-02
2.898425325633799746e-02
2.947407176606763740e-02
2.898296126384697705e-02
2.856287731785995057e-02
2.912763909140985569e-02
2.868926445976129752e-02
2.922934205660734572e-02
2.877703315126731165e-02
2.839091581490373051e-02
2.898451768706425749e-02
2.857063271141266694e-02
2.821754694422653337e-02
2.884170327246791260e-02
2.845089789352558615e-02
2.811722099622667587e-02
2.783349328695043298e-02
2.852885091849524310e-02
2.818667425179570071e-02
2.881494088540585002e-02
2.842943782087452992e-02
2.901491636682964823e-02
2.859878702169953851e-02
2.915380325996652991e-02
2.960910873296348014e-02
2.998518402428766022e-02
2.942450891928817189e-02
2.983389983858244707e-02
3.017041855407261164e-02
2.958061342963953441e-02
2.996210424279467655e-02
2.940260327897237583e-02
2.892455798245059315e-02
2.851788232783326882e-02
2.817211258821030948e-02
2.787743726107472578e-02
2.762514918473354952e-02
2.740779453239267777e-02
2.721918659960156223e-02
2.806188589973708514e-02
2.779485526113570706e-02
2.756373583348155701e-02
2.736470423719265105e-02
2.719336199123336545e-02
2.704552210473505636e-02
2.691743333771262625e-02
2.680588488330622188e-02
2.771961798971075280e-02
2.843931417322654101e-02
2.902560830021769234e-02
2.861090223455041090e-02
2.916870136436006469e-02
2.872745289903297708e-02
2.834690164254856024e-02
2.802147333089132983e-02
2.774427104763276322e-02
2.846443850812346160e-02
2.904624533526241337e-02
2.952328612018581544e-02
2.991616904761659756e-02
3.024004061692944778e-02
2.964088314028195947e-02
3.001472340290901528e-02
2.944475971824238661e-02
2.895539845021734282e-02
2.853798834993114333e-02
2.818286059937986227e-02
2.882067464834563164e-02
2.933450731795601840e-02
2.887112532544636179e-02
2.847392980631049605e-02
2.813523394321626458e-02
2.784678292644042832e-02
2.760072095667189321e-02
2.739005085081480315e-02
2.817987541540602908e-02
2.789164257692875251e-02
2.764355662502428201e-02
2.743095023380393710e-02
2.724882394531747548e-02
2.709244873184844804e-02
2.793738565842297794e-02
2.768243256385414033e-02
2.746210725284008516e-02
2.823285871212867157e-02
2.793126896230595929e-02
2.767151252161608940e-02
2.840351248874456794e-02
2.807462421625782009e-02
2.779211501593320532e-02
2.755096856616297968e-02
2.734551252199901583e-02
2.717032812107281550e-02
2.702054309906006327e-02
2.788652037122372335e-02
2.763458980818647714e-02
2.741700161304127040e-02
2.723044886324699557e-02
2.707087130824121016e-02
2.792787754480711981e-02
2.766722068192090794e-02
2.744225915897754303e-02
2.724962115179660818e-02
2.708508342463673488e-02
2.794195279225568720e-02
2.862751791095390769e-02
2.918585661891084579e-02
2.873919617991611483e-02
2.835134065180168819e-02
2.801871042226735525e-02
2.869423192669792386e-02
2.831411499352327887e-02
2.798896057682509833e-02
2.866640501832374427e-02
2.829150422958373948e-02
2.891105237983146448e-02
2.941689309662191484e-02
2.983136612543504235e-02
2.928552410492287622e-02
2.881471982870583912e-02
2.841277555681447770e-02
2.807149766963993112e-02
2.873282597596442736e-02
2.926736087637187358e-02
2.880655283892063004e-02
2.932840301848922693e-02
2.975624111392222854e-02
3.010893118300959556e-02
3.039961728458534865e-02
2.977331270711755518e-02
2.923296836500723084e-02
2.967995152350052721e-02
2.915755812718177215e-02
2.871153050661097439e-02
2.833233090384771474e-02
2.801017734784282814e-02
2.867745318102355931e-02
2.831171334334120840e-02
2.891726936248129043e-02
2.851669542853548650e-02
2.817380329638022665e-02
2.788149918338131070e-02
2.763244240620011533e-02
2.741979092986258568e-02
2.723752202190738228e-02
2.708047733783936623e-02
2.694431997692916039e-02
2.682544963803083771e-02
2.774294208720364668e-02
2.751743730579932906e-02
2.827682429832704264e-02
2.889307827293844180e-02
2.849527110014770173e-02
2.815061835939678542e-02
2.785501109007120987e-02
2.855435211709946020e-02
2.820169438601705103e-02
2.883343210655390371e-02
2.843903544544906098e-02
2.902695686588103660e-02
2.950800360115004087e-02
2.901379160684772543e-02
2.858911418247413877e-02
2.914969001013408695e-02
2.870729895239852725e-02
2.832963161331967725e-02
2.800877823690640922e-02
2.773655900480669415e-02
2.750532447504656919e-02
2.730832913342261248e-02
2.713975972839637041e-02
2.699470667553529463e-02
2.686908401736815347e-02
2.675952410447166377e-02
2.666327978014943964e-02
2.657815046789776398e-02
2.650239161654241102e-02
2.643465256693244489e-02
2.747710578150828684e-02
2.728686323354038643e-02
2.711896008331761421e-02
2.697293077354777704e-02
2.684680938079812146e-02
2.673811510629270707e-02
2.664435979713680736e-02
2.656326885215811590e-02
2.649284487305990018e-02
2.643138256943988046e-02
2.637745429428709279e-02
2.632986795273845049e-02
2.628765746945924131e-02
2.625002468229091501e-02
2.734899829711416597e-02
2.815752420067627049e-02
2.786043540162501039e-02
2.759633964523126176e-02
2.736638078089154158e-02
2.716874554589187099e-02
2.803764973573586242e-02
2.774525938044418091e-02
2.749261544983715860e-02
2.828942868580657313e-02
2.795877541031974861e-02
2.767372263542598743e-02
2.743043567532580176e-02
2.722386343098849235e-02
2.807416835421498377e-02
2.777763707724083264e-02
2.851060426001609388e-02
2.910095353817856653e-02
2.865665846524483723e-02
2.827117381616187780e-02
2.794081018417876594e-02
2.765975657436386612e-02
2.841515285040521754e-02
2.901948726829996564e-02
2.858721761489974034e-02
2.821473033434955882e-02
2.885804012723409279e-02
2.844813364166991557e-02
2.904485283736630771e-02
2.953063429664030265e-02
2.902342822470423481e-02
2.858705650001400200e-02
2.821520901918260493e-02
2.789993788614362688e-02
2.763304942929101227e-02
2.838170818041833854e-02
2.804954433309084574e-02
2.776570701102403296e-02
2.752441244884686056e-02
2.731954309128414166e-02
2.714540359043769030e-02
2.699693018819620399e-02
2.686978996353428170e-02
2.676033813317783144e-02
2.666554333246617253e-02
2.658291967304502942e-02
2.651043364993731222e-02
2.644644529155087964e-02
2.638963822463914755e-02
2.633897268652666060e-02
2.629362465602162399e-02
2.738065811347430850e-02
2.817641620585689677e-02
2.881900159222672633e-02
2.934194416224948643e-02
2.887929783611377366e-02
2.846973503861481569e-02
2.907137047839368840e-02
2.955397912482986972e-02
2.904849095438378354e-02
2.953749531919507357e-02
2.903096886891875367e-02
2.859185682481137428e-02
2.821466548199190114e-02
2.789254550029532376e-02
2.860224903185661083e-02
2.916678964235663515e-02
2.871572773487615290e-02
2.926014142496654105e-02
2.879462985806117287e-02
2.932336149516808627e-02
2.884861016565401851e-02
2.936617064510244762e-02
2.888567322738618687e-02
2.847382867991189379e-02
2.812283243235315713e-02
2.782433282624577342e-02
2.757035160967604218e-02
2.735367691685624061e-02
2.716805387102716116e-02
2.700818757332824199e-02
2.686969457260899447e-02
2.779386322948322260e-02
2.850114668267677426e-02
2.907715378264753153e-02
2.865002214784902884e-02
2.827864972148523212e-02
2.890112415357928843e-02
2.849283642569553493e-02
2.907361409282910314e-02
2.863912664210331929e-02
2.826681617729996307e-02
2.888870270300775839e-02
2.939501922719623198e-02
2.981077701828190388e-02
3.015320110620663130e-02
3.043577725383442636e-02
3.066932971302701802e-02
3.086227210600545751e-02
3.016984350581354557e-02
3.045037212335392762e-02
3.067962920301342891e-02
3.086820066801164442e-02
3.102462540659287754e-02
3.115418879970974220e-02
3.039740375817311102e-02
3.063635999888177433e-02
2.997592909359180977e-02
2.940502990265744798e-02
2.982136970972573686e-02
2.928182703010798194e-02
2.881829175111916969e-02
2.842029501907827535e-02
2.901496654901978070e-02
2.859954161175422283e-02
2.824262718380602874e-02
2.793604584638396948e-02
2.767205003344244338e-02
2.840727708750169847e-02
2.808391082512535705e-02
2.873040125998787067e-02
2.835976307567949356e-02
2.895479020762315239e-02
2.855041112785522070e-02
2.820248795838685776e-02
2.790429100328182047e-02
2.858705092265116307e-02
2.823692291768737858e-02
2.793615162053365505e-02
2.767866619158962718e-02
2.840264084608172188e-02
2.898916226783116237e-02
2.857995520300157452e-02
2.822738931693718339e-02
2.792556140867864453e-02
2.766769734188295748e-02
2.839595043546242620e-02
2.807327274423907296e-02
2.872128162495004786e-02
2.925144183900413655e-02
2.880132611325967457e-02
2.931797202158309065e-02
2.885565267945703130e-02
2.845928430772054138e-02
2.903785061739530896e-02
2.861728798224960971e-02
2.916577084192176900e-02
2.872667415097859833e-02
2.925536119054456680e-02
2.880315842473755300e-02
2.841647919807570657e-02
2.808725697522890252e-02
2.780719256071294276e-02
2.756846506115614298e-02
2.831613291681188069e-02
2.800823843230803439e-02
2.866678083829198379e-02
2.920611429145307525e-02
2.876464591926637671e-02
2.838472511685639216e-02
2.806011184020117469e-02
2.778352112781586752e-02
2.754773466718060670e-02
2.734615708837389789e-02
2.814036604297829106e-02
2.877565548362515449e-02
2.839840195509924642e-02
2.807299458019897609e-02
2.779449641375494537e-02
2.849757494695221924e-02
2.815825870832882466e-02
2.786752541467597474e-02
2.855625293171199647e-02
2.820741618233083697e-02
2.790867138937658948e-02
2.765399907064192489e-02
2.838420396643372839e-02
2.806091751546665319e-02
2.778393791448566935e-02
2.754775345824494667e-02
2.734653664838361531e-02
2.717484751219288730e-02
2.702784185623964552e-02
2.788724955101173908e-02
2.763801515629460762e-02
2.742284262506260867e-02
2.820189149028024672e-02
2.790289429946304911e-02
2.859110758511753531e-02
2.915168741242559966e-02
2.961148953308141013e-02
2.910243279917018935e-02
2.866252038801906862e-02
2.921148561478035741e-02
2.875640938485807263e-02
2.928724753458774449e-02
2.882157984082726540e-02
2.933964201137407093e-02
2.976446577920441317e-02
2.922995492446700538e-02
2.877174988863050870e-02
2.929737685723279514e-02
2.883251933057235164e-02
2.843601122295888114e-02
2.809917365691145738e-02
2.781333204005197873e-02
2.757042387543110970e-02
2.832011445799489241e-02
2.800811599434476634e-02
2.774059445751118208e-02
2.751216817872124271e-02
2.731724111638094907e-02
2.715057753809270794e-02
2.700753837740641622e-02
2.688414551456673809e-02
2.777687875955801508e-02
2.754452005832807443e-02
2.734314733953266061e-02
2.716990053145882170e-02
2.702117970747847445e-02
2.689340089280637183e-02
2.778588033891291401e-02
2.754743272033304685e-02
2.830727011911708321e-02
2.798946355862819493e-02
2.866659606617760758e-02
2.829342678212828574e-02
2.797222991873860379e-02
2.769808980696174608e-02
2.746499433024214565e-02
2.726688044538440672e-02
2.709822698870125932e-02
2.695417341415882670e-02
2.683060117791725638e-02
2.672404512151917849e-02
2.663164782287493274e-02
2.655105913035248413e-02
2.648036514375349745e-02
2.641802328152863949e-02
2.636279466564760837e-02
2.631369871887528564e-02
2.626994217787149977e-02
2.623089287557547541e-02
2.619604769055418683e-02
2.733746617226201492e-02
2.716361088600722715e-02
2.801508902505647422e-02
2.773507094313279811e-02
2.847868605834647307e-02
2.812644129994551490e-02
2.781874150225834355e-02
2.755360986695561815e-02
2.834065006570551590e-02
2.896511861054110529e-02
2.853967850501241618e-02
2.817038161300978311e-02
2.785356093471739319e-02
2.857563029598111579e-02
2.820491239911162087e-02
2.788706011057032197e-02
2.761647104974308820e-02
2.738682317212656064e-02
2.819298246356472318e-02
2.788349142605646772e-02
2.761795964457004413e-02
2.739169470320826361e-02
2.719938065362296001e-02
2.703588230104435330e-02
2.791123326870607879e-02
