2.175302517355226853e-02
3.324219187417308541e-02
4.447515586773490709e-02
5.545725235549941318e-02
6.619535049198599364e-02
7.667832937723402520e-02
8.371716039235842233e-02
9.386517353049039780e-02
1.037579477480825435e-01
1.133288669254347292e-01
1.222666768510703855e-01
1.299135161550783735e-01
1.359701299950284992e-01
1.421414296637999730e-01
1.489566611736408974e-01
1.557650674311173988e-01
1.623643352100526405e-01
1.687355120019378707e-01
1.748921584286802222e-01
1.808497898722150055e-01
1.866190208347753010e-01
1.922099315397796382e-01
1.976397211127395859e-01
2.029160936198673437e-01
2.080470165584046016e-01
2.130408747790552004e-01
2.171073343458236882e-01
2.219024955083587214e-01
2.265751072306145808e-01
2.303810427093435087e-01
2.348796074170209913e-01
2.392642650099479629e-01
2.428351073287118578e-01
2.470653606799314284e-01
2.504997663351267168e-01
2.545815731613596533e-01
2.585662188882687507e-01
2.624589371502947244e-01
2.662643676457704389e-01
2.699876997012820579e-01
2.736321332715618837e-01
2.766122882777861669e-01
2.801534665944501179e-01
2.836229658878792748e-01
2.870247291323226313e-01
2.903615035263055200e-01
2.936350662869621764e-01
2.968502126647386552e-01
3.000085689405065370e-01
3.031112160960349189e-01
3.061627352743677699e-01
3.091642529944600426e-01
3.116241290821749055e-01
3.145647670124135376e-01
3.174580433196685925e-01
3.203058802050238185e-01
3.231097661607555960e-01
3.258721190615361252e-01
3.285937107565682913e-01
3.312744227138683106e-01
3.339193328523846205e-01
3.365261366921671882e-01
3.390996765687611103e-01
3.416392624596009675e-01
3.441453642311236849e-01
3.466215185627547490e-01
3.490657306582257147e-01
3.514799372338216488e-01
3.538655817433823958e-01
3.562242883955132333e-01
3.585549935113154785e-01
3.608612077790090966e-01
3.631420821380104136e-01
3.653984654344091809e-01
3.676311676132150708e-01
3.698409261490283040e-01
3.716431254396360684e-01
3.738332393493969952e-01
3.760016447841721954e-01
3.781466934223924881e-01
3.802675112493174026e-01
3.823662122811238295e-01
3.844434902423557454e-01
3.864990967693948676e-01
3.881707930756712055e-01
3.898457496336282246e-01
3.918940767510876166e-01
3.939188901905842366e-01
3.955571721995857493e-01
3.975651708021914477e-01
3.995511712021216355e-01
4.015133191861095519e-01
4.034542551663878873e-01
4.053766015307142534e-01
4.072777544282465412e-01
4.091602048999012919e-01
4.110244820029679280e-01
4.128725351148679890e-01
4.147023549631775885e-01
4.165152140251751067e-01
4.183136685525228882e-01
4.200957705125895614e-01
4.218634100131983811e-01
4.236181202941781132e-01
4.253574318867888171e-01
4.270831332166075134e-01
4.287954943462055635e-01
4.304949272320758857e-01
4.321817810734956966e-01
4.338573197106732060e-01
4.355192593191837824e-01
4.371710097016117680e-01
4.388091894175565888e-01
4.404357274997022231e-01
4.420514950709022450e-01
4.436564331069213774e-01
4.452523797182630361e-01
4.468360765249138611e-01
4.481093136108085240e-01
4.496960682494469119e-01
4.512706546946247399e-01
4.528330529934951332e-01
4.543841550592976897e-01
4.559259285480992685e-01
4.574549361420855997e-01
4.589726429079006853e-01
4.604817571659038933e-01
4.616893906302572681e-01
4.629080656303666275e-01
4.644335802571925575e-01
4.659432192012538110e-01
4.674388688970680938e-01
4.689220793661522668e-01
4.703929089634857896e-01
4.718539397711090655e-01
4.733013443935085163e-01
4.747382350482897140e-01
4.761646257039737207e-01
4.775809916969446234e-01
4.789875708133373156e-01
4.803864463171318433e-01
4.817747892031901680e-01
4.831558888477008873e-01
4.845266355680608039e-01
4.856164901171830528e-01
4.869936060252652577e-01
4.883603803725790060e-01
4.897189159719460005e-01
4.910656803623705824e-01
4.924032250473010519e-01
4.937332256537470543e-01
4.950530847921126298e-01
4.963645337033933402e-01
4.976677966957206434e-01
4.989630967907054959e-01
5.002510864692799597e-01
5.015305918636933091e-01
5.028028937099824347e-01
5.040679240720409293e-01
5.050678072061819401e-01
5.063410409791521127e-01
5.076051833156767223e-01
5.086028011578448416e-01
5.098722863314547604e-01
5.111324609789431594e-01
5.123817184263474989e-01
5.136214944553356698e-01
5.145971073026291975e-01
5.158428935133795301e-01
5.170771138742975559e-01
5.180463138627895425e-01
5.192830854051029288e-01
5.205084898960586903e-01
5.217231078790317556e-01
5.229275045754457896e-01
5.241225558359495773e-01
5.250576772518102953e-01
5.262569776206013072e-01
5.274454027165623726e-01
5.286238267776559585e-01
5.297926838886711787e-01
5.309524554153007836e-01
5.321032588163701060e-01
5.332458040873131466e-01
5.343804414755689569e-01
5.352642994832360612e-01
5.364059223958037581e-01
5.375381680673863016e-01
5.386613877224815106e-01
5.397765340408446910e-01
5.406430026589682525e-01
5.417645069257429613e-01
5.428764006149555676e-01
5.439791293893563306e-01
5.450732696378407516e-01
5.461590543214553950e-01
5.472388021529414059e-01
5.483095599415926946e-01
5.493723375420689337e-01
5.504279722784152229e-01
5.514774533574270388e-01
5.525205693461228140e-01
5.535576762935578987e-01
5.545889188896049316e-01
5.556144585547007075e-01
5.566342725608460773e-01
5.576480891620695379e-01
5.586563556261123775e-01
5.594325754273448137e-01
5.604528183670863806e-01
5.614651127673577768e-01
5.624703681641227693e-01
5.634690905760434410e-01
5.644614171125890145e-01
5.654487324546112470e-01
5.664293942942638660e-01
5.674041456923277771e-01
5.683734628702172831e-01
5.693370552862377920e-01
5.702960749418257702e-01
5.710289111039176246e-01
5.717762660881775538e-01
5.727607487230976790e-01
5.735129156537859263e-01
5.745016218876344283e-01
5.754800620815383461e-01
5.764500679420204721e-01
5.774103743366435504e-01
5.781411501146739296e-01
5.791064961779950337e-01
5.798407155580797001e-01
5.808092246502637446e-01
5.817667822656102938e-01
5.827142204919925073e-01
5.836523343878581294e-01
5.845816888194282912e-01
5.855028725967789116e-01
5.864162851842164015e-01
5.873217525468409361e-01
5.882200353044368946e-01
5.891224091293623122e-01
5.900017663528279721e-01
5.908752417617240127e-01
5.917569901214030370e-01
5.924120033458166734e-01
5.932905480379029317e-01
5.941618732513492818e-01
5.950264070957657081e-01
5.958844780948995279e-01
5.967364243205772745e-01
5.975825372323976259e-01
5.984230863099685438e-01
5.992583030720372017e-01
5.998840448827221783e-01
6.005240668424920436e-01
6.013846553461676958e-01
6.022364239284430099e-01
6.030800391939549199e-01
6.039159666951849914e-01
6.047446565606175994e-01
6.055665655571959016e-01
6.063820562608904785e-01
6.071914497355870299e-01
6.079949996344240493e-01
6.087930680020369190e-01
6.095859849324205548e-01
6.103738826350610935e-01
6.111569409048890344e-01
6.119353149654540580e-01
6.127092313134382406e-01
6.134788101000817617e-01
6.142442564134050764e-01
6.150056829982214479e-01
6.157631621254314735e-01
6.165167527500885480e-01
6.172665929695430043e-01
6.180127645497971445e-01
6.187553475193960928e-01
6.194944005522228236e-01
6.202299909969692937e-01
6.209621799283395749e-01
6.216910187634947516e-01
6.222237372282788392e-01
6.229663888745131661e-01
6.237037191886243281e-01
6.242425364792153486e-01
6.249905019356879476e-01
6.257317048122242875e-01
6.264665420589170530e-01
6.271953833759470465e-01
6.279425253679987717e-01
6.286820314171970292e-01
6.293946332532768251e-01
6.301023784583903442e-01
6.308054871044989076e-01
6.315041597388774131e-01
6.321985762886347393e-01
6.328888376896472101e-01
6.335751598286087916e-01
6.342576744381088760e-01
6.349364826411063589e-01
6.354238589929803727e-01
6.359262262151768041e-01
6.364418848760778902e-01
6.371622485708271499e-01
6.378736101480273479e-01
6.385766233817856685e-01
6.392718770452309185e-01
6.399604511203891288e-01
6.406416882959969916e-01
6.413166265176039049e-01
6.419856347239433214e-01
6.424620832759554423e-01
6.431407036129858090e-01
6.436242990757496951e-01
6.441202694422618613e-01
6.448184175855083966e-01
6.455066429330256206e-01
6.461857095468778178e-01
6.466679208030089443e-01
6.473515336309685342e-01
6.480256829186649137e-01
6.486910924230619990e-01
6.493488759996058901e-01
6.499986604545243685e-01
6.506534132626384803e-01
6.512899355707952864e-01
6.519203880078796587e-01
6.525451693225581273e-01
6.531646349936772733e-01
6.537791075485428482e-01
6.543888425427895061e-01
6.549940907133835477e-01
6.555950780018634516e-01
6.561920077537193308e-01
6.567850629012876862e-01
6.573744107072544418e-01
6.579601975926103741e-01
6.585425352165817925e-01
6.591215653897414262e-01
6.596973972030689692e-01
6.602701293938354477e-01
6.608398475132462035e-01
6.614066363270258986e-01
6.619705693128237201e-01
6.623405419859664800e-01
6.629190072477356699e-01
6.634927365010383493e-01
6.640619845052447845e-01
6.644354493338453516e-01
6.650166045162181350e-01
6.655918314782259815e-01
6.661615144878570982e-01
6.667259999969428197e-01
6.672856014701692429e-01
6.678406038965333247e-01
6.683912642834264339e-01
6.689378146213857956e-01
6.694804641574610971e-01
6.700194020264056416e-01
6.705547979337949105e-01
6.710868047285705185e-01
6.716155613149124015e-01
6.721411922355482460e-01
6.726638100346838955e-01
6.731835163492577712e-01
6.735280581739387928e-01
6.740618455461817593e-01
6.745909369286232637e-01
6.751156012658715566e-01
6.756360841514995608e-01
6.761526090366427599e-01
6.766653783354898977e-01
6.771745764520472610e-01
6.776803692931779866e-01
6.781829070463705200e-01
6.786823254642410097e-01
6.790090710477700853e-01
6.795221350920604975e-01
6.800303899759231330e-01
6.805341252801239138e-01
6.810336051757562847e-01
6.815290698823699422e-01
6.820207372173218152e-01
6.823403208951310805e-01
6.826744966128373004e-01
6.831931800578546765e-01
6.835341099766280015e-01
6.840592737030467552e-01
6.845763449437907155e-01
6.850859563927224061e-01
6.855886825461382506e-01
6.860850444545562032e-01
6.865755122681636013e-01
6.870605100667117604e-01
6.875404198572547809e-01
6.880155853488225670e-01
6.884863157473207762e-01
6.889528880764624885e-01
6.894155526986948113e-01
6.897090070389544358e-01
6.901840471516937914e-01
6.906537569796732390e-01
6.911184982209790384e-01
6.914130261123884180e-01
6.918884338299942094e-01
6.923577277682828601e-01
6.928213530576686763e-01
6.932797133162477143e-01
6.937331755996239968e-01
6.941820710338840739e-01
6.946266985941943473e-01
6.950673276499356179e-01
6.953410101639199148e-01
6.957938473537665924e-01
6.962413151492642394e-01
6.966837894652303520e-01
6.971216119085947849e-01
6.975551740729477590e-01
6.979846770709098314e-01
6.982483438352043992e-01
6.986898453532978115e-01
6.991259447264933646e-01
6.995571086237737379e-01
6.999836061902909856e-01
7.004057520817846827e-01
7.008238342920827257e-01
7.012381018215869677e-01
7.016487957037500500e-01
7.020561331745156508e-01
7.024602953371261727e-01
7.028614677311011416e-01
7.032597878837955063e-01
7.036553921524961730e-01
7.038897160535247943e-01
7.042994456144778814e-01
7.047048168092572284e-01
7.051060994462972076e-01
7.055035528541557799e-01
7.058974160993330971e-01
7.062879041804732694e-01
7.066752120807689996e-01
7.070595160421506709e-01
7.074409751851844508e-01
7.078197330031843482e-01
7.081959190344666588e-01
7.085696500018414667e-01
7.087849509274506410e-01
7.091731319087102303e-01
7.095571645113355475e-01
7.099373183981341207e-01
7.101574950065344671e-01
7.103918963935940134e-01
7.107984240934813736e-01
7.111981059363520208e-01
7.115914858656338104e-01
7.119790604169417003e-01
7.122043174473997595e-01
7.124426653104747320e-01
7.128524032060774562e-01
7.132540112361773765e-01
7.134900122484300056e-01
7.138970833834694663e-01
7.142958252027589161e-01
7.146869575988845646e-01
7.150711186711541378e-01
7.154489086887965144e-01
7.158208372384300411e-01
7.161873792073273348e-01
7.163934986884112899e-01
7.167699731073310376e-01
7.171401916425365064e-01
7.175046464363813437e-01
7.178637973171262399e-01
7.182180599707344015e-01
7.185678099630526949e-01
7.189133862347607540e-01
7.192550918096183299e-01
7.195932011777224080e-01
7.199279582690590873e-01
7.202595845086755544e-01
7.205882777206731316e-01
7.209142156424429571e-01
7.212375576387561882e-01
7.215584468685597441e-01
7.218770120406067248e-01
7.221933688161213949e-01
7.223508086202822254e-01
7.226822362539057076e-01
7.230097512862474485e-01
7.231790555611015137e-01
7.235188565587743481e-01
7.238534736749006049e-01
7.241833049163438618e-01
7.245087137344542461e-01
7.248300308654178625e-01
7.251475562004237041e-01
7.254615609432597534e-01
7.257722898921619148e-01
7.260799636992535389e-01
7.263847810442884967e-01
7.266869206922643709e-01
7.269865434088108591e-01
7.272837937292092603e-01
7.275788015805142450e-01
7.278716837606293844e-01
7.281625452789174391e-01
7.284514805767967616e-01
7.287385746202599268e-01
7.290239038885277800e-01
7.293075372621765640e-01
7.295895368206776199e-01
7.297075280490603610e-01
7.300053610970080875e-01
7.302997622465565719e-01
7.305909596893890301e-01
7.308791636414613269e-01
7.311645665953403483e-01
7.314473440259766646e-01
7.317276553334208788e-01
7.320056449857688108e-01
7.322814451847831085e-01
7.325551719451649513e-01
7.328269304527644801e-01
7.330968185191056863e-01
7.333649227350038657e-01
7.336313210288299969e-01
7.338960839202831599e-01
7.341592748288218173e-01
7.344209509997681185e-01
7.346811640899293394e-01
7.349399607554101266e-01
7.350377873812821150e-01
7.353125730602384502e-01
7.355841349444834920e-01
7.358526876296491714e-01
7.361184292655991168e-01
7.363815416417882620e-01
7.366421907060917151e-01
7.369005273896364061e-01
7.371566885620419729e-01
7.372517420141602162e-01
7.375226199700289920e-01
7.377897351678063265e-01
7.380533621567724190e-01
7.383137529908414542e-01
7.385711378460478871e-01
7.388257260442249175e-01
7.390777073814335241e-01
7.393272535409735058e-01
7.395745195576428621e-01
7.398196452311773808e-01
7.400627565279761511e-01
7.403039668704699539e-01
7.405433783517263446e-01
7.407810828317231699e-01
7.410171629805802906e-01
7.412516932018076155e-01
7.414847404824205235e-01
7.417163653102757381e-01
7.419466218417194447e-01
7.421755590873464481e-01
7.424032212846783940e-01
7.426296483756337219e-01
7.428548764791050862e-01
7.430789382741009863e-01
7.433018633759134186e-01
7.435236786575595280e-01
7.437444085285807027e-01
7.439640752076470687e-01
7.441826988706248258e-01
7.444002981555182252e-01
7.446168909500502364e-01
7.448324915571190585e-01
7.448927088118247886e-01
7.451246444184848050e-01
7.453537533945827631e-01
7.455802240205788856e-01
7.458042311135781866e-01
7.460259357226538546e-01
7.462454853340811933e-01
7.464630144152359925e-01
7.466786451516606027e-01
7.468924882952767685e-01
7.471046440414031986e-01
7.473152029120209150e-01
7.475242466080900261e-01
7.477318498444642803e-01
7.479380773435156948e-01
7.481429896926390377e-01
7.483466419580453444e-01
7.485490815221906846e-01
7.485976427511563669e-01
7.488159495310890978e-01
7.490313014541633008e-01
7.492439064154083894e-01
7.494539568303884014e-01
7.496616295120680507e-01
7.498670860605376465e-01
7.500704740890237199e-01
7.502719264983049863e-01
7.504715641285929495e-01
7.506694961838458191e-01
7.507137884366171798e-01
7.509267525050625780e-01
7.511364166784160190e-01
7.513430285422378896e-01
7.515468161555145521e-01
7.517479883068277635e-01
7.519467352581928887e-01
7.521432297708703363e-01
7.523376288246104160e-01
7.525300732183199948e-01
7.527206905347733068e-01
7.529095957629602376e-01
7.530968936105362221e-01
7.532826758583552884e-01
7.534670263917496724e-01
7.536500206616525421e-01
7.536811963387129998e-01
7.537278833844788251e-01
7.539416563015350903e-01
7.539980006772492027e-01
7.540671936910964268e-01
7.543032439039417669e-01
7.545320393707797280e-01
7.547542255363416386e-01
7.549703943759847879e-01
7.551810858807327387e-01
7.553867905488499401e-01
7.554354730373915583e-01
7.556510090101128396e-01
7.558608558008385048e-01
7.559125510566957473e-01
7.561311253381517439e-01
7.563434708858494115e-01
7.565501478377026912e-01
7.567516661421723745e-01
7.569484883198903669e-01
7.571410326189895734e-01
7.573296764110701851e-01
7.575147595621636309e-01
7.576965877624308732e-01
7.578754356528659697e-01
7.580515498017016407e-01
7.582251514224491729e-01
7.583964389107747950e-01
7.585655901452112992e-01
7.585827538113245616e-01
7.587664057127225803e-01
7.589464663246053844e-01
7.591232285256851453e-01
7.592969607877206872e-01
7.593175389323658653e-01
7.595043299379055091e-01
7.596868621055699045e-01
7.598654969082261346e-01
7.600405653107445980e-01
7.602123688250981282e-01
7.603811811124345788e-01
7.605472498012381122e-01
7.605610004643137412e-01
7.607406127696362264e-01
7.609161927275804871e-01
7.610880825587081899e-01
7.612565953286757336e-01
7.614220160442951579e-01
7.615846032454752779e-01
7.617445907708501052e-01
7.619021896769456736e-01
7.620575901363876303e-01
7.620620212985595998e-01
7.622318377522536714e-01
7.623980311997506920e-01
7.625609038907986692e-01
7.627207328799314734e-01
7.628777708357084020e-01
7.630322472332774497e-01
7.631843698679591226e-01
7.633343264281682305e-01
7.634822861519242609e-01
7.636284014259087094e-01
7.637728093005063945e-01
7.637676719070596310e-01
7.639272528955008967e-01
7.639344187699409483e-01
7.641061935804509542e-01
7.642733246788252499e-01
7.644362155367285805e-01
7.645952368639167274e-01
7.646015323683957865e-01
7.647722833078035576e-01
7.649381806407062889e-01
7.650996572685870856e-01
7.652571086238456610e-01
7.654108942461487208e-01
7.655613399316451018e-01
7.657087400512802011e-01
7.658533600567042354e-01
7.659954388861603958e-01
7.661351913664773416e-01
7.662728104543435892e-01
7.664084693061720133e-01
7.665423232584123170e-01
7.666745115721146364e-01
7.668051590888744773e-01
7.669343777058502676e-01
7.670622676910788806e-01
7.671889189244123219e-01
7.671678924923479581e-01
7.673104630898296419e-01
7.674501418265202712e-01
7.675871626771427758e-01
7.677217415403693179e-01
7.678540763239373179e-01
7.679843475104676243e-01
7.681127190209900979e-01
7.682393393144368865e-01
7.683643425049018205e-01
7.684878495526928921e-01
7.686099694043875274e-01
7.687308000672016250e-01
7.688504296589719900e-01
7.689689373622179414e-01
7.690863942900305616e-01
7.692028643116227693e-01
7.693184047856235219e-01
7.694330672145323069e-01
7.695468978635432444e-01
7.696599383032416419e-01
7.697722258897999881e-01
7.698837942180736249e-01
7.699946735156499855e-01
7.699602114640805572e-01
7.700877347175985044e-01
7.702127987454218117e-01
7.701899402163792097e-01
7.703287618585804575e-01
7.704637956410429478e-01
7.705953676320955736e-01
7.707237785461952262e-01
7.708493038864873137e-01
7.709721947377061735e-01
7.710926790443393131e-01
7.712109631080712457e-01
7.713272331821315886e-01
7.714416571237040499e-01
7.715543859910292124e-01
7.716655555592271121e-01
7.717752877792000143e-01
7.717393313996927517e-01
7.718644861192938134e-01
7.719866497061577126e-01
7.721060742893458562e-01
7.722229921390454388e-01
7.723376158457365692e-01
7.724501390528946132e-01
7.725607374797106575e-01
7.726695701025113605e-01
7.727767804412623009e-01
7.728824978358327380e-01
7.729868386796999724e-01
7.730899076237163214e-01
7.731917986750540539e-01
7.732925962428314204e-01
7.733923760877655651e-01
7.734912061851435539e-01
7.735891475258696026e-01
7.736862571672552535e-01
7.737825816116458144e-01
7.738781649565333876e-01
7.739730467887621090e-01
7.740672600336484521e-01
7.741608395488065453e-01
7.742538140138842673e-01
7.743462092280715137e-01
7.744380484066660797e-01
7.745293524639458305e-01
7.746201402434279570e-01
7.747104287652656351e-01
7.748002333905397165e-01
7.748895680157579235e-01
7.749784452171903926e-01
7.750668763915874449e-01
7.751548718900715951e-01
7.752424411179803521e-01
7.753295926405017191e-01
7.754163342626263500e-01
7.753609437056631082e-01
7.754645296939041144e-01
7.755659163953833035e-01
7.756652775318373383e-01
7.757627753091262957e-01
7.757162376174930873e-01
7.758282077387496090e-01
7.759369066330508158e-01
7.760426161519662358e-01
7.761455987109207033e-01
7.762460922193179513e-01
7.763443187838940940e-01
7.764404774653191899e-01
7.765347484555996660e-01
7.764852659296590520e-01
7.765939975162339248e-01
7.766994580627359923e-01
7.768019362863813893e-01
7.769016975412715853e-01
7.769989866245519128e-01
7.770940214487654929e-01
7.771869992760876977e-01
7.772781036482306893e-01
7.773674974708144614e-01
7.774553274301368999e-01
7.775417254278244039e-01
7.776268099622175578e-01
7.777106873957900790e-01
7.777934531687021869e-01
7.777340712736109385e-01
7.778325383518849279e-01
7.779283126373649493e-01
7.780216220099761548e-01
7.779708841831681765e-01
7.780776877024034865e-01
7.781807828106273028e-01
7.782805022996012179e-01
7.783771523616583865e-01
7.784710129932441713e-01
7.784204851030204209e-01
7.785273615257672919e-01
7.786303062108114181e-01
7.787296791624886971e-01
7.788258102133642780e-01
7.787769260541327343e-01
7.788853718615489363e-01
7.789895500138819262e-01
7.790898560444287080e-01
7.791866518411032505e-01
7.792802669019128770e-01
7.793710000497309220e-01
7.794591215021159369e-01
7.795448750101863222e-01
7.796284800653751068e-01
7.797101340270949921e-01
7.797900141386343575e-01
7.798682794564623100e-01
7.799450726013622548e-01
7.800205214035992318e-01
7.800947403916752565e-01
7.801678321398667348e-01
7.802398909693991635e-01
7.803109964240239060e-01
7.803812221894059764e-01
7.804506314973522763e-01
7.805192864767459549e-01
7.805872400300469804e-01
7.806545395598267767e-01
7.807212275383423883e-01
7.807873420461475256e-01
7.808529172259143225e-01
7.809179837216078113e-01
7.809825690344055493e-01
7.810466978562485840e-01
7.811103923812493521e-01
7.811736725617205446e-01
7.812365563425950343e-01
7.812990598891907945e-01
7.813611977642578310e-01
7.814229830956292977e-01
7.813451415985384063e-01
7.814237901870357828e-01
7.815003199768441045e-01
7.815749065073426260e-01
7.816477137153543531e-01
7.817188932094544240e-01
7.817885841755470855e-01
7.818569137005005887e-01
7.819239973179232805e-01
7.819899397082400450e-01
7.820548354913243738e-01
7.821187700090252992e-01
7.821818201123224013e-01
7.822440549343894212e-01
7.823055365995621457e-01
7.823663208890957454e-01
7.822875161241541475e-01
7.823645583703722206e-01
7.824392428917607001e-01
7.823719821846596423e-01
7.824602045273366668e-01
7.824041032520967498e-01
7.825032551847952433e-01
7.825975936795006582e-01
7.826875666054409209e-01
7.827735861296033493e-01
7.828560291615930256e-01
7.829352387108926559e-01
7.830115257591717670e-01
7.829451472529638245e-01
7.828928999593374183e-01
7.829959182661505590e-01
7.830934685934850537e-01
7.831860679316600127e-01
7.831328193010799188e-01
7.832349363461215130e-01
7.833315404078713406e-01
7.834231622176636156e-01
7.835102861988089140e-01
7.835933525719160908e-01
7.835318444180326969e-01
7.836259696214735726e-01
7.837152591386282730e-01
7.838001790415779491e-01
7.838811540267855982e-01
7.839585695508616281e-01
7.840327742538610867e-01
7.841040827357881327e-01
7.840324947738213091e-01
7.841167929404647685e-01
7.841971071726072662e-01
7.842738161185565104e-01
7.843472655834173857e-01
7.842771982466107961e-01
7.843630754755195333e-01
7.844446861527182291e-01
7.845224367321212977e-01
7.845966987905467205e-01
7.845270312689772707e-01
7.846133930893335329e-01
7.846953159882466000e-01
7.847732250885660621e-01
7.848475087513603343e-01
7.849185200933217477e-01
7.849865789917165326e-01
7.850519744241903908e-01
7.851149668340068333e-01
7.851757904825220624e-01
7.852346559122869163e-01
7.852917520201517787e-01
7.853472482199800320e-01
7.854012962786556251e-01
7.854540321345798715e-01
7.855055774985029160e-01
7.855560412649370550e-01
7.856055209009710216e-01
7.856541035779561755e-01
7.857018673073445925e-01
7.856100202826323819e-01
7.856741526643006290e-01
7.857358190865169068e-01
7.857952405164490006e-01
7.858526215069534526e-01
7.859081499098271584e-01
7.859619972924956066e-01
7.860143195893080081e-01
7.860652580863243255e-01
7.861149403993306084e-01
7.861634815995250936e-01
7.862109852279909328e-01
7.862575443614628901e-01
7.863032425818122784e-01
7.863481548563857615e-01
7.862538747027117969e-01
7.861752761196623140e-01
7.862520881790444616e-01
7.861839290711692962e-01
7.862711275969830327e-01
7.863531035582672635e-01
7.864303525417232210e-01
7.865033305964937993e-01
7.865724547019532498e-01
7.866381042351484609e-01
7.867006230142160605e-01
7.867603217774250535e-01
7.866777039233289193e-01
7.867505955716251886e-01
7.868195631565955139e-01
7.868849842493501612e-01
7.869472038158291660e-01
7.870065355292862330e-01
7.870632635292148516e-01
7.871176445041903058e-01
7.871699097429070147e-01
7.872202673289943053e-01
7.872689042023668371e-01
7.873159880663728183e-01
7.873616693032772229e-01
7.874060826039992467e-01
7.873106497157714712e-01
7.873707434632791768e-01
7.874280510172174674e-01
7.874828307158471263e-01
7.873958235301459219e-01
7.874642455058498136e-01
7.875289329653502035e-01
7.875902397016117940e-01
7.876484907459715412e-01
7.877039829162081341e-01
7.877569859830052534e-01
7.876683103915983475e-01
7.875941515708534402e-01
