1.506201496346880157e-02
1.895525566978111323e-02
2.175816659954416671e-02
2.387987434949880722e-02
2.535232352415518406e-02
2.647773848849455103e-02
2.742572080968079876e-02
2.821402664683039449e-02
2.884495468371155169e-02
2.936853779888512830e-02
2.882863036385309441e-02
2.939348408496798154e-02
2.983802043534209206e-02
3.020742699142717202e-02
2.960490533889759829e-02
3.004046365187106396e-02
3.037807697768566545e-02
3.065747525680277003e-02
3.088964438079794608e-02
3.108240525398765428e-02
3.124298250305180408e-02
3.137629231855598722e-02
3.148559502428011081e-02
3.157097945621229612e-02
3.077247966748793834e-02
3.099951083568673257e-02
3.116236475363450692e-02
3.129174124973904680e-02
3.139392936587296484e-02
3.147401880948517972e-02
3.153639640791360693e-02
3.158483177249130774e-02
3.162242311086664592e-02
3.165167744262297606e-02
3.167449845947596654e-02
3.169235371482174296e-02
3.170637007479861630e-02
3.171741782614151406e-02
3.172618362427714195e-02
3.173320229247614949e-02
3.173889077377029660e-02
3.174357644893583547e-02
3.174751234795171462e-02
3.175089322830659810e-02
3.175386379032910100e-02
3.175653774452272954e-02
3.175899768531783435e-02
3.176130313318429460e-02
3.176349634867013660e-02
3.176562174341200639e-02
3.176769731935630975e-02
3.176974507333200914e-02
3.177178521774111364e-02
3.177381824427628898e-02
3.177584985432408554e-02
3.177789249436459990e-02
3.177994425090496788e-02
3.096564351823836644e-02
3.112660421219094059e-02
3.124280555578355656e-02
3.133755341878494832e-02
3.141568344707402344e-02
3.148051349201703986e-02
3.153447053479721540e-02
3.157950145269036030e-02
3.161714889742030937e-02
3.164868390258802205e-02
3.085842006567099741e-02
3.103968943639586614e-02
3.117264260377465915e-02
3.128118113661033234e-02
3.054898512055341520e-02
3.078483830811585761e-02
3.096174184239796831e-02
3.110651795596547364e-02
3.122595932555874768e-02
3.132487589780939830e-02
3.140704447872538080e-02
3.147538756709055557e-02
3.153231454704108483e-02
3.157978596363302665e-02
3.161944610308820708e-02
3.165262792317259655e-02
3.168044278777505662e-02
3.170380465941598919e-02
3.172349909352039504e-02
3.174012479676508597e-02
3.175423525285315379e-02
3.176620984580477702e-02
3.177649360501405562e-02
3.178531487276205214e-02
3.179291561648716485e-02
3.098402328031560349e-02
3.114893304454380979e-02
3.126841844858724989e-02
3.136549028830602770e-02
3.144548285299492152e-02
3.151174127651389101e-02
3.074886753402060816e-02
3.095454469861307761e-02
3.110746061431223647e-02
3.123237495310075482e-02
3.133536415263053765e-02
3.142065165648582487e-02
3.149145763017358740e-02
3.155033879966728100e-02
3.078231349242291359e-02
3.011238915856665962e-02
3.045696119303854463e-02
3.070093000052134813e-02
3.089780010311256667e-02
3.105916584674999967e-02
3.119228944807487386e-02
3.130224135164187682e-02
3.139357262849733904e-02
3.146941485102529301e-02
3.153220398133248920e-02
3.158468566460886917e-02
3.162821131868507468e-02
3.166460163697058794e-02
3.169500997947583693e-02
3.172047754525368635e-02
3.174184957454030676e-02
3.175991891582061188e-02
3.177525243615803713e-02
3.178825883193110019e-02
3.179873445289253114e-02
3.180793196496663894e-02
3.181572522076946130e-02
3.182230516992559655e-02
3.182790338768488186e-02
3.183263289432513438e-02
3.183630291297932791e-02
3.183968347369137142e-02
3.184267045895108200e-02
3.184533154617685130e-02
3.184748206302890489e-02
3.184954427923970821e-02
3.185136855483450963e-02
3.185302138938098104e-02
3.185451987741591551e-02
3.185586725282775478e-02
3.185712134468610124e-02
3.185827422473216930e-02
3.185933210716489217e-02
3.104758517708561261e-02
3.119966111263804825e-02
3.131406722747610838e-02
3.140772342714590742e-02
3.148495780125143417e-02
3.154885654449052224e-02
3.160179156774925446e-02
3.164566608162477229e-02
3.168202501835655494e-02
3.089834054184339290e-02
3.107492924042379312e-02
3.120946636391584705e-02
3.131986339036146177e-02
3.141097012289752188e-02
3.148639091629980291e-02
3.154888120632175913e-02
3.078567123667735883e-02
3.098086986469298157e-02
3.113049178892078259e-02
3.125341842184110180e-02
3.135494056114394162e-02
3.062148922170132570e-02
3.084449339282615069e-02
3.101656467234814585e-02
3.115811689317591129e-02
3.127507600422550077e-02
3.137195720747694427e-02
3.145224082484700256e-02
3.151890546296077372e-02
3.157413847810795066e-02
3.161990532076462690e-02
3.165781741926338572e-02
3.168919966147597939e-02
3.171517014190769479e-02
3.173663131951573457e-02
3.175438115418057622e-02
3.176901596815613626e-02
3.178110757408053599e-02
3.179107235596881353e-02
3.179927155214775508e-02
3.180600256122284586e-02
3.181152018863727532e-02
3.181602976676627115e-02
3.181970727408733879e-02
3.182268323478468913e-02
3.182508870806746021e-02
3.182699657170187657e-02
3.182852152081325214e-02
3.182971159166571307e-02
3.101962049331620508e-02
3.117135646608423100e-02
3.128543094921145545e-02
3.137881581529301800e-02
3.145583250765841832e-02
3.070428799749572862e-02
3.090979532947025002e-02
3.106772269565183722e-02
3.119749563741093176e-02
3.130466603769944262e-02
3.139335635448294026e-02
3.146685990305657377e-02
3.152775974671710724e-02
3.157823251456890606e-02
3.162002651794711128e-02
3.165464543449356127e-02
3.168329643596114187e-02
3.170699395240979962e-02
3.172658892254336116e-02
3.174277273030284841e-02
3.175611182501113239e-02
3.176712799203430804e-02
3.177619872076650059e-02
3.178365760663237616e-02
3.178978020017483863e-02
3.179479598744930358e-02
3.179889502811290153e-02
3.180222413886222427e-02
3.180492745888442024e-02
3.180710184816629843e-02
3.180884695049520511e-02
3.181023643389378763e-02
3.181131798691595736e-02
3.181216099827023636e-02
3.181279479531606141e-02
3.181325469998994016e-02
3.181357363264232518e-02
3.181378134802917423e-02
3.181389124241017913e-02
3.181390382722679849e-02
3.100512949035025625e-02
3.115533322726508902e-02
3.126851420824917904e-02
3.136117869429522198e-02
3.143755568564467889e-02
3.150075704911660390e-02
3.155311166303538528e-02
3.078550723068440922e-02
3.097284492888502730e-02
3.028877422077147150e-02
3.056492751735664232e-02
2.994077682803307841e-02
3.027793811669598351e-02
3.054169790226324982e-02
3.075776378831910143e-02
3.093582627442264046e-02
3.108306187122045899e-02
3.120497785143505620e-02
3.049114147424812279e-02
3.072857058718508200e-02
3.091185671465662352e-02
3.106282972083428129e-02
3.118768864029226179e-02
3.129109014814701606e-02
3.137685299087365765e-02
3.144793257177638801e-02
3.150693081910536930e-02
3.155580502401907766e-02
3.159637292707838385e-02
3.162998558584700914e-02
3.165787103022865007e-02
3.168096314638356448e-02
3.170015439624421921e-02
3.090653794453525685e-02
3.107250130394708515e-02
3.119643606149559434e-02
3.129822768256153298e-02
3.138232632456027654e-02
3.145201052733575392e-02
3.150979769840749761e-02
3.155777659565838639e-02
3.159757706969045649e-02
3.163065528926174708e-02
3.165807507888335898e-02
3.168086215687149210e-02
3.169974598344257877e-02
3.171545212911581341e-02
3.172845786711229327e-02
3.173929161831094692e-02
3.174825871420847850e-02
3.175574322389305287e-02
3.176192520969281508e-02
3.176710440953285641e-02
3.177138361137511746e-02
3.177498270269685926e-02
3.177795829650489901e-02
3.178047163068954684e-02
3.097526077649348161e-02
3.112888155831025627e-02
3.124316374197338292e-02
3.133690175651993731e-02
3.141432689481676865e-02
3.147847232573875581e-02
3.153170108002500971e-02
3.157589651517687945e-02
3.161260345272152300e-02
3.083501288841644650e-02
3.015048188469837340e-02
3.047272857833220258e-02
3.070234007912421570e-02
3.088086627288049932e-02
3.021690796548210170e-02
3.050090325272119055e-02
3.072228926932883339e-02
3.090455398035816051e-02
3.105527779830602464e-02
3.118015859172517876e-02
3.128371624494079295e-02
3.136963628377802127e-02
3.144104134576575921e-02
3.150011028143959169e-02
3.154922302074367191e-02
3.159001699784139833e-02
3.162386818646502340e-02
3.165197666852335306e-02
3.168022189092738888e-02
3.169220640975748543e-02
3.088920111691854584e-02
3.105692567442115345e-02
3.118264279963901126e-02
3.128608656662091453e-02
3.137166033569298990e-02
3.144267093290437770e-02
3.150164421534684678e-02
3.074219289699823068e-02
3.093576245457239915e-02
3.108243727092167841e-02
3.120321490551122151e-02
3.130311625770749312e-02
3.138598551736267173e-02
3.145476749433330499e-02
3.151188773649674091e-02
3.155934284061868988e-02
3.159876706447475175e-02
3.163151906077025372e-02
3.165873979421442858e-02
3.168136475654526746e-02
3.170018175580555791e-02
3.171583453529060181e-02
3.172885891463186198e-02
3.173972432472898370e-02
3.174876534891613727e-02
3.175633196525021185e-02
3.176263612297457184e-02
3.176794475894012537e-02
3.177236788723521166e-02
3.177610382512855575e-02
3.177924354420194608e-02
3.178190630968621283e-02
3.178415411534767782e-02
3.178607250549791291e-02
3.178770216825859557e-02
3.178910826806793238e-02
3.179032093756110205e-02
3.179137159434448218e-02
3.179228729811017090e-02
3.179309054974897158e-02
3.179379204842750634e-02
3.179442306796801537e-02
3.179497852774222644e-02
3.179549461798492765e-02
3.179594244595031899e-02
3.179636137542140445e-02
3.099239631621468830e-02
3.114366209050997703e-02
3.125639282221707310e-02
3.134889344666483280e-02
3.142529459658084667e-02
3.148863268908880242e-02
3.154119418843496364e-02
3.158486593621184085e-02
3.162111144928651807e-02
3.165129416587229849e-02
3.167633502143422930e-02
3.169718124471841009e-02
3.171449139588491256e-02
3.172889910451878737e-02
3.174087515942376064e-02
3.175084080717968660e-02
3.175913730225480430e-02
3.176604411048793153e-02
3.177182049303046985e-02
3.177659986449656027e-02
3.097660804233611648e-02
3.113090567511719864e-02
3.124622632664496649e-02
3.134086327070256112e-02
3.141902984848071734e-02
3.148381021886218628e-02
3.073134615482066290e-02
3.092692490826737250e-02
3.107709261398508213e-02
3.120232886290412802e-02
3.130564812171478251e-02
3.139133375086183841e-02
3.065409053034758372e-02
3.086308636440513939e-02
3.102363938836593532e-02
3.115587216453762423e-02
3.126527008860897905e-02
3.135596612752919454e-02
3.143158117559739090e-02
3.149440711432182488e-02
3.154736216034271373e-02
3.159139346624597472e-02
3.162888003303410134e-02
3.165999370854866157e-02
3.168554879383311124e-02
3.170651670076341661e-02
3.172321137046719280e-02
3.173631229298923273e-02
3.174728235139143151e-02
3.175765482401804451e-02
3.096348196579590262e-02
3.111996822698478646e-02
3.123697678737365549e-02
3.133308041046280190e-02
3.141250846110318906e-02
3.147834935383690691e-02
3.153315694308063410e-02
3.157852985438645149e-02
3.161661551384902652e-02
3.164800342311594600e-02
3.167558949368415311e-02
3.089433135405877592e-02
3.106268639306879881e-02
3.118948396482978253e-02
3.129372327626862849e-02
3.137989089930975223e-02
3.145133359852662208e-02
3.151062979604270231e-02
3.155985557193574653e-02
3.160075508636765729e-02
3.163473367630215138e-02
3.166295268782721301e-02
3.168639173361226247e-02
3.170634002592666312e-02
3.091896574923334862e-02
3.108313676558758717e-02
3.120647615420362939e-02
3.130785754843063567e-02
3.139167745436421963e-02
3.146116283129387486e-02
3.151884269114876153e-02
3.156674284523540430e-02
3.160652993021259571e-02
3.083519274129026266e-02
3.101368796783305487e-02
3.114880765678961980e-02
3.125997278301925059e-02
3.135191294903105774e-02
3.142815816169361454e-02
3.149143766891252666e-02
3.154396770152563534e-02
3.158760963283537004e-02
3.081933297503438099e-02
3.100059229537842354e-02
3.113789928426159356e-02
3.125090660273340676e-02
3.134438691012399192e-02
3.142188874599046583e-02
3.148619932885748235e-02
3.153961855484094245e-02
3.158397250400327150e-02
3.162081210382817337e-02
3.165138411813196717e-02
3.167678861674413232e-02
3.169789432979450844e-02
3.171542846076158551e-02
3.172998974508437625e-02
3.174209447234922071e-02
3.175216020796127470e-02
3.176053336671242483e-02
3.176749521068718274e-02
3.177329437990817490e-02
3.177812772226239202e-02
3.178215805691320811e-02
3.178552337152617396e-02
3.178832725008282761e-02
3.179068318618732958e-02
3.179265909435047277e-02
3.179430936083180864e-02
3.179570706681971587e-02
3.179688734816694951e-02
3.179789112629283210e-02
3.179873340185404573e-02
3.179986958886613785e-02
3.180056966354247172e-02
3.099856102136564970e-02
3.114895007737533000e-02
3.126143892892575826e-02
3.135375382712343034e-02
3.143003463755355414e-02
3.149323549397297500e-02
3.154570286600721918e-02
3.158927111645491032e-02
3.162544918061689636e-02
3.165549883288271138e-02
3.168045160070681598e-02
3.170117171614436624e-02
3.171836150123240328e-02
3.173264819229731915e-02
3.174451537564491194e-02
3.175434882434948619e-02
3.176253448061049783e-02
3.176933600758963250e-02
3.177498709126905241e-02
3.177968016135607199e-02
3.178358833854052351e-02
3.098444194795241940e-02
3.113697433942052076e-02
3.125138103356951691e-02
3.053297638003925688e-02
2.989759618595893773e-02
3.026291239544722997e-02
3.053051737951185257e-02
3.074882116201678103e-02
3.092844219757025226e-02
3.107688605002735180e-02
3.119983931929833434e-02
3.130177607602530054e-02
3.138633553535941090e-02
3.145648673086207103e-02
3.151469427191871259e-02
3.075791012941726799e-02
3.094897054322974170e-02
3.109458222700795318e-02
3.121449440095488970e-02
3.131372153699512467e-02
3.139599055485196161e-02
3.146427029570094541e-02
3.152094203027264868e-02
3.156801462809340902e-02
3.160710340802426466e-02
3.163955817828314337e-02
3.166648608735134207e-02
3.168886586599771460e-02
3.170745373696554764e-02
3.172289088898626319e-02
3.173571876671178738e-02
3.094299294331332231e-02
3.110254699455236929e-02
3.122206891794034739e-02
3.132030356130385829e-02
3.140155167857813789e-02
3.146890808918389321e-02
3.152482781081258206e-02
3.157126426460673402e-02
3.160983559786236657e-02
3.164187170218342449e-02
3.166848130416603790e-02
3.169058205123668343e-02
3.090538576990988981e-02
3.107132691791086518e-02
3.119617790667525425e-02
3.129883055196872738e-02
3.138373104767275962e-02
3.145411772720416166e-02
3.151253835744198539e-02
3.156104856865652591e-02
3.160133479093406306e-02
3.163479477420154395e-02
3.166258058271156223e-02
3.168564561106775729e-02
3.170480361710318468e-02
3.172069834529785831e-02
3.173391329530171612e-02
3.174489251369445181e-02
3.175401468952634282e-02
3.176159911419297599e-02
3.176790734445869568e-02
3.177314972508019780e-02
3.177751672994760801e-02
3.178115427837448215e-02
3.098147495712985991e-02
3.113417143228965761e-02
3.124843178014162504e-02
3.134226352140407484e-02
3.141980838110837448e-02
3.148408535147994430e-02
3.153742762096219815e-02
3.158172117337957469e-02
3.161850595550257798e-02
3.164905566182449337e-02
3.167442676410048286e-02
3.169548964867922869e-02
3.171298014425770473e-02
3.172750257062408041e-02
3.173955955881591073e-02
3.094668292202841856e-02
3.110512914125111716e-02
3.122421064478703157e-02
3.132204302622984549e-02
3.140290484799746623e-02
3.146992393563131235e-02
3.152552465777776897e-02
3.157170558053504217e-02
3.161005524045978204e-02
3.164188349733427358e-02
3.166832481874575639e-02
3.169028075416960993e-02
3.170850857376875109e-02
3.172364428572470307e-02
3.173620742869653205e-02
3.174663984311407172e-02
3.175530297720648848e-02
3.095970730922443029e-02
3.111569865926395659e-02
3.123283775625177588e-02
3.132905105213806829e-02
3.059977514613122437e-02
3.081744048025963217e-02
3.098533175589212457e-02
3.112355405928066143e-02
3.123788605238462038e-02
3.052417839718831252e-02
3.075442417879763191e-02
3.093269689492663538e-02
3.107966578400597410e-02
3.120129510861100602e-02
3.130213787450323443e-02
3.138579316641752076e-02
3.145523027010442563e-02
3.151287741592965347e-02
3.156071404317246920e-02
3.160042046741191185e-02
3.163339067951448369e-02
3.085659309516042975e-02
3.103006490829099406e-02
3.116114430513619235e-02
3.126900978761999739e-02
3.135823323994405692e-02
3.062483038468064023e-02
3.083786495614522158e-02
3.018071260316305959e-02
3.047216283962855474e-02
3.069929861386135744e-02
3.088610777051171291e-02
3.104054076173180798e-02
3.116849340650626118e-02
3.127460423068845197e-02
3.136267470137169000e-02
3.143575042910561057e-02
3.149640935179710138e-02
3.074114428150567097e-02
3.093428990662765513e-02
3.108126263245323748e-02
3.120237735076915320e-02
3.130262615406661370e-02
3.138578026536256727e-02
3.145480128457675550e-02
3.151210467459622522e-02
3.075409880561425988e-02
3.094504066119826632e-02
3.109014764281514687e-02
3.120973177962786671e-02
3.130871468543720143e-02
3.058286766795121833e-02
3.080306286442867011e-02
3.097232579984319709e-02
3.111194864877531857e-02
3.122755570096647990e-02
3.132344138485829849e-02
3.140302269949587360e-02
3.146909077818524358e-02
3.152392689775800061e-02
3.156947064060663943e-02
3.160726042959104143e-02
3.163865181604361143e-02
3.166471112288529038e-02
3.168635045843308518e-02
3.170431613943468230e-02
3.171922355894489509e-02
3.173162540321718128e-02
3.174193251578825287e-02
3.175048887737955822e-02
3.175762195883937572e-02
3.176356616959118834e-02
3.176851962131516105e-02
3.096915541565858215e-02
3.112331607218787530e-02
3.123833798576609519e-02
3.133288136365296878e-02
3.060214826689789877e-02
3.081916681767631408e-02
3.098602923909848580e-02
3.112352088515242879e-02
3.123729227462011468e-02
3.133162556321360259e-02
3.140991619327191536e-02
3.147490655626455913e-02
3.152885114963253216e-02
3.157362436164214137e-02
3.080604292054894486e-02
3.098795920876895940e-02
3.030684885438107018e-02
3.057658359024831296e-02
3.078564800151248337e-02
3.095750920417782506e-02
3.109954068220745563e-02
3.121722207165965671e-02
3.131481795373022153e-02
3.139581269677733238e-02
3.146305645879825252e-02
3.151886508650111884e-02
3.156517094840484428e-02
3.160361855716663226e-02
3.163552912110220022e-02
3.166201659692564896e-02
3.168400798346911185e-02
3.170226129080526423e-02
3.171742104538040341e-02
3.173001299750321386e-02
3.174047590704567184e-02
3.174915841236878450e-02
3.095275110669471266e-02
3.110949219684601419e-02
3.122666292707766689e-02
3.132299442055985761e-02
3.140265328152544444e-02
3.146870199715064848e-02
3.152353264813968770e-02
3.156905623073483907e-02
3.160688108936151458e-02
3.083378173710787234e-02
3.101073611521677764e-02
3.114469153948484434e-02
3.125495071943498737e-02
3.134615727194065699e-02
3.142178772273269277e-02
3.148454506720572282e-02
3.153667063997182829e-02
3.157995385835220270e-02
3.161589244737633003e-02
3.164573933466911793e-02
3.167050472703899361e-02
3.169106857789589365e-02
3.170815640767752491e-02
3.172235342562051280e-02
3.173413298675216432e-02
3.174393171930815771e-02
3.175206057789856789e-02
3.175883088165451507e-02
3.176446843290607613e-02
3.176916527180415756e-02
3.177306962644389776e-02
3.177633016694497714e-02
3.177903395215832955e-02
3.178130886818433809e-02
3.178321441484502352e-02
3.178478863402426496e-02
3.178612747993309756e-02
3.178725592689536639e-02
3.178818389618918994e-02
3.178898631014612230e-02
3.178966636890259018e-02
3.179024599954517055e-02
3.179073428017446107e-02
3.098854414087174464e-02
3.113853797510499760e-02
3.125102119625067926e-02
3.134335139304257611e-02
3.141963222119835419e-02
3.148284880433674382e-02
3.072962037711965064e-02
3.092362933461623511e-02
3.107242454062342923e-02
3.119489712233852047e-02
3.129619163202969345e-02
3.138018051569728406e-02
3.144986967022617846e-02
3.150769649219127555e-02
3.155572265899880824e-02
3.159559325084794479e-02
3.162869307681358266e-02
3.165616293201162224e-02
3.167897205540091271e-02
3.169789982848440074e-02
3.171359619475257879e-02
3.172664141632199758e-02
3.173747575171899371e-02
3.174647359794099261e-02
3.095081837406626554e-02
3.110689371048246457e-02
3.122426581940345239e-02
3.132068180541302399e-02
3.140037089669876075e-02
3.146642403801511861e-02
3.152123947717887231e-02
3.156676067460312263e-02
3.160456079511175104e-02
3.163593865115024023e-02
3.166201486251438157e-02
3.168364677178803906e-02
3.170163037458157557e-02
3.171654669025846668e-02
3.172894221558497652e-02
3.173924032319550004e-02
3.174779107021163255e-02
3.175490166656045471e-02
3.095779222405917880e-02
3.111242229392157180e-02
3.122871756020471554e-02
3.051144388141508249e-02
3.074317271930677303e-02
3.092261225458955293e-02
3.107021688522734401e-02
3.119223642158113624e-02
3.129335303473151919e-02
3.137722337462960781e-02
3.144684878319418259e-02
3.150463285065480123e-02
3.155261548275700018e-02
3.159244275502268856e-02
3.162550126138087558e-02
3.165294545002587945e-02
3.167572392755359928e-02
3.169463351475727830e-02
3.171033549747105662e-02
3.091972463770499210e-02
3.108060524222858167e-02
3.038220678362735586e-02
3.063763633910807777e-02
3.083545181898183704e-02
3.099782535384712837e-02
3.113190481921972175e-02
3.124297223192762027e-02
3.052638037307256122e-02
3.075415791523876397e-02
3.093052412920298255e-02
3.107598525063457254e-02
3.119638600371232515e-02
3.129622894618003248e-02
3.137906719080230805e-02
3.144784724402216458e-02
3.150494693600792290e-02
3.155234657130834980e-02
3.078633996769907996e-02
3.096977238496089954e-02
3.110922823792649020e-02
3.041070550933575728e-02
3.065902521710079168e-02
3.085167052776851410e-02
3.101041451544471472e-02
3.114177499362031157e-02
3.125068421184444556e-02
3.134106807698835984e-02
3.141609859500896912e-02
3.067163030241886607e-02
3.087453507521127280e-02
3.102992641899224302e-02
3.115805985320663912e-02
3.126414766811087126e-02
3.054334390396199264e-02
3.076813374951768362e-02
3.094155853685017984e-02
3.108465290966691205e-02
3.039177484787845135e-02
3.064251569378468459e-02
3.001456363746139722e-02
3.033178606809982733e-02
3.058032906564635972e-02
3.078502450632498305e-02
3.095446309560031736e-02
3.109496149262856377e-02
3.121152971823560468e-02
3.130825400097745487e-02
3.138855655451446708e-02
3.145521181511432007e-02
3.151054223785128283e-02
3.155646659245835844e-02
3.159458862157703968e-02
3.162622390523894822e-02
3.084680742218702185e-02
3.101984555756557085e-02
3.115017710023352052e-02
3.125755282006327518e-02
3.134645896905324802e-02
3.142021731432197845e-02
3.148146834666465388e-02
3.072561519900924784e-02
3.091928642555989010e-02
3.106679124550183746e-02
3.118841265464962487e-02
3.047856377561038513e-02
3.071454978140072956e-02
3.089698295103926115e-02
3.104753120075234157e-02
3.117221776484317697e-02
3.127564557120442873e-02
3.136149167021273082e-02
3.143278295043727688e-02
3.149196378549960762e-02
3.154111972270241121e-02
3.158194168421481207e-02
3.161583913400599355e-02
3.164398636322850178e-02
3.166736441432480009e-02
3.168678511906803524e-02
3.170292750683652988e-02
3.171633180459935974e-02
3.172747285740114276e-02
3.173676359666521146e-02
3.174450258469214275e-02
3.175095531640950014e-02
3.175634344919275182e-02
3.176083838358821632e-02
3.176460253369618736e-02
3.176775875729128534e-02
3.177040769962946598e-02
3.177263598338517930e-02
3.177451527254466362e-02
3.097234352149638020e-02
3.112396711056504561e-02
3.123730800344141217e-02
3.133044317974507248e-02
3.140743614323211752e-02
3.147128860490245456e-02
3.152430249194763251e-02
3.156833950146542556e-02
3.160492611448185996e-02
3.163530520078784020e-02
3.166056034385496265e-02
3.168154432584893015e-02
3.169895787568107609e-02
3.090947552953158747e-02
3.107170268193383544e-02
3.119396027157369383e-02
3.129447509928921789e-02
3.137758973169490345e-02
3.144649937471231949e-02
3.150370022326903080e-02
3.155120311402156985e-02
3.159066054306169241e-02
3.081860542284731511e-02
3.099619680415066983e-02
3.113116120055494512e-02
3.124223929253467508e-02
3.133411891863192855e-02
3.141030476647223985e-02
3.147354140911662324e-02
3.152604844421300762e-02
3.156965434701455853e-02
3.160585672576447097e-02
3.163593186289444942e-02
3.085640943710422912e-02
3.102747343954982001e-02
3.115700016140520584e-02
3.126356600920646156e-02
3.054187596109528627e-02
3.076676795615101642e-02
3.094064139931706689e-02
3.108392467312668522e-02
3.120248522072817735e-02
3.049138637163560997e-02
3.072453591146204893e-02
3.090528093528985970e-02
3.105437127005018436e-02
3.117780549621936362e-02
3.128017286164298805e-02
3.136512615559260142e-02
3.143563645647946131e-02
3.149419253733808793e-02
3.154278798620907542e-02
3.158315284056846528e-02
3.161667119029137191e-02
3.164450430941055659e-02
3.166761760872443404e-02
3.168679781872540957e-02
3.170275404962962645e-02
3.171600164442586745e-02
3.172703384363878554e-02
3.173621337104526319e-02
3.174385817527696635e-02
3.175021599780369214e-02
3.175552663382322921e-02
3.175996712808913658e-02
3.176367902771637386e-02
3.176677492380430151e-02
3.176938469145582089e-02
3.177157724469600875e-02
3.177342512622487181e-02
3.177496903546643547e-02
3.177629066508101674e-02
3.177741681721995420e-02
3.177835875122693443e-02
3.177918260663001315e-02
3.177987296387062982e-02
3.178048388913581879e-02
3.178101563718231659e-02
3.178147780806704625e-02
3.178188210714608802e-02
3.178222060197621879e-02
3.178253627954654575e-02
3.178281710681762906e-02
3.178306943961239917e-02
