1.273943498591319744e-02
1.499664647600779631e-02
1.686366161744450032e-02
1.841123784017738296e-02
2.191216528428049579e-02
2.262132927794395162e-02
2.485781067198912161e-02
2.508148405641691739e-02
2.527075206360927806e-02
2.541243759130170851e-02
2.705074753115638969e-02
2.693936270897316285e-02
2.683186496167657212e-02
2.672905835536391883e-02
2.663222990198426537e-02
2.653727816095455619e-02
2.644878898316053648e-02
2.636920272615731614e-02
2.629764578736373121e-02
2.623545932531813618e-02
2.618196315263595503e-02
2.613625352349404837e-02
2.609742516048305094e-02
2.606455712956116944e-02
2.603680516558111099e-02
2.601340028694472742e-02
2.599367293129969947e-02
2.597717692068460607e-02
2.596733522748776585e-02
2.595810363642156102e-02
2.595085613168149688e-02
2.751743592119811760e-02
2.731610390484614376e-02
2.712882524638189977e-02
2.695983312616069549e-02
2.681089304068010049e-02
2.668169498878324858e-02
2.657072860044094528e-02
2.647593965177369099e-02
2.639517577955378946e-02
2.764887110847569565e-02
2.740662667932985616e-02
2.719441207649067951e-02
2.701162184688456203e-02
2.685580220115248856e-02
2.672372108863762044e-02
2.661201632809679155e-02
2.651755420545220260e-02
2.643753780035531381e-02
2.636957992978928439e-02
2.631165561924575166e-02
2.626208395774766793e-02
2.621948726353549516e-02
2.618271890852026315e-02
2.615083434613650268e-02
2.612307767585234086e-02
2.609882489734188099e-02
2.607756538762872126e-02
2.605882045606321140e-02
2.604223534611321833e-02
2.602752062444154552e-02
2.601443554681096698e-02
2.600278405331642520e-02
2.599240105862671985e-02
2.736305099472108315e-02
2.717939487162780721e-02
2.701192783042060883e-02
2.686338667802797009e-02
2.789596765375615753e-02
2.866980760795284633e-02
2.828916884725844044e-02
2.898744953550705036e-02
2.856005101935537790e-02
2.818066001677259694e-02
2.784929822360020929e-02
2.756401735308273288e-02
2.732084930317045524e-02
2.711474087412150957e-02
2.694048171097294248e-02
2.679321606582866708e-02
2.666862371315135288e-02
2.773318255587993442e-02
2.748651947285286543e-02
2.727244172731188229e-02
2.708900287369845825e-02
2.693296535969419425e-02
2.680066387401370404e-02
2.668851148411955157e-02
2.659326539130123235e-02
2.651213254963812396e-02
2.644271646270493145e-02
2.638301879406127967e-02
2.633139055331216311e-02
2.745035423005909303e-02
2.724983695294025399e-02
2.707403473326567070e-02
2.692264008267889266e-02
2.679360606218967808e-02
2.668426347534960663e-02
2.659140081915719114e-02
2.651224818637423417e-02
2.644452178388669028e-02
2.638630590204761248e-02
2.633596573252919293e-02
2.629217914969733672e-02
2.741639290519884767e-02
2.721999718010907274e-02
2.704755496153047820e-02
2.689901838494770936e-02
2.677243029045721714e-02
2.666525370603754080e-02
2.657467714493580088e-02
2.761260869308438184e-02
2.738199807353769791e-02
2.718194129596386219e-02
2.701094207588992588e-02
2.686598973226971346e-02
2.674338799487279220e-02
2.663951101258879225e-02
2.655133311745967034e-02
2.647618542496514571e-02
2.641189470320665436e-02
2.635685543691147423e-02
2.630895344783563267e-02
2.626851532801850742e-02
2.623313112947643633e-02
2.620192247430725221e-02
2.617426002029825741e-02
2.614851627466880518e-02
2.612554304923506154e-02
2.610502493806134486e-02
2.608669441183291901e-02
2.607032405404185321e-02
2.730845464208033271e-02
2.713697806540202664e-02
2.698186923381355393e-02
2.792188484661806483e-02
2.764733876372330035e-02
2.740627949479312875e-02
2.719813890710549159e-02
2.702039559334008453e-02
2.686954049392732691e-02
2.674182116449942692e-02
2.663393239164710963e-02
2.654213573725950834e-02
2.646398108284220632e-02
2.639832324607100170e-02
2.751308092946263759e-02
2.730403689228513842e-02
2.712090070275668605e-02
2.696269683454414687e-02
2.682735647250267599e-02
2.671215124782232164e-02
2.661413743907661139e-02
2.653022356726789099e-02
2.645876993657320098e-02
2.639687384630625550e-02
2.634336605830660608e-02
2.629684213549464758e-02
2.625614874651233110e-02
2.738074193873188747e-02
2.719165366726877461e-02
2.702439723303532576e-02
2.687945633754020361e-02
2.675531398654861642e-02
2.664979943325231082e-02
2.655973973720296075e-02
2.648287275247719619e-02
2.641709593259166516e-02
2.750646471845381857e-02
2.729619478893077766e-02
2.711192789759662297e-02
2.695315487858187045e-02
2.681758390072180517e-02
2.670230397857190074e-02
2.660429846653564537e-02
2.652080728420616249e-02
2.644943056932923600e-02
2.638821112836417515e-02
2.633534597860738916e-02
2.628941831480898286e-02
2.624927527533092719e-02
2.621397747182511312e-02
2.618277959847946368e-02
2.733711553844358697e-02
2.715590367581724798e-02
2.699450487937007578e-02
2.685399158402698369e-02
2.673321439447563092e-02
2.663009200313776539e-02
2.654207816420882382e-02
2.646823573619539946e-02
2.640501326294446977e-02
2.635064685895546766e-02
2.630245135024111142e-02
2.626047068976193263e-02
2.622367933959117436e-02
2.619125079034875792e-02
2.616249733335494765e-02
2.613693111219918264e-02
2.611410411935084774e-02
2.609368359874871673e-02
2.607540461678072366e-02
2.605903343362374683e-02
2.604438923806976641e-02
2.603130992261302318e-02
2.601964546270703685e-02
2.600926599614077767e-02
2.600002780808565242e-02
2.599183968892153015e-02
2.598460590373145862e-02
2.597820643286540346e-02
2.597255223934601120e-02
2.596757078493911949e-02
2.596397967946278973e-02
2.596078765742343072e-02
2.595794803298452982e-02
2.595541731209106279e-02
2.595316203756927939e-02
2.595114779215426312e-02
2.594934589642049552e-02
2.594774320205154791e-02
2.594631042802961890e-02
2.594503088744520847e-02
2.594388630193603454e-02
2.594286539874507067e-02
2.594195310123590531e-02
2.594114075137290282e-02
2.594041607104691227e-02
2.593977277761291486e-02
2.737945119205432293e-02
2.724377488238754336e-02
2.805302641928933763e-02
2.779879846286880188e-02
2.755933470690600379e-02
2.733848947514807073e-02
2.713996871448093665e-02
2.696526792572756862e-02
2.681330089982010903e-02
2.668282697125215486e-02
2.771765085832509842e-02
2.746886821421428912e-02
2.725131495758021175e-02
2.813546022113673842e-02
2.781839037403365314e-02
2.754283039514574677e-02
2.730690020770597942e-02
2.710669311880653867e-02
2.693756758951356550e-02
2.679488347563164022e-02
2.667443035619316075e-02
2.657248051687628732e-02
2.648593158762764174e-02
2.641214689972087512e-02
2.634895801590962650e-02
2.629459439163991941e-02
2.624759878878287628e-02
2.620681611748720136e-02
2.617131492194188502e-02
2.614029920900978396e-02
2.611314102742189752e-02
2.608931397901173913e-02
2.606839543796218850e-02
2.605002655696247657e-02
2.603389817583932897e-02
2.601974160308748521e-02
2.600732024274555326e-02
2.599643270936312714e-02
2.728150148820414692e-02
2.811087485985764786e-02
2.783132873078593070e-02
2.757348225251306933e-02
2.838347941150724807e-02
2.804512727100605743e-02
2.774259413070392921e-02
2.747743972449097696e-02
2.724874962771956649e-02
2.705356255078980587e-02
2.688791490187426511e-02
2.674766655867277451e-02
2.662890822198454507e-02
2.652819574668395866e-02
2.644258576696303584e-02
2.753043689950540260e-02
2.731349783576805801e-02
2.712331672363970519e-02
2.695954549471653652e-02
2.681967344224073235e-02
2.670076200945004780e-02
2.659966621772591119e-02
2.651384041283136317e-02
2.644164821588140118e-02
2.637977364310029743e-02
2.632528038688942973e-02
2.627801826375764788e-02
2.623678594108495507e-02
2.620061890012882061e-02
2.616873295512988501e-02
2.614048893439184160e-02
2.611541777379371154e-02
2.609310051987301718e-02
2.607322745114402929e-02
2.605552163219879494e-02
2.603975128916100404e-02
2.602573072461277642e-02
2.601328319368398367e-02
2.600223014500106788e-02
2.599245389786113136e-02
2.598383504215413461e-02
2.597623598336755782e-02
2.596954396074203225e-02
2.596365839159243613e-02
2.595847448589373024e-02
2.595391910300488825e-02
2.594992316756930886e-02
2.594640871398673845e-02
2.594332668266177006e-02
2.594077169008745382e-02
2.593914816046207633e-02
2.593769676962097426e-02
2.593639356893675391e-02
2.593521912568835450e-02
2.593416528921993133e-02
2.593321623343897500e-02
2.593235992892289205e-02
2.593159259015930321e-02
2.593090337352610061e-02
2.735843317075688577e-02
2.722438333768384053e-02
2.708613467210425202e-02
2.695070106865446458e-02
2.682393202260884360e-02
2.670888402928068422e-02
2.660653243247214014e-02
2.651674846843113387e-02
2.643837994239602376e-02
2.637011821095832861e-02
2.631076324069858002e-02
2.625917495946612779e-02
2.621432618873012835e-02
2.617510551393346582e-02
2.614072488780138509e-02
2.611041496654034968e-02
2.608403486486820036e-02
2.606110591390773876e-02
2.604120191033888407e-02
2.602433405786650986e-02
2.600993111266560603e-02
2.599752177106284118e-02
2.733051912567933603e-02
2.717395853472527600e-02
2.702497068684582213e-02
2.688857341814950702e-02
2.676688882382646448e-02
2.666010449805802929e-02
2.656722209491341191e-02
2.757277751396455465e-02
2.734826357258306889e-02
2.715158502846802893e-02
2.698227801296984238e-02
2.683794017761456999e-02
2.671544201665191146e-02
2.661151520636293941e-02
2.652345084976654235e-02
2.644832603535379745e-02
2.638507480682363016e-02
2.633067707977548855e-02
2.628364325859944284e-02
2.738389313315692589e-02
2.719155376964032741e-02
2.702162716719540281e-02
2.687456146205823362e-02
2.674870609767794269e-02
2.664149116670346332e-02
2.763848656406650908e-02
2.740118332923043715e-02
2.719500915614916567e-02
2.701853789132450598e-02
2.686865809420493217e-02
2.674175295354456333e-02
2.663461421567246690e-02
2.654357703484253733e-02
2.756580845228366605e-02
2.734136728500676308e-02
2.818127010222868864e-02
2.786164594959617338e-02
2.758327071213059756e-02
2.734464070590026177e-02
2.714204293795297041e-02
2.697078694474225324e-02
2.789758398517359211e-02
2.761893843397265555e-02
2.737875799258075726e-02
2.821209016351037061e-02
2.788527031558468011e-02
2.760357880627795774e-02
2.736362765764718818e-02
2.716049029526346886e-02
2.698893518543839243e-02
2.684404840556556260e-02
2.672148579001806801e-02
2.661751007096333291e-02
2.652896036012410488e-02
2.645322088937557270e-02
2.638812498988048899e-02
2.633191005631458151e-02
2.628312510961695186e-02
2.740449265139986712e-02
2.721555961133636375e-02
2.704785552243638147e-02
2.690214866137782476e-02
2.677704566685689888e-02
2.667005626964596629e-02
2.657863071183181811e-02
2.650033050652939384e-02
2.643302513130555906e-02
2.637506938090912814e-02
2.632458639396274142e-02
2.628123632829686834e-02
2.624313219421150686e-02
2.620850464058915169e-02
2.617767444675557498e-02
2.615016105456461487e-02
2.612552528628075618e-02
2.729224731705005846e-02
2.712160091709685250e-02
2.696790398901085725e-02
2.683303979124131849e-02
2.671651769395314360e-02
2.661660392689093463e-02
2.653113392311077373e-02
2.645794143924536795e-02
2.639506077122612607e-02
2.634112368427664330e-02
2.629394315583837363e-02
2.625392032825401428e-02
2.621871900251063203e-02
2.618757766823647665e-02
2.615989015454030925e-02
2.613417071124661539e-02
2.611117251502378597e-02
2.609057315546131628e-02
2.607213116986786816e-02
2.605563571361990682e-02
2.604090648259077198e-02
2.602779494486976916e-02
2.601698403841432375e-02
2.600733937113278854e-02
2.599873131208351243e-02
2.599109950014298273e-02
2.598434277698802655e-02
2.597835961009364175e-02
2.597306419951210185e-02
2.596836739150466117e-02
2.596421680798387949e-02
2.732787551043412352e-02
2.810012556927511673e-02
2.783962123484768486e-02
2.759336806881866611e-02
2.736655983117755944e-02
2.716340669095876348e-02
2.698535572525291235e-02
2.683164004975905487e-02
2.669996546366528237e-02
2.658764276181475525e-02
2.649195017619338996e-02
2.641038003486875438e-02
2.634075223646739281e-02
2.628113872397885853e-02
2.623006621177913916e-02
2.739063702193495278e-02
2.720378409094317135e-02
2.806763617519779375e-02
2.777407945326003727e-02
2.751425466598930725e-02
2.728888991539856618e-02
2.709591826451257512e-02
2.693190696858079741e-02
2.787408280853453588e-02
2.760054913377008728e-02
2.736401133741342764e-02
2.716209447544026476e-02
2.699091869606628363e-02
2.684618807468461266e-02
2.672381136474957092e-02
2.662014583662327544e-02
2.653200594273850618e-02
2.645673219193967265e-02
2.750342011951118631e-02
2.829635428339337400e-02
2.797065122919110275e-02
2.768255830105881624e-02
2.743308482285392036e-02
2.826126638847078348e-02
2.792906427391299296e-02
2.764228455984191896e-02
2.739765149865835969e-02
2.719040196090255143e-02
2.701531006791518114e-02
2.686741471436890696e-02
2.674228349639571831e-02
2.663611250322029528e-02
2.654568640032710022e-02
2.646832224331562011e-02
2.640180432361269661e-02
2.634433630962927306e-02
2.629443997845060804e-02
2.625098533221772654e-02
2.621288766295467795e-02
2.617944209279815526e-02
2.615100889306454582e-02
2.612588810013570517e-02
2.610371050469612389e-02
2.608409265032553270e-02
2.606677885779139225e-02
2.605149580798362882e-02
2.603802943917755269e-02
2.602617441592489436e-02
2.601574894861664877e-02
2.600659111135237428e-02
2.599855346599395933e-02
2.599150375489679005e-02
2.732927021232596856e-02
2.717954771712770626e-02
2.703509441435827942e-02
2.690084025443801111e-02
2.678038127223532003e-02
2.667459635866017975e-02
2.658225192181182597e-02
2.650200723617642667e-02
2.643231118345528222e-02
2.637166982667125611e-02
2.743588598480827326e-02
2.724008122158633888e-02
2.706655282986639849e-02
2.691617272372552258e-02
2.678746728305532454e-02
2.667773763315188854e-02
2.658426645097689348e-02
2.650447495247739219e-02
2.753274318648818789e-02
2.731794611540370663e-02
2.713020105487775821e-02
2.801590034298855406e-02
2.772277035560282224e-02
2.746844734554430151e-02
2.725105752968660228e-02
2.706668919751386432e-02
2.691085560776028743e-02
2.677916947605767789e-02
2.666771599808509877e-02
2.657308941313931902e-02
2.649243607897944913e-02
2.642333992679549159e-02
2.636384068982894346e-02
2.631231813896853580e-02
2.626749204394360909e-02
2.738007468915091419e-02
2.719456044966355943e-02
2.805708145299840722e-02
2.776481069073211475e-02
2.750782034726924688e-02
2.728604288593226151e-02
2.814601719888364800e-02
2.783186397718965741e-02
2.756049245767024439e-02
2.732901171648820238e-02
2.713289592153567825e-02
2.696721646863824498e-02
2.682726568287676153e-02
2.670883240585687074e-02
2.769110138477636623e-02
2.745163072150183167e-02
2.724384284903267825e-02
2.706596772389426725e-02
2.691473403048842000e-02
2.678655562199332846e-02
2.667780185798360529e-02
2.658528819010750818e-02
2.650626250045799714e-02
2.643845552174474769e-02
2.637992985778101970e-02
2.632910660352876658e-02
2.628471841167569559e-02
2.624570256583483654e-02
2.621126374591131736e-02
2.618071158204965387e-02
2.615354734801243752e-02
2.612935555229456072e-02
2.730388726506489949e-02
2.713463177832801249e-02
2.698144017334582964e-02
2.684677772318187772e-02
2.778978155482439080e-02
2.853492110091209247e-02
2.817274940618645987e-02
2.785284180360729153e-02
2.757587893561008058e-02
2.733920600464420300e-02
2.819399352919392185e-02
2.787171864217087222e-02
2.860756451877053200e-02
2.822475750415092549e-02
2.789375209079228771e-02
2.862576312017016053e-02
2.824009317958144083e-02
2.790835303040893958e-02
2.762555898613873809e-02
2.738578617865280659e-02
2.718305593885094601e-02
2.701167429824511204e-02
2.686660390385114255e-02
2.674348686168852990e-02
2.663852162287167966e-02
2.654869484895530998e-02
2.647146919090483455e-02
2.751712602280594056e-02
2.829741915702291624e-02
2.797741771643912079e-02
2.769525848328124873e-02
2.745041910016946668e-02
2.724055177891709228e-02
2.706186180775620176e-02
2.691013726328717742e-02
2.678131575840823550e-02
2.773907175603020081e-02
2.749535914034749104e-02
2.728373317709999885e-02
2.710237095725966106e-02
2.694795523760194073e-02
2.681680586651458489e-02
2.670539600798518820e-02
2.767283224592197166e-02
2.743944493505881196e-02
2.723650607503552007e-02
2.706249929265027582e-02
2.691432299488067531e-02
2.678846187481191687e-02
2.668153457704457165e-02
2.659051577538752015e-02
2.651298165836666818e-02
2.753203123311257286e-02
2.732147526920218270e-02
2.713719129303098637e-02
2.697858503179357409e-02
2.684323415969041768e-02
2.672812518454855193e-02
2.663024894470211040e-02
2.654688000146112475e-02
2.647569432920824500e-02
2.641429934707921132e-02
2.636105345734253771e-02
2.631456360532413372e-02
2.627370971355068655e-02
2.623759760863772841e-02
2.620550278462868699e-02
2.617685905716318068e-02
2.615121883949917542e-02
2.612823371094314881e-02
2.610761040508506256e-02
2.608905773248061666e-02
2.607246980331637959e-02
2.605756044786039852e-02
2.604425440719524559e-02
2.603253053991426078e-02
2.602215696845690956e-02
2.601297394280868355e-02
2.600485924540041349e-02
2.599769398484244598e-02
2.599135868859821577e-02
2.598579680604639480e-02
2.598089784304138949e-02
2.597658333641644432e-02
2.597278275051410554e-02
2.596943519733664260e-02
2.596648262861859374e-02
2.596388301951111158e-02
2.596158982858175202e-02
2.729702714102792346e-02
2.715291811891928919e-02
2.700921417182384002e-02
2.687354717988543751e-02
2.675058042087701676e-02
2.664211126815436981e-02
2.654796342467462267e-02
2.646692347847183838e-02
2.639756442862611213e-02
2.633769713317885702e-02
2.628593446390099439e-02
2.624106921658109562e-02
2.620208778594810758e-02
2.616816239594223215e-02
2.613859968494972041e-02
2.611282378810725682e-02
2.731957344367432275e-02
2.714937210494561617e-02
2.699383683985645196e-02
2.685616119354874987e-02
2.673664621131606120e-02
2.771011495924095153e-02
2.746671752833863486e-02
2.725387626742733702e-02
2.811913773144171166e-02
2.780967795303418769e-02
2.754096289724901336e-02
2.731103401037231898e-02
2.711609303410787014e-02
2.695153615053337906e-02
2.681279472212944742e-02
2.777480118638150572e-02
2.752001239081742351e-02
2.729905554025690087e-02
2.711019348970172826e-02
2.694997831140030775e-02
2.681448752604881705e-02
2.669994421259498651e-02
2.660294827250777108e-02
2.652064858122188395e-02
2.645028601326299481e-02
2.749648648887579455e-02
2.728979655940656432e-02
2.710834206941574107e-02
2.695200800771865163e-02
2.681865047094513649e-02
2.670538218783040721e-02
2.660924676192238242e-02
2.652752720204970549e-02
2.645793118765432314e-02
2.639804455403832115e-02
2.745506638045048034e-02
2.725530506848196713e-02
2.707951008724533357e-02
2.692785360317230883e-02
2.679837786304356886e-02
2.668835356851453899e-02
2.659494480349028356e-02
2.651550652930546176e-02
2.753844204886054386e-02
2.732403647888954207e-02
2.816126010592448145e-02
2.785045821222508627e-02
2.757894533299351178e-02
2.734561771409875150e-02
2.714721530957064574e-02
2.697938256511790353e-02
2.790034496625657182e-02
2.762612636130169427e-02
2.738902163097341191e-02
2.718666554702871274e-02
2.805660437383634617e-02
2.775837374876778674e-02
2.750086061212841937e-02
2.728124780536862054e-02
2.709513763315288606e-02
2.693782378255142260e-02
2.680485821588952933e-02
2.669229260702338583e-02
2.659674482705421186e-02
2.651535416155232500e-02
2.644565286441234037e-02
2.638546833335826333e-02
2.745264588547207535e-02
2.725504451506123582e-02
2.708087364328123567e-02
2.693033626600150818e-02
2.680157619612888453e-02
2.669195077574556749e-02
2.659870556279722575e-02
2.651927116143830421e-02
2.645139013882090787e-02
2.639321971770822867e-02
2.634275629311584599e-02
2.629861743307499236e-02
2.625976768047155047e-02
2.622537273692682191e-02
2.619475785311686789e-02
2.616739849159957498e-02
2.614288263880330809e-02
2.612089079278332240e-02
2.610115244452868716e-02
2.608345026972916716e-02
2.606760017355564188e-02
2.605344602477383323e-02
2.604082314069190371e-02
2.602960003275947565e-02
2.728261670775315034e-02
2.712408249169793312e-02
2.697610878490910163e-02
2.684314501299723058e-02
2.672653738944773955e-02
2.662570790486178812e-02
2.762872890453939648e-02
2.739910869866302515e-02
2.719793703576442456e-02
2.702494085435238128e-02
2.687768424115762056e-02
2.675293730641613299e-02
2.664737567107936314e-02
2.655794501527349721e-02
2.648196154888729503e-02
2.641710936775833879e-02
2.636113251386279846e-02
2.631253094023335709e-02
2.627007840930380145e-02
2.623277902889904062e-02
2.619985033780073552e-02
2.617066183600393406e-02
2.614471712831143574e-02
2.612161204540298237e-02
2.610102010995314289e-02
2.608273596863366212e-02
2.606637417619811492e-02
2.605187752281862973e-02
2.603902493103912169e-02
2.602763054375949181e-02
2.601758494835464119e-02
2.600870593374597986e-02
2.600090320531668261e-02
2.599404251321298445e-02
2.598798994516389113e-02
2.598269164260510675e-02
2.597803815686011708e-02
2.597395035293095789e-02
2.597036448506504641e-02
2.596721307773294449e-02
2.596444092324317818e-02
2.596199420814610664e-02
2.595983182610317463e-02
2.595792959486995996e-02
2.595625930452858179e-02
2.595477728294514133e-02
2.595346943195682085e-02
2.595231421367134167e-02
2.595129392297444021e-02
2.729987513542829827e-02
2.809992869808831950e-02
2.785406762531474761e-02
2.761621664127721781e-02
2.739079554835493688e-02
2.718402306353057130e-02
2.700008133116188827e-02
2.684004757784025710e-02
2.670275724121806346e-02
2.775521365364924317e-02
2.750731745120106944e-02
2.728874674025954378e-02
2.709964962615971085e-02
2.693806707629330111e-02
2.680090632206231019e-02
2.668476591260342951e-02
2.658649330863660509e-02
2.650274637702909261e-02
2.643106778525670594e-02
2.636941768622536042e-02
2.631612366923414062e-02
2.626981133354665612e-02
2.622938316332671174e-02
2.619394595889175392e-02
2.616279204491966590e-02
2.732790252533690012e-02
2.715313773072586950e-02
2.699549732845128724e-02
2.685724107794332932e-02
2.673794247174311051e-02
2.663590098168467854e-02
2.654890257573204806e-02
2.647471033341559574e-02
2.641126551161786587e-02
2.635683262549776834e-02
2.630950554118311954e-02
2.626809715649282284e-02
2.623162718198209301e-02
2.619935967411992500e-02
2.617066393800762669e-02
2.614505794949341377e-02
2.730811715817604499e-02
2.713613542459179101e-02
2.698104272872461559e-02
2.684507075495806347e-02
2.672778102970653144e-02
2.662746017427923897e-02
2.654192720609268794e-02
2.646897092727975784e-02
2.640658074530763400e-02
2.635311302920450086e-02
2.630659496720956156e-02
2.739595697419688891e-02
2.720558103660966273e-02
2.703706621576155295e-02
2.689117184501041771e-02
2.782459545368130838e-02
2.756209953935506371e-02
2.733359159073869490e-02
2.713794314963734536e-02
2.697192383850454192e-02
2.683159914178691666e-02
2.671308551919817503e-02
2.661286908555039049e-02
2.652793375177869145e-02
2.645546476232480890e-02
2.639316434553214477e-02
2.633931410322493463e-02
2.629250138792200986e-02
2.625155487003149810e-02
2.621559893527981161e-02
2.618386666708125837e-02
2.615578129339522773e-02
2.613086295812225637e-02
2.610872833754384129e-02
2.608894289668113597e-02
2.607137013669557149e-02
2.605582778333822083e-02
2.604216021879353360e-02
2.603010673721394691e-02
2.728255537830938382e-02
2.712325700354658795e-02
2.697468177950423929e-02
2.684126585912651949e-02
2.672432578978442899e-02
2.662325311105233350e-02
2.653654682455146643e-02
2.646232888615353621e-02
2.639873264259485694e-02
2.634409654205667473e-02
2.629677083826922196e-02
2.625537111089965361e-02
2.621899713329016446e-02
2.735120476786175037e-02
2.717014948550171283e-02
2.700834735439090056e-02
2.686735749714884436e-02
2.780654411463114387e-02
2.754734433963149792e-02
2.732120946584906673e-02
2.712732387074586957e-02
2.696265623504938078e-02
2.682341349249836929e-02
2.777910283908717817e-02
2.752267029554348113e-02
2.832595198114130908e-02
2.896901776575301277e-02
2.854035368469970760e-02
2.816333919109844514e-02
2.783753152097314526e-02
2.755927338358442336e-02
2.836364804131590034e-02
2.801579025969571854e-02
2.771649949994998280e-02
2.746174726930876789e-02
2.724614929866159968e-02
2.706406818049120547e-02
2.691027274744369965e-02
2.678016524013427865e-02
2.666980349697710764e-02
2.657587328673311974e-02
2.649561607950022546e-02
2.752911389642749215e-02
2.731837585570996360e-02
2.713382288646717239e-02
2.697485247686814622e-02
2.683908023920723515e-02
2.777531614559404158e-02
2.752325641746174167e-02
2.730454397879877870e-02
2.711734476432101429e-02
2.695823156614453667e-02
2.787043269172601728e-02
2.760286101584439808e-02
2.737138538151353065e-02
2.717362675165036281e-02
2.700573595634314303e-02
2.686352676049072116e-02
2.674305104649962392e-02
2.664079129771440568e-02
2.655373076978065350e-02
2.647933050345211564e-02
2.641546107894730128e-02
2.636035337632894326e-02
2.631249220468467181e-02
2.627050161573259157e-02
2.623347913589427899e-02
2.735508765154040164e-02
2.717449874336359122e-02
2.701357753081604779e-02
2.687348129428757115e-02
2.675306134138649705e-02
2.771254166239199221e-02
2.846746963228034139e-02
2.811528920034995355e-02
2.780518051008029623e-02
2.855505800473662550e-02
2.818163512617025135e-02
2.785772581765093292e-02
2.758039647051143198e-02
2.734498478674108127e-02
2.714595844786745621e-02
2.697786926391844767e-02
2.683579679456866984e-02
2.671546556411481116e-02
2.661324842675843669e-02
