2.175302517355226853e-02
2.980782826454749304e-02
4.111761794967579847e-02
4.884470805604629318e-02
5.643492801917020241e-02
6.388301816092281649e-02
7.118509895248321950e-02
7.834494656701725124e-02
8.865210411709685545e-02
9.544408470515247656e-02
1.054641554226569827e-01
1.118681921434591386e-01
1.181367408489366888e-01
1.242717852218310909e-01
1.302712869812186480e-01
1.398155543016406099e-01
1.454166565612268480e-01
1.509020737458622030e-01
1.601017036758799750e-01
1.691662827896246446e-01
1.740593653812054220e-01
1.788441055471576002e-01
1.835304409795690816e-01
1.881284178325393075e-01
1.926362678907404258e-01
1.970572339753723645e-01
2.013944151596278875e-01
2.056506030941035457e-01
2.098283200208722887e-01
2.139299945084464638e-01
2.179577831123682696e-01
2.219138917277271306e-01
2.258002238363386316e-01
2.346489504291421890e-01
2.381275967391204562e-01
2.415592583178336195e-01
2.449451016403622616e-01
2.482861262568010485e-01
2.515832817308742975e-01
2.548373082711848925e-01
2.580490037758896849e-01
2.612190418682884818e-01
2.699738748359478691e-01
2.791226583765844538e-01
2.815177798027171940e-01
2.839089221449856981e-01
2.936043284756139071e-01
3.031767105957441366e-01
3.128666104285975913e-01
3.221607937997529869e-01
3.282837259894349491e-01
3.309593618790921399e-01
3.306373675128788658e-01
3.360883408970304909e-01
3.399759458098952636e-01
3.425895614231715403e-01
3.418866756234036908e-01
3.477295057889633889e-01
3.516712893461872436e-01
3.541462761388702307e-01
3.556837809855804000e-01
3.566957138074016154e-01
3.637251447330849818e-01
3.660680703782818735e-01
3.674019528958221148e-01
3.711658646950811713e-01
3.752060739077542895e-01
3.774056475084146545e-01
3.785445548553580397e-01
3.822779211518571030e-01
3.614775768507055287e-01
3.743085452094792598e-01
3.851711690698461088e-01
3.576580623567106598e-01
3.700132372725590812e-01
3.834487261203002317e-01
3.948325302230419331e-01
4.023475822685615988e-01
4.063715222505526192e-01
3.925428811971967691e-01
4.046746530135404418e-01
4.125519268654240790e-01
3.865489552128844597e-01
3.644927344349563336e-01
3.627756231662662700e-01
3.650258180985923029e-01
3.665039726702368217e-01
3.687361044265951571e-01
3.704121067010163193e-01
3.727211939346677383e-01
3.743529677031719460e-01
3.759997193942415383e-01
3.776590081732228987e-01
3.800114987323519045e-01
3.816208024167060398e-01
3.832441183131685136e-01
3.848777006648672061e-01
3.872402067511683810e-01
3.888209115402016525e-01
3.911401776654761520e-01
3.926826214151514782e-01
3.942377033146118315e-01
3.957951885242269041e-01
3.973648529890755343e-01
3.989432899445828351e-01
4.005335896284097363e-01
4.021462753549800428e-01
4.037914964429390463e-01
4.055200010938143640e-01
4.074250241111459503e-01
4.097059180470047912e-01
4.127679793158012256e-01
4.173855970308888441e-01
4.147449313217022593e-01
4.169867503969869604e-01
4.200458530751994823e-01
4.247395599606848537e-01
4.217030417283729737e-01
4.239015281126549683e-01
4.248757266985338510e-01
4.264407003416456066e-01
4.281932947664081612e-01
4.297725753962901019e-01
4.317479195736054765e-01
4.330834132868336406e-01
4.344369879248451971e-01
4.364265781550676904e-01
4.383470432623248758e-01
4.396171236815905048e-01
4.408942098930818121e-01
4.428304178120645029e-01
4.440866503327317028e-01
4.453548205820964667e-01
4.466283167840011115e-01
4.479169029717421369e-01
4.498919705030435812e-01
4.511449694674381505e-01
4.524026906599792897e-01
4.536749213417364257e-01
4.556405809474449176e-01
4.568749696064002275e-01
4.581196705610279252e-01
4.600516756060456514e-01
4.612604213628684335e-01
4.624798933043312021e-01
4.637035720497142965e-01
4.656225740224045895e-01
4.674404956097565900e-01
4.685943841160905565e-01
4.703682384367132707e-01
4.714998114553460851e-01
4.732370693278217244e-01
4.743488553346608128e-01
4.760567084045752018e-01
4.771511661498052947e-01
4.782587963938024767e-01
4.799667603493237289e-01
4.816080252187688870e-01
4.826702873514442382e-01
4.837463334318938823e-01
4.848347870971261298e-01
4.859341903195116275e-01
4.870436529267300196e-01
4.887779902335213644e-01
4.898601374395985530e-01
4.909524891551420578e-01
4.920540534461146920e-01
4.931639059920683299e-01
4.942812217339937475e-01
4.954058649097478062e-01
4.965367054075810471e-01
4.983527182835544300e-01
5.000428380765883363e-01
5.010907568117656252e-01
5.021489419895701634e-01
5.032163718347697490e-01
5.042923847333982135e-01
5.053765809324292091e-01
5.064681833473932970e-01
5.075663056765810088e-01
5.086713657083644646e-01
5.097841748324958289e-01
5.109026776467491260e-01
5.120293538702203051e-01
5.131615644368099360e-01
5.143074832403328189e-01
5.154739719392847919e-01
5.166745537545512912e-01
5.179352765286661109e-01
5.192872068205613978e-01
5.207893115486558200e-01
5.224965436592281520e-01
5.238889932421603168e-01
5.251072298320287324e-01
5.264798772831550400e-01
5.274558191575519084e-01
5.284580182229026146e-01
5.294975016357713615e-01
5.308901584782650396e-01
5.318429491104730289e-01
5.328213657228592082e-01
5.338368723844097996e-01
5.349022958603049105e-01
5.360676646243830445e-01
5.374168053536829692e-01
5.391052050617031188e-01
5.413819953420263564e-01
5.445470582457071496e-01
5.423258847815565220e-01
5.430085075144436280e-01
5.440101625095299376e-01
5.451416818520864460e-01
5.465217305677185777e-01
5.483773306188994834e-01
5.510938668244548255e-01
5.494784742276594969e-01
5.508713787993941846e-01
5.513885237476896517e-01
5.523423441415780122e-01
5.534432452260887869e-01
5.543818283122950996e-01
5.552448526201957391e-01
5.561907951536172456e-01
5.572809788051374946e-01
5.586761410483482848e-01
5.606645147989317568e-01
5.602249583733718286e-01
5.613010687391994935e-01
5.626992347713249965e-01
5.647313863760948793e-01
5.641521609049329200e-01
5.652446907881061300e-01
5.660178645070499392e-01
5.668381105505093664e-01
5.677400461982232693e-01
5.688017048182877344e-01
5.701947767168066283e-01
5.706371201944915317e-01
5.715240251401045857e-01
5.726367345305111156e-01
5.733896461840223280e-01
5.745980612721668379e-01
5.753036840917334915e-01
5.764923413288127740e-01
5.771738510858003268e-01
5.778735942376729273e-01
5.785918907606368844e-01
5.793245069227158650e-01
5.800895842600944929e-01
5.808961504141725296e-01
5.821868141539885411e-01
5.829063317089494545e-01
5.841742667764353580e-01
5.853528572052393297e-01
5.864572645687856634e-01
5.870743651048843104e-01
5.877107045899195858e-01
5.883647917592663701e-01
5.895398032622042317e-01
5.901750136786975132e-01
5.908272940363838988e-01
5.920052441023289092e-01
5.926374402367574623e-01
5.937746634815262992e-01
5.943907659087473982e-01
5.950239406411913512e-01
5.956729886469493973e-01
5.963365051610717282e-01
5.970134147589084561e-01
5.977027197629429800e-01
5.984037113697395771e-01
5.997096318463579490e-01
6.003725784764178952e-01
6.010484189144147393e-01
6.017364281580701579e-01
6.024363005098233304e-01
6.031484352166928131e-01
6.044646679752770924e-01
6.051286021759858524e-01
6.063496721668917289e-01
6.069766361197683757e-01
6.076180051732319454e-01
6.082729370512186540e-01
6.089410429093624622e-01
6.096230636933902547e-01
6.108913630313745902e-01
6.120252188914893088e-01
6.126131915027049901e-01
6.132168745105629482e-01
6.143299936821970952e-01
6.153588435482200136e-01
6.163259310248824230e-01
6.168360982999282482e-01
6.173655884793088910e-01
6.183651484294475642e-01
6.193052403551848606e-01
6.197969118005403066e-01
6.207318997870571176e-01
6.212189759777227982e-01
6.217255546426081469e-01
6.222499804091149445e-01
6.227909098601068782e-01
6.233468400579195157e-01
6.239163999771999425e-01
6.244987935209264096e-01
6.256179769321931206e-01
6.266430735612849023e-01
6.271610783108921838e-01
6.276948298897226941e-01
6.282429178866754116e-01
6.288040749709048471e-01
6.293776819012798507e-01
6.304846118556926005e-01
6.314931491017264920e-01
6.324339534817746689e-01
6.329099829871335237e-01
6.338330183453307898e-01
6.347009703852110052e-01
6.355313660001985498e-01
6.359540897164023265e-01
6.367891596283842270e-01
6.372127723379614750e-01
6.376561162244698266e-01
6.381176853066304888e-01
6.385958661844847173e-01
6.395259745719921174e-01
6.399908795825416385e-01
6.404715261514022373e-01
6.409665887611784019e-01
6.414747320570964861e-01
6.419950512834408096e-01
6.425264133583954429e-01
6.430680181429893061e-01
6.436191972605526113e-01
6.441790310510278061e-01
6.447473648578516681e-01
6.453238510881211809e-01
6.459081833883136836e-01
6.465003582148717287e-01
6.476843257857665126e-01
6.487147334249923070e-01
6.492115272486830291e-01
6.497207460002530910e-01
6.507060977998210261e-01
6.511823263630579506e-01
6.521067979763849332e-01
6.525565948160689800e-01
6.530212054731605598e-01
6.539329128827235937e-01
6.543722853614896140e-01
6.548266882398786626e-01
6.552950319233538101e-01
6.562233431702791941e-01
6.570790273066077214e-01
6.578724802062049237e-01
6.582510516037318737e-01
6.586475823447984768e-01
6.594597645301001343e-01
6.602241735626865893e-01
6.605833969470943368e-01
6.609614376548779147e-01
6.613567087693416058e-01
6.621747984077902549e-01
6.629385731466181930e-01
6.632948675018222051e-01
6.636692396547418937e-01
6.640604002280056095e-01
6.644667466684733848e-01
6.648868667817996458e-01
6.653200060709115737e-01
6.662159861290354312e-01
6.666232523318886827e-01
6.670441159277799015e-01
6.679152716117248145e-01
6.683117110634214653e-01
6.687220300913487847e-01
6.691451635574034995e-01
6.695799231001320351e-01
6.700258290957218366e-01
6.704820226370272751e-01
6.709480691314818612e-01
6.719215127024594780e-01
6.727801686727884478e-01
6.731667358466644213e-01
6.735669861474724573e-01
6.744073994046191345e-01
6.751724531021174869e-01
6.755137776773012526e-01
6.762528414885223826e-01
6.765805291795738974e-01
6.769251961054221223e-01
6.772854040340928750e-01
6.776601132387853887e-01
6.784666616486862978e-01
6.792093959024705363e-01
6.795308305501109869e-01
6.802532985162609291e-01
6.809212445603171071e-01
6.812069446326526334e-01
6.815112178386638631e-01
6.818327804412701587e-01
6.821702342794473406e-01
6.829234399958029611e-01
6.832436923056398603e-01
6.835794519322577756e-01
6.839294553004762189e-01
6.842923173957442540e-01
6.850914684926998621e-01
6.854301431605577255e-01
6.857818178496661865e-01
6.861462051491468150e-01
6.865222242310365930e-01
6.873553275881317814e-01
6.877008308451940666e-01
6.880590593371175290e-01
6.884289094492787031e-01
6.892502817986894126e-01
6.895893962940494726e-01
6.903495828697436831e-01
6.906637478422280596e-01
6.909923821480109529e-01
6.913342467982226403e-01
6.921057858107760863e-01
6.928074908007002541e-01
6.930893342420544334e-01
6.933869458477952552e-01
6.940884530923421281e-01
6.943680324767016465e-01
6.950380758786187663e-01
6.953028882066660810e-01
6.955844036927079088e-01
6.962672783882368766e-01
6.968935571169799781e-01
6.971328654366328870e-01
6.977460953330387738e-01
6.979784966688166170e-01
6.982289814396219763e-01
6.984961820466566440e-01
6.987788175633612431e-01
6.994675248249970778e-01
6.997322573481336017e-01
7.000122684992962085e-01
7.003063757214036400e-01
7.006131335349767841e-01
7.009318427567682308e-01
7.012616504846540533e-01
7.016016212477158565e-01
7.019514859655343608e-01
7.027747489034944506e-01
7.034976202858675975e-01
7.037713809033806500e-01
7.040590879441841476e-01
7.043596124894595523e-01
7.046721994618604379e-01
7.049962336065870305e-01
7.053310500872908007e-01
7.061233526338868138e-01
7.068123972220805573e-01
7.070698317761364704e-01
7.077190653873280946e-01
7.079550804529003427e-01
7.082070127557318351e-01
7.084735684761050978e-01
7.087537233340724940e-01
7.094550649851918411e-01
7.097070698395562260e-01
7.103585802109911862e-01
7.105880005033580193e-01
7.108330468760695187e-01
7.110923499911360190e-01
7.113653099195904606e-01
7.120627123221628940e-01
7.126790587155369394e-01
7.128882304820574056e-01
7.134762359513703300e-01
7.136704444718018348e-01
7.138816031806740625e-01
7.144797982862364227e-01
7.146750028191600768e-01
7.148868743737905040e-01
7.154921895614668736e-01
7.160367056439805866e-01
7.165332063652654071e-01
7.169957041583757684e-01
7.171221003796762750e-01
7.172696300562714233e-01
7.174366472693204377e-01
7.176213443230032851e-01
7.178225808452840528e-01
7.180389358978260805e-01
7.182693409588917222e-01
7.185123772617676430e-01
7.191846551675782351e-01
7.194019659115267196e-01
7.196326907460633970e-01
7.202811340254809958e-01
7.204875235822288948e-01
7.207078890202811561e-01
7.209413591654676434e-01
7.211870515621944255e-01
7.218620083911795327e-01
7.220782923090639516e-01
7.227020428481040204e-01
7.232560496040385534e-01
7.237529300277329991e-01
7.242088818639393910e-01
7.243232755666216827e-01
7.244576333660365242e-01
7.246103840805276919e-01
7.251312416739965627e-01
7.256086617651046344e-01
7.257292037003372220e-01
7.262000262266348205e-01
7.263178112377211004e-01
7.264544896730881218e-01
7.266085909127418807e-01
7.271331786663757235e-01
7.276094731406771432e-01
7.277305262240593153e-01
7.282037978983443294e-01
7.283210374755899608e-01
7.284566464043674694e-01
7.286089022589898878e-01
7.287766687650973907e-01
7.289586214915353413e-01
7.295273108478950164e-01
7.296911110102506370e-01
7.298690888735142046e-01
7.304274237025338845e-01
7.309298539317703458e-01
7.310635696663946304e-01
7.315524384929751323e-01
7.316771765220482227e-01
7.321506102513641867e-01
7.325841511222467295e-01
7.326813337007901383e-01
7.331098736160049922e-01
7.332058879750165126e-01
7.333203927862481653e-01
7.334518696605624166e-01
7.335990374684139281e-01
7.337604426048993655e-01
7.339348728495899143e-01
7.341214572538855565e-01
7.343192135777812934e-01
7.345272757347419690e-01
7.351418761994953366e-01
7.356863143744598599e-01
7.358340129506608651e-01
7.359954855667870666e-01
7.361697547847698697e-01
7.367274359171922526e-01
7.368795401479621976e-01
7.373982733451240890e-01
7.378625638144431509e-01
7.379705578660223919e-01
7.380948251722689868e-01
7.382342415862250817e-01
7.383874903019557179e-01
7.385535320134806181e-01
7.387315115107475627e-01
7.389206973338700024e-01
7.391204523927661363e-01
7.397295846100688799e-01
7.398981296031833521e-01
7.400785860363809920e-01
7.402701146695590539e-01
7.408664553682866583e-01
7.410271410463302733e-01
7.412002062031303184e-01
7.413847279983193372e-01
7.415803925179328404e-01
7.421823325506612390e-01
7.423441343030542372e-01
7.425185755068260951e-01
7.427047318859248959e-01
7.429023734963897674e-01
7.435083742767655268e-01
7.436696910932054649e-01
7.442087384163965647e-01
7.443406282005731178e-01
7.444869893824249685e-01
7.446467846056069595e-01
7.448196183897998202e-01
7.450048469807813989e-01
7.455930425843043663e-01
7.457416959546540047e-01
7.459041395182692824e-01
7.460798488648641147e-01
7.462682979316466181e-01
7.464695344559526546e-01
7.466832405098134950e-01
7.473078672428896674e-01
7.474737368714338137e-01
7.476540834343867736e-01
7.478490236676442748e-01
7.480592599164149759e-01
7.482868566823585033e-01
7.485362823883036087e-01
7.488187335286016211e-01
7.494490193421144975e-01
7.496457235917196593e-01
7.501650217066906379e-01
7.505865527957793493e-01
7.506752554945856915e-01
7.510732723052301330e-01
7.511371495764916917e-01
7.515134310834512554e-01
7.515589944874223605e-01
7.516242538787445415e-01
7.520257800835551398e-01
7.520727224423829904e-01
7.521389934892603879e-01
7.525524713907859597e-01
7.525999460083609982e-01
7.526664359125729842e-01
7.530934435139120531e-01
7.534519703410034186e-01
7.534700645376044559e-01
7.535085962218263100e-01
7.535658756764006538e-01
7.536407570025053237e-01
7.537321833253820547e-01
7.538390605051931148e-01
7.539605549835890486e-01
7.540958606205560022e-01
7.542441955154315369e-01
7.544051014481786277e-01
7.545785948250397501e-01
7.547649404413990792e-01
7.554470300697087026e-01
7.555821857756841453e-01
7.561387100383574200e-01
7.565811219579271496e-01
7.569478014934796217e-01
7.569619288203002228e-01
7.573172622163563128e-01
7.576192784883988285e-01
7.575962308601222883e-01
7.575953754050761546e-01
7.579437536203577075e-01
7.582431408292195085e-01
7.585081580375948596e-01
7.584590724615104529e-01
7.584335495584041409e-01
7.584298040048291778e-01
7.584461466329952550e-01
7.588324509706946275e-01
7.591662273617396650e-01
7.591487990886397474e-01
7.591521131578262693e-01
7.591745318170122214e-01
7.592146672086558246e-01
7.596389290557457041e-01
7.596637832307474580e-01
7.597059990167081001e-01
7.597641463948051621e-01
7.598371726250620073e-01
7.603216006989869102e-01
7.603707158291203028e-01
7.604352206477532627e-01
7.605140838779000934e-01
7.606062239832998007e-01
7.607109506086825457e-01
7.608276327977597786e-01
7.609557186318498534e-01
7.610946231952860908e-01
7.617136960048089822e-01
7.618108877093456854e-01
7.619213560860852441e-01
7.624642675754801369e-01
7.625377560977431024e-01
7.626259402668622567e-01
7.627281210494801789e-01
7.628438421206271691e-01
7.629726856544787328e-01
7.631150434658923176e-01
7.632706622995490964e-01
7.638812738827416293e-01
7.643596795652910503e-01
7.644108078807287932e-01
7.644786920264143859e-01
7.645628176558731948e-01
7.650423824433847386e-01
7.650896325582303703e-01
7.655074655054350252e-01
7.658477410263603291e-01
7.661339273815355178e-01
7.663805377509528283e-01
7.663131960003596310e-01
7.665658274890152502e-01
7.667860070052774368e-01
7.669805954213333443e-01
7.671563894409435536e-01
7.673150389046270448e-01
7.671957203932091574e-01
7.673809731631957565e-01
7.672770744884961358e-01
7.671982272216190113e-01
7.674453076742655533e-01
7.673736188888006238e-01
7.673242970234169791e-01
7.672953796576775787e-01
7.672854346720916485e-01
7.672929126417605827e-01
7.676732841204719771e-01
7.676685068210920004e-01
7.676805519444473980e-01
7.677080734037371457e-01
7.677499568361412230e-01
7.678052971098433543e-01
7.678730787708903938e-01
7.679525352126025384e-01
7.680427588948208761e-01
7.681433799436651055e-01
7.682536305993177272e-01
7.683734760612713766e-01
7.689651654134289638e-01
7.694363751277238928e-01
7.694742084555418193e-01
7.695261673749627107e-01
7.695915694047381628e-01
7.696696236645769185e-01
7.697600587570148090e-01
7.698624990196326623e-01
7.703927971513566675e-01
7.704555525496702417e-01
7.709024489612946729e-01
7.709333535157586459e-01
7.709793743082545836e-01
7.710400545885799373e-01
7.711147912950148120e-01
7.712030363475833594e-01
7.713048598829720381e-01
7.714111085673200918e-01
7.715405033356000919e-01
7.716781986756472422e-01
7.718450789084490005e-01
7.720444707687283969e-01
7.722981807209295946e-01
7.726501508559533438e-01
7.731839306959691349e-01
7.734101653760704354e-01
7.736736169718984035e-01
7.740855067317724547e-01
7.741315750508630522e-01
7.742948501781250492e-01
7.745328122496150103e-01
7.745791401789844377e-01
7.746720962625694984e-01
7.749521851329957967e-01
7.749724060309354234e-01
7.752406733700012431e-01
7.752212444460240270e-01
7.752147611584194742e-01
7.752406048102445935e-01
7.752943643914256278e-01
7.753866375255862309e-01
7.755432691164577674e-01
7.758171958150248404e-01
7.763269942812968116e-01
7.773092545936525211e-01
7.764306643373547479e-01
7.766983193125230889e-01
7.772318550223674682e-01
7.783021167195849355e-01
7.771378086918315775e-01
7.772966815052892997e-01
7.772844966892786811e-01
7.773262506555232987e-01
7.775770543079405517e-01
7.775482460442173505e-01
7.775425239028052049e-01
7.775897351251954692e-01
7.778935448007404663e-01
7.778694525846824304e-01
7.781786081259555177e-01
7.781213752780137272e-01
7.780874669293191825e-01
7.784104494129109320e-01
7.783495577907784124e-01
7.783104757965356724e-01
7.782936320631702598e-01
7.783001485817558907e-01
7.786924737177951528e-01
7.786583598760903335e-01
7.786461054606232945e-01
7.790397905030964631e-01
7.793396070106578533e-01
7.792551544564981780e-01
7.791925020538535973e-01
7.795108416390423844e-01
7.797563400689716540e-01
7.799505159390925924e-01
7.798165224335079637e-01
7.797068425359064969e-01
7.796200078993054117e-01
7.795543715106717508e-01
7.795084393869845529e-01
7.798807733914064899e-01
7.798156099212812942e-01
7.797699259923884796e-01
7.801350834489716446e-01
7.800700348746769652e-01
7.800244731264104336e-01
7.799969490731829547e-01
7.799867133920886930e-01
7.804242344374415774e-01
7.803855987944712247e-01
7.807565012007827709e-01
7.806961050039296079e-01
7.806546823358433418e-01
7.806310157839427832e-01
7.810339646933408542e-01
7.809846389081137596e-01
7.809534336953302125e-01
7.809394061212291405e-01
7.813618676130179574e-01
7.816859458247159553e-01
7.816078114628787210e-01
7.815495918924406649e-01
7.815099806150721529e-01
7.814877501432384577e-01
7.814819639149164221e-01
7.819155862586012473e-01
7.818797720054093681e-01
7.822532154681465233e-01
7.825492466419311510e-01
7.824575384883465379e-01
7.823862999795111461e-01
7.823342454868318363e-01
7.823001748046721771e-01
7.822828378204873534e-01
7.822814978678169773e-01
7.827231412020521084e-01
7.830676547090953399e-01
7.829968960002535727e-01
7.833025096227479445e-01
7.832170253149813854e-01
7.835000905760793888e-01
7.834035751675675341e-01
7.833277430276726072e-01
7.836275559984436923e-01
7.835389240483469075e-01
7.834702960054182874e-01
7.834202116328549126e-01
7.833870780837096648e-01
7.833700855224970949e-01
7.837771643136994815e-01
7.840999166764570649e-01
7.840220529692535356e-01
7.839632695907234883e-01
7.842898885193668734e-01
7.842141278973906449e-01
7.841572349075673909e-01
7.841177339562034332e-01
7.840943400810285180e-01
7.840862327490170092e-01
7.840924048725902429e-01
7.845454977984519518e-01
7.848925156464990893e-01
7.851651882418522188e-01
7.850690466307433946e-01
7.849930706482493026e-01
7.852824348974083435e-01
7.855215835967102045e-01
7.857106707479164509e-01
7.855740727667500645e-01
7.857678268682747325e-01
7.856334411846416232e-01
7.855213980313445754e-01
7.857552808903240926e-01
7.856402452831978689e-01
7.858679856440120570e-01
7.857509757641851778e-01
7.859708566487587644e-01
7.858528521219810825e-01
7.857557381641074867e-01
7.856776925735519113e-01
7.859605600622291410e-01
7.858728591595111057e-01
7.861361908228314821e-01
7.863568207162916490e-01
7.862402847197861311e-01
7.861441349923042887e-01
7.863918853696201250e-01
7.862909328933795905e-01
7.862090865021343911e-01
7.861449219363496610e-01
7.860971208525709963e-01
7.860642591893863829e-01
7.864166564938563919e-01
7.863643533902797689e-01
7.863272437681073646e-01
7.863044754276802273e-01
7.862950478123337250e-01
7.862980027741305333e-01
7.863126256406567371e-01
7.867422390927786280e-01
7.867258715010491121e-01
7.867225777052552216e-01
7.867316312082982543e-01
7.867524666130321087e-01
7.867842787488886769e-01
7.868269503249898378e-01
7.868801368966845677e-01
7.869438633039644859e-01
7.874673851699800498e-01
7.874866198823277097e-01
7.875189150003664151e-01
7.875641900734337009e-01
7.876225109341440378e-01
7.876853859379651102e-01
7.877716412616592168e-01
7.878766673868106141e-01
7.884027488149922824e-01
7.884454700977149288e-01
7.885076246138488232e-01
7.885934743158792282e-01
7.890231839561434590e-01
7.890423512142020757e-01
7.890834187397196553e-01
7.891529646885395710e-01
7.892517497799859116e-01
7.894109953885638520e-01
7.896748538199616085e-01
7.901369900984051009e-01
7.900665388002473533e-01
7.902176987796512009e-01
7.905066135381488834e-01
7.904567352061530050e-01
7.906401721076569133e-01
7.905866724243884036e-01
7.905607072840123983e-01
7.905700484134324801e-01
7.906229442696502963e-01
7.907638112994153090e-01
7.910702257703950968e-01
7.917071300502221964e-01
7.929677665019678745e-01
7.914019390627924366e-01
7.914045182568747450e-01
7.913770811342220046e-01
7.914006675469279495e-01
7.915340911303778704e-01
7.917038299424719039e-01
7.918373001757541552e-01
7.916826758083893578e-01
7.915521290109626129e-01
7.914443304697079684e-01
7.916758790049351902e-01
7.915506406022031483e-01
7.917597721675455613e-01
7.916222588902642743e-01
7.915070080017991838e-01
7.914127565876236670e-01
7.913382602520310227e-01
7.912824761136082463e-01
7.912451156007389574e-01
7.912262557834742749e-01
7.912277783275731835e-01
7.912546062823193616e-01
7.913191838731236105e-01
7.917974666531998329e-01
7.917810150411406234e-01
7.921636643410976397e-01
7.921009038188425722e-01
7.924165039358745943e-01
7.923218733310734008e-01
7.925918433462972867e-01
7.924746723380222679e-01
7.923785806202020554e-01
7.923025442550896136e-01
7.926168867516897309e-01
7.925145345310374845e-01
7.924325347715150958e-01
7.927484455429277821e-01
7.926421369951803797e-01
7.925558018437054431e-01
7.924885144356568212e-01
7.924393265763437499e-01
7.924078701554583271e-01
7.923941149857158806e-01
7.923991400322167866e-01
7.928805707419299686e-01
7.928358584072235926e-01
7.928102508186406494e-01
7.932194197978416073e-01
7.931514137004732623e-01
7.934761879087444125e-01
7.933775338457104143e-01
7.932988826367032287e-01
7.936160986797142769e-01
7.935100313055051258e-01
7.937734347693883308e-01
7.936473678399852405e-01
7.935424744901437011e-01
7.934576356898576099e-01
7.937732591466872822e-01
7.939995469360363600e-01
