8.672330739076243578e-02
6.191029824720289260e-02
4.659478170137860975e-02
3.877329425559022935e-02
3.447856072476108286e-02
3.192917381875452765e-02
3.031725793786044926e-02
2.924524489325486948e-02
2.848761222149839845e-02
2.793370718850359674e-02
2.750663356928367137e-02
2.715800434891780038e-02
2.685846168226245501e-02
2.658820424025672147e-02
2.632266658240867141e-02
2.606332294379623896e-02
2.582246050574208210e-02
2.558038330117390000e-02
2.533573552208589694e-02
2.507018438008319985e-02
2.482636394607422997e-02
2.455423013249185757e-02
2.430298937444039936e-02
2.404728377521248017e-02
2.378069541437759921e-02
2.351565075748000833e-02
2.323579215649019397e-02
2.295609927290975100e-02
2.267472496534038776e-02
2.239296639867441666e-02
2.211377031615060010e-02
2.183472295480303957e-02
2.155774848946320071e-02
2.127917021636415926e-02
2.099975431044075885e-02
2.072167439515563286e-02
2.046162459050812968e-02
2.018758621417044222e-02
1.991419800243065044e-02
1.964145417321380011e-02
1.937102607000228474e-02
1.910438735974657326e-02
1.884054386054975078e-02
1.858009052617565562e-02
1.832997399765551316e-02
1.808261020818640805e-02
1.785141340158339154e-02
1.760949540355111892e-02
1.737050441882947993e-02
1.713529338044473757e-02
1.690181161030810536e-02
1.667211167201592195e-02
1.644538295410003306e-02
1.622158180100062921e-02
1.600075856633177696e-02
1.578290505201573532e-02
1.556551427843767300e-02
1.535382814131294911e-02
1.514508977356264496e-02
1.493921236457002727e-02
1.473627852010424288e-02
1.453623087170197344e-02
1.433903716839836535e-02
1.415121119973123537e-02
1.395960024487090563e-02
1.377077063609920965e-02
1.358469702610022763e-02
1.339665770862625942e-02
1.321626259569296143e-02
1.303852853034707070e-02
1.286343289814214849e-02
1.269093538843041671e-02
1.252100835029888726e-02
1.235363333209409803e-02
1.218875534177095779e-02
1.202632958686178193e-02
1.186634722731659368e-02
1.171326550071970403e-02
1.155801883519191886e-02
1.140922869396879258e-02
1.125860055298331941e-02
1.111025210452409352e-02
1.096414873782843198e-02
1.082026489536503863e-02
1.067857069649842498e-02
1.053903490753023767e-02
1.040162529314652730e-02
1.026631018687311839e-02
1.013305537029428154e-02
1.000185792265005993e-02
9.872665182684427568e-03
9.745447672269487438e-03
9.620175348823055417e-03
9.496816565929889695e-03
9.375341790560941940e-03
9.255722912580085365e-03
9.137931221509111579e-03
9.021938635708898896e-03
8.907717684269669464e-03
8.795236487439116527e-03
8.684472312754210055e-03
8.575398096519769309e-03
8.468122304242245782e-03
8.362517023117453999e-03
8.258561224708261747e-03
8.155963842687300597e-03
8.054926491411561196e-03
7.955425909887204119e-03
7.860144179574590773e-03
7.763591303618914974e-03
7.668502188453112274e-03
7.574849642946667079e-03
7.485155806966153902e-03
7.394269084782482439e-03
7.304881687301933296e-03
7.216718063370444747e-03
7.129883665245135942e-03
7.044418424263273158e-03
6.960243302951119558e-03
6.877265269439073944e-03
6.795531941019967298e-03
6.715160193168281250e-03
6.636031743625556666e-03
6.560231918991050494e-03
6.483276741970790853e-03
6.407467155210140770e-03
6.332783760812521305e-03
6.259467969522251006e-03
6.187308791904335380e-03
6.116245273192562511e-03
6.046139220443554757e-03
5.977052675413602710e-03
5.909036037229063038e-03
5.841928340286853087e-03
5.776004428844656348e-03
5.712654544688025755e-03
5.648500343831810121e-03
5.584937550753454015e-03
5.522302363652521057e-03
5.460915471054017187e-03
5.400416378005475776e-03
5.340790123018216047e-03
5.282022349994884569e-03
5.224100067797036832e-03
5.167009029181691103e-03
5.110736006289714681e-03
5.055268330213738212e-03
5.001984627145060827e-03
4.948066959886080439e-03
4.894915163284106405e-03
4.842516009961417810e-03
4.790954535609694663e-03
4.740118521865683242e-03
4.689999214977462298e-03
4.640585051938583665e-03
4.591862349895788065e-03
4.543796210512112202e-03
4.496400213176667514e-03
4.449617712025158781e-03
4.403559265139270380e-03
4.358138334314059191e-03
4.313343318992734002e-03
4.269148598848397473e-03
4.225483847179028682e-03
4.182456051247849908e-03
4.140012951715451445e-03
4.098147058443420143e-03
4.056939872108805169e-03
4.016228454222516529e-03
3.975993264018064938e-03
3.936427367437114744e-03
3.897365433769784272e-03
3.858847767454048113e-03
3.821839040254875440e-03
3.784326569946952663e-03
3.747310199910491597e-03
3.710728520452696941e-03
3.674625549135961036e-03
3.639187147373646163e-03
3.604078896268828394e-03
3.569422709210574862e-03
3.535252938099645720e-03
3.501496022149640404e-03
3.468132953348994872e-03
3.435203378500297465e-03
3.402700238375056061e-03
3.370854317455943428e-03
3.339413815397763909e-03
3.308340982197692862e-03
3.277655992254329461e-03
3.247400506409290916e-03
3.217496868811107937e-03
3.188006923575623271e-03
3.158883272522921247e-03
3.130116278387553089e-03
3.101797532778107110e-03
3.073825841905253927e-03
3.046185223913713391e-03
3.018879322374117772e-03
2.992012284745068293e-03
2.965395521774229302e-03
2.939102245131052036e-03
2.913143556028566922e-03
2.887514949161329707e-03
2.862206946195043709e-03
2.837250418276031361e-03
2.812590037802284101e-03
2.788162963416683949e-03
2.764124628084197247e-03
2.740326935035468717e-03
2.717487839350692016e-03
2.694266023557153472e-03
2.671298638905281447e-03
2.648598691098966954e-03
2.626240662230982462e-03
2.604803818518033019e-03
2.583009700454895301e-03
2.561265530555825905e-03
2.539928882931177280e-03
2.518843141039458534e-03
2.498007281512530306e-03
2.477347491545404175e-03
2.457016119761035958e-03
2.436913395015182209e-03
2.416999147954399137e-03
2.397291924923166881e-03
2.377848746241435513e-03
2.358578214998155193e-03
2.339526521773770216e-03
2.320721804002447066e-03
2.302125770677064184e-03
2.283735498024414088e-03
2.265542041436070884e-03
2.247548936046862237e-03
2.229809474166996597e-03
2.212262117191246286e-03
2.194948321112046626e-03
2.177851435576206793e-03
2.161695137376249635e-03
2.144940050403738169e-03
2.128383124664747460e-03
2.112188449571909734e-03
2.095901213378221616e-03
2.079790788757620180e-03
2.063851386864806476e-03
2.048220032562151228e-03
2.032822866356254199e-03
2.018290740829654407e-03
2.003243866189408865e-03
1.988516764897587177e-03
1.973791457289029473e-03
1.959397967792735149e-03
1.945124990483249787e-03
1.930899965178183497e-03
1.917481404168165041e-03
1.903543523808832625e-03
1.889757474078028509e-03
1.876122844026046786e-03
1.862636091082497643e-03
1.849279599686995488e-03
1.836074401279931198e-03
1.823021037699056523e-03
1.810238550125271980e-03
1.797571739395695256e-03
1.785014834702538123e-03
1.772570461637176841e-03
1.760222279580906041e-03
1.747967994282425717e-03
1.736506286212001655e-03
1.724480135182096443e-03
1.712533201258411436e-03
1.700665174656624092e-03
1.688895645956384889e-03
1.677233973562899765e-03
1.665669932699268560e-03
1.654213043291294025e-03
1.642847671208988143e-03
1.632471295280737283e-03
1.621321218371331221e-03
1.610267084495626937e-03
1.599317149316532068e-03
1.589377117609764049e-03
1.578959864939343894e-03
1.568646521428673606e-03
1.558458714195511087e-03
1.548923265210977538e-03
1.538960338003665662e-03
1.529128556756992330e-03
1.519434457145482555e-03
1.509880703373482841e-03
1.500148149042803900e-03
1.490501090259481508e-03
1.480941566811297709e-03
1.471499169881935153e-03
1.462177465746746993e-03
1.452968567958510746e-03
1.443822336649249480e-03
1.434761631603738603e-03
1.425810577612192679e-03
1.417018642498833574e-03
1.408610000648869223e-03
1.400273472531167462e-03
1.392088487811976019e-03
1.384092031796595700e-03
1.376278694478867736e-03
1.368274231196451793e-03
1.360710152253615749e-03
1.352992074765594016e-03
1.345442339559367465e-03
1.338029218638412407e-03
1.330374459534627851e-03
1.322785602432227300e-03
1.315726964252875381e-03
1.308449500403162206e-03
1.301056416645390151e-03
1.293922562890494066e-03
1.286867222179862097e-03
1.279896277971409764e-03
1.272756926320256499e-03
1.265677040681018441e-03
1.258933685771870771e-03
1.252279727417674945e-03
1.245717696314148403e-03
1.239249768670415506e-03
1.233205980434847046e-03
1.227174641652758634e-03
1.221157244082783340e-03
1.215159468680450947e-03
1.209193794638985806e-03
1.203267421352937619e-03
1.197387047968145359e-03
1.190970806632043024e-03
1.185198977216848394e-03
1.179497195379161471e-03
1.173876530053857272e-03
1.168350353289799399e-03
1.162934428715198558e-03
1.157288488032411815e-03
1.151690983303762118e-03
1.146116692726378622e-03
1.140142809983520815e-03
1.134653585035252238e-03
1.129549969277165132e-03
1.124453871656745565e-03
1.119406139326242257e-03
1.113656823608236493e-03
1.107951409455472163e-03
1.103128143393801918e-03
1.097507202213723367e-03
1.092880365762292482e-03
1.088399473208201016e-03
1.083731446272069316e-03
1.079106216648434034e-03
1.073683544997722054e-03
1.069151955560403112e-03
1.064671881066272998e-03
1.059365138696275214e-03
1.054988883048361623e-03
1.050673581327894257e-03
1.046422203996824184e-03
1.042236248155845903e-03
1.038116455398135820e-03
1.034286052663912873e-03
1.030458621769903731e-03
1.026642726624722550e-03
1.022833362685054417e-03
1.019033821723692480e-03
1.015248577136204774e-03
1.011481551364706985e-03
1.006610526382007440e-03
1.002908807385996873e-03
9.992578866851158786e-04
9.956687753802735599e-04
9.921212903326189457e-04
9.886113018746887915e-04
9.851401448868423415e-04
9.816707827897432070e-04
9.770370655951864450e-04
9.724356221096298793e-04
9.690120587963002921e-04
9.656366656412868500e-04
9.611217904522972606e-04
9.578161393427161909e-04
9.545747536545142560e-04
9.514276734977186647e-04
9.483857984117362956e-04
9.454525011946580959e-04
9.423364853402020538e-04
9.392426974169325446e-04
9.361741376154779446e-04
9.331343859058664671e-04
9.301270828503933148e-04
9.271565575972629024e-04
9.242265937304029472e-04
9.213391882682204267e-04
9.184948561464973977e-04
9.156938528628576776e-04
9.129363509329272916e-04
9.104384400059364847e-04
9.079275085478825122e-04
9.054073434661785670e-04
9.028823707569339765e-04
8.988621748109710922e-04
8.963600820466158291e-04
8.938615635191842499e-04
8.913725206361370430e-04
8.888949384653362486e-04
8.864301885019365080e-04
8.839947419562317306e-04
8.815827398872485860e-04
8.791902806524081772e-04
8.768197458818260655e-04
8.744666756001687581e-04
8.720900330279757065e-04
8.696995411704423707e-04
8.673279024815567020e-04
8.649961340289163665e-04
8.626993077922135659e-04
8.589868175225013605e-04
8.567840522432452945e-04
8.546493866645843256e-04
8.525917334542571641e-04
8.506186064288735141e-04
8.484786402959282065e-04
8.463494309970352996e-04
8.427575262534493144e-04
8.391881275274763611e-04
8.371180463421112232e-04
8.335866693387003349e-04
8.315562666019767199e-04
8.295451823418950555e-04
8.275560867410331010e-04
8.255911405718132810e-04
8.236521228907371043e-04
8.217405061911219532e-04
8.183207844062854617e-04
8.164628233739506212e-04
8.146333886757276075e-04
8.128321133805588338e-04
8.110583134260037101e-04
8.095062234377644770e-04
8.079408326978898547e-04
8.063642131723972213e-04
8.047786679331556418e-04
8.031865567029500188e-04
8.015904434421247367e-04
7.999927109824847126e-04
7.983954717069668104e-04
7.968007010359036586e-04
7.952100754360081052e-04
7.936249290733581128e-04
7.920459570591088403e-04
7.904727868225212709e-04
7.889074445471181253e-04
7.873524460488061328e-04
7.858088548974469234e-04
7.842676913915852099e-04
7.827070831384287577e-04
7.811315964708190384e-04
7.795451786574443933e-04
7.779788801232582606e-04
7.764470320043348256e-04
7.749533549510583376e-04
7.734988502293991056e-04
7.720875162556993998e-04
7.707234892856650033e-04
7.676802369688762390e-04
7.664016883543057351e-04
7.651773335285840059e-04
7.637956620634764717e-04
7.624179851390487216e-04
7.610451608177433609e-04
7.596783603226493894e-04
7.567113172598571380e-04
7.553689137205133906e-04
7.540360291341821836e-04
7.527143230208463215e-04
7.514053897897639625e-04
7.501106393878355502e-04
7.488311921230679296e-04
7.459372844048131872e-04
7.430589268818619522e-04
7.418394000531891401e-04
7.406378286230652815e-04
7.394544866056718384e-04
7.382894622188566599e-04
7.371426467337555090e-04
7.360138276445328661e-04
7.350956068142057171e-04
7.341631950198117392e-04
7.332179129097760777e-04
7.322611553489306608e-04
7.312943111496590523e-04
7.303187935519429982e-04
7.293360400646968110e-04
7.283474630181884174e-04
7.273543900243262467e-04
7.246049873862159783e-04
7.236126355610908402e-04
7.226198376912511918e-04
7.216275937991734274e-04
7.206364983566342563e-04
7.196468691191341928e-04
7.186589236122571537e-04
7.176729617686533613e-04
7.166891551858683420e-04
7.157097908489986216e-04
7.147222117147662614e-04
7.137170981161215615e-04
7.126970940936625323e-04
7.116649431574445950e-04
7.106294489573170177e-04
7.096178597977211445e-04
7.086328276411781946e-04
7.076745439387548652e-04
7.067449694157644947e-04
7.058469123955427894e-04
7.049831116570313408e-04
7.041560836539875442e-04
7.033677046785776323e-04
7.026191190321763981e-04
7.017167648194072571e-04
7.008144284908911139e-04
6.999126993410749757e-04
6.973514525918371888e-04
6.948028954871995899e-04
6.939213038923956354e-04
6.930456885625240447e-04
6.921773247897019523e-04
6.913174061250602258e-04
6.904669553383854796e-04
6.896267732714081011e-04
6.887975294122028773e-04
6.879796826382828358e-04
6.854908281729544476e-04
6.847100782589651130e-04
6.839413180080925999e-04
6.831844470125535834e-04
6.824393184649751648e-04
6.817057488347084407e-04
6.792550368888795658e-04
6.786928755792149799e-04
6.781208266927830691e-04
6.775395953393770860e-04
6.769499109336551534e-04
6.763525150356787833e-04
6.757481616100602904e-04
6.751375955168753117e-04
6.745215174873514475e-04
6.739006673979869820e-04
6.732757576031750532e-04
6.708785689041807864e-04
6.702466816786650057e-04
6.696138888950028522e-04
6.689803881338512396e-04
6.683463448917542626e-04
6.677119000768939622e-04
6.670772157263517906e-04
6.664436945462196525e-04
6.658143741141612322e-04
6.651894045430095008e-04
6.645606884963158609e-04
6.639168914558071398e-04
6.632594494019632613e-04
6.625898428456640250e-04
6.619095575299724062e-04
6.612200215000313712e-04
6.589029654820917912e-04
6.582601609726635057e-04
6.576364960364795408e-04
6.570343262100865290e-04
6.564551664064289084e-04
6.559004217039482963e-04
6.553712822028488413e-04
6.548685258829160631e-04
6.543925226488180556e-04
6.539432000195676779e-04
6.535200984318750546e-04
6.529208191962817490e-04
6.523201867644489197e-04
6.517185454825012063e-04
6.511163925365029545e-04
6.505143252302394812e-04
6.499134280339057467e-04
6.493143963116302254e-04
6.487176599742226681e-04
6.464845207177827074e-04
6.459019192771193194e-04
6.453228822395273498e-04
6.447478066318275067e-04
6.441770675839229507e-04
6.436110030634570279e-04
6.430499205224753318e-04
6.424940835921126884e-04
6.419437099602292402e-04
6.413989760783767079e-04
6.408600194072770415e-04
6.403269462367177593e-04
6.397998310955219699e-04
6.392787375756367029e-04
6.387636760207041336e-04
6.382546344891431829e-04
6.377515841174762707e-04
6.372544806411638806e-04
6.367632741715185387e-04
6.362779006698524812e-04
6.357982798694611836e-04
6.353243332166272957e-04
6.348559861347275119e-04
6.343931423020282567e-04
6.322553021681308729e-04
6.318140770454139590e-04
6.313778772844056255e-04
6.292569590759671027e-04
6.271466978777594627e-04
6.268785473333996156e-04
6.266078788126267819e-04
6.263346721879886310e-04
6.260589186666926055e-04
6.257806035689729473e-04
6.254997176829514343e-04
6.252162560809981480e-04
6.249302152898808613e-04
6.246415985502756394e-04
6.225609303916941097e-04
6.222681972897643179e-04
6.219730919347886151e-04
6.216756481836082683e-04
6.213759036835667451e-04
6.210739010018402834e-04
6.207696860347258457e-04
6.204633042713344994e-04
6.201548043797654175e-04
6.181022280411338672e-04
6.177930845685473136e-04
6.174821587648493927e-04
6.171695108086249848e-04
6.168552099021627376e-04
6.165392674105721338e-04
6.162217810927794531e-04
6.159028194226400790e-04
6.138762970560038886e-04
6.135596241755277361e-04
6.132418318965469212e-04
6.129229808721079397e-04
6.126031497970416085e-04
6.122824008452891617e-04
6.119608035066069962e-04
6.116385971212205935e-04
6.113160102561015097e-04
6.109930552194322130e-04
6.106697512060805123e-04
6.103461184392045165e-04
6.100221770135625483e-04
6.096979467897644007e-04
6.093734470506779110e-04
6.090486973879887748e-04
6.087237029336235597e-04
6.067435738300098504e-04
6.064274327187451534e-04
6.061123497450066240e-04
6.057983244166991821e-04
6.054853527856056405e-04
6.035237321502321664e-04
6.032226628477841942e-04
6.029226396939731244e-04
6.026236718513522687e-04
6.023257680693994403e-04
6.020289373720757965e-04
6.017331875727946651e-04
6.014340062135511327e-04
6.011298379420137875e-04
6.008207137177910958e-04
6.005066814347897802e-04
6.001878032779810971e-04
5.998641398029076147e-04
5.995357603362449182e-04
5.992027622151282129e-04
5.988652745272467128e-04
5.985234416461923841e-04
5.966059433905684072e-04
5.962572783116479183e-04
5.943514123135116905e-04
5.940039363972837803e-04
5.921096109221792242e-04
5.917806135686018258e-04
5.898976408743911333e-04
5.895921041304566469e-04
5.892923683226820820e-04
5.889983160219102202e-04
5.887098323185428403e-04
5.884274866037163959e-04
5.881515348681059423e-04
5.878819104357402032e-04
5.876185123251299490e-04
5.873612778795134562e-04
5.871100653848480974e-04
5.852553939541254181e-04
5.850440025065221754e-04
5.848369141941735239e-04
5.846339232263261017e-04
5.844348226753566522e-04
5.842394256320995131e-04
5.840475091042602413e-04
5.838588765738608397e-04
5.836733358281432282e-04
5.818391560596885117e-04
5.800137142423313942e-04
5.797567792322222153e-04
5.794990746038576265e-04
5.792406237869968458e-04
5.789814991085926767e-04
5.787216576200157657e-04
5.784611589352355813e-04
5.782000397109700405e-04
5.779383431141057667e-04
5.761357949266045480e-04
5.758784673191709273e-04
5.756208236865852958e-04
5.753629289028949767e-04
5.751048385073000537e-04
5.748466307464465599e-04
5.745883584948317021e-04
5.743300909091231775e-04
5.725483391641516054e-04
5.722973663854501224e-04
5.720467626585118556e-04
5.717965980348933743e-04
5.715469418545561855e-04
5.712978625130796370e-04
5.710494397334244920e-04
5.708017260372559359e-04
5.705547849432859604e-04
5.703086776090447773e-04
5.700634626312807169e-04
5.698191958050292548e-04
5.695759299176379091e-04
5.693337173482953401e-04
5.675821084936149858e-04
5.673523134125522298e-04
5.671237047863419154e-04
5.668963061537434173e-04
5.666701377738593993e-04
5.664452170873382876e-04
5.662215588158939477e-04
5.659991750723674915e-04
5.657780754791109879e-04
5.655582672922780142e-04
5.653397555302927232e-04
5.651225431047326693e-04
5.649066309518631325e-04
5.646920181636684794e-04
5.644787021171523804e-04
5.642666786009209066e-04
5.640559419382453312e-04
5.623365023352998532e-04
5.621409417274677439e-04
5.604308544458080519e-04
5.602505411806847765e-04
5.600710516114985882e-04
5.583714282165957521e-04
5.582070987623323141e-04
5.580432995608705041e-04
5.563538953027013243e-04
5.562050597182438506e-04
5.560564493654754706e-04
5.543770292217328841e-04
5.542430860601801944e-04
5.541090647009728814e-04
5.539749718599018460e-04
5.538408134292475667e-04
5.537065951400120881e-04
5.535723225645308634e-04
5.534380011188018379e-04
5.533036360647275789e-04
5.531692208902710831e-04
5.530347726817987433e-04
5.529002959620685958e-04
5.527657953942715892e-04
5.526312754986681917e-04
5.509725766270665665e-04
5.508524808507632908e-04
5.507320681969000162e-04
5.506113505247636243e-04
5.504903389462971865e-04
5.503690442822395390e-04
5.502474770661156889e-04
5.501256579666799961e-04
5.500035860887449992e-04
5.498812713990287957e-04
5.497587233411731092e-04
5.496359527845469297e-04
5.479949153147417509e-04
5.480179876239317819e-04
5.480446790778950713e-04
5.479289369517324976e-04
5.478128562677158633e-04
5.476964486896642760e-04
5.475797256048452752e-04
5.474626980924400532e-04
5.458337843029708930e-04
5.458501846542931175e-04
5.458697079343861761e-04
5.458925574534442696e-04
5.459189819775939114e-04
5.458022840620095541e-04
5.456853306552956421e-04
5.455681313152341500e-04
5.454506954568235895e-04
5.453330322289873331e-04
5.452151505196255622e-04
5.452406576032185195e-04
5.451190978640975187e-04
5.449974199818516775e-04
5.448756228617711696e-04
5.447537199746293199e-04
5.446317170254613141e-04
5.430204840778704144e-04
5.430339441581268469e-04
5.430504079474178167e-04
5.430700661901437416e-04
5.414666099520936034e-04
5.414790199632136831e-04
5.414942283669558825e-04
5.415124542300297442e-04
5.415338916141890224e-04
5.415587969386005413e-04
5.399632944123056990e-04
5.399805356038840697e-04
5.400008140989162164e-04
5.384128108455603400e-04
5.384259179175458288e-04
5.384417168975784819e-04
5.384603556092753618e-04
5.384820461347446371e-04
5.385070195899828742e-04
5.385354879470112804e-04
5.384192598511803370e-04
5.383029683591099637e-04
5.381866187659761335e-04
5.380701975711713134e-04
5.379537290608627648e-04
5.378372175712925734e-04
5.377206677882436425e-04
5.376040841298306092e-04
5.376283159449427983e-04
5.360549091022750144e-04
5.360710821671645088e-04
5.360901607890409615e-04
5.361123759816686972e-04
5.361379200971476758e-04
5.345720391730915053e-04
5.345895009913892437e-04
5.346099026167706230e-04
5.346333945754715416e-04
5.346601970004111627e-04
5.345438981515845261e-04
5.344276450263132569e-04
5.343114405283842664e-04
5.327554323055713227e-04
5.327710215744819186e-04
5.327893783617881733e-04
5.328106674270033025e-04
5.328350736014514887e-04
5.327210218020513727e-04
5.326070114970241900e-04
5.324930457074435663e-04
5.325175941506305344e-04
5.324005864192807953e-04
5.322836908636793471e-04
5.321669200577025917e-04
5.306231787976949978e-04
5.306361451107142633e-04
5.306516825983032242e-04
5.306699881148390805e-04
5.306912194747889474e-04
5.307155897926016559e-04
5.305985172342663403e-04
5.304816196413258446e-04
5.303648964187650293e-04
5.302483469087862934e-04
5.301319703903198399e-04
5.301535152742838574e-04
5.300343663797867262e-04
5.299154586625948269e-04
5.297967897669324288e-04
5.296783570947228301e-04
5.296979075106977549e-04
5.281689229792612458e-04
5.281797568924456775e-04
5.281931056643347474e-04
5.282091186720688867e-04
5.282279747600147120e-04
5.281100348416165003e-04
5.279923605143242542e-04
5.280115889360569286e-04
5.278913519668608804e-04
5.277714404446689220e-04
5.276518378206983099e-04
5.276699484460081789e-04
5.275478722331471007e-04
5.274261728795497615e-04
5.273048552346918001e-04
5.271839011335060013e-04
5.271992752121434445e-04
5.270759627765349330e-04
5.269530650755036147e-04
5.268305743810949284e-04
5.268444063720985684e-04
5.267196424667833698e-04
5.265953325034969943e-04
5.264714676601307082e-04
5.264835844525362881e-04
5.263575284062234827e-04
5.262319604613975316e-04
5.261068793360315415e-04
5.246000658704129231e-04
5.245985229067633886e-04
5.230986154478973419e-04
5.230891869579766800e-04
5.215961743022389137e-04
5.201097986895285123e-04
5.200875139517175793e-04
5.200658961911421322e-04
5.185866670236070550e-04
5.171139782618166397e-04
5.156477867546686205e-04
5.156162507747357121e-04
5.155847809732399915e-04
5.155533992448724885e-04
5.155221187908052378e-04
5.140636934343934981e-04
5.140310203827112238e-04
5.139983483048515345e-04
5.139656792400249192e-04
5.139330209226339059e-04
5.139003840682337823e-04
5.138677790946063117e-04
5.138352179192211093e-04
5.138027097915868861e-04
5.137702654883224973e-04
5.137378948270878657e-04
5.137056100334442665e-04
5.122572110601414895e-04
5.122234221432743484e-04
5.121896119320332825e-04
5.121557875881263674e-04
5.121219588168570043e-04
5.120881342647961741e-04
5.120543226408409785e-04
5.120205327348538102e-04
5.119867734296273910e-04
5.119530537128686755e-04
5.119193826901110482e-04
5.118857696248707871e-04
5.118522238860516568e-04
5.118187550122084992e-04
5.103809693386327472e-04
5.103457593489201622e-04
5.089145886722503363e-04
5.088785449291781046e-04
5.088423810226594055e-04
5.088061022260547631e-04
5.087697137937731732e-04
5.087332212747872669e-04
5.086966304395078861e-04
5.086599456395910022e-04
5.086231720202040018e-04
5.085863139962919655e-04
5.071644070329441858e-04
5.071269581734525779e-04
5.070893520148448547e-04
5.070515916943000093e-04
5.070136819299913764e-04
5.069756266165970473e-04
5.069374295734657221e-04
5.055237385945347264e-04
5.054860301080195710e-04
5.054479873966263902e-04
5.040410984448130596e-04
5.040051057312165033e-04
5.026046293827630572e-04
5.025724089019646549e-04
5.025395278289713748e-04
5.025059977900204079e-04
5.024718271177681505e-04
5.024370256889699408e-04
5.024016029345167427e-04
5.023656449798242747e-04
5.023293528404808262e-04
5.022927271739676281e-04
5.022557613089946409e-04
5.022184547686903925e-04
5.021808088527390931e-04
5.021428248517528911e-04
5.021045042133722965e-04
5.020658483105592748e-04
5.020268585191853565e-04
5.019875361683105589e-04
5.019478825168275033e-04
