8.672330739076243578e-02
6.183372275744240115e-02
4.842893719559328292e-02
4.100364626260382533e-02
3.650075014766530207e-02
3.340199187659977781e-02
3.110771700051948377e-02
3.026668185897048863e-02
2.910485552125642236e-02
2.793983178667560491e-02
2.687321176551452084e-02
2.770840410226066766e-02
2.678347255374619734e-02
2.572752196628341412e-02
2.475497862850861361e-02
2.399116208757673396e-02
2.341910217789703111e-02
2.298005827810952612e-02
2.261897793701615755e-02
2.230057405533331788e-02
2.200666816442841539e-02
2.172567421019645784e-02
2.145257465267680005e-02
2.118239283832646508e-02
2.080950821267089565e-02
2.055155219120241572e-02
2.029849010477519436e-02
2.004704357479738033e-02
1.979538169023770458e-02
1.954229732687850704e-02
1.928670299826479306e-02
1.903209503707067526e-02
1.873181019811203871e-02
1.849724901585613618e-02
1.826074726587862546e-02
1.802350805368556352e-02
1.778542610078878358e-02
1.756120803848108120e-02
1.734062950724781990e-02
1.711921621231929022e-02
1.689745835251158651e-02
1.667543372864403045e-02
1.645162053901626925e-02
1.622998625804122214e-02
1.600917064345896632e-02
1.579046976121131068e-02
1.557314095074197914e-02
1.535762042428404084e-02
1.514334244454139042e-02
1.493207747796362894e-02
1.477955880541545648e-02
1.456910491038874121e-02
1.448651472934829078e-02
1.428653208287478105e-02
1.414142961769916315e-02
1.404671491119833041e-02
1.390732704728439226e-02
1.376791362051525518e-02
1.358092596954960790e-02
1.339847433107485726e-02
1.321582357041421220e-02
1.303840755761254654e-02
1.290398145044918503e-02
1.277038703607724299e-02
1.263758116275192321e-02
1.246493133126893270e-02
1.229503641887315195e-02
1.216651500628465263e-02
1.203912404016841027e-02
1.218258386898222155e-02
1.205549376675923469e-02
1.189193480396837262e-02
1.173179471774585085e-02
1.157435612169350862e-02
1.141959760662931631e-02
1.126882715859997552e-02
1.111938448062058798e-02
1.097276845018958780e-02
1.082863958654476343e-02
1.071651648488559753e-02
1.057731927028398786e-02
1.044014757092867618e-02
1.030697346013575121e-02
1.034277030227240268e-02
1.021420424877567817e-02
1.011098267218865296e-02
9.984751394001435687e-03
9.884438623801623802e-03
9.761905979073297671e-03
9.664030553488666894e-03
9.545140998450257069e-03
9.449861150591086847e-03
9.334834972212340334e-03
9.242057599116964076e-03
9.130359549194574584e-03
9.021410215931236973e-03
8.913689487152837848e-03
8.807852801906729950e-03
8.703670260845621301e-03
8.658424192635408995e-03
8.559161039469506682e-03
8.460881310988455431e-03
8.364285863505179636e-03
8.269093512256251235e-03
8.288229973916637697e-03
8.195877145957611298e-03
8.104983737013314593e-03
8.017032294483509083e-03
7.929420700308274436e-03
7.856129203140663902e-03
7.783670518563767793e-03
7.712022877209230402e-03
7.641162868759464495e-03
7.571071669664210767e-03
7.490305672729068685e-03
7.410117508939219680e-03
7.386877819125025647e-03
7.309511236858082933e-03
7.233090113783174901e-03
7.158089442109855961e-03
7.084039027178475924e-03
7.011100139645355320e-03
6.939442159690559914e-03
6.868704103495326674e-03
6.799006341776346607e-03
6.730325897036976493e-03
6.662648181846894495e-03
6.595934531526781268e-03
6.594762136317683376e-03
6.530088750471468688e-03
6.466329866472183760e-03
6.403423804692905293e-03
6.341403244441545795e-03
6.280242483167012592e-03
6.219932338690541823e-03
6.160452867453113969e-03
6.101788506125464806e-03
6.043923889131295156e-03
5.986835259753545309e-03
5.930525210269704285e-03
5.874967295967750344e-03
6.174521254872739756e-03
6.123327823638551916e-03
6.065549025013488617e-03
6.008545896920460330e-03
6.131519811417342376e-03
6.417459963501839434e-03
6.357746783031924948e-03
6.298819478844591355e-03
6.240646020588620953e-03
6.183236277795016965e-03
6.133171065776789159e-03
6.083551898557875218e-03
6.028010511435993694e-03
5.973125154136170109e-03
6.262405963469747094e-03
6.202755072166613731e-03
6.331529239189620170e-03
6.265261327209106432e-03
6.465443495434170657e-03
6.383264996993743244e-03
6.306289132092963816e-03
6.233674020256548855e-03
6.164728421364781136e-03
6.105160988409048285e-03
6.400473776426312406e-03
6.337081097875762667e-03
6.276462901469883997e-03
6.563757015447811358e-03
6.499581668973313311e-03
6.438035485886440396e-03
6.378722947470321682e-03
6.314710307204680385e-03
6.252635729392460803e-03
6.192186750565212977e-03
6.133178179532553301e-03
6.075471442308437962e-03
6.018937797115015732e-03
5.969490196739880503e-03
5.920847774911028490e-03
5.872942304369238066e-03
5.825716918621058442e-03
5.779125701439995037e-03
5.733129101408284550e-03
5.687694764985944465e-03
5.642795339222963016e-03
5.598406836352818813e-03
5.554509837370714444e-03
5.511087020215689816e-03
5.462747274357899682e-03
5.415010667953408345e-03
5.367859249822934040e-03
5.321116814825700703e-03
5.274920141701988467e-03
5.229268135409402031e-03
5.184148491804733624e-03
5.480344699733306728e-03
5.438007307570920899e-03
5.396085750659773174e-03
5.354573718973522703e-03
5.313464346955538466e-03
5.606964875726351549e-03
5.563438166252938910e-03
5.520335972938279767e-03
5.477652439470081375e-03
5.435381751673724546e-03
5.393518391574442065e-03
5.352057324767906486e-03
5.310993604194175557e-03
5.270322397017516980e-03
5.230039246676668370e-03
5.190139505314454206e-03
5.150618535832069723e-03
5.111472346086828183e-03
5.072696652785784431e-03
5.034286818489414929e-03
4.996239176602794430e-03
4.953650829537994266e-03
4.911544253645375863e-03
4.869911960633530393e-03
4.828744546847616934e-03
4.788036543922005381e-03
4.747784030751056768e-03
4.707974368525719676e-03
4.668601618565311473e-03
4.629658686246404357e-03
4.591140594494504470e-03
4.898904999938151310e-03
4.862364913572875431e-03
4.826163896331644824e-03
4.790298920187206072e-03
4.754766472804002227e-03
4.719563021955415320e-03
4.684685066348655801e-03
4.650128865820956497e-03
4.615891147774360895e-03
4.577508087992324462e-03
4.539533667281723910e-03
4.501961949916186145e-03
4.464795879151664364e-03
4.428022651504075723e-03
4.391640805052691651e-03
4.355637762392806749e-03
4.320021134961174458e-03
4.284776309702066632e-03
4.249895961140967224e-03
4.215385436643188065e-03
4.181231285194640136e-03
4.147431515939410153e-03
4.113983500434786368e-03
4.080884169819791810e-03
4.048120350607627670e-03
4.015694483249571643e-03
3.983604023483415697e-03
3.951836233529229178e-03
3.920393378279771537e-03
3.889268956740135879e-03
3.858358909109705151e-03
3.827757411585877134e-03
3.797459484974037916e-03
4.116655154840387354e-03
4.258006810114421670e-03
4.228470412194380856e-03
4.199190916266767534e-03
4.170165931138470998e-03
4.141392950705081316e-03
4.112869598789102403e-03
4.084593315507482197e-03
4.056561577307783370e-03
4.028772078003586138e-03
4.001222439146361227e-03
3.973910307265610294e-03
3.946833495828212975e-03
3.919989555363679115e-03
3.893376205422599979e-03
3.866991189201703961e-03
3.840832246075115333e-03
3.814897193873524259e-03
3.789183689146565122e-03
3.763689725779165683e-03
3.738413162282621695e-03
3.713351879530207931e-03
3.688503858569739269e-03
3.663866949602232349e-03
3.639439219846343342e-03
3.615218361655358776e-03
3.591202532601872263e-03
3.567389725220065661e-03
3.543778095234602354e-03
3.520365567379426120e-03
3.497150213663378741e-03
3.474130126155685911e-03
3.451303188775216128e-03
3.428668100896973235e-03
3.406222603608517752e-03
3.383964926697468917e-03
3.361893270479269970e-03
3.340005652410267794e-03
3.318300488433762341e-03
3.296776033839841913e-03
3.275430698009533601e-03
3.254262609764074689e-03
3.564511866636794687e-03
3.540921878763685776e-03
3.517530824726881021e-03
3.494336715212957665e-03
3.796487885800871320e-03
3.770922613869127742e-03
3.745576034691491026e-03
3.720445921573953610e-03
3.695530088149921646e-03
3.670826384837384479e-03
3.646332695881754956e-03
3.622046936884377663e-03
3.597967179298944274e-03
3.574091121710654302e-03
3.550416927361783100e-03
3.526942603001024471e-03
3.503666196305410627e-03
3.480585720024063825e-03
3.457699325780426349e-03
3.435005128727931182e-03
3.412501240533241838e-03
3.390185921852474984e-03
3.368057413884264790e-03
3.346113848906785530e-03
3.324353137182566899e-03
3.302773884720579083e-03
3.281374198534742128e-03
3.260152184701822949e-03
3.239106299918900322e-03
3.218234841697539730e-03
3.197536301289374480e-03
3.177008870605337217e-03
3.156650911204854620e-03
3.136460903655288821e-03
3.116437141402245061e-03
3.096578036740464841e-03
3.076881802303158431e-03
3.385343932598352135e-03
3.363230619582816949e-03
3.675304185536461092e-03
4.001193298797577937e-03
3.971387369300328866e-03
3.942293933476327845e-03
3.913822680587353796e-03
3.885899370708506811e-03
3.858463376092861191e-03
3.831464424421352800e-03
3.804861574917124852e-03
4.126878731116665096e-03
4.448080559337017764e-03
4.407875768786844416e-03
4.371051872484367669e-03
4.335249602987170832e-03
4.301336594592804902e-03
4.268399895405275077e-03
4.236305383463195330e-03
4.204942272966989865e-03
4.174223551766658748e-03
4.144071732963920500e-03
4.114426545069385481e-03
4.085238657521657497e-03
4.389952765447088442e-03
4.354525769123891894e-03
4.646479470280059053e-03
4.601636594012201500e-03
4.558631443969281966e-03
4.517190215821267028e-03
4.477077732339342260e-03
4.438121494640592107e-03
4.400160111222555653e-03
4.363070696486916894e-03
4.326750133791092655e-03
4.291122877479138474e-03
4.255991444893634720e-03
4.221418672491779496e-03
4.187363052057587777e-03
4.153783322273632561e-03
4.120642382073109143e-03
4.087923815582768239e-03
4.055577122323688818e-03
4.023610946657573025e-03
3.992000607069109280e-03
3.960736344862870323e-03
3.929802527679106608e-03
3.899193878398524073e-03
3.868899463265284937e-03
3.838909622955181955e-03
3.809220936048928786e-03
3.779823683212335094e-03
3.750714037896146769e-03
3.721887652010523809e-03
3.693341719755232570e-03
3.665069286265554196e-03
3.637068600909261831e-03
3.609332733026790127e-03
3.916708108897693462e-03
3.885565149727062458e-03
3.854870592709026648e-03
3.824586372128226282e-03
3.794695821897292685e-03
3.765168294575703400e-03
3.735987979139656148e-03
3.707137696986034531e-03
4.011300608428723831e-03
4.313821568282591792e-03
4.275533184243418897e-03
4.238418251748300031e-03
4.578232474800199812e-03
4.529040273691848500e-03
4.482678392934288762e-03
4.438692329242303718e-03
4.396694326841660110e-03
4.356357218915596526e-03
4.317453814229763216e-03
4.279769361973753163e-03
4.243138756160402987e-03
4.207423543154134582e-03
4.172509468997276372e-03
4.138297875991653330e-03
4.104718665882771921e-03
4.423947900125487290e-03
4.385024496754839907e-03
4.735731528213924825e-03
4.683524669345658434e-03
4.634477299179129949e-03
4.588057011147262353e-03
4.543847589481174974e-03
4.976746857723247236e-03
4.889042398085411550e-03
4.810943233587805165e-03
4.740737364356019390e-03
4.677041097162199131e-03
4.618713087452363912e-03
4.564827130499392142e-03
4.514620483101269496e-03
5.054206856977075564e-03
4.901086491879603699e-03
4.770013085147017939e-03
4.657014924792816229e-03
4.558847303776259775e-03
4.472844010609927992e-03
4.396829923281326928e-03
4.329025510082943999e-03
4.848725226790369380e-03
5.368614506825137266e-03
5.105214838913820635e-03
4.884393042609205121e-03
5.410378364183387849e-03
5.122772580455486023e-03
4.882260281143406544e-03
4.680381876498548172e-03
4.510176073060850194e-03
4.365934476097650153e-03
4.242963415485254478e-03
4.137430905616884536e-03
4.046184101165144383e-03
3.966654973699577577e-03
3.896738866467938482e-03
3.834716650393657066e-03
3.779179116614011114e-03
3.728981461866192997e-03
4.257097463568889489e-03
4.798566515484804784e-03
4.546407244574383021e-03
4.335636906924399646e-03
4.158790390073016305e-03
4.009742179398797200e-03
3.883463443986870899e-03
3.775842234738481865e-03
3.683504330238258385e-03
3.603691514072629096e-03
3.534144035168741965e-03
3.473017491859003731e-03
3.418805329124137253e-03
3.370271504123925101e-03
3.896812744424927449e-03
3.751610808139021688e-03
4.282793734941520852e-03
4.058454952325830575e-03
3.871052811857286086e-03
3.713918012492630708e-03
3.581577387105522401e-03
3.469544607220392211e-03
3.374117919899877454e-03
3.908316572006602894e-03
3.724444378047523339e-03
3.570392532411646377e-03
3.440777477966436727e-03
3.331177576268574796e-03
3.864206999821115027e-03
3.669347930705661297e-03
3.506487638003700624e-03
3.369840140444134869e-03
3.254657735841225835e-03
3.157045494776250169e-03
3.073822403236996237e-03
3.002382348243111919e-03
3.536504596416782924e-03
3.372916114184308818e-03
3.235889928717306657e-03
3.120609921558162997e-03
3.023142901370230121e-03
2.940248327665102857e-03
2.869292971775074322e-03
2.808109675127668219e-03
2.754934193069959007e-03
2.708324084636024118e-03
2.667092069594139726e-03
2.630284367648409206e-03
2.597112547956668266e-03
2.566933866465684333e-03
3.084847246762973273e-03
3.617161372461036219e-03
3.411700308798852090e-03
3.240649022308792360e-03
3.097785479955986448e-03
2.978001274256849955e-03
2.877111072461446904e-03
2.791685770379612012e-03
2.718822425443621384e-03
2.656318129586234499e-03
2.602291238852149063e-03
2.555216847807479080e-03
2.513843815810253533e-03
2.477148273569444639e-03
2.444295024004901340e-03
2.414601181841911914e-03
2.387510994310157886e-03
2.362571808589708586e-03
2.339407399811395741e-03
2.317717030628752527e-03
2.297252346096972757e-03
2.277812760633123913e-03
2.259231103069836953e-03
2.241374320092332818e-03
2.556673679292047717e-03
2.529503243879030906e-03
2.504282407785080045e-03
2.480691406180285299e-03
2.458446059623090735e-03
2.437323934817396589e-03
2.417141695068071496e-03
2.397754924161421639e-03
2.379039443294087963e-03
2.360899166571832786e-03
2.343253100225903534e-03
2.326031627409211062e-03
2.309183243038623757e-03
2.292659986798712031e-03
2.276429063894061435e-03
2.260458778858367903e-03
2.543862209232954780e-03
2.522773886161087942e-03
2.502493954895544312e-03
2.482905310473090474e-03
2.463904786437140938e-03
2.445411762308454407e-03
2.427358604617492043e-03
2.409687275980324297e-03
2.392354523333854732e-03
2.375321053789839886e-03
2.358559574716910436e-03
2.342041857779479392e-03
2.325749165034719183e-03
2.309661070631009033e-03
2.293766821113946835e-03
2.437860930952781904e-03
2.415828577550270702e-03
2.394985574704158043e-03
2.375140348614366084e-03
2.356131319913301169e-03
2.337829489990228549e-03
2.320125704370968375e-03
2.302934806268695875e-03
2.286189189272833620e-03
2.269824773761511174e-03
2.253795236039833356e-03
2.238062061586478836e-03
2.222593663368832659e-03
2.379314712922882616e-03
2.361735875473255745e-03
2.344712842335860449e-03
2.328167239286411776e-03
2.312029856366814434e-03
2.296249025843923996e-03
2.280780737653135670e-03
2.265585336595245681e-03
2.250634536136447792e-03
2.235903582643024561e-03
2.221371461738860451e-03
2.207019133171627540e-03
2.192837750093790030e-03
2.178813122188083366e-03
2.164938386666118326e-03
2.151201915379766932e-03
2.137597346122709682e-03
2.124120750474813545e-03
2.110765719135762782e-03
2.097529638497526005e-03
2.084408734541519891e-03
2.071401039231385126e-03
2.058501712350358729e-03
2.045710792269948928e-03
2.033024169111323498e-03
2.020440625410233667e-03
2.007959185215484142e-03
1.995575057641318234e-03
1.983293401357907534e-03
1.971108416022822590e-03
1.959020818013256209e-03
1.947028641601010338e-03
1.935128054231252453e-03
1.923322480830550602e-03
1.911607982365141987e-03
1.899985080285118699e-03
1.888451998371591320e-03
2.136379087454492315e-03
2.120683581297432441e-03
2.105549177444905953e-03
2.090892586812871309e-03
2.076641962547731354e-03
2.441626759262553563e-03
2.398426869547688571e-03
2.360641016020494521e-03
2.327287818564779693e-03
2.297574881814089340e-03
2.270850062561638200e-03
2.246583869678824095e-03
2.224340273482968474e-03
2.203768067176860041e-03
2.184580732534636017e-03
2.166539235554168930e-03
2.149450616001833975e-03
2.133157381714407153e-03
2.117533311330932391e-03
2.102470982861581565e-03
2.087885304088549308e-03
2.073704668513172335e-03
2.059877658729791523e-03
2.046354438551834833e-03
2.033093505438624254e-03
2.020065213086426250e-03
2.007243454660764467e-03
1.994607995884251170e-03
1.982139315148077723e-03
1.969823178289671541e-03
1.957652278190705544e-03
1.945613265610716481e-03
1.933698108384483650e-03
1.921898411804579378e-03
1.910210485819338394e-03
1.898628835560792292e-03
1.887149648297098371e-03
1.875768838406295007e-03
1.864484334897338830e-03
1.853294778337958443e-03
1.842195231677540247e-03
1.831184894016474806e-03
1.820262739970765009e-03
1.809426413806020529e-03
1.798675020237621271e-03
1.788005349720176492e-03
1.777418806748617573e-03
1.766915226706855307e-03
1.756492038693009640e-03
1.746147535917819214e-03
1.735880454172368742e-03
1.961814488611557990e-03
1.948937469383882435e-03
1.936350828281012447e-03
1.924017090977241020e-03
1.911903834925818106e-03
2.185091543653031130e-03
2.161418641003659460e-03
2.139804531887898667e-03
2.119885742658621404e-03
2.101369098064877466e-03
2.084022953780518151e-03
2.067641319374734395e-03
2.052064545441453867e-03
2.037160968149740164e-03
2.022821071785744183e-03
2.008959258880910464e-03
1.995503794418220043e-03
1.982395067511941427e-03
1.969585234162455310e-03
2.290053400548326071e-03
2.854412425862188577e-03
2.714536790552550972e-03
2.597976211182778401e-03
2.500488104404699225e-03
2.418610401559990412e-03
2.349497326487240325e-03
2.903682930242154452e-03
2.740869568638557192e-03
2.605649552621314841e-03
2.493014372907163042e-03
2.398856497225673821e-03
2.319815106118851365e-03
2.253133651049501248e-03
2.816697679688848991e-03
2.654390919943600859e-03
2.519705624996686471e-03
2.407619479982410320e-03
2.314022043523658850e-03
2.235549532548787924e-03
2.786746463724124306e-03
2.617463809349036569e-03
2.477155235065542534e-03
2.360560324145972045e-03
2.263365777499581899e-03
2.182025022247883854e-03
2.113687451255716332e-03
2.672846478431803278e-03
2.510562577872213225e-03
2.376079489885234066e-03
2.264347748137320645e-03
2.171230720853560125e-03
2.093338402613873807e-03
2.027896293112466108e-03
1.972632941042187522e-03
1.925701958137546665e-03
1.885584864429501765e-03
1.851041553467518228e-03
1.821059195791008929e-03
1.794813871204322796e-03
1.771629767173097877e-03
1.750957694798257590e-03
1.732346951118849754e-03
1.715430949775532520e-03
2.227489820477410003e-03
2.130561271943626472e-03
2.049699501864299129e-03
1.981893579435300284e-03
1.924797462644705108e-03
1.876444817896969451e-03
1.835242021553961256e-03
1.799889237403011575e-03
1.769323339978537673e-03
1.742677080077027242e-03
1.719241299026513662e-03
1.698359816489383679e-03
1.679716425194734825e-03
2.200205024557282639e-03
2.100270517693016929e-03
2.016948321230710179e-03
1.947211191835390579e-03
1.888583426879997815e-03
1.839040214130159903e-03
2.405400890387882594e-03
2.257619074445706749e-03
2.135249178966330558e-03
2.033671912387349182e-03
1.949102664787986895e-03
1.878442297083505281e-03
1.819154842790006747e-03
1.769151617924628840e-03
1.726767227217383509e-03
1.690600463525710872e-03
1.659521768276600280e-03
1.632606295188750601e-03
1.609098934743863254e-03
1.588384192997815405e-03
1.569958304267842246e-03
1.553337804094752275e-03
1.538333142077072998e-03
1.524599527248504801e-03
1.511912889438201497e-03
1.500089759258526950e-03
1.488970950970876965e-03
1.478457550274093297e-03
1.468427592106007467e-03
1.458821633350428429e-03
1.449553086851543228e-03
1.440577548438302328e-03
1.431857416895125114e-03
1.423342923251860997e-03
1.415011580999532429e-03
1.406839634699046581e-03
1.398741273504992095e-03
1.634831219171352943e-03
1.617622778751787215e-03
1.602010751533506066e-03
1.587697541769508055e-03
1.574481227424622291e-03
1.562071157489516166e-03
1.550403553783836824e-03
1.539371840467911512e-03
1.528902612063069016e-03
1.518797848069229758e-03
1.509053868367133625e-03
1.499612736524600200e-03
1.490441305442899824e-03
1.481480880613658896e-03
1.472710426342145737e-03
1.464107230056238898e-03
1.455648574093805622e-03
1.447317422217275730e-03
1.439102023748474370e-03
1.430989987717059533e-03
1.422971938848167917e-03
1.415035896083188804e-03
1.407178975114837215e-03
1.617682918430468023e-03
2.125402293586110911e-03
2.688685799945450278e-03
2.491468802986539829e-03
2.328655662003225463e-03
2.882898601624273027e-03
2.645351980288268307e-03
2.449537893276810922e-03
2.287905572339236568e-03
2.154280394236540285e-03
2.704243268390656759e-03
2.491347655605165301e-03
2.315768262825217052e-03
2.170761468312157935e-03
2.050788132190817323e-03
1.951274695058920162e-03
1.868435651866336405e-03
1.799300964170732608e-03
1.741354746541792222e-03
1.692561715754503605e-03
1.651251910773487075e-03
1.616062168656085766e-03
1.585879427870160851e-03
1.559791917549445970e-03
2.121338545189374071e-03
1.993957857643751351e-03
1.888496760380430203e-03
1.800964303377128924e-03
1.728092696710226053e-03
1.667208900303429131e-03
1.616124346377880621e-03
1.573052446263829406e-03
1.536531299003251680e-03
1.505366579753666251e-03
1.856976740601225945e-03
1.797093008694790155e-03
1.746662574976944266e-03
1.703967620019230644e-03
1.667599268018564885e-03
1.636404397371080859e-03
1.609441195707870132e-03
1.585942711809443326e-03
1.565280812359893170e-03
1.546945588244741420e-03
1.530518450853857529e-03
2.103830847700270765e-03
1.982072406841583079e-03
1.881199884862731764e-03
1.797410173702184300e-03
1.727588643347073051e-03
1.669188185974582357e-03
1.620123617042199243e-03
1.578692248344759717e-03
1.974798058953868528e-03
1.896833042967939866e-03
1.831625152774326096e-03
1.776846843888654163e-03
1.730596721393289333e-03
1.691319125120473816e-03
2.264667752024864412e-03
2.124272300779782990e-03
2.678560738038232060e-03
2.459539118910670109e-03
2.279026617131146935e-03
2.130055895761529244e-03
2.006904683927419365e-03
1.904877944559347537e-03
1.820128658895920747e-03
1.749509135776949800e-03
1.690443252399272513e-03
2.151757755061376072e-03
2.044967003149725238e-03
1.956188801380745815e-03
1.882142089713934908e-03
1.820137896854596982e-03
1.767979897107161162e-03
1.723873841261523016e-03
2.284900838551730089e-03
2.142832157984529435e-03
2.025281377319007939e-03
1.927788136304599709e-03
1.846699843464505962e-03
1.779027797565998570e-03
1.722323009343409072e-03
1.674583888005475030e-03
1.634174616716636483e-03
1.599758989854719628e-03
1.570245618084465397e-03
1.544741841695356941e-03
1.522521482841665075e-03
1.502987254624628573e-03
1.485656774260569850e-03
1.470133208941100953e-03
1.456093215845590851e-03
1.443272905773784753e-03
1.431456491530358087e-03
1.995679700591022031e-03
1.879550639643482509e-03
2.438512830465791505e-03
2.238755098563038632e-03
2.074181897341664544e-03
1.938419430403423875e-03
1.826234790197816399e-03
1.733338234573047467e-03
1.656215052586805731e-03
1.591988187418736907e-03
1.538303184853742752e-03
1.493236201266362299e-03
1.455213608225556631e-03
1.422949484826867414e-03
1.395396589021522015e-03
1.371691011722232529e-03
1.351141142393461969e-03
1.333171561371508055e-03
1.317314668564220897e-03
1.303189415165225068e-03
1.290485183332383198e-03
1.278947557980712746e-03
1.496746275057522302e-03
1.477098228398523441e-03
1.459716787638305931e-03
1.444193063319945940e-03
1.430195351150940347e-03
1.417450259672478402e-03
1.942087389729772870e-03
1.841438530161900421e-03
1.757902969582263858e-03
1.688362039069196989e-03
1.630262136977295336e-03
1.581514707185761783e-03
1.540411493310414647e-03
1.505558285174133596e-03
1.475815952980551789e-03
1.450253406902495944e-03
1.428110162009827442e-03
1.408764561558657064e-03
1.391712930517447627e-03
1.376540445268966111e-03
1.362908745176984052e-03
1.350542982594244183e-03
1.339212988351260207e-03
1.544913510189846939e-03
1.526915889029996322e-03
1.510821828848731268e-03
1.496291419453990058e-03
1.483045413461043073e-03
1.470854920225019838e-03
1.459536842363982814e-03
1.448938163489394424e-03
1.438936491057425226e-03
1.429429854496559304e-03
1.420336136459709976e-03
1.411587852931895639e-03
1.403129836138339911e-03
1.394917349354701493e-03
1.386913766299804895e-03
1.379089047620647452e-03
1.371418143572583626e-03
1.363881234623738137e-03
1.356461785366842518e-03
1.349146196686280396e-03
1.341923844055069185e-03
1.334785080493493172e-03
1.508710866769226834e-03
1.500318672089463561e-03
1.492051147770907370e-03
1.483893753992499747e-03
1.475836474904579755e-03
1.467870412281979198e-03
1.459988267341446027e-03
1.452182417504351182e-03
1.444447442459819613e-03
1.436779862396026343e-03
1.429175584362202050e-03
1.421631720919834703e-03
1.606207769592909269e-03
1.595734367445746484e-03
1.782338973187500052e-03
1.768902250432029212e-03
1.756239422293134423e-03
2.306728951151357839e-03
2.851451836810810388e-03
2.635005145974198167e-03
2.456446393838796361e-03
2.308917447222482745e-03
2.867917248348079290e-03
2.641939991763563034e-03
2.455614737427292468e-03
2.301767211434140297e-03
2.174509380509610616e-03
2.069007484226857273e-03
1.981299335222834902e-03
1.908141423804261133e-03
2.358503829535563145e-03
2.238833703011467152e-03
