3.298881916225033351e+00
2.950149242267072314e+00
2.770300387456090530e+00
2.695812884829804190e+00
2.669194413577539393e+00
2.656326795592417689e+00
2.638765459744082165e+00
2.526822949704634169e+00
2.569151859909187152e+00
2.609982941899327447e+00
2.631107841307530837e+00
2.470782285917797250e+00
2.538353883938986311e+00
2.604062916508404157e+00
2.644982978541079888e+00
2.657851226121867416e+00
2.652611890576331621e+00
2.639048857068502230e+00
2.623114341937632155e+00
2.607673721753212437e+00
2.593879483635674887e+00
2.582160705038994752e+00
2.572544889254700706e+00
2.564944347119458179e+00
2.625899565448726491e+00
2.614825646214735233e+00
2.605607877301610475e+00
2.598214449474456789e+00
2.592529634723559351e+00
2.588423993548270907e+00
2.585757705676853035e+00
2.584302663885073237e+00
2.623243554481361706e+00
2.619058605246407989e+00
2.616210619154185402e+00
2.614545969693368388e+00
2.613941788020060830e+00
2.646992983792547438e+00
2.644080868402480800e+00
2.642279082568832926e+00
2.641470798248150675e+00
2.641553922729218407e+00
2.642475549625125542e+00
2.644056238455849250e+00
2.646256918529371394e+00
2.648975031576735084e+00
2.652168253122225483e+00
2.655772234523812170e+00
2.659767119579249162e+00
2.664038727796419703e+00
2.667513569634262449e+00
2.672366207241537062e+00
2.680105577062848354e+00
2.684108412540813671e+00
2.687345992305538278e+00
2.694154873763540792e+00
2.696595642880515786e+00
2.699363928920737177e+00
2.703336992605932299e+00
2.707465976695707432e+00
2.711856253119806048e+00
2.716317685605404542e+00
2.720135577805346649e+00
2.724088863986234621e+00
2.728160617040856106e+00
2.733125072006773681e+00
2.738139122337624798e+00
2.742430909126452487e+00
2.746773647774203742e+00
2.745099486361237240e+00
2.749194187510095144e+00
2.754094415799548834e+00
2.758995773797660700e+00
2.763911656436684794e+00
2.768830243577880879e+00
2.773716397012198964e+00
2.778625990216991415e+00
2.783509148206642081e+00
2.788370763741645497e+00
2.792607925153073989e+00
2.797399453859157781e+00
2.802172790571287653e+00
2.806865396683425828e+00
2.801987024589982500e+00
2.806512145570207117e+00
2.810544581382270479e+00
2.815055675284823256e+00
2.819040484906199406e+00
2.823488499397644347e+00
2.827431600193403227e+00
2.831809995305010652e+00
2.835696132621921883e+00
2.839988971157541897e+00
2.843814100371601761e+00
2.848030348093117059e+00
2.852185751884360965e+00
2.856307006142662086e+00
2.860380683933881674e+00
2.864415944770736466e+00
2.856673393136949013e+00
2.860561191642597922e+00
2.864423056795560196e+00
2.868247908186099426e+00
2.872037176145676440e+00
2.864184774854279247e+00
2.867900550623731615e+00
2.871580793006806243e+00
2.875165521787161005e+00
2.878758212208918366e+00
2.882023012670946294e+00
2.885260022415735648e+00
2.888469674813732180e+00
2.891652529022024964e+00
2.894809004680045206e+00
2.898181160986462501e+00
2.901550532358075696e+00
2.895213562470364543e+00
2.898501761709150415e+00
2.901768871809213390e+00
2.904983413529705238e+00
2.908181355522323486e+00
2.911346367623406817e+00
2.914471174322776914e+00
2.917569778242771861e+00
2.920635604959425979e+00
2.923670856253788308e+00
2.926674997886352880e+00
2.929650117064127812e+00
2.920968483220516276e+00
2.923892823139882857e+00
2.926788592371849518e+00
2.929658333060961350e+00
2.932499967167187194e+00
2.935314150269010991e+00
2.938100964245320412e+00
2.940860907511658073e+00
2.943594436463864650e+00
2.946301786328215044e+00
2.948983561390714492e+00
2.951640080392857080e+00
2.954271582009254438e+00
2.939867970480682935e+00
2.942401013782653951e+00
2.945100886238504412e+00
2.947775410875592694e+00
2.936270576129049736e+00
2.922433978755357931e+00
2.925226189086037376e+00
2.927993085177322374e+00
2.930734421308993642e+00
2.933451271497424795e+00
2.935967788550999824e+00
2.938467608564124589e+00
2.941117199451319220e+00
2.943750366637506666e+00
2.929963440101106098e+00
2.932717240348455157e+00
2.922953456459527644e+00
2.925820842580997283e+00
2.914924087090193350e+00
2.918056940592075321e+00
2.921092260202992730e+00
2.924044167416795847e+00
2.926924372045824896e+00
2.929569219504813304e+00
2.915701893685497037e+00
2.918450255831712692e+00
2.921142580576249870e+00
2.907736021956892181e+00
2.910525548190516343e+00
2.913261443058330791e+00
2.915950273352949207e+00
2.918766007567008991e+00
2.921547196017732606e+00
2.924290966264612823e+00
2.927000298099363018e+00
2.929677423296373373e+00
2.932324323235210528e+00
2.934773817322671174e+00
2.937199996923761436e+00
2.939604075970473573e+00
2.941987084769613681e+00
2.944349834992174397e+00
2.946693063012873814e+00
2.949017369988236048e+00
2.951323273630090505e+00
2.953611263619155825e+00
2.955881722418612245e+00
2.958135015437865167e+00
2.960528116387337150e+00
2.962901271088162591e+00
2.965254995763288992e+00
2.967595971517094089e+00
2.969919102402347022e+00
2.972223641763903856e+00
2.974509929858556223e+00
2.959036144871638463e+00
2.961254726769367629e+00
2.963457360238949345e+00
2.965644201933508306e+00
2.967815454840792899e+00
2.952590601550904914e+00
2.954852494679780062e+00
2.957098171938012054e+00
2.959327787397081355e+00
2.961541511641702318e+00
2.963739509149235118e+00
2.965921920469110518e+00
2.968088892041321980e+00
2.970240569316148882e+00
2.972377082145945426e+00
2.974498578415056826e+00
2.976605207888599391e+00
2.978697085143088952e+00
2.980774349127732314e+00
2.982837154669276902e+00
2.984885613568112994e+00
2.987073276418220846e+00
2.989244030597979496e+00
2.991397987180303808e+00
2.993535474228070203e+00
2.995656574091576374e+00
2.997761344110441595e+00
2.999850251630789888e+00
3.001923377116375136e+00
3.003981020607396690e+00
3.006025250509532398e+00
2.989179213990522221e+00
2.991174092247771199e+00
2.993155320667602926e+00
2.995122990825620946e+00
2.997077218601554627e+00
2.999018114686676117e+00
3.000945797322938535e+00
3.002860396904063922e+00
3.004762017502287996e+00
3.006800242041532290e+00
3.008823550373926903e+00
3.010832091872915228e+00
3.012825821465429321e+00
3.014805036530168181e+00
3.016769712958647709e+00
3.018720359515393969e+00
3.020656570609207225e+00
3.022578821545069516e+00
3.024487399765180662e+00
3.026382021550166002e+00
3.028263554251918510e+00
3.030131632810894260e+00
3.031986265263372005e+00
3.033827482795299790e+00
3.035655834386096874e+00
3.037471090768424364e+00
3.039273356021437333e+00
3.041063125109830789e+00
3.042840206529493052e+00
3.044604905121583993e+00
3.046362730607388603e+00
3.048108527552508384e+00
3.049842437216523372e+00
3.030995624201448191e+00
3.018218012321781440e+00
3.019965707227440177e+00
3.021702234205517534e+00
3.023427671614365764e+00
3.025142106291175192e+00
3.026845616743290446e+00
3.028538296022832199e+00
3.030220235933199557e+00
3.031891513096402146e+00
3.033552210719510089e+00
3.035202411287573732e+00
3.036842186791906872e+00
3.038471628220522636e+00
3.040090815951212111e+00
3.041699829683238931e+00
3.043298750048148982e+00
3.044887653755719015e+00
3.046466627653885428e+00
3.048035739522541032e+00
3.049595065703905483e+00
3.051144681885859633e+00
3.052684660533714123e+00
3.054215078431294916e+00
3.055736000285595555e+00
3.057247518694819366e+00
3.058749695280477354e+00
3.060242602550450108e+00
3.061726303239433289e+00
3.063200876604222245e+00
3.064666392670516881e+00
3.066122920866138024e+00
3.067570542490324126e+00
3.069009294307465829e+00
3.070439267401876116e+00
3.071860524879631793e+00
3.073273132765756532e+00
3.074677168122034843e+00
3.076072685320208056e+00
3.077459748665751782e+00
3.078838413961089149e+00
3.080208753666532129e+00
3.060474428491398058e+00
3.061956438854432250e+00
3.063429341627647684e+00
3.064893208557142312e+00
3.046126001736769506e+00
3.047696791880101230e+00
3.049257788415098425e+00
3.050809068292714699e+00
3.052350707527430540e+00
3.053882781256204382e+00
3.055405363789163609e+00
3.056918528652851297e+00
3.058422339400272527e+00
3.059916887337270630e+00
3.061402233181468535e+00
3.062878448245386132e+00
3.064345602568385729e+00
3.065803767414662317e+00
3.067253009703103217e+00
3.068693397577210824e+00
3.070124999682504630e+00
3.071547879000031678e+00
3.072962095168408236e+00
3.074367718761508161e+00
3.075764834464407738e+00
3.077153482707514875e+00
3.078533737364411493e+00
3.079905671895286634e+00
3.081269339515624761e+00
3.082624803312653317e+00
3.083972115819733517e+00
3.085311347218047562e+00
3.086642558419468774e+00
3.087965803475311244e+00
3.089281148619429374e+00
3.090588653228515170e+00
3.091888389538854032e+00
3.071904013545065038e+00
3.073316434747619397e+00
3.053842236640667451e+00
3.034429401509805668e+00
3.036114765324975373e+00
3.037781953092904885e+00
3.039432482863461793e+00
3.041067614916456829e+00
3.042688377065290606e+00
3.044295641180320811e+00
3.045890109835668991e+00
3.026893036089751465e+00
3.009083058653477138e+00
3.011058378194242380e+00
3.012950836808713007e+00
3.014825024543183130e+00
3.016654358559367033e+00
3.018460775837742194e+00
3.020246499412862828e+00
3.022013400113877868e+00
3.023762852892110331e+00
3.025496258945986394e+00
3.027214630762891545e+00
3.028918798260374246e+00
3.011391268941122412e+00
3.013280808094160879e+00
2.997663172190881298e+00
2.999829360159214531e+00
3.001957505470029819e+00
3.004051996706805117e+00
3.006116993113466584e+00
3.008154991512522525e+00
3.010168867997772502e+00
3.012160730216660642e+00
3.014132358523839539e+00
3.016084668229734866e+00
3.018025920751494784e+00
3.019950861948465182e+00
3.021859656526837412e+00
3.023753021584717704e+00
3.025631744056721306e+00
3.027495911281230523e+00
3.029347426986451985e+00
3.031185112417431604e+00
3.033010038267220931e+00
3.034821859007637457e+00
3.036621105200936199e+00
3.038407645618573572e+00
3.040181150145230493e+00
3.041942467183220700e+00
3.043691742877240980e+00
3.045429196137622530e+00
3.047154871448058078e+00
3.048869269478016619e+00
3.050572026884451393e+00
3.052263337846425006e+00
3.053943264164068250e+00
3.055612024276545657e+00
3.036679749410799101e+00
3.038475081147050005e+00
3.040255829780465824e+00
3.042022837149827463e+00
3.043776099620771447e+00
3.045516341479643341e+00
3.047243735452831448e+00
3.048958679069335265e+00
3.030482912932774386e+00
3.012867013124861604e+00
3.014874077068768976e+00
3.016854222374435235e+00
2.999071141910584437e+00
3.001307082119448744e+00
3.003489322011339446e+00
3.005625012105581195e+00
3.007720661869978773e+00
3.009782227099072838e+00
3.011812620162226839e+00
3.013815452872492084e+00
3.015793290788375547e+00
3.017748471940516986e+00
3.019682828420007681e+00
3.021598159972539221e+00
3.023495527197676225e+00
3.006229780774914317e+00
3.008280547522318216e+00
2.990249137241305810e+00
2.992575549127952872e+00
2.994842533805009754e+00
2.997058943410784160e+00
2.999231314289101391e+00
2.983815963208111377e+00
2.986728074630470076e+00
2.989477224337734995e+00
2.992091152763574069e+00
2.994591910833256154e+00
2.996998044257997762e+00
2.999324360295272385e+00
3.001583201117767441e+00
2.994438638424301136e+00
2.998343935418920747e+00
3.001885558673786480e+00
3.005127528596668984e+00
3.008121909900276947e+00
3.010912172139418530e+00
3.013532968713215077e+00
3.016013074071687505e+00
3.009053983515141972e+00
3.002036390962948165e+00
3.007658372504396826e+00
3.012584558594475048e+00
3.005430504211768383e+00
3.011426881382160747e+00
3.016653685773515559e+00
3.021247531187052360e+00
3.025321077020367788e+00
3.028966774905123671e+00
3.032260310236140732e+00
3.035263512802234498e+00
3.038027659614770837e+00
3.040594238821582529e+00
3.042997458321190507e+00
3.045265197873444851e+00
3.047420500782334507e+00
3.049481896282989268e+00
3.042210006094440367e+00
3.034642707519337179e+00
3.039978947289133426e+00
3.044633941610919603e+00
3.048729986142562964e+00
3.052368289573821336e+00
3.055628961732848925e+00
3.058578604588522154e+00
3.061272296249797797e+00
3.063754771137373822e+00
3.066063081666944967e+00
3.068227284043227865e+00
3.070271963996994646e+00
3.072217502699816194e+00
3.064815516050540811e+00
3.068333070680203445e+00
3.060788386644557768e+00
3.065593019039356104e+00
3.069786462887762468e+00
3.073477870193449313e+00
3.076756631275610498e+00
3.079696202883672296e+00
3.082358489168829596e+00
3.074711183081557664e+00
3.078815634457281458e+00
3.082425463224763629e+00
3.085628040712763198e+00
3.088495747055184815e+00
3.080818479322399828e+00
3.085080430767703330e+00
3.088810163676410259e+00
3.092102627081147137e+00
3.095035942427895037e+00
3.097674301248131812e+00
3.100069960696589799e+00
3.102266114624060656e+00
3.094527857399997472e+00
3.098235709140156668e+00
3.101499875573462628e+00
3.104399891781511656e+00
3.107000041968670967e+00
3.109354635708213799e+00
3.111506472918712962e+00
3.113491570233610339e+00
3.115338995719397541e+00
3.117072605910592653e+00
3.118712288195403470e+00
3.120273565925371084e+00
3.121769561689767158e+00
3.123211346865681914e+00
3.108647881769577292e+00
3.100831840059652400e+00
3.105196486180208826e+00
3.108987273393586381e+00
3.112306534092299071e+00
3.115238753387227444e+00
3.117853081048573394e+00
3.120206251827049027e+00
3.122351457016636189e+00
3.124320261610131766e+00
3.126144040589518447e+00
3.127847708950844297e+00
3.129453851827521227e+00
3.130977831848636317e+00
3.132433321696960427e+00
3.133831682803429608e+00
3.135182144937324278e+00
3.136492139038628224e+00
3.137768081404780585e+00
3.139015101939888641e+00
3.140237195486591304e+00
3.141437561652268506e+00
3.142619260997274289e+00
3.143784405699848516e+00
3.122110221840221467e+00
3.123505638462643841e+00
3.124864038795401644e+00
3.126191574376095961e+00
3.127492217945457842e+00
3.128769464689406643e+00
3.130026387296485524e+00
3.131265415674790109e+00
3.132488669155768513e+00
3.133697489796997360e+00
3.134893357983774553e+00
3.136077730934550445e+00
3.137251225594174020e+00
3.138414808242029785e+00
3.139568938596001946e+00
3.140714135594761203e+00
3.119959135345714341e+00
3.121264640116294231e+00
3.122552057270894021e+00
3.123823263865418642e+00
3.125079839386950997e+00
3.126323014809226475e+00
3.127554031954141500e+00
3.128774123839797472e+00
3.129983766000959289e+00
3.131183731562001249e+00
3.132374431111906166e+00
3.133556373307853526e+00
3.134729848823149201e+00
3.135895503204881418e+00
3.137053272997069264e+00
3.123119202761055924e+00
3.124408654145804043e+00
3.125673929357834169e+00
3.126917914195219250e+00
3.128143358201539659e+00
3.129352585265428477e+00
3.130547298550943935e+00
3.131728960572735421e+00
3.132898574926545443e+00
3.134057385684729802e+00
3.135206312909327941e+00
3.136345850335300334e+00
3.137476655709621642e+00
3.120454751320814957e+00
3.121662033706065209e+00
3.122855773390795342e+00
3.124037379459905228e+00
3.125207919753830055e+00
3.126368331453843297e+00
3.127519062137627426e+00
3.128661176633239283e+00
3.129794947604127575e+00
3.130920983504207555e+00
3.132039533690460509e+00
3.133151121212168100e+00
3.134255782897734655e+00
3.135353567090550353e+00
3.136444802193244286e+00
3.137529666314748056e+00
3.138608462662748622e+00
3.139681081577330612e+00
3.140747792847564668e+00
3.141808655262352090e+00
3.142863533283050348e+00
3.143912632804302554e+00
3.144956030209239639e+00
3.145993804551820094e+00
3.147026137777912513e+00
3.148052892770654587e+00
3.149074216596916997e+00
3.150090222986130062e+00
3.151100590626337183e+00
3.152105731498489938e+00
3.153105448280681511e+00
3.154099957602892967e+00
3.155089457223810179e+00
3.156073618032542161e+00
3.157052754068527811e+00
3.158026673451659327e+00
3.158995497718792400e+00
3.138323870509875047e+00
3.139432981948679480e+00
3.140528830551722272e+00
3.141612864731392119e+00
3.142686365823560646e+00
3.121952397244049493e+00
3.123568491557167537e+00
3.125090664404309493e+00
3.126535283337511295e+00
3.127915475419719371e+00
3.129241983172886155e+00
3.130523651447847833e+00
3.131767857529977217e+00
3.132980172127555640e+00
3.134165303768647437e+00
3.135327328494073917e+00
3.136469631634284383e+00
3.137594856341296978e+00
3.138704892291348081e+00
3.139801765617625584e+00
3.140886763775041501e+00
3.141961226954253839e+00
3.143025790060562041e+00
3.144081332626581737e+00
3.145128827836670915e+00
3.146168660438221298e+00
3.147201275303995960e+00
3.148227071098020691e+00
3.149246322812776722e+00
3.150259460992693494e+00
3.151266292141826408e+00
3.152267165775059166e+00
3.153262380572505297e+00
3.154252062835324555e+00
3.155236280626569467e+00
3.156215198768581143e+00
3.157188764948169357e+00
3.158157237044026289e+00
3.159120567905292276e+00
3.160078610677366839e+00
3.161031758853178442e+00
3.161979932445524000e+00
3.162923189759437648e+00
3.163861662632799110e+00
3.164795212975925587e+00
3.165724137138006711e+00
3.166648349112533900e+00
3.167567568195218897e+00
3.168482166152818191e+00
3.169392205519856898e+00
3.170297632773897867e+00
3.150040656717357113e+00
3.151058912143290147e+00
3.152068748928152697e+00
3.153070659062459313e+00
3.154065380327070844e+00
3.133742189028716929e+00
3.134995528283462729e+00
3.136210847842661575e+00
3.137394165936579160e+00
3.138550316485351654e+00
3.139682489901090445e+00
3.140794835885265979e+00
3.141889710244658573e+00
3.142969606184784936e+00
3.144036384727847633e+00
3.145091430303594837e+00
3.146136007556750602e+00
3.147171030067880348e+00
3.148197463819861319e+00
3.127431869153620703e+00
3.119007596088340772e+00
3.122203645009922202e+00
3.125009123214643747e+00
3.127494631186670926e+00
3.129716868134508445e+00
3.131723509213563350e+00
3.123444517978979817e+00
3.127001403080665209e+00
3.130096360778118036e+00
3.132812386398978077e+00
3.135217528124199848e+00
3.137367656378992731e+00
3.139308589425466423e+00
3.130825189609629522e+00
3.134353051328591988e+00
3.137416906255505289e+00
3.140100836693976660e+00
3.142473245621395073e+00
3.144589901771132734e+00
3.136219180387661787e+00
3.139844971176237731e+00
3.142983976415001379e+00
3.145724018485824836e+00
3.148137040324656244e+00
3.150282301631674997e+00
3.152206404802465833e+00
3.143662484741909235e+00
3.147150860542788031e+00
3.150171497230150219e+00
3.152808532112457041e+00
3.155131101786948555e+00
3.157195844669245854e+00
3.159048993858550869e+00
3.160728867262482922e+00
3.162265673540753053e+00
3.163684997406319699e+00
3.165007788566021052e+00
3.166250933108594623e+00
3.167428257626565546e+00
3.168551146979056377e+00
3.169628615823685713e+00
3.170668417414581164e+00
3.171676698943758588e+00
3.157345881484566963e+00
3.159721219050223517e+00
3.161818994171003094e+00
3.163695560113288341e+00
3.165388909961996067e+00
3.166932616156132418e+00
3.168353438501392283e+00
3.169672943706447921e+00
3.170909098806853788e+00
3.172076435674616057e+00
3.173186711929709247e+00
3.174256191291983331e+00
3.175279881895898271e+00
3.160797403391378602e+00
3.163205374607704456e+00
3.165331926888638403e+00
3.167227737883527627e+00
3.168934085192790739e+00
3.170485031008015486e+00
3.161722541443771739e+00
3.164917111479057521e+00
3.167682343366703179e+00
3.170095660127095538e+00
3.172220295881894359e+00
3.174108402378778671e+00
3.175802566869927457e+00
3.177338149978019555e+00
3.178742350369849312e+00
3.180039192834312356e+00
3.181247465443846956e+00
3.182382860773613320e+00
3.183458027222239473e+00
3.184483303792029041e+00
3.185467262693450596e+00
3.186422779911234571e+00
3.187343444250665847e+00
3.188239797853195334e+00
3.189115657734629128e+00
3.189974212421183175e+00
3.190818523136230933e+00
3.191649413249351142e+00
3.192469787973017947e+00
3.193279990903046262e+00
3.194082029696268865e+00
3.194876433952213102e+00
3.195663674227092521e+00
3.196444952889624158e+00
3.197220479981178087e+00
3.197990708930173565e+00
3.198761326407169925e+00
3.178235700283370324e+00
3.179220733231352014e+00
3.180175892178531694e+00
3.181106780919941368e+00
3.182015931687984800e+00
3.182913947027325552e+00
3.183796415100429211e+00
3.184664371207028832e+00
3.185516131863416867e+00
3.186363177959314896e+00
3.187201348352993069e+00
3.188031455242011702e+00
3.188853916303347802e+00
3.189670382573916996e+00
3.190480719706843438e+00
3.191285458667573405e+00
3.192085046721349073e+00
3.192879625992171455e+00
3.193669510673901257e+00
3.194454951053095293e+00
3.195235963223979958e+00
3.196013174613011376e+00
3.196786450892274090e+00
3.176180086515857148e+00
3.161801106489411595e+00
3.153098290407705839e+00
3.157130459847678594e+00
3.160583137459711534e+00
3.152010248037193207e+00
3.156712209730021534e+00
3.160711430113845033e+00
3.164134891275167671e+00
3.167085311582973794e+00
3.158560487402108041e+00
3.162837669094739290e+00
3.166486037772827888e+00
3.169618051400092007e+00
3.172326542874291722e+00
3.174688981488761552e+00
3.176773100446941278e+00
3.178623574603510971e+00
3.180283320657310675e+00
3.181786197453492004e+00
3.183160428439037126e+00
3.184428899644908384e+00
3.185610152584663624e+00
3.186719706603012181e+00
3.177973481030317071e+00
3.180784388475915048e+00
3.183223394136176942e+00
3.185357756467518620e+00
3.187242382876167124e+00
3.188922258987161307e+00
3.190434332434501918e+00
3.191808574889795302e+00
3.193069644639249027e+00
3.194237757976804204e+00
3.172657754274323061e+00
3.174368422716793425e+00
3.175917678703722657e+00
3.177334038213276202e+00
3.178641167061875272e+00
3.179858272479779924e+00
3.181001467715871556e+00
3.182083599557472997e+00
3.183115064452123555e+00
3.184104542580023622e+00
3.185059107410932899e+00
3.176152951200498453e+00
3.178875184883501070e+00
3.181243282415878948e+00
3.183321167625620340e+00
3.185161075798430108e+00
3.186805965654453399e+00
3.188290969698740263e+00
3.189644579590864115e+00
3.168034854479616858e+00
3.170058026719080768e+00
3.171864323238823058e+00
3.173492589256519114e+00
3.174974844065580282e+00
3.176337203407957333e+00
3.167437005730759481e+00
3.170492961036205148e+00
3.161874776225648720e+00
3.166247951780858383e+00
3.169971247792539693e+00
3.173161756945712675e+00
3.175915542873325226e+00
3.178311352212344065e+00
3.180413955231764511e+00
3.182276060160891706e+00
3.183940801645018581e+00
3.162467629430740779e+00
3.164982991077229801e+00
3.167193660229946861e+00
3.169154257097417382e+00
3.170910070224319366e+00
3.172497927464621448e+00
3.173947596991611331e+00
3.165262533448164106e+00
3.168351904466240487e+00
3.171026868417698985e+00
3.173362390770779751e+00
3.175419626989205213e+00
3.177248441662818390e+00
3.178890169773522345e+00
3.180378451254799455e+00
3.181740678052766391e+00
3.182999320648446151e+00
3.184172755795089849e+00
3.185276029734205316e+00
3.186321149648546847e+00
3.187318426337300448e+00
3.188275876465017866e+00
3.189200041548888809e+00
3.190096527611521182e+00
3.190969784704236201e+00
3.191823326812475159e+00
3.183047661860408439e+00
3.185653988587545005e+00
3.176878227482116568e+00
3.180891082373871637e+00
3.184308111228733029e+00
3.187236724228334594e+00
3.189765146764663495e+00
3.191965552977855669e+00
3.193897234769908611e+00
3.195608746149536383e+00
3.197139785038018545e+00
3.198522724700897601e+00
3.199784236514028102e+00
3.200946080231307445e+00
3.202025577971431058e+00
3.203037715037028388e+00
3.203993988288978745e+00
3.204904065140040448e+00
3.205776020751401223e+00
3.206616316831066182e+00
3.207430066631559828e+00
3.208221719449630971e+00
3.187995220534208141e+00
3.188986843089277823e+00
3.189937660896837723e+00
3.190854540990786248e+00
3.191742954071802973e+00
3.192607662527271462e+00
3.179841698777714054e+00
3.182200137534437978e+00
3.184267852770166662e+00
3.186097286356566638e+00
3.187731409132483318e+00
3.189205239953159410e+00
3.190547748184662247e+00
3.191782362613127422e+00
3.192928130030791234e+00
3.194000844151642760e+00
3.195013362752457731e+00
3.195976244659053389e+00
3.196897661821628489e+00
3.197784838307587751e+00
3.198643512886202522e+00
3.199478173837461803e+00
3.200292982136904385e+00
3.180768636332337085e+00
3.181756852781815859e+00
3.182710362067642240e+00
3.183634675297149830e+00
3.184534661712429937e+00
3.185414274700543391e+00
3.186276278995459510e+00
3.187123495724696554e+00
3.187957942258565769e+00
3.188781320102207051e+00
3.189594999079877979e+00
3.190400219004809301e+00
3.191197924705716726e+00
3.191988727325059116e+00
3.192773392191155413e+00
3.193552438951089201e+00
3.194326181091033057e+00
3.195095099350055090e+00
3.195859477288994999e+00
3.196619493598237494e+00
3.197375319030896001e+00
3.198127235167549376e+00
3.178879210779525177e+00
3.179714871671006193e+00
3.180545543260684838e+00
3.181371613185688396e+00
3.182193185545274083e+00
3.183010357521371070e+00
3.183823201765204836e+00
3.184632033865903544e+00
3.185436975740707055e+00
3.186237922753246021e+00
3.187035112099648959e+00
3.187828601938453854e+00
3.168526115528790932e+00
3.169430946727875842e+00
3.150700137678627222e+00
3.151714673649375964e+00
3.152713067156342586e+00
3.144426637580367334e+00
3.136124770788379923e+00
3.140513613038304896e+00
3.144267745947524784e+00
3.147501357998260030e+00
3.138940158315110640e+00
3.143478871762826365e+00
3.147352871463742208e+00
3.150681707604839232e+00
3.153563474734395911e+00
3.156078791565202213e+00
3.158293678197287235e+00
3.160262395442889449e+00
3.140460912932530491e+00
3.143247552285195923e+00
