2.277496662805339245e+00
1.262727447101292588e+00
2.986001655087638262e+00
2.180266957336806311e+00
1.422473823106264801e+00
8.476772129468480577e-01
4.900403349781097262e-01
1.712377023280164279e+00
1.179021031647459639e+00
7.346975726466968837e-01
4.300203109110546373e-01
1.531438602447700026e+00
1.091880464194879830e+00
6.895389624460477318e-01
3.979519986427301759e-01
2.242294120142590830e-01
1.313411532515899593e-01
8.304670397023118655e-02
5.725178583853379743e-02
4.265946193337352005e-02
3.379711802158527623e-02
2.803059021254963867e-02
2.403967810569720628e-02
2.114107798896211129e-02
2.761236156261736435e-02
2.316274049004638999e-02
2.017778344745448788e-02
1.805268414661399812e-02
1.647003995650484637e-02
1.525258597754429457e-02
1.429463645166344395e-02
1.352887488483889983e-02
1.466873973056411623e-02
1.378966734260336606e-02
1.310054278376185724e-02
1.255027376920420969e-02
1.210540431353561604e-02
1.274192474372486811e-02
1.224375117006548143e-02
1.184681231544912859e-02
1.152599380406155345e-02
1.126424827290646233e-02
1.104936510238127903e-02
1.087215976968957873e-02
1.072559743299651529e-02
1.060410902759892533e-02
1.050324958383107993e-02
1.041941546028547078e-02
1.034967376535553263e-02
1.029160661609957762e-02
1.024313923492611335e-02
1.020285096522995961e-02
1.025514738644073276e-02
1.021284267546927749e-02
1.017751485469601397e-02
1.022395938214462618e-02
1.018676128847036989e-02
1.015577105588075062e-02
1.012998640432983231e-02
1.010847831558692005e-02
1.009053851437129688e-02
1.007556753701711015e-02
1.006305682446545502e-02
1.005261961187071604e-02
1.004391158971163975e-02
1.003665647833316792e-02
1.003060052022559240e-02
1.002553830169660917e-02
1.002131399752975022e-02
1.002662949416626564e-02
1.002222652829923462e-02
1.001855690203181520e-02
1.001549310376549998e-02
1.001293522188279571e-02
1.001079968734046657e-02
1.000901666462357051e-02
1.000752814030745307e-02
1.000628534897974632e-02
1.000524774013328462e-02
1.000438049161059446e-02
1.000365734149842936e-02
1.000305359255817053e-02
1.000254947108962164e-02
1.000320472655973937e-02
1.000267549669958851e-02
1.000223329273312346e-02
1.000186451824541453e-02
1.000155637203238405e-02
1.000129939410769088e-02
1.000108467970033457e-02
1.000090561107106792e-02
1.000075599792788622e-02
1.000063121472930146e-02
1.000052696101549898e-02
1.000044000383114307e-02
1.000036740313195970e-02
1.000030679071291402e-02
1.000025618459497549e-02
1.000021393267100205e-02
1.000027586065475003e-02
1.000023026778554432e-02
1.000019221789151015e-02
1.000016046138070026e-02
1.000013395661030445e-02
1.000017195347074547e-02
1.000014350314029112e-02
1.000011976505336096e-02
1.000009995597363026e-02
1.000008342837240514e-02
1.000006962985136236e-02
1.000005811653310525e-02
1.000004850954872536e-02
1.000004049228663851e-02
1.000003380074385162e-02
1.000002821795265180e-02
1.000002355794174166e-02
1.000003093767229921e-02
1.000002581082929873e-02
1.000002153425161820e-02
1.000001796661911108e-02
1.000001499053196005e-02
1.000001250775435849e-02
1.000001043643377642e-02
1.000000870838077364e-02
1.000000726664934669e-02
1.000000606377460938e-02
1.000000506015454732e-02
1.000000422276218701e-02
1.000000543402467142e-02
1.000000453308257271e-02
1.000000378163446758e-02
1.000000315485667993e-02
1.000000263204608650e-02
1.000000219594311332e-02
1.000000183215546574e-02
1.000000152868207696e-02
1.000000127551495602e-02
1.000000106430818693e-02
1.000000088810160809e-02
1.000000074109052076e-02
1.000000061843360662e-02
1.000003162339962830e-02
1.000002592134653992e-02
1.000002124936126037e-02
1.000001741989217652e-02
1.000002576938027569e-02
1.000003570878386580e-02
1.000002926362232071e-02
1.000002398229399118e-02
1.000001965455167910e-02
1.000001610815055494e-02
1.000001320117139582e-02
1.000001081909002165e-02
1.000000886758404400e-02
1.000000726828397836e-02
1.001525700383261268e-02
1.001246766241220901e-02
1.005609240867852069e-02
1.004581656331588260e-02
1.015161019080636912e-02
1.012378204688854991e-02
1.010105926986042645e-02
1.008250611861944909e-02
1.006735804581669266e-02
1.005498724505963712e-02
1.007722047475025778e-02
1.006303817521040853e-02
1.005146005761197760e-02
1.007165253482693659e-02
1.005849213391318657e-02
1.004774842886694761e-02
1.003897782065520106e-02
1.003181989460839689e-02
1.002597639453948163e-02
1.002120594357720079e-02
1.001731152978369878e-02
1.001413229666490295e-02
1.001153691968684027e-02
1.000941764020267175e-02
1.000768767783477391e-02
1.000627551351197450e-02
1.000512276557848079e-02
1.000418177872424916e-02
1.000341365076659085e-02
1.000278662623608171e-02
1.000227478364682648e-02
1.000185696272860511e-02
1.000151589148384236e-02
1.000123747070583678e-02
1.000101024494353188e-02
1.000082474572455693e-02
1.000067331017805844e-02
1.000054968377958597e-02
1.000044875838426543e-02
1.000036636503353130e-02
1.000029910060099697e-02
1.000043812015227740e-02
1.000035765404326191e-02
1.000029196778001728e-02
1.000023834646632075e-02
1.000019457380569611e-02
1.000028376924534147e-02
1.000023164962034541e-02
1.000018910350419094e-02
1.000015437230043248e-02
1.000012602042045159e-02
1.000010287602197401e-02
1.000008398257503685e-02
1.000006855924369560e-02
1.000005596863019937e-02
1.000004569043133791e-02
1.000003729990462699e-02
1.000003045033143190e-02
1.000002485869513208e-02
1.000002029395124538e-02
1.000001656749423436e-02
1.000001352536736450e-02
1.000001104245682934e-02
1.000000901538368979e-02
1.000000736045415783e-02
1.000000600934262615e-02
1.000000490626843860e-02
1.000000400569290258e-02
1.000000327043925816e-02
1.000000267015603572e-02
1.000000218006470709e-02
1.000000177993696712e-02
1.000000270811690455e-02
1.000000221086664969e-02
1.000000180492742995e-02
1.000000147353041074e-02
1.000000120298620392e-02
1.000000098211985093e-02
1.000000080180843756e-02
1.000000065460448194e-02
1.000000053442855717e-02
1.000000043633926354e-02
1.000000035625523559e-02
1.000000029087106529e-02
1.000000023748824803e-02
1.000000019390370753e-02
1.000000015831881486e-02
1.000000012926514741e-02
1.000000010554384297e-02
1.000000008617610119e-02
1.000000007036284597e-02
1.000000005745165302e-02
1.000000004690988070e-02
1.000000003830267027e-02
1.000000003127491342e-02
1.000000002553679684e-02
1.000000002085158456e-02
1.000000001702607520e-02
1.000000001390250089e-02
1.000000001135204798e-02
1.000000000926955582e-02
1.000000000756912089e-02
1.000000000618068811e-02
1.000000000504697867e-02
1.000000000412124349e-02
1.000000000670373326e-02
1.000000001183219862e-02
1.000000000966002126e-02
1.000000000788664467e-02
1.000000000643887568e-02
1.000000000525688715e-02
1.000000000429192466e-02
1.000000000350409653e-02
1.000000000286092178e-02
1.000000000233580016e-02
1.000000000190706673e-02
1.000000000155706718e-02
1.000000000127128710e-02
1.000000000103797200e-02
1.000000000084747334e-02
1.000000000069194844e-02
1.000000000056497536e-02
1.000000000046129094e-02
1.000000000037665031e-02
1.000000000030753892e-02
1.000000000025110490e-02
1.000000000020502197e-02
1.000000000016741664e-02
1.000000000013669295e-02
1.000000000011161232e-02
1.000000000009114084e-02
1.000000000007443025e-02
1.000000000006077451e-02
1.000000000004962718e-02
1.000000000004051467e-02
1.000000000003309353e-02
1.000000000002702547e-02
1.000000000002205895e-02
1.000000000001801184e-02
1.000000000001472107e-02
1.000000000001201490e-02
1.000000000000981354e-02
1.000000000000801983e-02
1.000000000000653491e-02
1.000000000000534663e-02
1.000000000000437345e-02
1.000000000000355813e-02
1.000000000789001003e-02
1.000000000643868486e-02
1.000000000525435098e-02
1.000000000428787061e-02
1.000001717342818841e-02
1.000001400951746298e-02
1.000001142853827567e-02
1.000000932308281291e-02
1.000000760553482193e-02
1.000000620442232160e-02
1.000000506144279808e-02
1.000000412903648793e-02
1.000000336840741605e-02
1.000000274790589089e-02
1.000000224171575074e-02
1.000000182877674483e-02
1.000000149190893688e-02
1.000000121709771102e-02
1.000000099291041555e-02
1.000000081002088391e-02
1.000000066082106995e-02
1.000000053910466737e-02
1.000000043980880764e-02
1.000000035880324253e-02
1.000000029271856487e-02
1.000000023880632909e-02
1.000000019482425069e-02
1.000000015894312276e-02
1.000000012967079167e-02
1.000000010578986666e-02
1.000000008630735904e-02
1.000000007041304539e-02
1.000000005744605854e-02
1.000000004686718742e-02
1.000000003823660506e-02
1.000000003119545962e-02
1.000000002545102171e-02
1.000013712009768276e-02
1.000011184627619745e-02
1.000362717967026756e-02
1.001530395217586390e-02
1.001248203720311175e-02
1.001018045970574789e-02
1.000830327814812917e-02
1.000677223865957186e-02
1.000552351541530473e-02
1.000450505033707860e-02
1.000367438499711811e-02
1.001439738069815136e-02
1.004214655882320305e-02
1.003437434550337980e-02
1.002803479432483498e-02
1.002286442319047163e-02
1.001864743665129009e-02
1.001520818043338465e-02
1.001240323399357757e-02
1.001011561912171048e-02
1.000824992628389191e-02
1.000672834045627548e-02
1.000548739580680788e-02
1.000447533127611296e-02
1.001605571199443330e-02
1.001309438497665315e-02
1.004724412049161006e-02
1.003853153458674104e-02
1.003142548314930882e-02
1.002562981103269010e-02
1.002090293433344041e-02
1.001704778305102100e-02
1.001390361712312625e-02
1.001133932627813576e-02
1.000924797278947981e-02
1.000754233493307208e-02
1.000615129118964317e-02
1.000501680503694708e-02
1.000409155749921661e-02
1.000333695774049611e-02
1.000272153230796421e-02
1.000221961184689402e-02
1.000181026276219728e-02
1.000147641033788566e-02
1.000120413055375322e-02
1.000098206688715928e-02
1.000080095780248209e-02
1.000065324977392200e-02
1.000053278246606538e-02
1.000043453196851513e-02
1.000035440081793563e-02
1.000028904729610528e-02
1.000023574599596260e-02
1.000019227420880820e-02
1.000015681910704397e-02
1.000012790224957988e-02
1.000010431785677140e-02
1.000008508253597515e-02
1.000520990778243011e-02
1.000424901857795666e-02
1.000346535742351745e-02
1.000282623578212758e-02
1.000230499338167559e-02
1.000187988824483183e-02
1.000153318827660780e-02
1.000125043204481805e-02
1.001010799786744392e-02
1.002715876679836048e-02
1.002214884613292570e-02
1.001806304721799233e-02
1.007972843045410773e-02
1.006502274074503461e-02
1.005302884039694332e-02
1.004324688751412689e-02
1.003526910407754463e-02
1.002876283861261347e-02
1.002345671798994184e-02
1.001912940597452298e-02
1.001560036825408818e-02
1.001272236060967921e-02
1.001037529182392458e-02
1.000846121995666201e-02
1.000690026640285724e-02
1.002510799678067548e-02
1.002047588361483325e-02
1.008951778280983529e-02
1.007300570297315657e-02
1.005953853300603322e-02
1.004855508148238402e-02
1.003959746946743795e-02
1.029586313818408455e-02
1.024133224481322928e-02
1.019684230066282039e-02
1.016054774300759710e-02
1.013094108797165348e-02
1.010679143082497677e-02
1.008709390924457557e-02
1.007102838119937165e-02
1.069680815279426371e-02
1.056858881183255286e-02
1.046390886646166897e-02
1.037846506151673086e-02
1.030873463821200750e-02
1.025183597995707636e-02
1.020541310727680201e-02
1.016754084886274841e-02
1.076374294444708800e-02
1.135934480590916444e-02
1.110982766852609653e-02
1.090590394460522888e-02
1.150695109224060715e-02
1.123051588685452899e-02
1.100453553660073538e-02
1.081988643618516516e-02
1.066906617884033279e-02
1.054591502599198753e-02
1.044538206644760915e-02
1.036332992038776525e-02
1.029637245743225855e-02
1.024174015744594608e-02
1.019716916770371101e-02
1.016080980394056497e-02
1.013115132315683953e-02
1.010696018405667085e-02
1.070652452362300978e-02
1.131864045104934678e-02
1.107659935553254905e-02
1.087879180556929580e-02
1.071719947424765521e-02
1.058523566785560775e-02
1.047749645184684573e-02
1.038955404244147444e-02
1.031778358248151319e-02
1.025921959584438770e-02
1.021143757668793207e-02
1.017245619784150172e-02
1.014065697025224103e-02
1.011471823358519630e-02
1.070653433882679667e-02
1.057653433439109669e-02
1.117200012475413375e-02
1.095677211910546164e-02
1.078091648051595491e-02
1.063728211655977710e-02
1.051999942713385990e-02
1.042425656779191051e-02
1.034611287309024179e-02
1.094259119600308854e-02
1.076934564668908384e-02
1.062784438399639285e-02
1.051230372515210218e-02
1.041798278545492777e-02
1.101191648542744483e-02
1.082599635906932208e-02
1.067412241453936234e-02
1.055009821242019856e-02
1.044884224892444861e-02
1.036619164710209789e-02
1.029873890686232307e-02
1.024369686076069541e-02
1.083718413867629585e-02
1.068327735221824212e-02
1.055758767703598305e-02
1.045496792537542116e-02
1.037120089799747208e-02
1.030283467834867787e-02
1.024704530225900752e-02
1.020152414763380970e-02
1.016438461890537860e-02
1.013408562067539924e-02
1.010936867880537701e-02
1.008920631714173288e-02
1.007275987783340029e-02
1.005934491996161514e-02
1.050066627163375420e-02
1.108899146552096496e-02
1.088902595220465203e-02
1.072564804965843444e-02
1.059220745425418393e-02
1.048324790053896914e-02
1.039429762300916014e-02
1.032169510186839098e-02
1.026244502595963747e-02
1.021409686605173617e-02
1.017464845391658282e-02
1.014246400498903557e-02
1.011620763725124862e-02
1.009478846027616478e-02
1.007731600995548718e-02
1.006306350965572097e-02
1.005143785670245017e-02
1.004195508898114882e-02
1.003422034328890072e-02
1.002791147094049887e-02
1.002276566202803774e-02
1.001856852805866477e-02
1.001514519094024065e-02
1.001235299748064883e-02
1.005655982191547976e-02
1.004613120010766809e-02
1.003762521565666234e-02
1.003068750724109802e-02
1.002502898036902387e-02
1.002041381243189144e-02
1.001664964312102765e-02
1.001357956672478677e-02
1.001107560284078546e-02
1.000903336361284174e-02
1.000736770910896217e-02
1.000600919801840176e-02
1.000490119191076166e-02
1.000399749736169235e-02
1.000326043849339951e-02
1.000265928730509346e-02
1.002079618755876388e-02
1.001696109882844500e-02
1.001383325548120540e-02
1.001128223702825101e-02
1.000920167040064007e-02
1.000750479662508054e-02
1.000612085591483930e-02
1.000499213749336466e-02
1.000407157210708546e-02
1.000332077191992686e-02
1.000270842833950180e-02
1.000220900698746938e-02
1.000180168286667753e-02
1.000146947156586516e-02
1.000119852091410633e-02
1.003299687166013705e-02
1.002691278953680640e-02
1.002195047395105371e-02
1.001790311939093799e-02
1.001460203997459573e-02
1.001190964157295388e-02
1.000971369400167031e-02
1.000792265802679694e-02
1.000646187146446431e-02
1.000527043912237748e-02
1.000429869361377927e-02
1.000350612552631732e-02
1.000285969555386387e-02
1.001366440132033485e-02
1.001114458414082906e-02
1.000908945134549276e-02
1.000741331076484587e-02
1.000604627134975277e-02
1.000493133019732077e-02
1.000402199590832812e-02
1.000328035162023795e-02
1.000267547224828815e-02
1.000218213627980697e-02
1.000177977333325911e-02
1.000145160685143170e-02
1.000118395396866651e-02
1.000096565531606412e-02
1.000078760962366115e-02
1.000064239401329130e-02
1.000052395452569881e-02
1.000042735357143699e-02
1.000034856416823562e-02
1.000028430193032614e-02
1.000023188813880214e-02
1.000018913805702722e-02
1.000015426981957015e-02
1.000012583013729604e-02
1.000010263371181943e-02
1.000008371379590075e-02
1.000006828191071957e-02
1.000005569496399682e-02
1.000004542843447447e-02
1.000003705452313409e-02
1.000003022430047406e-02
1.000002465317634780e-02
1.000002010902996744e-02
1.000001640253328841e-02
1.000001337926735914e-02
1.000001091327998651e-02
1.000000890184111688e-02
1.001438807875647957e-02
1.001173555569528743e-02
1.000957205168607339e-02
1.000780741259390053e-02
1.000636810402519283e-02
1.016640469268011160e-02
1.013573988577130651e-02
1.011072322141620336e-02
1.009031534947884938e-02
1.007366783137193453e-02
1.006008819487312286e-02
1.004901134471443587e-02
1.003997617923409538e-02
1.003260648058447273e-02
1.002659531736848665e-02
1.002169229966303268e-02
1.001769316970061233e-02
1.001443130747737241e-02
1.001177079962525633e-02
1.000960078566017451e-02
1.000783083872097343e-02
1.000638720218395387e-02
1.000520971558828409e-02
1.000424931027890998e-02
1.000346596436326244e-02
1.000282703406813953e-02
1.000230589386716037e-02
1.000188082758456803e-02
1.000153412267798872e-02
1.000125133260818151e-02
1.000102067357395812e-02
1.000083253502316062e-02
1.000067907812767810e-02
1.000055390921299366e-02
1.000045181334701695e-02
1.000036853706670441e-02
1.000030061104649134e-02
1.000024520558709558e-02
1.000020001263831650e-02
1.000016314964341166e-02
1.000013308112988712e-02
1.000010855465853672e-02
1.000008854867725019e-02
1.000007222994827444e-02
1.000005891883198363e-02
1.000004806097395428e-02
1.000003920419948074e-02
1.000003197968259497e-02
1.000002608658869495e-02
1.000002127952894122e-02
1.000001735834426565e-02
1.000628035798948635e-02
1.000512271629062228e-02
1.000417847025405690e-02
1.000340828200841671e-02
1.000278006543419383e-02
1.006141225392997302e-02
1.005009225235984141e-02
1.004085856563224910e-02
1.003332679521111610e-02
1.002718332241612359e-02
1.002217228744774549e-02
1.001808497869472250e-02
1.001475113311070878e-02
1.001203186546487968e-02
1.000981388606659792e-02
1.000800478556279800e-02
1.000652918906114880e-02
1.000532561437255004e-02
1.000434391453804486e-02
1.011727009967710623e-02
1.073358130066789408e-02
1.059872393600547191e-02
1.048859887058495137e-02
1.039869039086312001e-02
1.032530037345582782e-02
1.026540283212791504e-02
1.087035547814206408e-02
1.071046084160090506e-02
1.057985724118996364e-02
1.047320707089296685e-02
1.038613588682447443e-02
1.031506181852235964e-02
1.025705409218343432e-02
1.087138082706061784e-02
1.071132445158264578e-02
1.058058362042457214e-02
1.047381735613108107e-02
1.038664813644842727e-02
1.031549135992699574e-02
1.091483728411076111e-02
1.074684383442151524e-02
1.060960696671047615e-02
1.049752694547061507e-02
1.040601301008524035e-02
1.033130521219325325e-02
1.027032616640868173e-02
1.087724957617005987e-02
1.071615062620165718e-02
1.058455125150061134e-02
1.047707826370986896e-02
1.038932758105993830e-02
1.031769261682411766e-02
1.025922206039306742e-02
1.021150225608247371e-02
1.017256012868367199e-02
1.014078353827443588e-02
1.011485560894033117e-02
1.009370089846647368e-02
1.007644136910826674e-02
1.006236025815112137e-02
1.005087252987818536e-02
1.004150074137447231e-02
1.003385527128406417e-02
1.050123277956004769e-02
1.040905635207482402e-02
1.033380324796819016e-02
1.027237643876861665e-02
1.022224159962293460e-02
1.018132708587165570e-02
1.014793987725470976e-02
1.012069688101203610e-02
1.009846855371360728e-02
1.008033259649449356e-02
1.006553607271612472e-02
1.005346451540910235e-02
1.004361610204732372e-02
1.052104992905924553e-02
1.042524187052219775e-02
1.034702111193576066e-02
1.028316920884634472e-02
1.023105328468484378e-02
1.018852067533018019e-02
1.080080026269798418e-02
1.065373514364924799e-02
1.053360774376756355e-02
1.043550773488524479e-02
1.035541182765777751e-02
1.029002630211526582e-02
1.023665642023585155e-02
1.019309877148125675e-02
1.015755232380133842e-02
1.012854568748019525e-02
1.010487698627266645e-02
1.008556478270220859e-02
1.006980777870014263e-02
1.005695186198139225e-02
1.004646314094620116e-02
1.003790595962857080e-02
1.003092458447150601e-02
1.002522894644103206e-02
1.002058229155601381e-02
1.001679144798237227e-02
1.001369880779034993e-02
1.001117577667512762e-02
1.000911744931116260e-02
1.000743823211213551e-02
1.000606830092837241e-02
1.000495068788148124e-02
1.000403891827268514e-02
1.000329507924868286e-02
1.000268823949350058e-02
1.000219316553871418e-02
1.000178927459180467e-02
1.004802945948085093e-02
1.003918260108858235e-02
1.003196516378709532e-02
1.002607711156614304e-02
1.002127361266671839e-02
1.001735496256392702e-02
1.001415813934977694e-02
1.001155018334840517e-02
1.000942261663948819e-02
1.000768697809336499e-02
1.000627105628921869e-02
1.000511595577236942e-02
1.000417362998874161e-02
1.000340488472016044e-02
1.000277774360446535e-02
1.000226612185586665e-02
1.000184873974887048e-02
1.000150823750006399e-02
1.000123045342603267e-02
1.000100383458784291e-02
1.000081895616028796e-02
1.000066812971442051e-02
1.000054508287328767e-02
1.001469231515196394e-02
1.047968498158647829e-02
1.108832081870625083e-02
1.088867412054880628e-02
1.072552046665310385e-02
1.132416708051104184e-02
1.108150222909472932e-02
1.088311309542062087e-02
1.072098689743353553e-02
1.058853862022557206e-02
1.118218706956598113e-02
1.096543162936960449e-02
1.078826388004647252e-02
1.064350557765602993e-02
1.052526262402963750e-02
1.042870148717605673e-02
1.034986233833188815e-02
1.028550212066845805e-02
1.023296858589616866e-02
1.019009292362877198e-02
1.015510257774982633e-02
1.012654929130961043e-02
1.010325013237815643e-02
1.008423912560395437e-02
1.068944248112359101e-02
1.056280532776140632e-02
1.045937696379298752e-02
1.037492157203592780e-02
1.030597039298711791e-02
1.024968495206576152e-02
1.020374381014375366e-02
1.016624925407451883e-02
1.013565056299879814e-02
1.011068095389644310e-02
1.029508310029667549e-02
1.024078311955852090e-02
1.019646610764217767e-02
1.016029984905878619e-02
1.013078734748441845e-02
1.010670583148260901e-02
1.008705678147189290e-02
1.007102493700741223e-02
1.005794478354758714e-02
1.004727311924286277e-02
1.003856661888838549e-02
1.065660797040657304e-02
1.053598063805573533e-02
1.043746703799681291e-02
1.035702919241550737e-02
1.029136105615637876e-02
1.023775770469100010e-02
1.019400720935995965e-02
1.015830157878274548e-02
1.039909127592331464e-02
1.032567962244559066e-02
1.026575481417091838e-02
1.021684494384783939e-02
1.017692919363144891e-02
1.014435617035457614e-02
1.076258688864276634e-02
1.062253278564917122e-02
1.121999991277943150e-02
1.099636601641899684e-02
1.081356071453769621e-02
1.066418548593264792e-02
1.054216383638782034e-02
1.044251135666735865e-02
1.036114366441578775e-02
1.029471659867501124e-02
1.024049395919912966e-02
1.056535621177805834e-02
1.046142630962902491e-02
1.037656721711957726e-02
1.030729128144090151e-02
1.025074474270895770e-02
1.020459377456554503e-02
1.016693066348236044e-02
1.077208510595356779e-02
1.063028755146554899e-02
1.051446643661488670e-02
1.041988522995704151e-02
1.034266351514985874e-02
1.027962485511183140e-02
1.022817078819712559e-02
1.018617670573866534e-02
1.015190618826644284e-02
1.012394057676991969e-02
1.010112115386920147e-02
1.008250172902617516e-02
1.006730979365729264e-02
1.005491475747862830e-02
1.004480191402630854e-02
1.003655119983999644e-02
1.002981982066288025e-02
1.002432805264884090e-02
1.001984764847214590e-02
1.062740834813371074e-02
1.051214712254411321e-02
1.111304996082526468e-02
1.090898450272705274e-02
1.074219517845204259e-02
1.060591902310665906e-02
1.049460448756916672e-02
1.040369979134836767e-02
1.032947631451233000e-02
1.026888203232613483e-02
1.021942025821630934e-02
1.017904966158206422e-02
1.014610186020189694e-02
1.011921377916890838e-02
1.009727203570824454e-02
1.007936745005740160e-02
1.006475768293543446e-02
1.005283673116046626e-02
1.004310994105561336e-02
1.003517358513975749e-02
1.002869817202282042e-02
1.002341482087762588e-02
1.006937851571987688e-02
1.005660312324543199e-02
1.004617982850884370e-02
1.003767573090720566e-02
1.003073754938808501e-02
1.002507700380857354e-02
1.053698529811111610e-02
1.043829106911228245e-02
1.035770492451189989e-02
1.029191510523315076e-02
1.023821191969491624e-02
1.019437953825851062e-02
1.015860675674393719e-02
1.012941367013635470e-02
1.010559140520813845e-02
1.008615273902462028e-02
1.007029160627845830e-02
1.005734996374991856e-02
1.004679066717412486e-02
1.003817532162580572e-02
1.003114614654321453e-02
1.002541117244387485e-02
1.002073215240649115e-02
1.005796800022764649e-02
1.004729183489649381e-02
1.003858169942251598e-02
1.003147564489845212e-02
1.002567832370023643e-02
1.002094874301721547e-02
1.001709027005070161e-02
1.001394247595343949e-02
1.001137446999668737e-02
1.000927946546845658e-02
1.000757034127194682e-02
1.000617602174297752e-02
1.000503852230874048e-02
1.000411053768522629e-02
1.000335347650620904e-02
1.000273585558277174e-02
1.000223199069755382e-02
1.000182092877743671e-02
1.000148557634373062e-02
1.000121198833291668e-02
1.000098878844998471e-02
1.000080669590274612e-02
1.000226397589739150e-02
1.000184690188505275e-02
1.000150666692113666e-02
1.000122911396555091e-02
1.000100269430719176e-02
1.000081798708698719e-02
1.000066730728384895e-02
1.000054438591892539e-02
1.000044410889857661e-02
1.000036230442939017e-02
1.000029556937861996e-02
1.000024112755855399e-02
1.001116612713748126e-02
1.000910878332188746e-02
1.002219727163279617e-02
1.001810646347799788e-02
1.001476955849947906e-02
1.061115218075051221e-02
1.120003086596777983e-02
1.097994767706742848e-02
1.080006758961327314e-02
1.065310036021924374e-02
1.125677884160272355e-02
1.102635591376715206e-02
1.083800441669753936e-02
1.068410175079930434e-02
1.055838659125053758e-02
1.045572247881511839e-02
1.037190014556143777e-02
1.030347314739648960e-02
1.063670571800475959e-02
1.051965743094302082e-02
