2.277496662805339245e+00
3.710748532422730950e+00
4.268895577531034213e+00
4.527567044619711822e+00
4.691631338087053571e+00
4.810696043333319238e+00
4.903006118176868711e+00
4.977498490982300794e+00
5.039218756065825033e+00
5.091663120843122670e+00
5.136845086442143327e+00
5.176286593639508382e+00
5.211088147014153904e+00
5.242073386470632812e+00
5.084884570605546550e+00
4.918382017374663739e+00
4.960504193105776949e+00
4.998420589015118765e+00
5.032764547392982735e+00
4.880581479057854999e+00
4.917588855592303076e+00
4.767792585552308005e+00
4.807023885054229950e+00
4.843064391389963141e+00
4.876250005759519723e+00
4.906963324577385599e+00
4.935461692502636666e+00
4.962005781790045589e+00
4.986787958193445114e+00
5.009981538881746133e+00
5.031752891873790823e+00
5.052214951608368310e+00
5.071488729529540329e+00
5.089676413996755855e+00
5.106874098505286064e+00
5.123152382371615410e+00
5.021139264144024672e+00
5.038757690111027365e+00
5.055493938720937663e+00
5.071408525148378921e+00
5.086567098498664841e+00
5.101025680334894119e+00
5.114823840520974052e+00
5.128010961998614725e+00
5.140663754164479293e+00
5.152779006583442012e+00
5.066895181914492952e+00
5.079977640404772288e+00
5.092531129087658925e+00
5.009748729969307313e+00
4.927590073492615907e+00
4.942328631626502933e+00
4.956504952729424041e+00
4.970150837485142858e+00
4.983295611625824684e+00
4.995966496054318640e+00
4.920849615790648279e+00
4.934166288719528559e+00
4.947024354304879523e+00
4.959451327651331454e+00
4.971460456355545787e+00
4.983076537744441481e+00
4.994318547402953001e+00
4.926191455294953059e+00
4.937967471179898205e+00
4.949379924909163897e+00
4.960445412954913813e+00
4.895928077808391343e+00
4.907455946905161071e+00
4.918647240404359522e+00
4.929516510065861112e+00
4.940077485903162646e+00
4.950343112487675334e+00
4.960325611404625690e+00
4.970036553312056959e+00
4.979486876901192183e+00
4.988686914009577755e+00
4.931546118535168333e+00
4.941124417625443854e+00
4.885555826651673428e+00
4.895473129749631447e+00
4.905142777980517010e+00
4.914573936596832837e+00
4.923775321777714709e+00
4.932755226387854464e+00
4.941521586168950542e+00
4.950081904371613106e+00
4.958443359788559768e+00
4.966612799576163972e+00
4.974596739609191687e+00
4.982401434188248324e+00
4.990032843788510419e+00
4.997496667397280490e+00
5.004798359942672192e+00
5.011943136423501421e+00
5.018935989523486185e+00
5.025781703532494760e+00
5.032484862811047677e+00
5.039049862376856481e+00
5.045480919722754365e+00
5.051782078603909376e+00
5.057957223221069221e+00
5.064009934382704969e+00
5.069943919246203912e+00
5.075762621233261385e+00
5.081469605215696461e+00
5.087067832458262551e+00
5.092560369058629632e+00
5.050295853498399268e+00
5.056023062729587458e+00
5.061645030592240246e+00
5.067164627087185735e+00
5.026480732574996502e+00
5.032213508674385771e+00
5.037844472138235830e+00
5.043376528117494040e+00
5.048812144683704872e+00
5.054153761160368852e+00
5.059403844089411351e+00
5.064564773305797907e+00
5.069638740946156297e+00
5.074627823584577868e+00
5.079534196138348889e+00
5.042290375451347728e+00
5.047378721753956299e+00
5.052384742350811919e+00
5.057310416047025470e+00
5.062157489259430321e+00
5.066927948134600790e+00
5.071623624122026719e+00
5.076246318305064342e+00
5.080797672516665031e+00
5.085279278843827022e+00
5.089692812314454251e+00
5.094039650089271731e+00
5.059941407286999038e+00
5.064443678714409813e+00
5.068879703550705607e+00
5.073250733282499425e+00
5.077557988681283163e+00
5.081803046776098398e+00
5.085987243187348739e+00
5.090111875755601645e+00
5.094178203351453327e+00
5.098187451662908209e+00
5.102140812073986176e+00
5.106039442008730944e+00
5.074610357718627895e+00
5.078643046291158925e+00
5.082621030633052150e+00
5.086545414925361719e+00
5.090417219296060836e+00
5.094237546843142894e+00
5.098007412831662144e+00
5.101727809936021707e+00
5.105399704135834327e+00
5.109024050481992596e+00
5.112601752870585159e+00
5.116133730875374042e+00
5.119620785039737498e+00
5.123063807573809747e+00
5.126463627161498948e+00
5.129821057398027406e+00
5.133136921280683218e+00
5.136411919931179071e+00
5.139646827269295670e+00
5.142842373194343786e+00
5.145999218700972655e+00
5.149118144279221987e+00
5.152199839609738596e+00
5.155244853782892989e+00
5.158253916342340872e+00
5.161227639741145623e+00
5.134201860061718747e+00
5.137280235169067844e+00
5.140323092399757599e+00
5.143331070636985913e+00
5.146304738831670278e+00
5.149244574627739546e+00
5.152151325878528532e+00
5.155025475273237845e+00
5.157867549865214229e+00
5.160678121906085991e+00
5.163457715119433189e+00
5.166206814480682752e+00
5.168925918655893348e+00
5.171615390568730319e+00
5.174275835973074500e+00
5.176907736312458042e+00
5.179511536835448737e+00
5.182087663575241088e+00
5.184636586054142349e+00
5.187158703552920080e+00
5.189654451506856780e+00
5.192124246312512348e+00
5.194568458708319625e+00
5.196987510673031885e+00
5.199381794512735411e+00
5.201751682770558993e+00
5.204097505688546121e+00
5.206419707018586251e+00
5.208718600036472246e+00
5.210994538272196053e+00
5.213247852231091883e+00
5.215478876446642431e+00
5.217687951666956536e+00
5.219875396008724522e+00
5.222041552610445336e+00
5.224186684262575042e+00
5.226311143654164937e+00
5.203749673858606428e+00
5.205951309388042070e+00
5.208132020589210320e+00
5.210292086458299110e+00
5.212431803368292371e+00
5.190453661137125252e+00
5.192665916225152500e+00
5.194857659710052644e+00
5.197029122289722025e+00
5.199180578224650517e+00
5.201312342923344545e+00
5.203424653797835475e+00
5.205517775630423394e+00
5.207591975924873218e+00
5.209647525977030291e+00
5.211684660313792961e+00
5.213703635406642611e+00
5.215704677337830830e+00
5.217688029420028073e+00
5.219653921668858665e+00
5.221602587633975112e+00
5.223534252820664747e+00
5.225449142224090515e+00
5.227347469926820089e+00
5.229229443355223772e+00
5.231095278583466346e+00
5.232945170638328314e+00
5.234779330645296547e+00
5.214838734603125303e+00
5.216733782328057956e+00
5.218612919367842551e+00
5.220476333048196693e+00
5.222324280097899063e+00
5.224156896478095113e+00
5.225974381843351502e+00
5.227776900442562713e+00
5.229564653362602122e+00
5.210371768597449105e+00
5.212215758329218573e+00
5.214044816009164585e+00
5.215859150638319619e+00
5.217658906796460272e+00
5.219444285362695446e+00
5.221215455900757085e+00
5.202583884805750181e+00
5.204407744815792825e+00
5.206217260504958588e+00
5.208012594146631535e+00
5.209793913070764226e+00
5.211561379639036318e+00
5.213315157098669772e+00
5.215055401048764416e+00
5.216782259324348026e+00
5.218495896130652234e+00
5.220196463635251583e+00
5.221884110697770254e+00
5.223558984929505655e+00
5.225221231093660990e+00
5.207551595698285851e+00
5.209261416912476683e+00
5.210958490903463414e+00
5.212642959672590059e+00
5.214314961212064503e+00
5.215974633572658448e+00
5.217622111963960307e+00
5.219257530708167003e+00
5.220881021721740289e+00
5.203802291779051181e+00
5.205470102496735585e+00
5.207125880033697918e+00
5.208769755476961194e+00
5.191976108763845410e+00
5.193662419360972393e+00
5.195336733397005524e+00
5.196999177214680188e+00
5.180481528124391666e+00
5.182184682921970875e+00
5.183875888249060537e+00
5.185555268520706029e+00
5.187222946901810516e+00
5.188879069909990704e+00
5.190523736968557955e+00
5.192157067739023191e+00
5.193779176488753535e+00
5.195390176515484626e+00
5.196990181959387556e+00
5.198579309203427812e+00
5.200157668634513897e+00
5.201725365247098054e+00
5.203282498757054952e+00
5.204829161068086130e+00
5.206365480898913489e+00
5.207891558807112631e+00
5.209407491053151595e+00
5.210913378543699181e+00
5.195439171508543730e+00
5.196981193802268528e+00
5.198513126602441581e+00
5.200035041116378487e+00
5.201547038402997813e+00
5.186352239843651901e+00
5.171253222928937632e+00
5.172843643566880978e+00
5.174423860815491771e+00
5.159505982254783518e+00
5.161118838644441986e+00
5.162721421040775027e+00
5.164313826200044311e+00
5.149614704471068727e+00
5.135005898701285432e+00
5.136670699245277305e+00
5.138325057586752287e+00
5.139969071461454320e+00
5.141602837181493690e+00
5.143226422522746866e+00
5.144839956399164471e+00
5.146443531694944618e+00
5.148037239795020703e+00
5.149621170401618819e+00
5.151195412058277689e+00
5.152760053368456994e+00
5.138673716048760554e+00
5.140266948068774155e+00
5.141850548231968965e+00
5.143424603749030766e+00
5.144989199584722783e+00
5.146544419964817152e+00
5.148090374630367450e+00
5.149627124621233953e+00
5.151154753849007228e+00
5.137447133912890429e+00
5.139001804551653230e+00
5.140547300114590712e+00
5.142083729980813089e+00
5.143611170617418793e+00
5.130123813376064490e+00
5.116712825621416272e+00
5.118300778426258191e+00
5.104999590497422801e+00
5.106612273241553979e+00
5.108215672794319318e+00
5.109809897337989071e+00
5.111395005879150411e+00
5.098301551657353770e+00
5.099910483061870892e+00
5.101510290990867169e+00
5.088554061112366078e+00
5.090176982585604470e+00
5.091790777121617317e+00
5.093395521245207114e+00
5.094991290746567536e+00
5.096578160657567302e+00
5.098156186042942295e+00
5.099725464857088220e+00
5.101286069147066726e+00
5.102838070770169487e+00
5.104381540314711252e+00
5.105916547566930141e+00
5.107443161649555030e+00
5.094929538417635406e+00
5.096477839457441483e+00
5.098017740151329136e+00
5.099549307596174863e+00
5.101072610918435224e+00
5.102587717077714302e+00
5.104094692013112500e+00
5.105593604298744204e+00
5.093351059758195021e+00
5.081171913218057945e+00
5.082719966289086955e+00
5.084259818389734065e+00
5.072199638437870028e+00
5.073759200547271142e+00
5.075310565010844321e+00
5.076853792465626292e+00
5.078388945711262537e+00
5.079916087463214325e+00
5.081435306010727793e+00
5.082946644965410599e+00
5.084450165241122477e+00
5.085945927059595029e+00
5.087433990091785319e+00
5.088914413181783836e+00
5.090387254690382335e+00
5.091852572494417473e+00
5.093310423963670175e+00
5.094760865967087327e+00
5.096203954830714089e+00
5.097639727080523819e+00
5.099068262208462876e+00
5.100489614498559199e+00
5.101903837639121697e+00
5.090433697662031243e+00
5.091866060343411604e+00
5.093291290693554352e+00
5.094709441532111249e+00
5.096120565328311258e+00
5.097524714032796389e+00
5.098921937057991016e+00
5.100312286850480881e+00
5.101695814321125511e+00
5.103072569354850430e+00
5.104442601958205650e+00
5.105805964946928732e+00
5.107162706045931699e+00
5.108512870058973476e+00
5.109856502908127318e+00
5.111193653336445486e+00
5.100142631633051593e+00
5.101496762216980230e+00
5.102844402083053232e+00
5.104185596893305643e+00
5.105520392000441277e+00
5.106848856382440793e+00
5.108171018687682974e+00
5.097309316194378326e+00
5.086497500255212856e+00
5.087858428351069939e+00
5.077118331594877354e+00
5.078494956844033403e+00
5.079865140765096321e+00
5.081228928223441521e+00
5.082586363713998523e+00
5.083937491360229544e+00
5.085282354885034550e+00
5.074721210985563502e+00
5.076081215289806714e+00
5.077434957228273760e+00
5.078782479968495522e+00
5.080123826291427669e+00
5.081459020337172561e+00
5.082788126138133578e+00
5.084111185075911976e+00
5.085428238133942180e+00
5.086739325904117592e+00
5.088044488483556727e+00
5.089343765830999011e+00
5.090637197561592941e+00
5.091924822857482269e+00
5.093206680567255340e+00
5.094482809233022991e+00
5.095753247109512607e+00
5.097018032191215298e+00
5.098277201389636026e+00
5.099530792418762282e+00
5.100778842189940043e+00
5.102021388226463117e+00
5.103258468965099937e+00
5.104490119962023620e+00
5.105716376517838384e+00
5.106937270653356009e+00
5.108152837188220552e+00
5.109363109805800107e+00
5.110568122766230736e+00
5.111767909851988811e+00
5.112962504536402442e+00
5.103049115528744295e+00
5.104257402183748127e+00
5.105460492247877013e+00
5.106658440063473137e+00
5.107851262730320308e+00
5.109038992998662820e+00
5.110221663304751694e+00
5.100460882752395619e+00
5.101656800051572738e+00
5.102847654163778834e+00
5.104033477021564735e+00
5.105214300292693075e+00
5.106390155396432817e+00
5.107561073506815319e+00
5.097948278949904655e+00
5.088374569486262544e+00
5.089575873604445633e+00
5.090772174863744226e+00
5.091963504419642739e+00
5.093149893183237964e+00
5.094331371828618060e+00
5.095507970788434982e+00
5.096679700849863437e+00
5.097846614546621247e+00
5.099008741412381696e+00
5.100166110729951185e+00
5.101318751538259200e+00
5.102466692631764111e+00
5.103609962570224923e+00
5.104748589687330806e+00
5.105882602088687605e+00
5.096602630789259791e+00
5.097748574061490956e+00
5.098889900231958094e+00
5.100026637140260277e+00
5.101158812320851332e+00
5.102286453159165625e+00
5.103409586828045796e+00
5.104528240278593643e+00
5.105642440251931369e+00
5.106752213091225734e+00
5.107857586455139653e+00
5.108958587453932942e+00
5.110055241733398645e+00
5.111147574729450582e+00
5.112235611027305282e+00
5.113319373064335593e+00
5.114398885745205625e+00
5.115474173974726035e+00
5.116545262165788976e+00
5.117612174550669302e+00
5.118674935181951824e+00
5.119733567946466835e+00
5.120788096611370577e+00
5.121838544838621665e+00
5.122884956879291352e+00
5.123927339721043417e+00
5.124965716539930050e+00
5.116130294720340643e+00
5.107327783830712065e+00
5.108392037201760161e+00
5.109452230603361400e+00
5.110508387093114280e+00
5.111560529558880184e+00
5.112608680735801769e+00
5.113652863206952226e+00
5.114693099399346465e+00
5.115729411590737463e+00
5.107076306731741511e+00
5.108123085729443069e+00
5.109165937931791746e+00
5.110204885398773378e+00
5.111239950030395107e+00
5.112271153566324777e+00
5.103720511646149482e+00
5.104761889216740123e+00
5.105799405761235477e+00
5.106833082657449729e+00
5.107862941121730671e+00
5.108889002211604691e+00
5.109911286826956278e+00
5.110929815714300162e+00
5.111944609471248846e+00
5.112955688540746557e+00
5.113963073218219968e+00
5.105580579922532003e+00
5.106597776878202488e+00
5.107611276755145369e+00
5.108621099659920617e+00
5.109627265558314591e+00
5.110629794271829063e+00
5.111628705478536538e+00
5.112624018633936451e+00
5.113615752763554845e+00
5.114603927124721672e+00
5.115588561764022657e+00
5.116569676957341883e+00
5.117547291405462495e+00
5.118521423669361248e+00
5.119492092175883968e+00
5.120459315224762165e+00
5.112302946869038855e+00
5.113279509700194403e+00
5.114252621111278430e+00
5.115222299030488529e+00
5.116188561405330404e+00
5.117151426069397324e+00
5.118110910754117171e+00
5.119067033112977505e+00
5.120019810721803566e+00
5.120969261083280877e+00
5.121915401623171604e+00
5.122858272763775922e+00
5.123797871603514409e+00
5.124734215114989944e+00
5.125667320139144501e+00
5.126597203388683077e+00
5.127523881407031858e+00
5.128447370665572436e+00
5.129367687551331656e+00
5.121461828226164137e+00
5.122390994489558480e+00
5.123316984915343042e+00
5.124239815715536217e+00
5.125159502992140403e+00
5.126076062742665584e+00
5.126989510858873444e+00
5.127899863129623981e+00
5.128807135242050563e+00
5.129711342781574146e+00
5.130612501232556966e+00
5.131510625978534357e+00
5.132405732302048662e+00
5.133297835384429852e+00
5.134186950311846687e+00
5.135073092072114598e+00
5.135956275554658390e+00
5.136836515551419957e+00
5.137713826756466595e+00
5.138588223767939667e+00
5.139459721089211897e+00
5.140328333127314409e+00
5.141194074192649843e+00
5.142056958504221953e+00
5.134442934320888163e+00
5.135314118575921682e+00
5.136182442165025286e+00
5.128614887865438732e+00
5.121071428416736460e+00
5.121958823664820137e+00
5.122843324544635202e+00
5.123724945203568915e+00
5.124603699695796877e+00
5.125479601984648248e+00
5.126352665942585318e+00
5.127222905351438875e+00
5.128090333903947418e+00
5.128954965203195826e+00
5.121532108255269833e+00
5.122404541460987559e+00
5.123274174648258850e+00
5.124141021272658136e+00
5.125005094712451026e+00
5.125866408247245154e+00
5.126724975085857672e+00
5.127580808334622375e+00
5.128433921037379051e+00
5.121117587095119994e+00
5.121978275808198866e+00
5.122836241355954279e+00
5.123691496640555343e+00
5.124544054482098154e+00
5.125393927624273260e+00
5.126241128722972107e+00
5.127085670357002023e+00
5.119862823146585029e+00
5.120714739593012155e+00
5.121563994127291686e+00
5.122410599203201187e+00
5.123254567195244746e+00
5.124095910402367338e+00
5.124934641046183792e+00
5.125770771247698754e+00
5.126604313054342832e+00
5.127435278468675861e+00
5.128263679418502363e+00
5.129089527757955125e+00
5.129912835268309657e+00
5.130733613658431835e+00
5.131551874565210447e+00
5.132367629554421384e+00
5.133180890122001294e+00
5.126136166658000093e+00
5.126956480504438751e+00
5.127774297155700545e+00
5.128589627998471734e+00
5.129402484350654490e+00
5.122416414623975456e+00
5.123236183921566322e+00
5.124053476407533836e+00
5.124868303290271321e+00
5.125680675710644785e+00
5.126490604742251378e+00
5.127298101392259611e+00
5.128103177173602312e+00
5.128905843159997424e+00
5.129706110159423460e+00
5.130503988913151403e+00
5.131299490096338900e+00
5.132092624320885754e+00
5.132883402134109652e+00
5.133671834017043523e+00
5.134457930384969337e+00
5.135241701589110086e+00
5.128422411932806568e+00
5.129212806728621565e+00
5.122421972131792955e+00
5.123218899636865942e+00
5.116456303558255314e+00
5.117259673001273157e+00
5.110525101252730629e+00
5.111334824459716764e+00
5.112142182319012740e+00
5.112947185189770316e+00
5.113749843370584358e+00
5.114550166999312530e+00
5.115348166203067315e+00
5.116143851096360606e+00
5.116937231739203895e+00
5.117728318130554399e+00
5.118517120220205108e+00
5.111887298773720723e+00
5.112682263699295682e+00
5.113474943121704364e+00
5.114265346906087473e+00
5.115053484861318722e+00
5.115839366738286209e+00
5.116623002235700213e+00
5.117404400994308489e+00
5.118183572599463105e+00
5.111638862279651363e+00
5.105112239555529285e+00
5.105905607697851067e+00
5.106696727693602611e+00
5.107485609083644462e+00
5.108272261350437660e+00
5.109056693933059279e+00
5.109838916208166992e+00
5.110618937501403281e+00
5.111396767085151005e+00
5.104952643569708570e+00
5.105736262866803266e+00
5.106517689449978192e+00
5.107296932502460862e+00
5.108074001157119071e+00
5.108848904493535237e+00
5.109621651543058363e+00
5.110392251285193588e+00
5.104020773872494310e+00
5.104797028169232753e+00
5.105571134218566343e+00
5.106343100916632238e+00
5.107112937110519724e+00
5.107880651598790678e+00
5.108646253130298298e+00
5.109409750408446804e+00
5.110171152087981561e+00
5.110930466776329339e+00
5.111687703034109020e+00
5.112442869375621868e+00
5.113195974268837318e+00
5.113947026135894802e+00
5.107692030907164060e+00
5.108448549841075881e+00
5.109203014723100011e+00
5.109955433903107469e+00
5.110705815686122477e+00
5.111454168332587145e+00
5.112200500058859731e+00
5.112944819037191557e+00
5.113687133396412676e+00
5.114427451221720489e+00
5.115165780555334329e+00
5.115902129396771691e+00
5.116636505702883753e+00
5.117368917388291472e+00
5.118099372325619179e+00
5.118827878345816984e+00
5.119554443238271801e+00
5.113433447281394706e+00
5.114165274062356659e+00
5.108067254285493242e+00
5.108804278209187366e+00
5.109539351168487897e+00
5.103471235923070282e+00
5.104211433599060044e+00
5.104949679600638390e+00
5.098911187289829172e+00
5.099654486820322852e+00
5.100395834163925279e+00
5.094386687008315207e+00
5.095133017902931272e+00
5.095877396288392092e+00
5.096619829813764824e+00
5.097360326088280935e+00
5.098098892681639960e+00
5.098835537124212891e+00
5.099570266907261562e+00
5.100303089483398722e+00
5.101034012267790629e+00
5.101763042634877010e+00
5.102490187922382958e+00
5.103215455430167857e+00
5.103938852420659700e+00
5.098033412971137324e+00
5.098761639138638557e+00
5.099487994342970509e+00
5.100212485781876026e+00
5.100935120616405527e+00
5.101655905971112404e+00
5.102374848934250195e+00
5.103091956556927045e+00
5.103807235856883118e+00
5.104520693814844634e+00
5.105232337376418350e+00
5.105942173451825994e+00
5.100123946922801466e+00
5.100838461412846137e+00
5.101551167349363425e+00
5.102262091683902767e+00
5.102971221673565871e+00
5.103678564100377457e+00
5.104384125712328135e+00
5.105087913223846918e+00
5.099328978665651491e+00
5.100037347500956386e+00
5.100743941265283965e+00
5.101448766588150718e+00
5.102151830060400961e+00
5.102853158605237027e+00
5.103552738976424585e+00
5.104250577700077507e+00
5.104946681270022601e+00
5.105641056148070511e+00
5.106333708764208446e+00
5.107024625521939143e+00
5.107713853257597414e+00
5.108401377821493838e+00
5.109087205519375452e+00
5.109771342624474855e+00
5.110453795380187181e+00
5.104808632428729176e+00
5.105495508067495081e+00
5.106180698266466145e+00
5.106864209190746351e+00
5.101250755952507987e+00
5.101938645730933253e+00
5.102624855752400990e+00
5.103309392128387856e+00
5.103992260942454173e+00
5.104673468241461620e+00
5.099103328213944408e+00
5.099788838622306919e+00
5.100472687116413439e+00
5.094927528372025449e+00
5.095615625048658615e+00
5.096302059540063212e+00
5.096986837834463380e+00
5.097669965883872223e+00
5.098351449609045183e+00
5.099031294904002642e+00
5.099709528623742827e+00
5.100386136174837048e+00
5.101061123397371944e+00
5.101734496106072214e+00
5.102406260083736100e+00
5.103076421088165837e+00
5.103744984850007604e+00
5.104411957072954920e+00
5.105077323401682854e+00
5.099632027863468586e+00
5.100301508502447234e+00
5.100969402413189968e+00
5.101635715195027565e+00
5.102300452424764821e+00
5.096890308187116858e+00
5.097559096605074558e+00
5.098226309159185732e+00
5.098891951385742694e+00
5.099556028787316286e+00
5.100218567819020166e+00
5.100879553477093431e+00
5.101538991218679264e+00
5.096180158692185103e+00
5.096843548460114448e+00
5.097505389586749480e+00
5.098165687461178486e+00
5.098824447445030827e+00
5.099481695247328972e+00
5.100137416297595649e+00
5.100791615910480026e+00
5.101444279439209417e+00
5.102095452499189498e+00
5.102745119911840099e+00
5.103393286894545078e+00
5.098106379582537429e+00
5.098758399528478868e+00
5.099408918306687966e+00
5.100057941067059453e+00
5.100705472940114227e+00
5.101351519026364301e+00
5.101996105371781276e+00
5.102639216544618606e+00
5.103280857607143339e+00
5.103921033598894930e+00
5.104559749536973001e+00
5.105196990403715773e+00
5.105832801670619148e+00
5.106467167790158079e+00
5.107100093690474019e+00
5.107731584277828141e+00
5.108361624360590270e+00
5.103170767289305410e+00
5.103804557686036247e+00
5.104436916813987146e+00
5.105067849497910260e+00
5.105697360537113205e+00
5.106325475145842674e+00
5.106952178065874648e+00
5.107577454063288336e+00
5.108201348345904336e+00
5.108823845154212506e+00
5.109444949189921203e+00
5.110064644974372072e+00
5.110682977957562656e+00
5.111299932133829493e+00
5.111915512120666527e+00
5.112529722518141639e+00
5.113142547896865509e+00
5.113754033304553914e+00
5.114364162788460177e+00
5.114972940867943407e+00
5.115580351993343378e+00
5.116186441217200453e+00
5.116791192466666693e+00
5.117394610183403358e+00
5.117996678748854222e+00
5.118597443121574386e+00
5.119196887161083787e+00
5.119795015231770385e+00
5.114751168153233607e+00
5.115352852922046445e+00
5.110324636038818369e+00
5.110929861069317681e+00
5.105917185079673182e+00
5.100915156607035428e+00
5.101528691409297878e+00
5.102140890354896818e+00
5.097159029459439772e+00
5.092187698576836397e+00
5.087226859370560739e+00
5.087851962595292932e+00
5.088475711755748421e+00
5.089098111247619904e+00
5.089719165449190896e+00
5.084787542528461657e+00
5.085411924679871909e+00
5.086034961482859273e+00
5.086656657283393557e+00
5.087277016408555674e+00
5.087896043167240201e+00
5.088513741850547945e+00
5.089130116731817921e+00
5.089745172066932888e+00
5.090358912094153254e+00
5.090971341034359554e+00
5.091582463090946753e+00
5.086711835871860821e+00
5.087326209548023392e+00
5.087939276226207674e+00
5.088551040078420407e+00
5.089161505259543361e+00
5.089770675907678843e+00
5.090378556143981825e+00
5.090985150072974363e+00
5.091590461782506516e+00
5.092194495343919769e+00
5.092797254811904040e+00
5.093398744224991503e+00
5.093998967605124939e+00
5.094597928958219946e+00
5.089795688760872849e+00
5.090397819412443958e+00
5.085609791452847084e+00
5.086215060904431873e+00
5.086819064029327819e+00
5.087421804806635528e+00
5.088023287199678002e+00
5.088623515155973998e+00
5.089222492607299309e+00
5.089820223470204574e+00
5.090416711645417536e+00
5.091011961018537590e+00
5.086272841926885668e+00
5.086871167809042582e+00
5.087468254748833019e+00
5.088064106603382264e+00
5.088658727214501631e+00
5.089252120409135216e+00
5.089844289999163607e+00
5.085140373550719239e+00
5.085735570758909141e+00
5.086329544255009161e+00
5.081643497964994260e+00
5.082240466679832203e+00
5.077567966088745166e+00
5.078167901940004114e+00
5.078766610276428395e+00
5.079364094867490742e+00
5.079960359468603137e+00
5.080555407820934732e+00
5.081149243651641889e+00
5.081741870625552160e+00
5.082333292422578808e+00
5.082923512749681905e+00
5.083512535284020473e+00
5.084100363684388668e+00
5.084687001594956790e+00
5.085272452646101726e+00
5.085856720454200008e+00
5.086439808622174041e+00
5.087021720739351771e+00
5.087602460381408065e+00
5.088182031110666692e+00
