5.000000000000002220e-01
5.167779894053078481e-04
2.640769670384627860e-04
3.570735037315426043e-04
2.030941130282938004e-04
8.009250200525623055e-05
1.106606265032615560e-04
2.153132959934993945e-04
2.831909839939529463e-04
3.932185794412988884e-03
3.887647184688640834e-03
1.883445215240413684e-03
8.500427107534546712e-05
2.422177786885370740e-04
4.939759132195750604e-04
3.442504882539962536e-05
2.503154403621185738e-05
6.988633795906242939e-05
7.586155191654073062e-04
2.093803368339262476e-05
5.361057999863512967e-04
6.895804831250034849e-05
1.715196002027527663e-03
7.396019318599193022e-04
9.602724150096808879e-05
3.911367599698649042e-03
1.623277072089464128e-04
1.154522387132773161e-03
4.505152654391291514e-05
1.436618527578345025e-05
9.018207578251304568e-04
1.504527921374924297e-04
7.855335129772077652e-05
4.054631809093939797e-03
1.728457479389336904e-03
1.231105917606008332e-05
6.629096951436537315e-05
9.655307074077590325e-04
1.641727937506696133e-03
1.083804310357768368e-05
2.056152909360197442e-04
1.980339396184671997e-04
1.012178302141785900e-04
1.451544872083623556e-03
7.027167346156890657e-05
4.618754379866532849e-05
2.787319860158068161e-04
9.506513071373584090e-05
2.298101473196984565e-04
4.283798069875250345e-04
8.696709143982536957e-06
8.537592020980966289e-06
1.514340333989222054e-04
2.644334030893425109e-04
1.163205898460155714e-05
1.718780266858984827e-05
2.803019287517796916e-04
8.133962505576705141e-06
5.218555273055733345e-04
7.420330417372816930e-06
