1.507728921414449468e-04
1.366658494083785745e-04
6.881152334341872200e-06
1.691244623247046672e-06
1.878961161518749196e-06
2.255208179532595412e-06
3.023485081809961371e-05
9.942366196433908372e-05
2.134853475058229658e-04
7.049574922201818836e-05
1.174144519983715495e-04
3.939230602846962507e-04
7.191263131026849186e-05
1.607868983543125994e-04
8.960503482457972315e-05
2.399872923776065459e-05
2.894419934002807459e-04
6.231903490388376291e-05
6.712598095296213479e-05
9.967032302425853205e-05
2.030330803582474871e-04
5.555948822415129927e-04
7.999937888018621894e-04
2.095694303748323419e-04
1.054214458688366952e-03
4.047522755484344150e-04
2.669206640190238417e-03
4.194073118105875325e-03
1.909322109514935938e-03
2.057817104868549588e-03
5.240597292753956110e-03
1.010446831464349021e-02
1.047600065520475597e-02
1.777705177410775564e-02
6.194635923014470830e-02
4.999999999999998335e-01
1.643947973379953631e-01
3.045925158229959365e-02
6.861750211321380327e-03
1.574526910553388295e-02
4.381067547339601367e-03
4.867627869350360167e-03
2.072556379093405243e-03
3.807535293772333195e-03
2.008309865543784004e-03
4.129620712502220063e-03
3.690018253503319669e-03
4.837344069092698292e-04
4.781122659459411512e-04
1.008685165749703943e-03
1.020001124743896617e-03
9.695850807499673896e-04
3.086208708731570834e-03
1.051760797807373225e-03
1.107669702799155605e-03
2.294584487245706413e-04
2.915014758345000571e-04
4.278138367004406806e-04
4.393527491934622639e-04
3.819306542075025668e-04
