1.264080269102336139e-02
1.467272442491574652e-02
1.625257932624296284e-02
1.748633538120741848e-02
1.868221832123844947e-02
1.964574936883193429e-02
2.043151544473617923e-02
2.106104885429891521e-02
2.157148593614028817e-02
2.198487630643714691e-02
2.231709615581225700e-02
2.258454701812228835e-02
2.279842118407366183e-02
2.296866831760143238e-02
2.310320673757414525e-02
2.321171239016720650e-02
2.329538645664891439e-02
2.335812559196034574e-02
2.340414365574686878e-02
1.376953814596592642e-02
1.554866727708267317e-02
1.693544063960814028e-02
1.823322952319586174e-02
1.928834076468843861e-02
2.013868801460196381e-02
2.082168095138901831e-02
2.137513036363848304e-02
2.182462818248198308e-02
2.218801970022736894e-02
1.375055650016358648e-02
1.553294390027164067e-02
1.692227111802744113e-02
1.373079113071322237e-02
1.551811573306483005e-02
1.691111128222364673e-02
1.821346015268995866e-02
1.927219272671583036e-02
2.012547673959215466e-02
2.081085512215724229e-02
1.374460628608638151e-02
1.372433309704090311e-02
1.551441674676620058e-02
1.690944585355763294e-02
1.821200397413292107e-02
1.927088615571453251e-02
2.012441292180373181e-02
2.081004621496273382e-02
2.136566420285978055e-02
2.181690290932847623e-02
2.218186486188664791e-02
1.375045923322583234e-02
1.553287944957176987e-02
1.692223242052176557e-02
1.822254759000914090e-02
1.927966943824810375e-02
2.013159648118623482e-02
2.081583724005285282e-02
2.137029504531039875e-02
2.182061274795156491e-02
1.374806274625760966e-02
1.553100312326744468e-02
1.692074987099223896e-02
1.822134195268461376e-02
1.373581930519072319e-02
1.552286461263300762e-02
1.691568372868316669e-02
1.821711128489449105e-02
1.927511877166821624e-02
2.012789148260723734e-02
2.081289261518954811e-02
2.136798426200254425e-02
2.181881552339733077e-02
2.218338374032965965e-02
2.247641668915078064e-02
2.271243850193581729e-02
2.289963869980208774e-02
2.304787544603071128e-02
2.316502632484510049e-02
2.325743408428118664e-02
2.332883491016297592e-02
2.338185754845708772e-02
2.342018386031827215e-02
2.344668699681851098e-02
2.346347369737078817e-02
2.347231594753691752e-02
2.347463556488803629e-02
1.377505796685831937e-02
1.555160435999891622e-02
1.693641696424827078e-02
1.823413259576642242e-02
1.928918114360572353e-02
2.013935022277244316e-02
2.082212652590498606e-02
2.137538604812377896e-02
2.182398030783045881e-02
2.218730856301106766e-02
2.247933838290261388e-02
2.271447234197777540e-02
2.290105175118911998e-02
2.304878575538067687e-02
