1.223768583869635877e-02
1.298816805043636127e-02
1.300896308596895083e-02
1.300856137195389312e-02
1.300944558940297577e-02
1.300857300326250209e-02
1.300944586752216491e-02
1.300857300995955645e-02
1.300944586768227294e-02
1.417917678238744469e-02
1.493227468009458193e-02
1.306391431520463088e-02
1.301078037455717477e-02
1.300860515120747310e-02
1.300944663611522563e-02
1.417917729587017499e-02
1.304095643330380194e-02
1.301022557526892824e-02
1.300859178414468485e-02
1.417773682000019256e-02
1.493049497224208967e-02
1.540382510196514239e-02
1.308030654627746585e-02
1.301118031201085705e-02
1.418033540436154476e-02
1.304099858480406784e-02
1.301022664035822451e-02
1.300859180993890404e-02
1.300944631714199932e-02
1.300857302078616516e-02
1.300944586794111277e-02
1.300857300996965081e-02
1.300944586768251580e-02
1.300857300996342142e-02
1.300944586768235968e-02
1.300857300996341795e-02
1.300944586768235968e-02
1.300857300996342142e-02
1.417772426831891835e-02
1.304101105921153664e-02
1.301022763459486024e-02
1.300859183537011847e-02
1.300944631775901618e-02
1.300857302080103868e-02
1.300944586794146145e-02
1.417917678256064296e-02
1.304095642039706029e-02
1.301022557495848213e-02
1.417969767971295064e-02
1.304096952865917147e-02
1.301022589036474400e-02
1.300859179173604989e-02
1.417773682507540191e-02
1.304101137585630260e-02
1.301022764212850062e-02
1.417969904459896908e-02
1.304096956452749541e-02
1.301022589124363818e-02
1.300859179175726035e-02
1.300944631670648312e-02
1.300857302077567355e-02
1.300944586794085429e-02
1.300857300996964908e-02
1.300944586768250887e-02
1.300857300996342489e-02
1.417772426831893397e-02
1.304101105921153664e-02
1.301022763459485330e-02
1.300859183537012020e-02
1.300944631775901097e-02
1.300857302080103521e-02
1.300944586794146145e-02
1.417917678256065336e-02
1.304095642039706029e-02
1.301022557495847345e-02
1.300859178413719952e-02
1.300944631652429899e-02
1.300857302077128123e-02
1.300944586794075368e-02
1.300857300996964040e-02
1.300944586768251233e-02
1.300857300996342142e-02
1.300944586768236662e-02
1.300857300996342142e-02
1.300944586768236662e-02
1.300857300996341621e-02
1.300944586768236662e-02
1.300857300996341795e-02
1.417772426831892876e-02
1.304101105921153143e-02
1.301022763459485330e-02
1.417969903956379195e-02
1.304096956440098203e-02
1.419933292008195881e-02
1.304156219605854920e-02
1.301024074823408511e-02
1.300859215098787089e-02
1.417773706516937786e-02
1.304101138191965555e-02
1.301022764227278972e-02
