1.810229300817711023e-03
3.014923993135793304e-03
3.827772053877280794e-03
4.383305907876873173e-03
4.774372886432788100e-03
5.209755737977307677e-03
5.532471723721014284e-03
5.794036755147050598e-03
6.003459817716105817e-03
6.177355393257847986e-03
6.326399274924079941e-03
6.457990357175021588e-03
6.577096882712278429e-03
6.687106067767767913e-03
6.790326536951612688e-03
6.887560010169612584e-03
6.981203171217953071e-03
7.071534395916003954e-03
7.159022433600304228e-03
2.548923044157662583e-03
3.512320242871506525e-03
4.166942754701875515e-03
4.623557095912999258e-03
4.943318052173591333e-03
5.340771057674878128e-03
5.652081845896716160e-03
5.895106165738682111e-03
6.091393961963596955e-03
6.255907426535502885e-03
2.541961136136673682e-03
3.508060048127302401e-03
4.164449396528458261e-03
2.498630852759198707e-03
3.478680494861293056e-03
4.144321262760449105e-03
4.608296139008864756e-03
4.932994826198309861e-03
5.333676575904231290e-03
5.647198576629625100e-03
2.527205588925488054e-03
2.452890382207784624e-03
3.447298919119328505e-03
4.122482882600504196e-03
4.592847900859443194e-03
4.921870805085768082e-03
5.324677480541005307e-03
5.639654082146454590e-03
5.885230209462964310e-03
6.083316380551873938e-03
6.249098145041962621e-03
2.541786841785302793e-03
3.507936133183586682e-03
4.164359460050973301e-03
4.622169321716252353e-03
4.942713495383214105e-03
5.341030049657941037e-03
5.652931812026520605e-03
5.896336275822965448e-03
6.092868572557185239e-03
2.539522634412056962e-03
3.506419056629619599e-03
4.163335024261429450e-03
4.621473062261184130e-03
2.506740010745970876e-03
3.483688262581421426e-03
4.147284185270307989e-03
4.609880582090995424e-03
4.933666377737489471e-03
5.333283761620979252e-03
5.646068544187592304e-03
5.890128148443495026e-03
6.087142035793696379e-03
6.252177183950870416e-03
6.394789259863817646e-03
6.521008159837271036e-03
6.636341785139017631e-03
6.743424337869730056e-03
6.844493829640128403e-03
6.940208753226754200e-03
7.032388285862661327e-03
7.121371094466771683e-03
7.207596994522113241e-03
7.291372924564919374e-03
7.372921441507358613e-03
7.452402799802590808e-03
7.529935098661674070e-03
2.558601746679838376e-03
3.519541997735179360e-03
4.172506737508363713e-03
4.628030264977915469e-03
4.947036923893908568e-03
5.344795218115478211e-03
5.656326598834279622e-03
5.899455622368818437e-03
6.095779226184224950e-03
6.260286723817306762e-03
6.402482682972138184e-03
6.528398718018197343e-03
6.643460235445479423e-03
6.750307723883518761e-03
